17269
10860
2323
-6503
-13675
-17624
-17552
-13646
-7044
438
6748
10116
9502
4874
-2766
-11612
-19489
-24393
-24992
-20975
-13146
-3247
6453
13713
16874
15271
9419
894
-8039
-14981
-17991
-16075
-9452
484
11483
20977
26708
27284
22529
13547
2464
-8071
-15531
-18124
-15240
-7608
2863
13539
21694
25174
22923
15258
3804
-8879
-19903
-26744
-27847
-23008
-13430
-1444
10040
18230
21115
17953
9452
-2389
-14751
-24660
-29696
-28562
-21402
-9768
3740
16081
24488
27110
23450
14470
2370
-9933
-19489
-23995
-22337
-14836
-3174
10002
21698
29260
30980
26482
16796
4110
-8737
-18907
-24204
-23562
-17269
-6882
5141
16010
23227
25144
21317
12579
836
-11371
-21439
-27272
-27724
-22829
-13764
-2566
8328
16611
20598
19566
13876
4870
-5444
-14830
-21300
-23513
-21037
-14409
-4991
5321
14505
20812
23111
21086
15278
6950
-2178
-10279
-15767
-17601
-15467
-9822
-1797
7032
14943
20394
22308
20275
14624
6366
-2997
-11743
-18255
-21326
-20385
-15618
-7946
1143
9863
16470
19603
18552
13416
5102
-4831
-14468
-21899
-25605
-24765
-19436
-10561
202
10793
19159
23661
23411
18457
9790
-852
-11321
-19489
-23676
-22989
-17506
-8259
2970
14002
22701
27390
27185
22159
13316
2383
-8538
-17386
-22537
-23111
-19117
-11435
-1619
8414
16757
21866
22839
19557
12675
3479
-6373
-15156
-21389
-24077
-22861
-18059
-10579
-1745
6935
14023
18380
19340
16806
11247
3621
-4785
-12557
-18379
-21238
-20593
-16466
-9452
-634
8577
16669
22278
24419
22671
17266
9070
-547
-9934
-17446
-21735
-21998
-18136
-10784
-1216
8878
17691
23626
25585
23172
16768
7458
-3158
-13264
-21146
-25502
-25659
-21680
-14337
-4956
4831
13373
19282
21658
20214
15302
7819
-962
-9610
-16770
-21364
-22742
-20752
-15744
-8489
-60
8328
15489
20425
22454
21302
17139
10562
2517
-5819
-13200
-18490
-20833
-19793
-15444
-8376
370
9452
17427
22985
25167
23534
18256
10098
306
-9595
-18051
-23738
-25781
-23899
-18445
-10342
-916
8328
15950
20809
22233
20100
14836
7317
-1280
-9676
-16676
-21335
-23071
-21720
-17531
-11107
-3316
4831
12303
18167
21692
22436
20294
15522
8715
749
-7315
-14367
-19391
-21614
-20635
-16499
-9718
-1216
7793
15984
22118
25243
24846
20941
14071
5225
-4317
-13185
-20136
-24233
-24981
-22385
-16923
-9452
-1064
7079
13917
18615
20664
19908
16541
11055
4160
-3299
-10441
-16433
-20571
-22346
-21500
-18059
-12350
-4978
3219
11256
18121
22898
24907
23810
19683
13021
4692
-4186
-12397
-18810
-22546
-23111
-20461
-15010
-7549
873
9116
16108
20992
23227
22631
19380
13947
7025
-575
-8021
-14540
-19489
-22393
-22979
-21192
-17198
-11380
-4318
3252
10500
16581
20738
22403
21287
17441
11278
3530
-4831
-12726
-19119
-23164
-24330
-22475
-17858
-11093
-3053
5263
12871
18928
22826
24245
23158
19803
14624
8203
1193
-5740
-11965
-16925
-20162
-21356
-20348
-17173
-12078
-5526
1827
9185
15695
20553
23111
22980
20099
14756
7561
-632
-8844
-16108
-21593
-24718
-25209
-23119
-18786
-12774
-5772
1491
8328
14156
18525
21131
21815
20554
17456
12759
6829
157
-6661
-12962
-18074
-21393
-22467
-21073
-17269
-11407
-4108
3815
11459
17953
22575
24845
24580
21894
17166
10967
3970
-3141
-9741
-15316
-19489
-22014
-22770
-21741
-19008
-14749
-9242
-2876
3856
10372
16048
20279
22562
22571
20219
15695
9452
2160
-5382
-12349
-18005
-21791
-23390
-22743
-20034
-15633
-10027
-3752
2675
8791
14203
18591
21694
23307
23278
21529
18082
13090
6866
-124
-7279
-13920
-19371
-23050
-24552
-23716
-20646
-15704
-9452
-2566
4252
10371
15295
18702
20448
20539
19094
16300
12377
7562
2112
-3683
-9486
-14901
-19489
-22805
-24451
-24142
-21768
-17438
-11484
-4439
3027
10196
16398
21097
23949
24833
23833
21195
17269
12441
7082
1521
-3964
-9127
-13732
-17535
-20273
-21685
-21548
-19726
-16225
-11226
-5098
1631
8328
14339
19077
22108
23198
22340
19731
15719
10741
5241
-379
-5798
-10778
-15145
-18756
-21466
-23111
-23512
-22505
-19986
-15959
-10586
-4196
2727
9595
15790
20750
24052
25465
24976
22770
19180
14624
9523
4248
-917
-5776
-10197
-14077
-17297
-19700
-21088
-21249
-20007
-17276
-13115
-7755
-1596
4831
10938
16157
20031
22272
22793
21697
19237
15748
11578
7027
2319
-2403
-7049
-11537
-15747
-19489
-22499
-24467
-25085
-24121
-21478
-17245
-11701
-5294
1425
7882
13568
18106
21295
23105
23647
23111
21701
19579
16838
13498
9548
4992
-89
-5505
-10937
-15966
-20131
-23004
-24269
-23789
-21632
-18059
-13479
-8369
-3188
1692
6031
9732
12810
15333
17361
18889
19825
19992
19174
17181
13920
9452
4016
-1983
-8031
-13586
-18168
-21437
-23239
-23614
-22759
-20961
-18517
-15660
-12521
-9114
-5374
-1216
3394
8381
13521
18461
22755
25952
27680
27728
26088
22961
18716
13812
8707
3772
-764
-4831
-8490
-11867
-15078
-18157
-21005
-23396
-25007
-25498
-24600
-22191
-18354
-13373
-7699
-1865
3613
8328
12050
14744
16547
17693
18431
18934
19241
19243
18710
17367
14982
11457
6883
1553
-4073
-9452
-14062
-17506
-19582
-20313
-19919
-18745
-17163
-15467
-13805
-12147
-10313
-8037
-5073
-1287
3267
8328
13456
18116
21785
24065
24768
23951
21896
19028
15815
12647
9751
7146
4666
2023
-1077
-4831
-9250
-14115
-19011
-23395
-26721
-28561
-28704
-27204
-24367
-20675
-16664
-12802
-9378
-6445
-3833
-1216
1772
5409
9781
14721
19828
24540
28256
30482
30944
29657
26921
23245
19226
15398
12111
9452
7239
5094
2565
-728
-4965
-10045
-15584
-20986
-25578
-28767
-30179
-29755
-27760
-24720
-21282
-18059
-15470
-13644
-12393
-11282
-9753
-7294
-3603
1312
7104
13150
18690
23005
25590
26278
25276
23111
20490
18120
16519
15885
16045
16506
16589
15621
13129
8982
3453
-2828
-9013
-14239
-17836
-19489
-19316
-17833
-15814
-14091
-13329
-13846
-15527
-17844
-19995
-21112
-20496
-17815
-13207
-7266
-912
4831
9088
11343
11577
10263
8243
6510
5936
7044
9852
13860
18163
21681
23433
22803
19704
14624
8515
2563
-2101
-4690
-4961
-3277
-517
2150
3571
2915
-95
-5096
-11155
-16996
-21313
-23111
-21957
-18111
-12473
-6364
-1202
1858
2218
0
-3978
-8403
-11804
-12923
-11061
-6263
661
8328
15110
19547
20709
18446
13439
7038
933
-3268
-4451
-2288
2670
9109
15281
19436
20270
-17269
-10860
-2323
6503
13675
17624
17552
13646
7044
-438
-6748
-10116
-9502
-4874
2766
11612
19489
24393
24992
20975
13146
3247
-6453
-13713
-16874
-15271
-9419
-894
8039
14981
17991
16075
9452
-484
-11483
-20977
-26708
-27284
-22529
-13547
-2464
8071
15531
18124
15240
7608
-2863
-13539
-21694
-25174
-22923
-15258
-3804
8879
19903
26744
27847
23008
13430
1444
-10040
-18230
-21115
-17953
-9452
2389
14751
24660
29696
28562
21402
9768
-3740
-16081
-24488
-27110
-23450
-14470
-2370
9933
19489
23995
22337
14836
3174
-10002
-21698
-29260
-30980
-26482
-16796
-4110
8737
18907
24204
23562
17269
6882
-5141
-16010
-23227
-25144
-21317
-12579
-836
11371
21439
27272
27724
22829
13764
2566
-8328
-16611
-20598
-19566
-13876
-4870
5444
14830
21300
23513
21037
14409
4991
-5321
-14505
-20812
-23111
-21086
-15278
-6950
2178
10279
15767
17601
15467
9822
1797
-7032
-14943
-20394
-22308
-20275
-14624
-6366
2997
11743
18255
21326
20385
15618
7946
-1143
-9863
-16470
-19603
-18552
-13416
-5102
4831
14468
21899
25605
24765
19436
10561
-202
-10793
-19159
-23661
-23411
-18457
-9790
852
11321
19489
23676
22989
17506
8259
-2970
-14002
-22701
-27390
-27185
-22159
-13316
-2383
8538
17386
22537
23111
19117
11435
1619
-8414
-16757
-21866
-22839
-19557
-12675
-3479
6373
15156
21389
24077
22861
18059
10579
1745
-6935
-14023
-18380
-19340
-16806
-11247
-3621
4785
12557
18379
21238
20593
16466
9452
634
-8577
-16669
-22278
-24419
-22671
-17266
-9070
547
9934
17446
21735
21998
18136
10784
1216
-8878
-17691
-23626
-25585
-23172
-16768
-7458
3158
13264
21146
25502
25659
21680
14337
4956
-4831
-13373
-19282
-21658
-20214
-15302
-7819
962
9610
16770
21364
22742
20752
15744
8489
60
-8328
-15489
-20425
-22454
-21302
-17139
-10562
-2517
5819
13200
18490
20833
19793
15444
8376
-370
-9452
-17427
-22985
-25167
-23534
-18256
-10098
-306
9595
18051
23738
25781
23899
18445
10342
916
-8328
-15950
-20809
-22233
-20100
-14836
-7317
1280
9676
16676
21335
23071
21720
17531
11107
3316
-4831
-12303
-18167
-21692
-22436
-20294
-15522
-8715
-749
7315
14367
19391
21614
20635
16499
9718
1216
-7793
-15984
-22118
-25243
-24846
-20941
-14071
-5225
4317
13185
20136
24233
24981
22385
16923
9452
1064
-7079
-13917
-18615
-20664
-19908
-16541
-11055
-4160
3299
10441
16433
20571
22346
21500
18059
12350
4978
-3219
-11256
-18121
-22898
-24907
-23810
-19683
-13021
-4692
4186
12397
18810
22546
23111
20461
15010
7549
-873
-9116
-16108
-20992
-23227
-22631
-19380
-13947
-7025
575
8021
14540
19489
22393
22979
21192
17198
11380
4318
-3252
-10500
-16581
-20738
-22403
-21287
-17441
-11278
-3530
4831
12726
19119
23164
24330
22475
17858
11093
3053
-5263
-12871
-18928
-22826
-24245
-23158
-19803
-14624
-8203
-1193
5740
11965
16925
20162
21356
20348
17173
12078
5526
-1827
-9185
-15695
-20553
-23111
-22980
-20099
-14756
-7561
632
8844
16108
21593
24718
25209
23119
18786
12774
5772
-1491
-8328
-14156
-18525
-21131
-21815
-20554
-17456
-12759
-6829
-157
6661
12962
18074
21393
22467
21073
17269
11407
4108
-3815
-11459
-17953
-22575
-24845
-24580
-21894
-17166
-10967
-3970
3141
9741
15316
19489
22014
22770
21741
19008
14749
9242
2876
-3856
-10372
-16048
-20279
-22562
-22571
-20219
-15695
-9452
-2160
5382
12349
18005
21791
23390
22743
20034
15633
10027
3752
-2675
-8791
-14203
-18591
-21694
-23307
-23278
-21529
-18082
-13090
-6866
124
7279
13920
19371
23050
24552
23716
20646
15704
9452
2566
-4252
-10371
-15295
-18702
-20448
-20539
-19094
-16300
-12377
-7562
-2112
3683
9486
14901
19489
22805
24451
24142
21768
17438
11484
4439
-3027
-10196
-16398
-21097
-23949
-24833
-23833
-21195
-17269
-12441
-7082
-1521
3964
9127
13732
17535
20273
21685
21548
19726
16225
11226
5098
-1631
-8328
-14339
-19077
-22108
-23198
-22340
-19731
-15719
-10741
-5241
379
5798
10778
15145
18756
21466
23111
23512
22505
19986
15959
10586
4196
-2727
-9595
-15790
-20750
-24052
-25465
-24976
-22770
-19180
-14624
-9523
-4248
917
5776
10197
14077
17297
19700
21088
21249
20007
17276
13115
7755
1596
-4831
-10938
-16157
-20031
-22272
-22793
-21697
-19237
-15748
-11578
-7027
-2319
2403
7049
11537
15747
19489
22499
24467
25085
24121
21478
17245
11701
5294
-1425
-7882
-13568
-18106
-21295
-23105
-23647
-23111
-21701
-19579
-16838
-13498
-9548
-4992
89
5505
10937
15966
20131
23004
24269
23789
21632
18059
13479
8369
3188
-1692
-6031
-9732
-12810
-15333
-17361
-18889
-19825
-19992
-19174
-17181
-13920
-9452
-4016
1983
8031
13586
18168
21437
23239
23614
22759
20961
18517
15660
12521
9114
5374
1216
-3394
-8381
-13521
-18461
-22755
-25952
-27680
-27728
-26088
-22961
-18716
-13812
-8707
-3772
764
4831
8490
11867
15078
18157
21005
23396
25007
25498
24600
22191
18354
13373
7699
1865
-3613
-8328
-12050
-14744
-16547
-17693
-18431
-18934
-19241
-19243
-18710
-17367
-14982
-11457
-6883
-1553
4073
9452
14062
17506
19582
20313
19919
18745
17163
15467
13805
12147
10313
8037
5073
1287
-3267
-8328
-13456
-18116
-21785
-24065
-24768
-23951
-21896
-19028
-15815
-12647
-9751
-7146
-4666
-2023
1077
4831
9250
14115
19011
23395
26721
28561
28704
27204
24367
20675
16664
12802
9378
6445
3833
1216
-1772
-5409
-9781
-14721
-19828
-24540
-28256
-30482
-30944
-29657
-26921
-23245
-19226
-15398
-12111
-9452
-7239
-5094
-2565
728
4965
10045
15584
20986
25578
28767
30179
29755
27760
24720
21282
18059
15470
13644
12393
11282
9753
7294
3603
-1312
-7104
-13150
-18690
-23005
-25590
-26278
-25276
-23111
-20490
-18120
-16519
-15885
-16045
-16506
-16589
-15621
-13129
-8982
-3453
2828
9013
14239
17836
19489
19316
17833
15814
14091
13329
13846
15527
17844
19995
21112
20496
17815
13207
7266
912
-4831
-9088
-11343
-11577
-10263
-8243
-6510
-5936
-7044
-9852
-13860
-18163
-21681
-23433
-22803
-19704
-14624
-8515
-2563
2101
4690
4961
3277
517
-2150
-3571
-2915
95
5096
11155
16996
21313
23111
21957
18111
12473
6364
1202
-1858
-2218
0
3978
8403
11804
12923
11061
6263
-661
-8328
-15110
-19547
-20709
-18446
-13439
-7038
-933
3268
4451
2288
-2670
-9109
-15281
-19436
-20270
-17269
-10860
-2323
6503
13675
17624
17552
13646
7044
-438
-6748
-10116
-9502
-4874
2766
11612
19489
24393
24992
20975
13146
3247
-6453
-13713
-16874
-15271
-9419
-894
8039
14981
17991
16075
9452
-484
-11483
-20977
-26708
-27284
-22529
-13547
-2464
8071
15531
18124
15240
7608
-2863
-13539
-21694
-25174
-22923
-15258
-3804
8879
19903
26744
27847
23008
13430
1444
-10040
-18230
-21115
-17953
-9452
2389
14751
24660
29696
28562
21402
9768
-3740
-16081
-24488
-27110
-23450
-14470
-2370
9933
19489
23995
22337
14836
3174
-10002
-21698
-29260
-30980
-26482
-16796
-4110
8737
18907
24204
23562
17269
6882
-5141
-16010
-23227
-25144
-21317
-12579
-836
11371
21439
27272
27724
22829
13764
2566
-8328
-16611
-20598
-19566
-13876
-4870
5444
14830
21300
23513
21037
14409
4991
-5321
-14505
-20812
-23111
-21086
-15278
-6950
2178
10279
15767
17601
15467
9822
1797
-7032
-14943
-20394
-22308
-20275
-14624
-6366
2997
11743
18255
21326
20385
15618
7946
-1143
-9863
-16470
-19603
-18552
-13416
-5102
4831
14468
21899
25605
24765
19436
10561
-202
-10793
-19159
-23661
-23411
-18457
-9790
852
11321
19489
23676
22989
17506
8259
-2970
-14002
-22701
-27390
-27185
-22159
-13316
-2383
8538
17386
22537
23111
19117
11435
1619
-8414
-16757
-21866
-22839
-19557
-12675
-3479
6373
15156
21389
24077
22861
18059
10579
1745
-6935
-14023
-18380
-19340
-16806
-11247
-3621
4785
12557
18379
21238
20593
16466
9452
634
-8577
-16669
-22278
-24419
-22671
-17266
-9070
547
9934
17446
21735
21998
18136
10784
1216
-8878
-17691
-23626
-25585
-23172
-16768
-7458
3158
13264
21146
25502
25659
21680
14337
4956
-4831
-13373
-19282
-21658
-20214
-15302
-7819
962
9610
16770
21364
22742
20752
15744
8489
60
-8328
-15489
-20425
-22454
-21302
-17139
-10562
-2517
5819
13200
18490
20833
19793
15444
8376
-370
-9452
-17427
-22985
-25167
-23534
-18256
-10098
-306
9595
18051
23738
25781
23899
18445
10342
916
-8328
-15950
-20809
-22233
-20100
-14836
-7317
1280
9676
16676
21335
23071
21720
17531
11107
3316
-4831
-12303
-18167
-21692
-22436
-20294
-15522
-8715
-749
7315
14367
19391
21614
20635
16499
9718
1216
-7793
-15984
-22118
-25243
-24846
-20941
-14071
-5225
4317
13185
20136
24233
24981
22385
16923
9452
1064
-7079
-13917
-18615
-20664
-19908
-16541
-11055
-4160
3299
10441
16433
20571
22346
21500
18059
12350
4978
-3219
-11256
-18121
-22898
-24907
-23810
-19683
-13021
-4692
4186
12397
18810
22546
23111
20461
15010
7549
-873
-9116
-16108
-20992
-23227
-22631
-19380
-13947
-7025
575
8021
14540
19489
22393
22979
21192
17198
11380
4318
-3252
-10500
-16581
-20738
-22403
-21287
-17441
-11278
-3530
4831
12726
19119
23164
24330
22475
17858
11093
3053
-5263
-12871
-18928
-22826
-24245
-23158
-19803
-14624
-8203
-1193
5740
11965
16925
20162
21356
20348
17173
12078
5526
-1827
-9185
-15695
-20553
-23111
-22980
-20099
-14756
-7561
632
8844
16108
21593
24718
25209
23119
18786
12774
5772
-1491
-8328
-14156
-18525
-21131
-21815
-20554
-17456
-12759
-6829
-157
6661
12962
18074
21393
22467
21073
17269
11407
4108
-3815
-11459
-17953
-22575
-24845
-24580
-21894
-17166
-10967
-3970
3141
9741
15316
19489
22014
22770
21741
19008
14749
9242
2876
-3856
-10372
-16048
-20279
-22562
-22571
-20219
-15695
-9452
-2160
5382
12349
18005
21791
23390
22743
20034
15633
10027
3752
-2675
-8791
-14203
-18591
-21694
-23307
-23278
-21529
-18082
-13090
-6866
124
7279
13920
19371
23050
24552
23716
20646
15704
9452
2566
-4252
-10371
-15295
-18702
-20448
-20539
-19094
-16300
-12377
-7562
-2112
3683
9486
14901
19489
22805
24451
24142
21768
17438
11484
4439
-3027
-10196
-16398
-21097
-23949
-24833
-23833
-21195
-17269
-12441
-7082
-1521
3964
9127
13732
17535
20273
21685
21548
19726
16225
11226
5098
-1631
-8328
-14339
-19077
-22108
-23198
-22340
-19731
-15719
-10741
-5241
379
5798
10778
15145
18756
21466
23111
23512
22505
19986
15959
10586
4196
-2727
-9595
-15790
-20750
-24052
-25465
-24976
-22770
-19180
-14624
-9523
-4248
917
5776
10197
14077
17297
19700
21088
21249
20007
17276
13115
7755
1596
-4831
-10938
-16157
-20031
-22272
-22793
-21697
-19237
-15748
-11578
-7027
-2319
2403
7049
11537
15747
19489
22499
24467
25085
24121
21478
17245
11701
5294
-1425
-7882
-13568
-18106
-21295
-23105
-23647
-23111
-21701
-19579
-16838
-13498
-9548
-4992
89
5505
10937
15966
20131
23004
24269
23789
21632
18059
13479
8369
3188
-1692
-6031
-9732
-12810
-15333
-17361
-18889
-19825
-19992
-19174
-17181
-13920
-9452
-4016
1983
8031
13586
18168
21437
23239
23614
22759
20961
18517
15660
12521
9114
5374
1216
-3394
-8381
-13521
-18461
-22755
-25952
-27680
-27728
-26088
-22961
-18716
-13812
-8707
-3772
764
4831
8490
11867
15078
18157
21005
23396
25007
25498
24600
22191
18354
13373
7699
1865
-3613
-8328
-12050
-14744
-16547
-17693
-18431
-18934
-19241
-19243
-18710
-17367
-14982
-11457
-6883
-1553
4073
9452
14062
17506
19582
20313
19919
18745
17163
15467
13805
12147
10313
8037
5073
1287
-3267
-8328
-13456
-18116
-21785
-24065
-24768
-23951
-21896
-19028
-15815
-12647
-9751
-7146
-4666
-2023
1077
4831
9250
14115
19011
23395
26721
28561
28704
27204
24367
20675
16664
12802
9378
6445
3833
1216
-1772
-5409
-9781
-14721
-19828
-24540
-28256
-30482
-30944
-29657
-26921
-23245
-19226
-15398
-12111
-9452
-7239
-5094
-2565
728
4965
10045
15584
20986
25578
28767
30179
29755
27760
24720
21282
18059
15470
13644
12393
11282
9753
7294
3603
-1312
-7104
-13150
-18690
-23005
-25590
-26278
-25276
-23111
-20490
-18120
-16519
-15885
-16045
-16506
-16589
-15621
-13129
-8982
-3453
2828
9013
14239
17836
19489
19316
17833
15814
14091
13329
13846
15527
17844
19995
21112
20496
17815
13207
7266
912
-4831
-9088
-11343
-11577
-10263
-8243
-6510
-5936
-7044
-9852
-13860
-18163
-21681
-23433
-22803
-19704
-14624
-8515
-2563
2101
4690
4961
3277
517
-2150
-3571
-2915
95
5096
11155
16996
21313
23111
21957
18111
12473
6364
1202
-1858
-2218
0
3978
8403
11804
12923
11061
6263
-661
-8328
-15110
-19547
-20709
-18446
-13439
-7038
-933
3268
4451
2288
-2670
-9109
-15281
-19436
-20270
-17269
-10860
-2323
6503
13675
17624
17552
13646
7044
-438
-6748
-10116
-9502
-4874
2766
11612
19489
24393
24992
20975
13146
3247
-6453
-13713
-16874
-15271
-9419
-894
8039
14981
17991
16075
9452
-484
-11483
-20977
-26708
-27284
-22529
-13547
-2464
8071
15531
18124
15240
7608
-2863
-13539
-21694
-25174
-22923
-15258
-3804
8879
19903
26744
27847
23008
13430
1444
-10040
-18230
-21115
-17953
-9452
2389
14751
24660
29696
28562
21402
9768
-3740
-16081
-24488
-27110
-23450
-14470
-2370
9933
19489
23995
22337
14836
3174
-10002
-21698
-29260
-30980
-26482
-16796
-4110
8737
18907
24204
23562
17269
6882
-5141
-16010
-23227
-25144
-21317
-12579
-836
11371
21439
27272
27724
22829
13764
2566
-8328
-16611
-20598
-19566
-13876
-4870
5444
14830
21300
23513
21037
14409
4991
-5321
-14505
-20812
-23111
-21086
-15278
-6950
2178
10279
15767
17601
15467
9822
1797
-7032
-14943
-20394
-22308
-20275
-14624
-6366
2997
11743
18255
21326
20385
15618
7946
-1143
-9863
-16470
-19603
-18552
-13416
-5102
4831
14468
21899
25605
24765
19436
10561
-202
-10793
-19159
-23661
-23411
-18457
-9790
852
11321
19489
23676
22989
17506
8259
-2970
-14002
-22701
-27390
-27185
-22159
-13316
-2383
8538
17386
22537
23111
19117
11435
1619
-8414
-16757
-21866
-22839
-19557
-12675
-3479
6373
15156
21389
24077
22861
18059
10579
1745
-6935
-14023
-18380
-19340
-16806
-11247
-3621
4785
12557
18379
21238
20593
16466
9452
634
-8577
-16669
-22278
-24419
-22671
-17266
-9070
547
9934
17446
21735
21998
18136
10784
1216
-8878
-17691
-23626
-25585
-23172
-16768
-7458
3158
13264
21146
25502
25659
21680
14337
4956
-4831
-13373
-19282
-21658
-20214
-15302
-7819
962
9610
16770
21364
22742
20752
15744
8489
60
-8328
-15489
-20425
-22454
-21302
-17139
-10562
-2517
5819
13200
18490
20833
19793
15444
8376
-370
-9452
-17427
-22985
-25167
-23534
-18256
-10098
-306
9595
18051
23738
25781
23899
18445
10342
916
-8328
-15950
-20809
-22233
-20100
-14836
-7317
1280
9676
16676
21335
23071
21720
17531
11107
3316
-4831
-12303
-18167
-21692
-22436
-20294
-15522
-8715
-749
7315
14367
19391
21614
20635
16499
9718
1216
-7793
-15984
-22118
-25243
-24846
-20941
-14071
-5225
4317
13185
20136
24233
24981
22385
16923
9452
1064
-7079
-13917
-18615
-20664
-19908
-16541
-11055
-4160
3299
10441
16433
20571
22346
21500
18059
12350
4978
-3219
-11256
-18121
-22898
-24907
-23810
-19683
-13021
-4692
4186
12397
18810
22546
23111
20461
15010
7549
-873
-9116
-16108
-20992
-23227
-22631
-19380
-13947
-7025
575
8021
14540
19489
22393
22979
21192
17198
11380
4318
-3252
-10500
-16581
-20738
-22403
-21287
-17441
-11278
-3530
4831
12726
19119
23164
24330
22475
17858
11093
3053
-5263
-12871
-18928
-22826
-24245
-23158
-19803
-14624
-8203
-1193
5740
11965
16925
20162
21356
20348
17173
12078
5526
-1827
-9185
-15695
-20553
-23111
-22980
-20099
-14756
-7561
632
8844
16108
21593
24718
25209
23119
18786
12774
5772
-1491
-8328
-14156
-18525
-21131
-21815
-20554
-17456
-12759
-6829
-157
6661
12962
18074
21393
22467
21073
17269
11407
4108
-3815
-11459
-17953
-22575
-24845
-24580
-21894
-17166
-10967
-3970
3141
9741
15316
19489
22014
22770
21741
19008
14749
9242
2876
-3856
-10372
-16048
-20279
-22562
-22571
-20219
-15695
-9452
-2160
5382
12349
18005
21791
23390
22743
20034
15633
10027
3752
-2675
-8791
-14203
-18591
-21694
-23307
-23278
-21529
-18082
-13090
-6866
124
7279
13920
19371
23050
24552
23716
20646
15704
9452
2566
-4252
-10371
-15295
-18702
-20448
-20539
-19094
-16300
-12377
-7562
-2112
3683
9486
14901
19489
22805
24451
24142
21768
17438
11484
4439
-3027
-10196
-16398
-21097
-23949
-24833
-23833
-21195
-17269
-12441
-7082
-1521
3964
9127
13732
17535
20273
21685
21548
19726
16225
11226
5098
-1631
-8328
-14339
-19077
-22108
-23198
-22340
-19731
-15719
-10741
-5241
379
5798
10778
15145
18756
21466
23111
23512
22505
19986
15959
10586
4196
-2727
-9595
-15790
-20750
-24052
-25465
-24976
-22770
-19180
-14624
-9523
-4248
917
5776
10197
14077
17297
19700
21088
21249
20007
17276
13115
7755
1596
-4831
-10938
-16157
-20031
-22272
-22793
-21697
-19237
-15748
-11578
-7027
-2319
2403
7049
11537
15747
19489
22499
24467
25085
24121
21478
17245
11701
5294
-1425
-7882
-13568
-18106
-21295
-23105
-23647
-23111
-21701
-19579
-16838
-13498
-9548
-4992
89
5505
10937
15966
20131
23004
24269
23789
21632
18059
13479
8369
3188
-1692
-6031
-9732
-12810
-15333
-17361
-18889
-19825
-19992
-19174
-17181
-13920
-9452
-4016
1983
8031
13586
18168
21437
23239
23614
22759
20961
18517
15660
12521
9114
5374
1216
-3394
-8381
-13521
-18461
-22755
-25952
-27680
-27728
-26088
-22961
-18716
-13812
-8707
-3772
764
4831
8490
11867
15078
18157
21005
23396
25007
25498
24600
22191
18354
13373
7699
1865
-3613
-8328
-12050
-14744
-16547
-17693
-18431
-18934
-19241
-19243
-18710
-17367
-14982
-11457
-6883
-1553
4073
9452
14062
17506
19582
20313
19919
18745
17163
15467
13805
12147
10313
8037
5073
1287
-3267
-8328
-13456
-18116
-21785
-24065
-24768
-23951
-21896
-19028
-15815
-12647
-9751
-7146
-4666
-2023
1077
4831
9250
14115
19011
23395
26721
28561
28704
27204
24367
20675
16664
12802
9378
6445
3833
1216
-1772
-5409
-9781
-14721
-19828
-24540
-28256
-30482
-30944
-29657
-26921
-23245
-19226
-15398
-12111
-9452
-7239
-5094
-2565
728
4965
10045
15584
20986
25578
28767
30179
29755
27760
24720
21282
18059
15470
13644
12393
11282
9753
7294
3603
-1312
-7104
-13150
-18690
-23005
-25590
-26278
-25276
-23111
-20490
-18120
-16519
-15885
-16045
-16506
-16589
-15621
-13129
-8982
-3453
2828
9013
14239
17836
19489
19316
17833
15814
14091
13329
13846
15527
17844
19995
21112
20496
17815
13207
7266
912
-4831
-9088
-11343
-11577
-10263
-8243
-6510
-5936
-7044
-9852
-13860
-18163
-21681
-23433
-22803
-19704
-14624
-8515
-2563
2101
4690
4961
3277
517
-2150
-3571
-2915
95
5096
11155
16996
21313
23111
21957
18111
12473
6364
1202
-1858
-2218
0
3978
8403
11804
12923
11061
6263
-661
-8328
-15110
-19547
-20709
-18446
-13439
-7038
-933
3268
4451
2288
-2670
-9109
-15281
-19436
-20270
-17269
-10860
-2323
6503
13675
17624
17552
13646
7044
-438
-6748
-10116
-9502
-4874
2766
11612
19489
24393
24992
20975
13146
3247
-6453
-13713
-16874
-15271
-9419
-894
8039
14981
17991
16075
9452
-484
-11483
-20977
-26708
-27284
-22529
-13547
-2464
8071
15531
18124
15240
7608
-2863
-13539
-21694
-25174
-22923
-15258
-3804
8879
19903
26744
27847
23008
13430
1444
-10040
-18230
-21115
-17953
-9452
2389
14751
24660
29696
28562
21402
9768
-3740
-16081
-24488
-27110
-23450
-14470
-2370
9933
19489
23995
22337
14836
3174
-10002
-21698
-29260
-30980
-26482
-16796
-4110
8737
18907
24204
23562
17269
6882
-5141
-16010
-23227
-25144
-21317
-12579
-836
11371
21439
27272
27724
22829
13764
2566
-8328
-16611
-20598
-19566
-13876
-4870
5444
14830
21300
23513
21037
14409
4991
-5321
-14505
-20812
-23111
-21086
-15278
-6950
2178
10279
15767
17601
15467
9822
1797
-7032
-14943
-20394
-22308
-20275
-14624
-6366
2997
11743
18255
21326
20385
15618
7946
-1143
-9863
-16470
-19603
-18552
-13416
-5102
4831
14468
21899
25605
24765
19436
10561
-202
-10793
-19159
-23661
-23411
-18457
-9790
852
11321
19489
23676
22989
17506
8259
-2970
-14002
-22701
-27390
-27185
-22159
-13316
-2383
8538
17386
22537
23111
19117
11435
1619
-8414
-16757
-21866
-22839
-19557
-12675
-3479
6373
15156
21389
24077
22861
18059
10579
1745
-6935
-14023
-18380
-19340
-16806
-11247
-3621
4785
12557
18379
21238
20593
16466
9452
634
-8577
-16669
-22278
-24419
-22671
-17266
-9070
547
9934
17446
21735
21998
18136
10784
1216
-8878
-17691
-23626
-25585
-23172
-16768
-7458
3158
13264
21146
25502
25659
21680
14337
4956
-4831
-13373
-19282
-21658
-20214
-15302
-7819
962
9610
16770
21364
22742
20752
15744
8489
60
-8328
-15489
-20425
-22454
-21302
-17139
-10562
-2517
5819
13200
18490
20833
19793
15444
8376
-370
-9452
-17427
-22985
-25167
-23534
-18256
-10098
-306
9595
18051
23738
25781
23899
18445
10342
916
-8328
-15950
-20809
-22233
-20100
-14836
-7317
1280
9676
16676
21335
23071
21720
17531
11107
3316
-4831
-12303
-18167
-21692
-22436
-20294
-15522
-8715
-749
7315
14367
19391
21614
20635
16499
9718
1216
-7793
-15984
-22118
-25243
-24846
-20941
-14071
-5225
4317
13185
20136
24233
24981
22385
16923
9452
1064
-7079
-13917
-18615
-20664
-19908
-16541
-11055
-4160
3299
10441
16433
20571
22346
21500
18059
12350
4978
-3219
-11256
-18121
-22898
-24907
-23810
-19683
-13021
-4692
4186
12397
18810
22546
23111
20461
15010
7549
-873
-9116
-16108
-20992
-23227
-22631
-19380
-13947
-7025
575
8021
14540
19489
22393
22979
21192
17198
11380
4318
-3252
-10500
-16581
-20738
-22403
-21287
-17441
-11278
-3530
4831
12726
19119
23164
24330
22475
17858
11093
3053
-5263
-12871
-18928
-22826
-24245
-23158
-19803
-14624
-8203
-1193
5740
11965
16925
20162
21356
20348
17173
12078
5526
-1827
-9185
-15695
-20553
-23111
-22980
-20099
-14756
-7561
632
8844
16108
21593
24718
25209
23119
18786
12774
5772
-1491
-8328
-14156
-18525
-21131
-21815
-20554
-17456
-12759
-6829
-157
6661
12962
18074
21393
22467
21073
17269
11407
4108
-3815
-11459
-17953
-22575
-24845
-24580
-21894
-17166
-10967
-3970
3141
9741
15316
19489
22014
22770
21741
19008
14749
9242
2876
-3856
-10372
-16048
-20279
-22562
-22571
-20219
-15695
-9452
-2160
5382
12349
18005
21791
23390
22743
20034
15633
10027
3752
-2675
-8791
-14203
-18591
-21694
-23307
-23278
-21529
-18082
-13090
-6866
124
7279
13920
19371
23050
24552
23716
20646
15704
9452
2566
-4252
-10371
-15295
-18702
-20448
-20539
-19094
-16300
-12377
-7562
-2112
3683
9486
14901
19489
22805
24451
24142
21768
17438
11484
4439
-3027
-10196
-16398
-21097
-23949
-24833
-23833
-21195
-17269
-12441
-7082
-1521
3964
9127
13732
17535
20273
21685
21548
19726
16225
11226
5098
-1631
-8328
-14339
-19077
-22108
-23198
-22340
-19731
-15719
-10741
-5241
379
5798
10778
15145
18756
21466
23111
23512
22505
19986
15959
10586
4196
-2727
-9595
-15790
-20750
-24052
-25465
-24976
-22770
-19180
-14624
-9523
-4248
917
5776
10197
14077
17297
19700
21088
21249
20007
17276
13115
7755
1596
-4831
-10938
-16157
-20031
-22272
-22793
-21697
-19237
-15748
-11578
-7027
-2319
2403
7049
11537
15747
19489
22499
24467
25085
24121
21478
17245
11701
5294
-1425
-7882
-13568
-18106
-21295
-23105
-23647
-23111
-21701
-19579
-16838
-13498
-9548
-4992
89
5505
10937
15966
20131
23004
24269
23789
21632
18059
13479
8369
3188
-1692
-6031
-9732
-12810
-15333
-17361
-18889
-19825
-19992
-19174
-17181
-13920
-9452
-4016
1983
8031
13586
18168
21437
23239
23614
22759
20961
18517
15660
12521
9114
5374
1216
-3394
-8381
-13521
-18461
-22755
-25952
-27680
-27728
-26088
-22961
-18716
-13812
-8707
-3772
764
4831
8490
11867
15078
18157
21005
23396
25007
25498
24600
22191
18354
13373
7699
1865
-3613
-8328
-12050
-14744
-16547
-17693
-18431
-18934
-19241
-19243
-18710
-17367
-14982
-11457
-6883
-1553
4073
9452
14062
17506
19582
20313
19919
18745
17163
15467
13805
12147
10313
8037
5073
1287
-3267
-8328
-13456
-18116
-21785
-24065
-24768
-23951
-21896
-19028
-15815
-12647
-9751
-7146
-4666
-2023
1077
4831
9250
14115
19011
23395
26721
28561
28704
27204
24367
20675
16664
12802
9378
6445
3833
1216
-1772
-5409
-9781
-14721
-19828
-24540
-28256
-30482
-30944
-29657
-26921
-23245
-19226
-15398
-12111
-9452
-7239
-5094
-2565
728
4965
10045
15584
20986
25578
28767
30179
29755
27760
24720
21282
18059
15470
13644
12393
11282
9753
7294
3603
-1312
-7104
-13150
-18690
-23005
-25590
-26278
-25276
-23111
-20490
-18120
-16519
-15885
-16045
-16506
-16589
-15621
-13129
-8982
-3453
2828
9013
14239
17836
19489
19316
17833
15814
14091
13329
13846
15527
17844
19995
21112
20496
17815
13207
7266
912
-4831
-9088
-11343
-11577
-10263
-8243
-6510
-5936
-7044
-9852
-13860
-18163
-21681
-23433
-22803
-19704
-14624
-8515
-2563
2101
4690
4961
3277
517
-2150
-3571
-2915
95
5096
11155
16996
21313
23111
21957
18111
12473
6364
1202
-1858
-2218
0
3978
8403
11804
12923
11061
6263
-661
-8328
-15110
-19547
-20709
-18446
-13439
-7038
-933
3268
4451
2288
-2670
-9109
-15281
-19436
-20270
-17269
-10860
-2323
6503
13675
17624
17552
13646
7044
-438
-6748
-10116
-9502
-4874
2766
11612
19489
24393
24992
20975
13146
3247
-6453
-13713
-16874
-15271
-9419
-894
8039
14981
17991
16075
9452
-484
-11483
-20977
-26708
-27284
-22529
-13547
-2464
8071
15531
18124
15240
7608
-2863
-13539
-21694
-25174
-22923
-15258
-3804
8879
19903
26744
27847
23008
13430
1444
-10040
-18230
-21115
-17953
-9452
2389
14751
24660
29696
28562
21402
9768
-3740
-16081
-24488
-27110
-23450
-14470
-2370
9933
19489
23995
22337
14836
3174
-10002
-21698
-29260
-30980
-26482
-16796
-4110
8737
18907
24204
23562
17269
6882
-5141
-16010
-23227
-25144
-21317
-12579
-836
11371
21439
27272
27724
22829
13764
2566
-8328
-16611
-20598
-19566
-13876
-4870
5444
14830
21300
23513
21037
14409
4991
-5321
-14505
-20812
-23111
-21086
-15278
-6950
2178
10279
15767
17601
15467
9822
1797
-7032
-14943
-20394
-22308
-20275
-14624
-6366
2997
11743
18255
21326
20385
15618
7946
-1143
-9863
-16470
-19603
-18552
-13416
-5102
4831
14468
21899
25605
24765
19436
10561
-202
-10793
-19159
-23661
-23411
-18457
-9790
852
11321
19489
23676
22989
17506
8259
-2970
-14002
-22701
-27390
-27185
-22159
-13316
-2383
8538
17386
22537
23111
19117
11435
1619
-8414
-16757
-21866
-22839
-19557
-12675
-3479
6373
15156
21389
24077
22861
18059
10579
1745
-6935
-14023
-18380
-19340
-16806
-11247
-3621
4785
12557
18379
21238
20593
16466
9452
634
-8577
-16669
-22278
-24419
-22671
-17266
-9070
547
9934
17446
21735
21998
18136
10784
1216
-8878
-17691
-23626
-25585
-23172
-16768
-7458
3158
13264
21146
25502
25659
21680
14337
4956
-4831
-13373
-19282
-21658
-20214
-15302
-7819
962
9610
16770
21364
22742
20752
15744
8489
60
-8328
-15489
-20425
-22454
-21302
-17139
-10562
-2517
5819
13200
18490
20833
19793
15444
8376
-370
-9452
-17427
-22985
-25167
-23534
-18256
-10098
-306
9595
18051
23738
25781
23899
18445
10342
916
-8328
-15950
-20809
-22233
-20100
-14836
-7317
1280
9676
16676
21335
23071
21720
17531
11107
3316
-4831
-12303
-18167
-21692
-22436
-20294
-15522
-8715
-749
7315
14367
19391
21614
20635
16499
9718
1216
-7793
-15984
-22118
-25243
-24846
-20941
-14071
-5225
4317
13185
20136
24233
24981
22385
16923
9452
1064
-7079
-13917
-18615
-20664
-19908
-16541
-11055
-4160
3299
10441
16433
20571
22346
21500
18059
12350
4978
-3219
-11256
-18121
-22898
-24907
-23810
-19683
-13021
-4692
4186
12397
18810
22546
23111
20461
15010
7549
-873
-9116
-16108
-20992
-23227
-22631
-19380
-13947
-7025
575
8021
14540
19489
22393
22979
21192
17198
11380
4318
-3252
-10500
-16581
-20738
-22403
-21287
-17441
-11278
-3530
4831
12726
19119
23164
24330
22475
17858
11093
3053
-5263
-12871
-18928
-22826
-24245
-23158
-19803
-14624
-8203
-1193
5740
11965
16925
20162
21356
20348
17173
12078
5526
-1827
-9185
-15695
-20553
-23111
-22980
-20099
-14756
-7561
632
8844
16108
21593
24718
25209
23119
18786
12774
5772
-1491
-8328
-14156
-18525
-21131
-21815
-20554
-17456
-12759
-6829
-157
6661
12962
18074
21393
22467
21073
17269
11407
4108
-3815
-11459
-17953
-22575
-24845
-24580
-21894
-17166
-10967
-3970
3141
9741
15316
19489
22014
22770
21741
19008
14749
9242
2876
-3856
-10372
-16048
-20279
-22562
-22571
-20219
-15695
-9452
-2160
5382
12349
18005
21791
23390
22743
20034
15633
10027
3752
-2675
-8791
-14203
-18591
-21694
-23307
-23278
-21529
-18082
-13090
-6866
124
7279
13920
19371
23050
24552
23716
20646
15704
9452
2566
-4252
-10371
-15295
-18702
-20448
-20539
-19094
-16300
-12377
-7562
-2112
3683
9486
14901
19489
22805
24451
24142
21768
17438
11484
4439
-3027
-10196
-16398
-21097
-23949
-24833
-23833
-21195
-17269
-12441
-7082
-1521
3964
9127
13732
17535
20273
21685
21548
19726
16225
11226
5098
-1631
-8328
-14339
-19077
-22108
-23198
-22340
-19731
-15719
-10741
-5241
379
5798
10778
15145
18756
21466
23111
23512
22505
19986
15959
10586
4196
-2727
-9595
-15790
-20750
-24052
-25465
-24976
-22770
-19180
-14624
-9523
-4248
917
5776
10197
14077
17297
19700
21088
21249
20007
17276
13115
7755
1596
-4831
-10938
-16157
-20031
-22272
-22793
-21697
-19237
-15748
-11578
-7027
-2319
2403
7049
11537
15747
19489
22499
24467
25085
24121
21478
17245
11701
5294
-1425
-7882
-13568
-18106
-21295
-23105
-23647
-23111
-21701
-19579
-16838
-13498
-9548
-4992
89
5505
10937
15966
20131
23004
24269
23789
21632
18059
13479
8369
3188
-1692
-6031
-9732
-12810
-15333
-17361
-18889
-19825
-19992
-19174
-17181
-13920
-9452
-4016
1983
8031
13586
18168
21437
23239
23614
22759
20961
18517
15660
12521
9114
5374
1216
-3394
-8381
-13521
-18461
-22755
-25952
-27680
-27728
-26088
-22961
-18716
-13812
-8707
-3772
764
4831
8490
11867
15078
18157
21005
23396
25007
25498
24600
22191
18354
13373
7699
1865
-3613
-8328
-12050
-14744
-16547
-17693
-18431
-18934
-19241
-19243
-18710
-17367
-14982
-11457
-6883
-1553
4073
9452
14062
17506
19582
20313
19919
18745
17163
15467
13805
12147
10313
8037
5073
1287
-3267
-8328
-13456
-18116
-21785
-24065
-24768
-23951
-21896
-19028
-15815
-12647
-9751
-7146
-4666
-2023
1077
4831
9250
14115
19011
23395
26721
28561
28704
27204
24367
20675
16664
12802
9378
6445
3833
1216
-1772
-5409
-9781
-14721
-19828
-24540
-28256
-30482
-30944
-29657
-26921
-23245
-19226
-15398
-12111
-9452
-7239
-5094
-2565
728
4965
10045
15584
20986
25578
28767
30179
29755
27760
24720
21282
18059
15470
13644
12393
11282
9753
7294
3603
-1312
-7104
-13150
-18690
-23005
-25590
-26278
-25276
-23111
-20490
-18120
-16519
-15885
-16045
-16506
-16589
-15621
-13129
-8982
-3453
2828
9013
14239
17836
19489
19316
17833
15814
14091
13329
13846
15527
17844
19995
21112
20496
17815
13207
7266
912
-4831
-9088
-11343
-11577
-10263
-8243
-6510
-5936
-7044
-9852
-13860
-18163
-21681
-23433
-22803
-19704
-14624
-8515
-2563
2101
4690
4961
3277
517
-2150
-3571
-2915
95
5096
11155
16996
21313
23111
21957
18111
12473
6364
1202
-1858
-2218
0
3978
8403
11804
12923
11061
6263
-661
-8328
-15110
-19547
-20709
-18446
-13439
-7038
-933
3268
4451
2288
-2670
-9109
-15281
-19436
-20270
17269
10860
2323
-6503
-13675
-17624
-17552
-13646
-7044
438
6748
10116
9502
4874
-2766
-11612
-19489
-24393
-24992
-20975
-13146
-3247
6453
13713
16874
15271
9419
894
-8039
-14981
-17991
-16075
-9452
484
11483
20977
26708
27284
22529
13547
2464
-8071
-15531
-18124
-15240
-7608
2863
13539
21694
25174
22923
15258
3804
-8879
-19903
-26744
-27847
-23008
-13430
-1444
10040
18230
21115
17953
9452
-2389
-14751
-24660
-29696
-28562
-21402
-9768
3740
16081
24488
27110
23450
14470
2370
-9933
-19489
-23995
-22337
-14836
-3174
10002
21698
29260
30980
26482
16796
4110
-8737
-18907
-24204
-23562
-17269
-6882
5141
16010
23227
25144
21317
12579
836
-11371
-21439
-27272
-27724
-22829
-13764
-2566
8328
16611
20598
19566
13876
4870
-5444
-14830
-21300
-23513
-21037
-14409
-4991
5321
14505
20812
23111
21086
15278
6950
-2178
-10279
-15767
-17601
-15467
-9822
-1797
7032
14943
20394
22308
20275
14624
6366
-2997
-11743
-18255
-21326
-20385
-15618
-7946
1143
9863
16470
19603
18552
13416
5102
-4831
-14468
-21899
-25605
-24765
-19436
-10561
202
10793
19159
23661
23411
18457
9790
-852
-11321
-19489
-23676
-22989
-17506
-8259
2970
14002
22701
27390
27185
22159
13316
2383
-8538
-17386
-22537
-23111
-19117
-11435
-1619
8414
16757
21866
22839
19557
12675
3479
-6373
-15156
-21389
-24077
-22861
-18059
-10579
-1745
6935
14023
18380
19340
16806
11247
3621
-4785
-12557
-18379
-21238
-20593
-16466
-9452
-634
8577
16669
22278
24419
22671
17266
9070
-547
-9934
-17446
-21735
-21998
-18136
-10784
-1216
8878
17691
23626
25585
23172
16768
7458
-3158
-13264
-21146
-25502
-25659
-21680
-14337
-4956
4831
13373
19282
21658
20214
15302
7819
-962
-9610
-16770
-21364
-22742
-20752
-15744
-8489
-60
8328
15489
20425
22454
21302
17139
10562
2517
-5819
-13200
-18490
-20833
-19793
-15444
-8376
370
9452
17427
22985
25167
23534
18256
10098
306
-9595
-18051
-23738
-25781
-23899
-18445
-10342
-916
8328
15950
20809
22233
20100
14836
7317
-1280
-9676
-16676
-21335
-23071
-21720
-17531
-11107
-3316
4831
12303
18167
21692
22436
20294
15522
8715
749
-7315
-14367
-19391
-21614
-20635
-16499
-9718
-1216
7793
15984
22118
25243
24846
20941
14071
5225
-4317
-13185
-20136
-24233
-24981
-22385
-16923
-9452
-1064
7079
13917
18615
20664
19908
16541
11055
4160
-3299
-10441
-16433
-20571
-22346
-21500
-18059
-12350
-4978
3219
11256
18121
22898
24907
23810
19683
13021
4692
-4186
-12397
-18810
-22546
-23111
-20461
-15010
-7549
873
9116
16108
20992
23227
22631
19380
13947
7025
-575
-8021
-14540
-19489
-22393
-22979
-21192
-17198
-11380
-4318
3252
10500
16581
20738
22403
21287
17441
11278
3530
-4831
-12726
-19119
-23164
-24330
-22475
-17858
-11093
-3053
5263
12871
18928
22826
24245
23158
19803
14624
8203
1193
-5740
-11965
-16925
-20162
-21356
-20348
-17173
-12078
-5526
1827
9185
15695
20553
23111
22980
20099
14756
7561
-632
-8844
-16108
-21593
-24718
-25209
-23119
-18786
-12774
-5772
1491
8328
14156
18525
21131
21815
20554
17456
12759
6829
157
-6661
-12962
-18074
-21393
-22467
-21073
-17269
-11407
-4108
3815
11459
17953
22575
24845
24580
21894
17166
10967
3970
-3141
-9741
-15316
-19489
-22014
-22770
-21741
-19008
-14749
-9242
-2876
3856
10372
16048
20279
22562
22571
20219
15695
9452
2160
-5382
-12349
-18005
-21791
-23390
-22743
-20034
-15633
-10027
-3752
2675
8791
14203
18591
21694
23307
23278
21529
18082
13090
6866
-124
-7279
-13920
-19371
-23050
-24552
-23716
-20646
-15704
-9452
-2566
4252
10371
15295
18702
20448
20539
19094
16300
12377
7562
2112
-3683
-9486
-14901
-19489
-22805
-24451
-24142
-21768
-17438
-11484
-4439
3027
10196
16398
21097
23949
24833
23833
21195
17269
12441
7082
1521
-3964
-9127
-13732
-17535
-20273
-21685
-21548
-19726
-16225
-11226
-5098
1631
8328
14339
19077
22108
23198
22340
19731
15719
10741
5241
-379
-5798
-10778
-15145
-18756
-21466
-23111
-23512
-22505
-19986
-15959
-10586
-4196
2727
9595
15790
20750
24052
25465
24976
22770
19180
14624
9523
4248
-917
-5776
-10197
-14077
-17297
-19700
-21088
-21249
-20007
-17276
-13115
-7755
-1596
4831
10938
16157
20031
22272
22793
21697
19237
15748
11578
7027
2319
-2403
-7049
-11537
-15747
-19489
-22499
-24467
-25085
-24121
-21478
-17245
-11701
-5294
1425
7882
13568
18106
21295
23105
23647
23111
21701
19579
16838
13498
9548
4992
-89
-5505
-10937
-15966
-20131
-23004
-24269
-23789
-21632
-18059
-13479
-8369
-3188
1692
6031
9732
12810
15333
17361
18889
19825
19992
19174
17181
13920
9452
4016
-1983
-8031
-13586
-18168
-21437
-23239
-23614
-22759
-20961
-18517
-15660
-12521
-9114
-5374
-1216
3394
8381
13521
18461
22755
25952
27680
27728
26088
22961
18716
13812
8707
3772
-764
-4831
-8490
-11867
-15078
-18157
-21005
-23396
-25007
-25498
-24600
-22191
-18354
-13373
-7699
-1865
3613
8328
12050
14744
16547
17693
18431
18934
19241
19243
18710
17367
14982
11457
6883
1553
-4073
-9452
-14062
-17506
-19582
-20313
-19919
-18745
-17163
-15467
-13805
-12147
-10313
-8037
-5073
-1287
3267
8328
13456
18116
21785
24065
24768
23951
21896
19028
15815
12647
9751
7146
4666
2023
-1077
-4831
-9250
-14115
-19011
-23395
-26721
-28561
-28704
-27204
-24367
-20675
-16664
-12802
-9378
-6445
-3833
-1216
1772
5409
9781
14721
19828
24540
28256
30482
30944
29657
26921
23245
19226
15398
12111
9452
7239
5094
2565
-728
-4965
-10045
-15584
-20986
-25578
-28767
-30179
-29755
-27760
-24720
-21282
-18059
-15470
-13644
-12393
-11282
-9753
-7294
-3603
1312
7104
13150
18690
23005
25590
26278
25276
23111
20490
18120
16519
15885
16045
16506
16589
15621
13129
8982
3453
-2828
-9013
-14239
-17836
-19489
-19316
-17833
-15814
-14091
-13329
-13846
-15527
-17844
-19995
-21112
-20496
-17815
-13207
-7266
-912
4831
9088
11343
11577
10263
8243
6510
5936
7044
9852
13860
18163
21681
23433
22803
19704
14624
8515
2563
-2101
-4690
-4961
-3277
-517
2150
3571
2915
-95
-5096
-11155
-16996
-21313
-23111
-21957
-18111
-12473
-6364
-1202
1858
2218
0
-3978
-8403
-11804
-12923
-11061
-6263
661
8328
15110
19547
20709
18446
13439
7038
933
-3268
-4451
-2288
2670
9109
15281
19436
20270
-17269
-10860
-2323
6503
13675
17624
17552
13646
7044
-438
-6748
-10116
-9502
-4874
2766
11612
19489
24393
24992
20975
13146
3247
-6453
-13713
-16874
-15271
-9419
-894
8039
14981
17991
16075
9452
-484
-11483
-20977
-26708
-27284
-22529
-13547
-2464
8071
15531
18124
15240
7608
-2863
-13539
-21694
-25174
-22923
-15258
-3804
8879
19903
26744
27847
23008
13430
1444
-10040
-18230
-21115
-17953
-9452
2389
14751
24660
29696
28562
21402
9768
-3740
-16081
-24488
-27110
-23450
-14470
-2370
9933
19489
23995
22337
14836
3174
-10002
-21698
-29260
-30980
-26482
-16796
-4110
8737
18907
24204
23562
17269
6882
-5141
-16010
-23227
-25144
-21317
-12579
-836
11371
21439
27272
27724
22829
13764
2566
-8328
-16611
-20598
-19566
-13876
-4870
5444
14830
21300
23513
21037
14409
4991
-5321
-14505
-20812
-23111
-21086
-15278
-6950
2178
10279
15767
17601
15467
9822
1797
-7032
-14943
-20394
-22308
-20275
-14624
-6366
2997
11743
18255
21326
20385
15618
7946
-1143
-9863
-16470
-19603
-18552
-13416
-5102
4831
14468
21899
25605
24765
19436
10561
-202
-10793
-19159
-23661
-23411
-18457
-9790
852
11321
19489
23676
22989
17506
8259
-2970
-14002
-22701
-27390
-27185
-22159
-13316
-2383
8538
17386
22537
23111
19117
11435
1619
-8414
-16757
-21866
-22839
-19557
-12675
-3479
6373
15156
21389
24077
22861
18059
10579
1745
-6935
-14023
-18380
-19340
-16806
-11247
-3621
4785
12557
18379
21238
20593
16466
9452
634
-8577
-16669
-22278
-24419
-22671
-17266
-9070
547
9934
17446
21735
21998
18136
10784
1216
-8878
-17691
-23626
-25585
-23172
-16768
-7458
3158
13264
21146
25502
25659
21680
14337
4956
-4831
-13373
-19282
-21658
-20214
-15302
-7819
962
9610
16770
21364
22742
20752
15744
8489
60
-8328
-15489
-20425
-22454
-21302
-17139
-10562
-2517
5819
13200
18490
20833
19793
15444
8376
-370
-9452
-17427
-22985
-25167
-23534
-18256
-10098
-306
9595
18051
23738
25781
23899
18445
10342
916
-8328
-15950
-20809
-22233
-20100
-14836
-7317
1280
9676
16676
21335
23071
21720
17531
11107
3316
-4831
-12303
-18167
-21692
-22436
-20294
-15522
-8715
-749
7315
14367
19391
21614
20635
16499
9718
1216
-7793
-15984
-22118
-25243
-24846
-20941
-14071
-5225
4317
13185
20136
24233
24981
22385
16923
9452
1064
-7079
-13917
-18615
-20664
-19908
-16541
-11055
-4160
3299
10441
16433
20571
22346
21500
18059
12350
4978
-3219
-11256
-18121
-22898
-24907
-23810
-19683
-13021
-4692
4186
12397
18810
22546
23111
20461
15010
7549
-873
-9116
-16108
-20992
-23227
-22631
-19380
-13947
-7025
575
8021
14540
19489
22393
22979
21192
17198
11380
4318
-3252
-10500
-16581
-20738
-22403
-21287
-17441
-11278
-3530
4831
12726
19119
23164
24330
22475
17858
11093
3053
-5263
-12871
-18928
-22826
-24245
-23158
-19803
-14624
-8203
-1193
5740
11965
16925
20162
21356
20348
17173
12078
5526
-1827
-9185
-15695
-20553
-23111
-22980
-20099
-14756
-7561
632
8844
16108
21593
24718
25209
23119
18786
12774
5772
-1491
-8328
-14156
-18525
-21131
-21815
-20554
-17456
-12759
-6829
-157
6661
12962
18074
21393
22467
21073
17269
11407
4108
-3815
-11459
-17953
-22575
-24845
-24580
-21894
-17166
-10967
-3970
3141
9741
15316
19489
22014
22770
21741
19008
14749
9242
2876
-3856
-10372
-16048
-20279
-22562
-22571
-20219
-15695
-9452
-2160
5382
12349
18005
21791
23390
22743
20034
15633
10027
3752
-2675
-8791
-14203
-18591
-21694
-23307
-23278
-21529
-18082
-13090
-6866
124
7279
13920
19371
23050
24552
23716
20646
15704
9452
2566
-4252
-10371
-15295
-18702
-20448
-20539
-19094
-16300
-12377
-7562
-2112
3683
9486
14901
19489
22805
24451
24142
21768
17438
11484
4439
-3027
-10196
-16398
-21097
-23949
-24833
-23833
-21195
-17269
-12441
-7082
-1521
3964
9127
13732
17535
20273
21685
21548
19726
16225
11226
5098
-1631
-8328
-14339
-19077
-22108
-23198
-22340
-19731
-15719
-10741
-5241
379
5798
10778
15145
18756
21466
23111
23512
22505
19986
15959
10586
4196
-2727
-9595
-15790
-20750
-24052
-25465
-24976
-22770
-19180
-14624
-9523
-4248
917
5776
10197
14077
17297
19700
21088
21249
20007
17276
13115
7755
1596
-4831
-10938
-16157
-20031
-22272
-22793
-21697
-19237
-15748
-11578
-7027
-2319
2403
7049
11537
15747
19489
22499
24467
25085
24121
21478
17245
11701
5294
-1425
-7882
-13568
-18106
-21295
-23105
-23647
-23111
-21701
-19579
-16838
-13498
-9548
-4992
89
5505
10937
15966
20131
23004
24269
23789
21632
18059
13479
8369
3188
-1692
-6031
-9732
-12810
-15333
-17361
-18889
-19825
-19992
-19174
-17181
-13920
-9452
-4016
1983
8031
13586
18168
21437
23239
23614
22759
20961
18517
15660
12521
9114
5374
1216
-3394
-8381
-13521
-18461
-22755
-25952
-27680
-27728
-26088
-22961
-18716
-13812
-8707
-3772
764
4831
8490
11867
15078
18157
21005
23396
25007
25498
24600
22191
18354
13373
7699
1865
-3613
-8328
-12050
-14744
-16547
-17693
-18431
-18934
-19241
-19243
-18710
-17367
-14982
-11457
-6883
-1553
4073
9452
14062
17506
19582
20313
19919
18745
17163
15467
13805
12147
10313
8037
5073
1287
-3267
-8328
-13456
-18116
-21785
-24065
-24768
-23951
-21896
-19028
-15815
-12647
-9751
-7146
-4666
-2023
1077
4831
9250
14115
19011
23395
26721
28561
28704
27204
24367
20675
16664
12802
9378
6445
3833
1216
-1772
-5409
-9781
-14721
-19828
-24540
-28256
-30482
-30944
-29657
-26921
-23245
-19226
-15398
-12111
-9452
-7239
-5094
-2565
728
4965
10045
15584
20986
25578
28767
30179
29755
27760
24720
21282
18059
15470
13644
12393
11282
9753
7294
3603
-1312
-7104
-13150
-18690
-23005
-25590
-26278
-25276
-23111
-20490
-18120
-16519
-15885
-16045
-16506
-16589
-15621
-13129
-8982
-3453
2828
9013
14239
17836
19489
19316
17833
15814
14091
13329
13846
15527
17844
19995
21112
20496
17815
13207
7266
912
-4831
-9088
-11343
-11577
-10263
-8243
-6510
-5936
-7044
-9852
-13860
-18163
-21681
-23433
-22803
-19704
-14624
-8515
-2563
2101
4690
4961
3277
517
-2150
-3571
-2915
95
5096
11155
16996
21313
23111
21957
18111
12473
6364
1202
-1858
-2218
0
3978
8403
11804
12923
11061
6263
-661
-8328
-15110
-19547
-20709
-18446
-13439
-7038
-933
3268
4451
2288
-2670
-9109
-15281
-19436
-20270
0
0
0
0
0
0
0
0
0
0
0
0
0
0
0
0
0
0
0
0
0
0
0
0
0
0
0
0
0
0
0
0
0
0
0
0
0
0
0
0
0
0
0
0
0
0
0
0
0
0
0
0
0
0
0
0
0
0
0
0
0
0
0
0
0
0
0
0
0
0
0
0
0
0
0
0
0
0
0
0
0
0
0
0
0
0
0
0
0
0
0
0
0
0
0
0
0
0
0
0
0
0
0
0
0
0
0
0
0
0
0
0
0
0
0
0
0
0
0
0
0
0
0
0
0
0
0
0
0
0
0
0
0
0
0
0
0
0
0
0
0
0
0
0
0
0
0
0
0
0
0
0
0
0
0
0
0
0
0
0
0
0
0
0
0
0
0
0
0
0
0
0
0
0
0
0
0
0
0
0
0
0
0
0
0
0
0
0
0
0
0
0
0
0
0
0
0
0
0
0
0
0
0
0
0
0
0
0
0
0
0
0
0
0
0
0
0
0
0
0
0
0
0
0
0
0
0
0
0
0
0
0
0
0
0
0
0
0
0
0
0
0
0
0
0
0
0
0
0
0
0
0
0
0
0
0
0
0
0
0
0
0
0
0
0
0
0
0
0
0
0
0
0
0
0
0
0
0
0
0
0
0
0
0
0
0
0
0
0
0
0
0
0
0
0
0
0
0
0
0
0
0
0
0
0
0
0
0
0
0
0
0
0
0
0
0
0
0
0
0
0
0
0
0
0
0
0
0
0
0
0
0
0
0
0
0
0
0
0
0
0
0
0
0
0
0
0
0
0
0
0
0
0
0
0
0
0
0
0
0
0
0
0
0
0
0
0
0
0
0
0
0
0
0
0
0
0
0
0
0
0
0
0
0
0
0
0
0
0
0
0
0
0
0
0
0
0
0
0
0
0
0
0
0
0
0
0
0
0
0
0
0
0
0
0
0
0
0
0
0
0
0
0
0
0
0
0
0
0
0
0
0
0
0
0
0
0
0
0
0
0
0
0
0
0
0
0
0
0
0
0
0
0
0
0
0
0
0
0
0
0
0
0
0
0
0
0
0
0
0
0
0
0
0
0
0
0
0
0
0
0
0
0
0
0
0
0
0
0
0
0
0
0
0
0
0
0
0
0
0
0
0
0
0
0
0
0
0
0
0
0
0
0
0
0
0
0
0
0
0
0
0
0
0
0
0
0
0
0
0
0
0
0
0
0
0
0
0
0
0
0
0
0
0
0
0
0
0
0
0
0
0
0
0
0
0
0
0
0
0
0
0
0
0
0
0
0
0
0
0
0
0
0
0
0
0
0
0
0
0
0
0
0
0
0
0
0
0
0
0
0
0
0
0
0
0
0
0
0
0
0
0
0
0
0
0
0
0
0
0
0
0
0
0
0
0
0
0
0
0
0
0
0
0
0
0
0
0
0
0
0
0
0
0
0
0
0
0
0
0
0
0
0
0
0
0
0
0
0
0
0
0
0
0
0
0
0
0
0
0
0
0
0
0
0
0
0
0
0
0
0
0
0
0
0
0
0
0
0
0
0
0
0
0
0
0
0
0
0
0
0
0
0
0
0
0
0
0
0
0
0
0
0
0
0
0
0
0
0
0
0
0
0
0
0
0
0
0
0
0
0
0
0
0
0
0
0
0
0
0
0
0
0
0
0
0
0
0
0
0
0
0
0
0
0
0
0
0
0
0
0
0
0
0
0
0
0
0
0
0
0
0
0
0
0
0
0
0
0
0
0
0
0
0
0
0
0
0
0
0
0
0
0
0
0
0
0
0
0
0
0
0
0
0
0
0
0
0
0
0
0
0
0
0
0
0
0
0
0
0
0
0
0
0
0
0
0
0
0
0
0
0
0
0
0
0
0
0
0
0
0
0
0
0
0
0
0
0
0
0
0
0
0
0
0
0
0
0
0
0
0
0
0
0
0
0
0
0
0
0
0
0
0
0
0
0
0
0
0
0
0
0
0
0
0
0
0
0
0
0
0
0
0
0
0
0
0
0
0
0
0
0
0
0
0
0
0
0
0
0
0
0
0
0
0
0
0
0
0
0
0
0
0
0
0
0
0
0
0
0
0
0
0
0
0
0
0
0
0
0
0
0
0
0
0
0
0
0
0
0
0
0
0
0
0
0
0
0
0
0
0
0
0
0
0
0
0
0
0
0
-922
-1210
-1301
-1145
-729
-82
721
1570
2335
2888
3130
3003
2510
1707
700
-375
-1376
-2180
-2698
-2893
-2775
-2402
-1860
-1243
-640
-117
291
581
771
892
973
1033
1068
1058
967
759
408
-88
-702
-1372
-2010
-2512
-2782
-2742
-2357
-1642
-664
462
1593
2576
3275
3592
3491
2996
2197
1231
262
-551
-1078
-1241
-1029
-502
223
992
1640
2021
2037
1652
899
-124
-1275
-2393
-3321
-3940
-4178
-4026
-3530
-2779
-1886
-964
-113
599
1140
1506
1718
1803
1789
1694
1525
1285
977
617
240
-99
-336
-403
-246
152
767
1525
2310
2980
3394
3440
3057
2253
1107
-239
-1608
-2815
-3704
-4173
-4195
-3817
-3149
-2338
-1540
-883
-448
-251
-252
-366
-489
-523
-406
-121
298
780
1232
1566
1721
1681
1474
1170
860
546
630
860
1170
1474
1681
1721
1566
1232
780
298
-121
-406
-523
-489
-366
-252
-251
-448
-883
-1540
-2338
-3149
-3817
-4195
-4173
-3704
-2815
-1608
-239
1107
2253
3057
3440
3394
2980
2310
1525
767
152
-246
-403
-336
-99
240
617
977
1285
1525
1694
1789
1803
1718
1506
1140
599
-113
-964
-1886
-2779
-3530
-4026
-4178
-3940
-3321
-2393
-1275
-124
899
1652
2037
2021
1640
992
223
-502
-1029
-1241
-1078
-551
262
1231
2197
2996
3491
3592
3275
2576
1593
462
-664
-1642
-2357
-2742
-2782
-2512
-2010
-1372
-702
-88
408
759
967
1058
1068
1033
973
892
771
581
291
-117
-640
-1243
-1860
-2402
-2775
-2893
-2698
-2180
-1376
-375
700
1707
2510
3003
3130
2888
2335
1570
721
-82
-729
-1145
-1301
-1210
-922
-508
-41
413
811
1131
1365
1517
1588
1572
1449
1192
777
193
-545
-1388
-2251
-3024
-3588
-3836
-3700
-3166
-2285
-1170
19
1106
1925
2356
2349
1933
1216
365
-427
-981
-1159
-900
-232
735
1829
2844
3582
3890
3689
2985
1871
507
-909
-2178
-3135
-3670
-3750
-3416
-2769
-1948
-1100
-352
208
547
682
674
605
563
613
789
1080
1438
1783
2022
2070
1866
1386
655
-259
-1252
-2199
-2972
-3461
-3592
-3338
-2724
-1824
-752
353
1353
2122
2573
2663
2405
1866
1151
393
-270
-721
-878
-710
-243
443
1227
1963
2509
2747
2604
2068
1186
66
-1148
-2294
-3218
-3800
-3969
-3720
-3107
-2234
-1239
-262
571
1174
1510
1595
1485
1269
1037
866
799
835
933
1022
1016
841
455
-137
-878
-1662
-2355
-2816
-2929
-2627
-1908
-845
425
1725
2861
3663
4013
3866
3262
2315
1193
87
-821
-1400
-1583
-1383
-888
-240
394
853
1013
810
251
-591
-1593
-2600
-3460
-4041
-4260
-4085
-3538
-2689
-1638
-500
612
1600
2392
2938
3220
3244
3039
2650
2139
1578
1044
610
340
273
417
747
1195
1667
2048
2227
2111
1654
860
-204
-1423
-2643
-3703
-4456
-4800
-4693
-4162
-3295
-2226
-1108
-90
711
1230
1451
1410
1178
844
492
193
-11
-105
-91
16
206
468
803
1212
1688
2209
2726
3167
3444
3466
3164
2507
1519
284
-1060
-2344
-3392
-4060
-4257
-3973
-3280
-2319
-1277
-349
301
570
439
-27
-692
-1377
-1896
-2096
-1886
-1257
-278
914
2145
3233
4023
4408
4349
3872
3056
2022
901
-176
-1108
-1820
-2272
-2460
-2405
-2149
-1751
-1279
-803
-396
-118
-13
-98
-354
-725
-1122
-1434
-1549
-1373
-862
-31
1034
2187
3240
3999
4302
4054
3253
1997
468
-1092
-2440
-3363
-3736
-3536
-2854
-1872
-818
76
637
778
525
6
-580
-1016
-1117
-782
-20
1042
2189
3159
3705
3652
2946
1663
6
-1736
-3253
-4269
-4605
-4218
-3203
-1775
-218
1173
2162
2614
2522
2000
1253
522
25
-91
204
833
1620
2336
2758
2718
2147
1092
-291
-1774
-3101
-4043
-4448
-4266
-3556
-2471
-1218
-12
963
1596
1855
1787
1495
1104
729
443
270
182
123
29
-143
-395
-682
-918
-1002
-845
-403
307
1198
2122
2900
3358
3367
2876
1925
645
-766
-2085
-3101
-3664
-3712
-3278
-2485
-1512
-554
221
708
883
801
581
363
276
398
733
1210
1697
2034
2075
1728
984
-73
-1282
-2427
-3289
-3687
-3525
-2808
-1649
-245
1164
2341
3102
3351
3093
2434
1547
632
-129
-615
-787
-691
-445
-196
-84
-199
-555
-1079
-1633
-2041
-2137
-1808
-1034
104
1429
2702
3669
4117
3925
3089
1733
83
-1574
-2953
-3824
-4064
-3680
-2804
-1666
-535
334
765
690
173
-614
-1427
-2009
-2147
-1727
-760
618
2176
3630
4708
5207
5032
4215
2909
1349
-197
-1486
-2340
-2687
-2558
-2077
-1420
-770
-277
-21
-6
-162
-375
-525
-518
-320
32
444
779
900
707
167
-670
-1677
-2669
-3445
-3826
-3698
-3036
-1911
-481
1043
2437
3504
4110
4208
3841
3125
2227
1324
574
85
-99
-1
300
694
1054
1270
1257
977
432
-330
-1232
-2173
-3042
-3733
-4153
-4233
-3942
-3286
-2319
-1138
127
1328
2315
2966
3206
3026
2483
1698
835
67
-459
-652
-498
-68
495
1013
1304
1234
749
-103
-1179
-2263
-3111
-3505
-3304
-2478
-1125
545
2251
3693
4614
4855
4389
3323
1876
330
-1028
-1973
-2382
-2259
-1732
-1012
-347
43
19
-447
-1266
-2250
-3156
-3746
-3838
-3351
-2323
-902
682
2177
3345
4024
4146
3752
2969
1980
978
126
-470
-781
-843
-734
-552
-379
-262
-203
-167
-98
53
309
650
1010
1291
1387
1208
716
-68
-1057
-2105
-3043
-3702
-3955
-3738
-3067
-2032
-783
500
1643
2501
2988
3083
2829
2319
1674
1020
466
90
-71
-21
199
524
873
1157
1296
1225
903
323
-483
-1443
-2448
-3363
-4044
-4362
-4227
-3611
-2557
-1186
323
1758
2912
3622
3803
3466
2721
1755
791
46
-321
-248
223
946
1705
2264
2418
2048
1150
-161
-1671
-3108
-4203
-4747
-4635
-3888
-2652
-1157
325
1545
2325
2588
2373
1811
1087
393
-119
-376
-387
-237
-52
40
-41
-314
-713
-1113
-1357
-1305
-876
-79
980
2117
3103
3719
3805
3304
2275
885
-625
-1994
-2993
-3476
-3406
-2860
-2003
-1045
-188
418
709
713
532
308
179
232
480
854
1224
1434
1346
890
86
-950
-2024
-2909
-3392
-3332
-2691
-1552
-103
1401
2698
3564
3869
3600
2855
1823
730
-211
-851
-1130
-1085
-836
-541
-353
-378
-638
-1073
-1549
-1900
-1970
-1655
-941
90
1276
2402
3248
3641
3490
2803
1693
345
-1016
-2179
-2976
-3322
-3215
-2735
-2014
-1205
-453
135
503
641
582
380
97
-210
-499
-736
-890
-932
-829
-547
-63
622
1474
2413
3324
4063
4488
4488
4007
3068
1774
298
-1149
-2359
-3166
-3482
-3315
-2770
-2021
-1280
-742
-546
-742
-1280
-2021
-2770
-3315
-3482
-3166
-2359
-1149
298
1774
3068
4007
4488
4488
4063
3324
2413
1474
622
-63
-547
-829
-932
-890
-736
-499
-210
97
380
582
641
503
135
-453
-1205
-2014
-2735
-3215
-3322
-2976
-2179
-1016
345
1693
2803
3490
3641
3248
2402
1276
90
-941
-1655
-1970
-1900
-1549
-1073
-638
-378
-353
-541
-836
-1085
-1130
-851
-211
730
1823
2855
3600
3869
3564
2698
1401
-103
-1552
-2691
-3332
-3392
-2909
-2024
-950
86
890
1346
1434
1224
854
480
232
179
308
532
713
709
418
-188
-1045
-2003
-2860
-3406
-3476
-2993
-1994
-625
885
2275
3304
3805
3719
3103
2117
980
-79
-876
-1305
-1357
-1113
-713
-314
-41
40
-52
-237
-387
-376
-119
393
1087
1811
2373
2588
2325
1545
325
-1157
-2652
-3888
-4635
-4747
-4203
-3108
-1671
-161
1150
2048
2418
2264
1705
946
223
-248
-321
46
791
1755
2721
3466
3803
3622
2912
1758
323
-1186
-2557
-3611
-4227
-4362
-4044
-3363
-2448
-1443
-483
323
903
1225
1296
1157
873
524
199
-21
-71
90
466
1020
1674
2319
2829
3083
2988
2501
1643
500
-783
-2032
-3067
-3738
-3955
-3702
-3043
-2105
-1057
-68
716
1208
1387
1291
1010
650
309
53
-98
-167
-203
-262
-379
-552
-734
-843
-781
-470
126
978
1980
2969
3752
4146
4024
3345
2177
682
-902
-2323
-3351
-3838
-3746
-3156
-2250
-1266
-447
19
43
-347
-1012
-1732
-2259
-2382
-1973
-1028
330
1876
3323
4389
4855
4614
3693
2251
545
-1125
-2478
-3304
-3505
-3111
-2263
-1179
-103
749
1234
1304
1013
495
-68
-498
-652
-459
67
835
1698
2483
3026
3206
2966
2315
1328
127
-1138
-2319
-3286
-3942
-4233
-4153
-3733
-3042
-2173
-1232
-330
432
977
1257
1270
1054
694
300
-1
-99
85
574
1324
2227
3125
3841
4208
4110
3504
2437
1043
-481
-1911
-3036
-3698
-3826
-3445
-2669
-1677
-670
167
707
900
779
444
32
-320
-518
-525
-375
-162
-6
-21
-277
-770
-1420
-2077
-2558
-2687
-2340
-1486
-197
1349
2909
4215
5032
5207
4708
3630
2176
618
-760
-1727
-2147
-2009
-1427
-614
173
690
765
334
-535
-1666
-2804
-3680
-4064
-3824
-2953
-1574
83
1733
3089
3925
4117
3669
2702
1429
104
-1034
-1808
-2137
-2041
-1633
-1079
-555
-199
-84
-196
-445
-691
-787
-615
-129
632
1547
2434
3093
3351
3102
2341
1164
-245
-1649
-2808
-3525
-3687
-3289
-2427
-1282
-73
984
1728
2075
2034
1697
1210
733
398
276
363
581
801
883
708
221
-554
-1512
-2485
-3278
-3712
-3664
-3101
-2085
-766
645
1925
2876
3367
3358
2900
2122
1198
307
-403
-845
-1002
-918
-682
-395
-143
29
123
182
270
443
729
1104
1495
1787
1855
1596
963
-12
-1218
-2471
-3556
-4266
-4448
-4043
-3101
-1774
-291
1092
2147
2718
2758
2336
1620
833
204
-91
25
522
1253
2000
2522
2614
2162
1173
-218
-1775
-3203
-4218
-4605
-4269
-3253
-1736
6
1663
2946
3652
3705
3159
2189
1042
-20
-782
-1117
-1016
-580
6
525
778
637
76
-818
-1872
-2854
-3536
-3736
-3363
-2440
-1092
468
1997
3253
4054
4302
3999
3240
2187
1034
-31
-862
-1373
-1549
-1434
-1122
-725
-354
-98
-13
-118
-396
-803
-1279
-1751
-2149
-2405
-2460
-2272
-1820
-1108
-176
901
2022
3056
3872
4349
4408
4023
3233
2145
914
-278
-1257
-1886
-2096
-1896
-1377
-692
-27
439
570
301
-349
-1277
-2319
-3280
-3973
-4257
-4060
-3392
-2344
-1060
284
1519
2507
3164
3466
3444
3167
2726
2209
1688
1212
803
468
206
16
-91
-105
-11
193
492
844
1178
1410
1451
1230
711
-90
-1108
-2226
-3295
-4162
-4693
-4800
-4456
-3703
-2643
-1423
-204
860
1654
2111
2227
2048
1667
1195
747
417
273
340
610
1044
1578
2139
2650
3039
3244
3220
2938
2392
1600
612
-500
-1638
-2689
-3538
-4085
-4260
-4041
-3460
-2600
-1593
-591
251
810
1013
853
394
-240
-888
-1383
-1583
-1400
-821
87
1193
2315
3262
3866
4013
3663
2861
1725
425
-845
-1908
-2627
-2929
-2816
-2355
-1662
-878
-137
455
841
1016
1022
933
835
799
866
1037
1269
1485
1595
1510
1174
571
-262
-1239
-2234
-3107
-3720
-3969
-3800
-3218
-2294
-1148
66
1186
2068
2604
2747
2509
1963
1227
443
-243
-710
-878
-721
-270
393
1151
1866
2405
2663
2573
2122
1353
353
-752
-1824
-2724
-3338
-3592
-3461
-2972
-2199
-1252
-259
655
1386
1866
2070
2022
1783
1438
1080
789
613
563
605
674
682
547
208
-352
-1100
-1948
-2769
-3416
-3750
-3670
-3135
-2178
-909
507
1871
2985
3689
3890
3582
2844
1829
735
-232
-900
-1159
-981
-427
365
1216
1933
2349
2356
1925
1106
19
-1170
-2285
-3166
-3700
-3836
-3588
-3024
-2251
-1388
-545
193
777
1192
1449
1572
1588
1517
1365
1131
811
413
-41
-508
-922
-1210
-1301
-1145
-729
-82
721
1570
2335
2888
3130
3003
2510
1707
700
-375
-1376
-2180
-2698
-2893
-2775
-2402
-1860
-1243
-640
-117
291
581
771
892
973
1033
1068
1058
967
759
408
-88
-702
-1372
-2010
-2512
-2782
-2742
-2357
-1642
-664
462
1593
2576
3275
3592
3491
2996
2197
1231
262
-551
-1078
-1241
-1029
-502
223
992
1640
2021
2037
1652
899
-124
-1275
-2393
-3321
-3940
-4178
-4026
-3530
-2779
-1886
-964
-113
599
1140
1506
1718
1803
1789
1694
1525
1285
977
617
240
-99
-336
-403
-246
152
767
1525
2310
2980
3394
3440
3057
2253
1107
-239
-1608
-2815
-3704
-4173
-4195
-3817
-3149
-2338
-1540
-883
-448
-251
-252
-366
-489
-523
-406
-121
298
780
1232
1566
1721
1681
1474
1170
860
630
-2072
-1501
-564
560
1658
2525
3010
3038
2624
1860
889
-125
-1042
-1760
-2236
-2483
-2556
-2527
-2462
-2401
-2347
-2270
-2116
-1826
-1357
-698
123
1041
1964
2792
3430
3813
3909
3722
3291
2675
1944
1164
393
-321
-947
-1456
-1825
-2034
-2069
-1924
-1611
-1163
-637
-110
331
607
655
452
17
-584
-1253
-1868
-2312
-2494
-2367
-1934
-1255
-428
426
1189
1767
2105
2194
2071
1802
1468
1144
885
716
632
604
592
561
489
377
244
124
50
42
101
198
283
293
168
-132
-614
-1244
-1945
-2614
-3135
-3403
-3341
-2922
-2172
-1170
-35
1092
2075
2798
3185
3208
2891
2298
1520
663
-172
-900
-1459
-1810
-1936
-1841
-1538
-1049
-404
358
1192
2035
2816
3450
3852
3947
3676
3019
1995
673
-837
-2391
-3827
-4989
-6007
-5745
-4989
-3827
-2391
-837
673
1995
3019
3676
3947
3852
3450
2816
2035
1192
358
-404
-1049
-1538
-1841
-1936
-1810
-1459
-900
-172
663
1520
2298
2891
3208
3185
2798
2075
1092
-35
-1170
-2172
-2922
-3341
-3403
-3135
-2614
-1945
-1244
-614
-132
168
293
283
198
101
42
50
124
244
377
489
561
592
604
632
716
885
1144
1468
1802
2071
2194
2105
1767
1189
426
-428
-1255
-1934
-2367
-2494
-2312
-1868
-1253
-584
17
452
655
607
331
-110
-637
-1163
-1611
-1924
-2069
-2034
-1825
-1456
-947
-321
393
1164
1944
2675
3291
3722
3909
3813
3430
2792
1964
1041
123
-698
-1357
-1826
-2116
-2270
-2347
-2401
-2462
-2527
-2556
-2483
-2236
-1760
-1042
-125
889
1860
2624
3038
3010
2525
1658
560
-564
-1501
-2072
-2171
-1792
-1030
-62
893
1623
1967
1856
1328
516
-378
-1137
-1574
-1577
-1136
-348
614
1534
2208
2489
2321
1749
907
-19
-838
-1398
-1620
-1521
-1198
-803
-499
-413
-602
-1036
-1601
-2134
-2456
-2429
-1992
-1176
-110
1015
1990
2634
2843
2617
2058
1347
697
295
258
591
1186
1842
2315
2377
1881
802
-739
-2497
-4141
-5331
-5786
-5353
-4042
-2039
333
2675
4585
5741
5966
5254
3772
1817
-246
-2063
-3358
-3981
-3928
-3331
-2410
-1417
-577
-34
170
101
-98
-257
-220
100
705
1497
2310
2945
3221
3023
2330
1228
-104
-1437
-2529
-3187
-3299
-2863
-1979
-832
350
1351
2003
2223
2025
1511
846
214
-223
-364
-186
248
808
1324
1625
1580
1127
287
-838
-2085
-3258
-4166
-4661
-4661
-4164
-3247
-2046
-728
535
1603
2385
2851
3028
2986
2820
2616
2442
2323
2246
2164
2014
1737
1300
708
12
-702
-1328
-1765
-1940
-1833
-1482
-983
-471
-92
28
-182
-721
-1505
-2380
-3152
-3624
-3638
-3116
-2081
-661
932
2440
3608
4232
4207
3548
2388
954
-477
-1636
-2314
-2400
-1911
-975
190
1330
2207
2647
2579
2044
1184
203
-672
-1253
-1420
-1153
-529
295
1123
1758
2048
1915
1365
487
-577
-1659
-2603
-3290
-3658
-3699
-3457
-2999
-2402
-1733
-1038
-344
336
988
1588
2098
2469
2650
2606
2334
1871
1298
724
266
25
53
341
813
1337
1754
1913
1712
1121
200
-909
-2011
-2895
-3385
-3375
-2861
-1939
-792
352
1272
1796
1841
1432
690
-191
-1001
-1552
-1724
-1495
-938
-205
513
1037
1236
1063
562
-138
-865
-1435
-1700
-1582
-1089
-308
612
1505
2214
2633
2722
2510
2078
1534
980
492
99
-212
-487
-777
-1118
-1506
-1894
-2201
-2326
-2183
-1727
-975
-15
1004
1903
2504
2672
2345
1555
425
-853
-2057
-2969
-3427
-3348
-2746
-1723
-450
869
2035
2885
3317
3299
2863
2095
1113
44
-986
-1870
-2518
-2865
-2867
-2508
-1803
-805
389
1645
2794
3656
4069
3922
3183
1917
293
-1443
-3001
-4100
-4521
-4162
-3059
-1391
546
2395
3806
4500
4334
3325
1657
-363
-2360
-3966
-4893
-4990
-4266
-2888
-1139
644
2139
3102
3410
3081
2254
1154
33
-881
-1439
-1585
-1363
-892
-328
176
517
653
612
478
355
340
488
795
1198
1591
1851
1874
1602
1040
260
-614
-1434
-2057
-2380
-2357
-2008
-1414
-694
19
609
993
1134
1043
765
363
-96
-561
-995
-1379
-1706
-1965
-2140
-2199
-2107
-1828
-1342
-657
185
1107
2010
2784
3335
3602
3567
3262
2759
2153
1541
998
568
252
17
-187
-412
-688
-1013
-1350
-1639
-1811
-1813
-1628
-1285
-861
-465
-212
-195
-460
-982
-1671
-2382
-2949
-3216
-3078
-2508
-1564
-381
857
1959
2762
3177
3197
2905
2447
1995
1703
1668
1903
2331
2803
3135
3151
2730
1841
555
-963
-2488
-3776
-4621
-4895
-4578
-3759
-2616
-1382
-287
479
818
726
298
-303
-881
-1257
-1303
-972
-305
580
1523
2345
2894
3071
2847
2261
1413
437
-522
-1336
-1911
-2193
-2175
-1885
-1381
-736
-29
658
1255
1699
1941
1954
1735
1314
748
124
-456
-891
-1098
-1035
-712
-195
400
928
1246
1240
859
127
-851
-1909
-2850
-3483
-3666
-3340
-2538
-1387
-78
1168
2154
2740
2876
2608
2062
1413
841
482
400
566
873
1159
1252
1023
416
-518
-1639
-2729
-3551
-3895
-3636
-2764
-1395
244
1865
3172
3924
3988
3368
2204
746
-702
-1848
-2464
-2441
-1807
-721
567
1770
2621
2933
2632
1770
512
-907
-2230
-3233
-3763
-3770
-3303
-2496
-1529
-588
176
674
888
865
702
509
386
399
566
861
1226
1591
1892
2086
2162
2129
2013
1839
1619
1342
980
493
-146
-941
-1853
-2795
-3640
-4244
-4468
-4216
-3457
-2247
-725
902
2394
3516
4088
4016
3312
2099
588
-961
-2286
-3167
-3470
-3166
-2333
-1138
198
1447
2414
2972
3081
2789
2214
1510
833
307
-2
-99
-50
37
45
-128
-535
-1167
-1948
-2750
-3419
-3803
-3784
-3308
-2393
-1131
325
1790
3075
4019
4517
4532
4101
3325
2345
1318
390
-330
-789
-988
-980
-859
-734
-707
-852
-1200
-1728
-2366
-3006
-3524
-3799
-3735
-3286
-2462
-1331
-14
1332
2544
3472
4004
4088
3742
3047
2137
1178
335
-249
-489
-361
84
738
1448
2047
2388
2365
1940
1142
68
-1139
-2317
-3311
-4005
-4334
-4301
-3964
-3421
-2788
-2170
-1640
-1226
-904
-614
-274
192
836
1657
2605
3578
4441
5052
5289
5076
4400
3319
1951
459
-977
-2194
-3065
-3524
-3568
-3254
-2685
-1984
-1275
-658
-199
80
196
188
113
24
-38
-54
-21
47
132
212
276
320
348
368
388
407
416
397
332
205
11
-237
-509
-760
-935
-987
-879
-601
-173
355
917
1428
1810
2002
1973
1721
1281
714
95
-499
-1003
-1369
-1578
-1632
-1557
-1387
-1164
-922
-688
-477
-294
-135
3
129
243
344
429
493
535
556
560
555
549
546
549
555
560
556
535
493
429
344
243
129
3
-135
-294
-477
-688
-922
-1164
-1387
-1557
-1632
-1578
-1369
-1003
-499
95
714
1281
1721
1973
2002
1810
1428
917
355
-173
-601
-879
-987
-935
-760
-509
-237
11
205
332
397
416
407
388
368
348
320
276
212
132
47
-21
-54
-38
24
113
188
196
80
-199
-658
-1275
-1984
-2685
-3254
-3568
-3524
-3065
-2194
-977
459
1951
3319
4400
5076
5289
5052
4441
3578
2605
1657
836
192
-274
-614
-904
-1226
-1640
-2170
-2788
-3421
-3964
-4301
-4334
-4005
-3311
-2317
-1139
68
1142
1940
2365
2388
2047
1448
738
84
-361
-489
-249
335
1178
2137
3047
3742
4088
4004
3472
2544
1332
-14
-1331
-2462
-3286
-3735
-3799
-3524
-3006
-2366
-1728
-1200
-852
-707
-734
-859
-980
-988
-789
-330
390
1318
2345
3325
4101
4532
4517
4019
3075
1790
325
-1131
-2393
-3308
-3784
-3803
-3419
-2750
-1948
-1167
-535
-128
45
37
-50
-99
-2
307
833
1510
2214
2789
3081
2972
2414
1447
198
-1138
-2333
-3166
-3470
-3167
-2286
-961
588
2099
3312
4016
4088
3516
2394
902
-725
-2247
-3457
-4216
-4468
-4244
-3640
-2795
-1853
-941
-146
493
980
1342
1619
1839
2013
2129
2162
2086
1892
1591
1226
861
566
399
386
509
702
865
888
674
176
-588
-1529
-2496
-3303
-3770
-3763
-3233
-2230
-907
512
1770
2632
2933
2621
1770
567
-721
-1807
-2441
-2464
-1848
-702
746
2204
3368
3988
3924
3172
1865
244
-1395
-2764
-3636
-3895
-3551
-2729
-1639
-518
416
1023
1252
1159
873
566
400
482
841
1413
2062
2608
2876
2740
2154
1168
-78
-1387
-2538
-3340
-3666
-3483
-2850
-1909
-851
127
859
1240
1246
928
400
-195
-712
-1035
-1098
-891
-456
124
748
1314
1735
1954
1941
1699
1255
658
-29
-736
-1381
-1885
-2175
-2193
-1911
-1336
-522
437
1413
2261
2847
3071
2894
2345
1523
580
-305
-972
-1303
-1257
-881
-303
298
726
818
479
-287
-1382
-2616
-3759
-4578
-4895
-4621
-3776
-2488
-963
555
1841
2730
3151
3135
2803
2331
1903
1668
1703
1995
2447
2905
3197
3177
2762
1959
857
-381
-1564
-2508
-3078
-3216
-2949
-2382
-1671
-982
-460
-195
-212
-465
-861
-1285
-1628
-1813
-1811
-1639
-1350
-1013
-688
-412
-187
17
252
568
998
1541
2153
2759
3262
3567
3602
3335
2784
2010
1107
185
-657
-1342
-1828
-2107
-2199
-2140
-1965
-1706
-1379
-995
-561
-96
363
765
1043
1134
993
609
19
-694
-1414
-2008
-2357
-2380
-2057
-1434
-614
260
1040
1602
1874
1851
1591
1198
795
488
340
355
478
612
653
517
176
-328
-892
-1363
-1585
-1439
-881
33
1154
2254
3081
3410
3102
2139
644
-1139
-2888
-4266
-4990
-4893
-3966
-2360
-363
1657
3325
4334
4500
3806
2395
546
-1391
-3059
-4162
-4521
-4100
-3001
-1443
293
1917
3183
3922
4069
3656
2794
1645
389
-805
-1803
-2508
-2867
-2865
-2518
-1870
-986
44
1113
2095
2863
3299
3317
2885
2035
869
-450
-1723
-2746
-3348
-3427
-2969
-2057
-853
425
1555
2345
2672
2504
1903
1004
-15
-975
-1727
-2183
-2326
-2201
-1894
-1506
-1118
-777
-487
-212
99
492
980
1534
2078
2510
2722
2633
2214
1505
612
-308
-1089
-1582
-1700
-1435
-865
-138
562
1063
1236
1037
513
-205
-938
-1495
-1724
-1552
-1001
-191
690
1432
1841
1796
1272
352
-792
-1939
-2861
-3375
-3385
-2895
-2011
-909
200
1121
1712
1913
1754
1337
813
341
53
25
266
724
1298
1871
2334
2606
2650
2469
2098
1588
988
336
-344
-1038
-1733
-2402
-2999
-3457
-3699
-3658
-3290
-2603
-1659
-577
487
1365
1915
2048
1758
1123
295
-529
-1153
-1420
-1253
-672
203
1184
2044
2579
2647
2207
1330
190
-975
-1911
-2400
-2314
-1636
-477
954
2388
3548
4207
4232
3608
2440
932
-661
-2081
-3116
-3638
-3624
-3152
-2380
-1505
-721
-182
28
-92
-471
-983
-1482
-1833
-1940
-1765
-1328
-702
12
708
1300
1737
2014
2164
2246
2323
2442
2616
2820
2986
3028
2851
2385
1603
535
-728
-2046
-3247
-4164
-4661
-4661
-4166
-3258
-2085
-838
287
1127
1580
1625
1324
808
248
-186
-364
-223
214
846
1511
2025
2223
2003
1351
350
-832
-1979
-2863
-3299
-3187
-2529
-1437
-104
1228
2330
3023
3221
2945
2310
1497
705
100
-220
-257
-98
101
170
-34
-577
-1417
-2410
-3331
-3928
-3981
-3358
-2063
-246
1817
3772
5254
5966
5741
4585
2675
333
-2039
-4042
-5353
-5786
-5331
-4141
-2497
-739
802
1881
2377
2315
1842
1186
591
258
295
697
1347
2058
2617
2843
2634
1990
1015
-110
-1176
-1992
-2429
-2456
-2134
-1601
-1036
-602
-413
-499
-803
-1198
-1521
-1620
-1398
-838
-19
907
1749
2321
2489
2208
1534
614
-348
-1136
-1577
-1574
-1137
-378
516
1328
1856
1967
1623
893
-62
-1030
-1792
-2171
-2072
-1501
-564
560
1658
2525
3010
3038
2624
1860
889
-125
-1042
-1760
-2236
-2483
-2556
-2527
-2462
-2401
-2347
-2270
-2116
-1826
-1357
-698
123
1041
1964
2792
3430
3813
3909
3722
3291
2675
1944
1164
393
-321
-947
-1456
-1825
-2034
-2069
-1924
-1611
-1163
-637
-110
331
607
655
452
17
-584
-1253
-1868
-2312
-2494
-2367
-1934
-1255
-428
426
1189
1767
2105
2194
2071
1802
1468
1144
885
716
632
604
592
561
489
377
244
124
50
42
101
198
283
293
168
-132
-614
-1244
-1945
-2614
-3135
-3403
-3341
-2922
-2172
-1170
-35
1092
2075
2798
3185
3208
2891
2298
1520
663
-172
-900
-1459
-1810
-1936
-1841
-1538
-1049
-404
358
1192
2035
2816
3450
3852
3947
3676
3019
1995
673
-837
-2391
-3827
-4989
-5745
