0
4278
8485
12550
16402
19973
23203
26035
28419
30314
31684
32507
32766
32456
31581
30156
28203
25758
22860
19561
15917
11991
7852
3573
-771
-5106
-9352
-13436
-17284
-20829
-24006
-26759
-29038
-30801
-32015
-32660
-32720
-32196
-31094
-29434
-27244
-24563
-21439
-17925
-14087
-9991
-5712
-1327
3083
7441
11667
15683
19415
22796
25762
28259
30239
31667
32514
32764
32412
31462
29931
27847
25247
22178
18696
14865
10755
6443
2009
-2465
-6896
-11201
-15299
-19113
-22570
-25606
-28162
-30190
-31650
-32514
-32764
-32394
-31411
-29832
-27686
-25012
-21861
-18292
-14372
-10175
-5781
-1274
3259
7733
12062
16161
19951
23359
26318
28771
30668
31973
32659
32711
32127
30919
29107
26727
23823
20452
16679
12577
8226
3711
-879
-5455
-9926
-14204
-18204
-21846
-25058
-27775
-29942
-31516
-32464
-32766
-32415
-31417
-29790
-27567
-24790
-21514
-17805
-13736
-9388
-4849
-209
4437
8997
13377
17489
21248
24578
27411
29687
31359
32393
32765
32468
31507
29899
27676
24884
21579
17828
13707
9301
4700
0
-4703
-9311
-13729
-17864
-21629
-24947
-27746
-29968
-31566
-32503
-32761
-32332
-31225
-29460
-27076
-24119
-20653
-16748
-12488
-7961
-3263
1506
6246
10856
15238
19298
22949
26112
28719
30713
32051
32702
32651
31900
30461
28366
25658
22395
18646
14492
10022
5332
524
-4298
-9029
-13567
-17811
-21669
-25055
-27896
-30127
-31699
-32577
-32739
-32182
-30916
-28967
-26379
-23206
-19519
-15397
-10932
-6222
-1372
3511
8320
12945
17284
21240
24723
27655
29968
31611
32545
32748
32214
30954
28995
26381
23169
19431
15252
10724
5950
1038
-3899
-8751
-13405
-17757
-21705
-25159
-28038
-30277
-31822
-32637
-32702
-32014
-30588
-28456
-25665
-22280
-18377
-14047
-9388
-4509
477
5455
10308
14924
19194
23018
26305
28979
30974
32243
32756
32498
31476
29711
27244
24133
20449
16280
11722
6884
1880
-3170
-8148
-12935
-17416
-21484
-25041
-28000
-30291
-31856
-32659
-32677
-31909
-30373
-28105
-25157
-21600
-17520
-13013
-8189
-3163
1941
7001
11893
16499
20705
24407
27516
29953
31659
32589
32721
32049
30590
28377
25463
21921
17836
13307
8448
3377
-1780
-6896
-11843
-16499
-20746
-24479
-27603
-30040
-31727
-32621
-32699
-31957
-30413
-28105
-25088
-21439
-17247
-12618
-7668
-2522
2689
7836
12787
17416
21605
25247
28248
30530
32035
32723
32574
31592
29801
27244
23987
20112
15718
10917
5832
595
-4660
-9798
-14685
-19194
-23208
-26622
-29345
-31307
-32455
-32757
-32206
-30813
-28614
-25665
-22043
-17841
-13169
-8148
-2911
2405
7661
12717
17440
21705
25397
28419
30689
32146
32750
32483
31352
29385
26633
23169
19084
14487
9500
4255
-1105
-6439
-11603
-16457
-20870
-24723
-27911
-30346
-31961
-32712
-32578
-31559
-29684
-27001
-23582
-19519
-14922
-9916
-4636
771
6162
11386
16301
20770
24671
27896
30354
31977
32719
32558
31498
29565
26813
23317
19172
14492
9407
4058
-1405
-6833
-12073
-16978
-21411
-25247
-28377
-30713
-32188
-32760
-32410
-31148
-29007
-26047
-22351
-18021
-13179
-7961
-2516
3003
8440
13640
18454
22745
26389
29282
31340
32503
32737
32033
30409
27913
24613
20604
16000
10932
5547
0
-5550
-10942
-16021
-20637
-24657
-27963
-30458
-32068
-32745
-32468
-31244
-29107
-26118
-22364
-17952
-13013
-7689
-2137
3479
8997
14252
19090
23367
26955
29748
31662
32640
32650
31691
29790
27003
23411
19119
14256
8965
3403
-2262
-7862
-13230
-18204
-22633
-26385
-29345
-31423
-32556
-32707
-31871
-30072
-27362
-23823
-19561
-14703
-9397
-3803
1908
7565
12994
18030
22517
26318
29316
31419
32559
32702
31841
30001
27238
23635
19302
14372
8996
3339
-2422
-8112
-13553
-18577
-23026
-26761
-29667
-31650
-32648
-32629
-31591
-29565
-26615
-22829
-18327
-13249
-7752
-2009
3799
9491
14886
19815
24120
27666
30338
32052
32751
32412
31044
28690
25423
21345
16586
11295
5642
-193
-6025
-11667
-16938
-21669
-25706
-28920
-31206
-32489
-32726
-31909
-30063
-27244
-23544
-19081
-13998
-8460
-2644
3259
9060
14569
19606
24006
27626
30346
32075
32756
32366
30916
28451
25051
20827
15917
10480
4696
-1244
-7147
-12817
-18065
-22719
-26622
-29644
-31684
-32674
-32578
-31398
-29173
-25975
-21909
-17110
-11737
-5969
0
5972
11747
17130
21941
26016
29217
31436
32596
32657
31615
29504
26395
22390
17625
12260
6476
470
-5554
-11392
-16845
-21726
-25867
-29127
-31393
-32585
-32662
-31619
-29491
-26349
-22301
-17483
-12062
-6222
-166
5898
11762
17222
22088
26191
29387
31566
32648
32597
31411
29131
25835
21636
16679
11138
5205
-912
-7001
-12847
-18244
-23003
-26955
-29960
-31912
-32739
-32412
-30940
-28374
-24803
-20353
-15179
-9465
-3413
2763
8843
14612
19863
24407
28083
30758
32334
32755
32003
30103
27124
23169
18381
12929
7010
836
-5370
-11386
-16993
-21989
-26191
-29446
-31636
-32680
-32538
-31214
-28754
-25247
-20819
-15630
-9868
-3744
2518
8692
14551
19879
24480
28184
30855
32393
32739
31880
29845
26709
22585
17625
12011
5950
-333
-6607
-12639
-18204
-23094
-27128
-30152
-32055
-32763
-32248
-30528
-27666
-23767
-18976
-13473
-7461
-1167
5173
11322
17047
22132
26385
29644
31785
32724
32427
30901
28203
24435
19738
14288
8294
1981
-4409
-10635
-16457
-21654
-26025
-29402
-31656
-32697
-32485
-31027
-28377
-24634
-19943
-14481
-8460
-2109
4324
10594
16457
21686
26077
29459
31699
32710
32451
30929
28203
24378
19601
14056
7961
1552
-4919
-11201
-17047
-22227
-26537
-29806
-31906
-32751
-32307
-30590
-27666
-23648
-18696
-13002
-6791
-309
6187
12441
18204
23246
27366
30398
32222
32762
31995
29951
26709
22398
17189
11289
4935
-1619
-8112
-14281
-19879
-24678
-28486
-31147
-32552
-32643
-31416
-28917
-25247
-20553
-15023
-8882
-2378
4225
10659
16662
21989
26421
29777
31918
32756
32254
30432
27362
23169
18024
12137
5748
-879
-7473
-13762
-19485
-24407
-28323
-31070
-32533
-32650
-31414
-28875
-25136
-20353
-14721
-8475
-1874
4807
11292
17307
22602
26955
30182
32146
32765
32010
29911
26556
22083
16679
10571
4016
-2711
-9326
-15551
-21121
-25799
-29387
-31732
-32732
-32344
-30582
-27520
-23286
-18060
-12062
-5547
1206
7911
14280
20041
24947
28786
31393
32653
32513
30975
28105
24024
18906
12972
6476
-301
-7069
-13534
-19415
-24458
-28443
-31196
-32596
-32580
-31148
-28360
-24336
-19250
-13322
-6811
0
6813
13332
19269
24364
28393
31178
32594
32578
31129
28309
24241
19103
13120
6555
-301
-7147
-13680
-19609
-24671
-28641
-31340
-32648
-32505
-30916
-27948
-23735
-18460
-12360
-5706
1206
8067
14569
20421
25359
29162
31656
32728
32328
30473
27244
22786
17298
11027
4255
-2711
-9557
-15974
-21669
-26383
-29901
-32062
-32766
-31979
-29736
-26137
-21345
-15577
-9095
-2195
4807
11593
17850
23291
27666
30771
32464
32665
31362
28614
24546
19345
13249
6538
-477
-7473
-14125
-20126
-25196
-29098
-31650
-32732
-32292
-30349
-26991
-22374
-16712
-10266
-3339
3746
10659
17076
22694
27251
30530
32377
32702
31489
28793
24740
19519
13375
6597
-494
-7565
-14281
-20323
-25404
-29282
-31772
-32753
-32178
-30072
-26533
-21729
-15887
-9285
-2238
4919
11843
18204
23695
28052
31066
32589
32548
30942
27847
23411
17845
11416
4435
-2763
-9830
-16425
-22227
-26955
-30378
-32330
-32713
-31507
-28769
-24631
-19293
-13013
-6096
1120
8285
15047
21076
26077
29802
32068
32763
31850
29372
25451
20276
14101
7230
0
-7232
-14111
-20295
-25478
-29402
-31872
-32764
-32033
-29711
-25913
-20827
-14703
-7845
-595
6688
13640
19914
25196
29220
31785
32759
32093
29819
26047
20967
14832
7950
664
-6656
-13645
-19948
-25247
-29273
-31822
-32763
-32046
-29706
-25861
-20703
-14492
-7543
-209
7138
14125
20396
25629
29557
31977
32766
31880
29363
25342
20022
13674
6622
-771
-8129
-15071
-21240
-26318
-30042
-32219
-32734
-31559
-28754
-24461
-18901
-12360
-5177
2276
9615
16457
22447
27271
30678
32489
32608
31026
27825
23169
17302
10527
3199
-4298
-11573
-18244
-23960
-28419
-31387
-32705
-32302
-30198
-26501
-21406
-15179
-8148
-684
6817
13962
20369
25700
29668
32064
32757
31710
28975
24698
19103
12488
5205
-2358
-9798
-16717
-22745
-27557
-30894
-32577
-32513
-30703
-27244
-22319
-16192
-9191
-1693
5898
13175
19743
25247
29388
31941
32765
31816
29141
24884
19276
12618
5272
-2362
-9871
-16845
-22903
-27714
-31014
-32621
-32445
-30495
-26875
-21781
-15492
-8351
-749
6896
14165
20658
26016
29942
32220
32721
31417
28377
23767
17841
10926
3403
-4310
-11787
-18613
-24407
-28847
-31684
-32759
-32010
-29476
-25298
-19707
-13013
-5590
2148
9769
16845
22980
27828
31116
32659
32366
30254
26438
21133
14635
7310
-430
-8148
-15409
-21801
-26962
-30598
-32502
-32563
-30778
-27244
-22162
-15818
-8572
-836
6950
14343
20920
26305
30190
32350
32661
31103
27762
22829
16586
9388
1649
-6187
-13670
-20369
-25898
-29936
-32249
-32702
-31267
-28024
-23161
-16955
-9766
-2009
5867
13405
20168
25762
29860
32222
32709
31291
28049
23169
16936
9711
1916
-5992
-13553
-20323
-25904
-29968
-32275
-32687
-31179
-27837
-22855
-16527
-9222
-1372
6562
14111
20829
26318
30252
32397
32623
30916
27374
22206
15718
8294
373
-7571
-15067
-21669
-26980
-30683
-32556
-32483
-30469
-26631
-21197
-14492
-6916
1077
9009
16402
22811
27851
31216
32702
32218
29790
25564
19793
12824
5078
-2978
-10856
-18080
-24210
-28873
-31785
-32766
-31757
-28816
-24119
-17952
-10689
-2772
5316
13083
20053
25799
29968
32304
32662
31017
27469
22233
15630
8064
0
-8067
-15639
-22251
-27492
-31038
-32669
-32282
-29899
-25665
-19840
-12785
-4935
3223
11185
18454
24578
29176
31960
32754
31507
28295
23317
16881
9388
1306
-6859
-14599
-21426
-26913
-30713
-32587
-32415
-30206
-26096
-20343
-13307
-5431
2789
10837
18204
24423
29100
31937
32755
31498
28244
23199
16679
9099
938
-7285
-15047
-21854
-27271
-30951
-32659
-32282
-29844
-25497
-19519
-12290
-4271
4023
12062
19330
25359
29762
32252
32670
30984
27303
21861
15008
7184
-1105
-9326
-16947
-23474
-28484
-31650
-32766
-31757
-28687
-23753
-17274
-9670
-1435
6896
14781
21705
27215
30951
32666
32248
29720
25247
19119
11737
3583
-4807
-12886
-20121
-26035
-30239
-32455
-32534
-30469
-26395
-20578
-13400
-5336
3083
11302
18775
25007
29584
32200
32681
30992
27244
21684
14679
6695
-1736
-10055
-17706
-24178
-29038
-31959
-32744
-31340
-27837
-22468
-15592
-7668
771
9163
16942
23583
28641
31772
32764
31548
28203
22955
16155
8261
-193
-8637
-16499
-23246
-28419
-31667
-32766
-31641
-28366
-23161
-16378
-8479
0
8482
16388
23178
28387
31659
32766
31633
28334
23092
16267
8323
-193
-8699
-16610
-23382
-28547
-31748
-32764
-31521
-28105
-22748
-15818
-7793
771
9287
17161
23850
28887
31923
32744
31292
27666
22114
15023
6884
-1736
-10238
-18030
-24565
-29387
-32158
-32681
-30919
-26991
-21173
-13868
-5590
3083
11543
19194
25499
30012
32414
32534
30361
26047
19895
12336
3903
-4807
-13181
-20625
-26610
-30711
-32637
-32248
-29569
-24790
-18247
-10405
-1820
6896
15124
22277
27843
31423
32760
31757
28483
23169
16196
8060
-655
-9326
-17331
-24094
-29127
-32068
-32703
-30984
-27033
-21133
-13707
-5289
3511
12062
19743
25999
30374
32552
32371
29844
25150
18630
10754
2094
-6719
-15047
-22282
-27896
-31478
-32765
-31661
-28244
-22763
-15616
-7324
1506
10228
18204
24847
29668
32313
32585
30461
26096
19809
12062
3423
-5469
-13962
-21426
-27310
-31178
-32740
-31881
-28661
-23317
-16242
-7961
912
9721
17811
24578
29519
32265
32608
30520
26157
19840
12041
3339
-5613
-14150
-21629
-27492
-31296
-32755
-31758
-28377
-22863
-15630
-7219
1736
10564
18599
25234
29968
32443
32468
30041
25342
18725
10689
1842
-7147
-15598
-22868
-28404
-31785
-32751
-31227
-27327
-21345
-13736
-5078
3969
12717
20496
26712
30887
32702
32014
28875
23522
16364
7950
-1077
-10024
-18204
-24986
-29848
-32414
-32483
-30050
-25298
-18593
-10451
-1499
7571
16058
23305
28750
31969
32711
30916
26720
20449
12587
3744
-5391
-14111
-21734
-27666
-31442
-32766
-31533
-27837
-21964
-14372
-5653
3510
12401
20323
26654
30894
32710
31957
28692
23169
15822
7226
-1941
-10958
-19113
-25762
-30378
-32596
-32237
-29328
-24096
-16955
-8469
691
9799
18132
25028
29936
32465
32412
29778
24772
17791
9388
234
-8940
-17404
-24479
-29598
-32350
-32513
-30072
-25219
-18342
-9991
-836
8388
16942
24135
29387
32275
32563
30226
25451
18620
10283
1113
-8148
-16754
-24006
-29316
-32252
-32574
-30254
-25477
-18630
-10266
-1066
8222
16845
24098
29390
32286
32549
30156
25298
18372
9941
695
-8610
-17213
-24407
-29603
-32371
-32482
-29925
-24908
-17841
-9305
0
9307
17850
24924
29942
32491
32356
29546
24293
17028
8351
-1019
-10308
-18745
-25629
-30386
-32621
-32145
-28995
-23432
-15917
-7073
2362
11603
19879
26497
30903
32728
31816
28241
22301
14491
5464
-4023
-13175
-21224
-27492
-31451
-32766
-31324
-27244
-20868
-12732
-3519
5992
15001
22745
28568
31977
32682
30619
25962
19103
10622
1238
-8253
-17047
-24394
-29668
-32420
-32412
-29643
-24347
-16973
-8148
1373
10781
19269
26112
30723
32705
31886
28334
22351
14449
5304
-4298
-13534
-21608
-27826
-31650
-32749
-31026
-26627
-19930
-11510
-2094
7504
16457
23989
29446
32355
32460
29752
24461
17046
8148
-1459
-10942
-19477
-26318
-30870
-32732
-31742
-27983
-21780
-13674
-4371
5316
14541
22496
28484
31977
32669
30495
25645
18541
9807
209
-9410
-18204
-25397
-30356
-32640
-32046
-28625
-22675
-14721
-5464
4278
13645
21806
28038
31787
32719
30748
26047
19032
10324
695
-8997
-17892
-25196
-30256
-32621
-32077
-28669
-22701
-14703
-5389
4409
13816
21989
28193
31872
32694
30582
25725
18555
9715
0
-9718
-18563
-25739
-30598
-32699
-31850
-28126
-21861
-13619
-4144
5708
15047
23026
28920
32194
32549
29951
24631
17073
7961
-1876
-11547
-20168
-26955
-31287
-32766
-31257
-26894
-20073
-11416
-1713
8148
17267
24807
30076
32589
32113
28690
22632
14492
5018
-4919
-14407
-22570
-28657
-32104
-32591
-30072
-24775
-17189
-8012
1907
11653
20323
27113
31393
32763
31094
26539
19519
10683
852
-9060
-18132
-25519
-30530
-32697
-31816
-27965
-21503
-13031
-3339
6667
16052
23938
29584
32459
32292
29097
23169
15065
5543
-4501
-14125
-22423
-28612
-32108
-32578
-29977
-24546
-16798
-7461
2582
12385
21019
27666
31694
32721
30647
25665
18247
9095
-923
-10856
-19760
-26786
-31264
-32766
-31146
-26556
-19431
-10451
-470
9557
18675
26008
30855
32749
31507
27244
20368
11537
1595
-8501
-17784
-25359
-30497
-32702
-31758
-27754
-21074
-12360
-2451
7696
17103
24860
30215
32648
31922
28105
21563
12929
3039
-7147
-16643
-24525
-30025
-32607
-32016
-28309
-21844
-13249
-3359
6859
16412
24364
29939
32588
32050
28377
21924
13322
3413
-6833
-16412
-24382
-29960
-32596
-32028
-28309
-21804
-13150
-3199
7069
16643
24578
30089
32630
31946
28105
21482
12732
2719
-7565
-17103
-24947
-30318
-32680
-31797
-27754
-20951
-12062
-1970
8320
17784
25478
30633
32732
31565
27244
20200
11134
952
-9326
-18675
-26154
-31014
-32765
-31228
-26556
-19215
-9941
333
10578
19760
26955
31436
32749
30759
25665
17979
8475
-1887
-12062
-21019
-27851
-31864
-32650
-30126
-24546
-16475
-6728
3703
13762
22423
28806
32258
32427
29291
23169
14683
4696
-5772
-15653
-23938
-29777
-32571
-32033
-28214
-21503
-12587
-2378
8077
17706
25519
30711
32748
31416
26850
19519
10175
-219
-10594
-19879
-27113
-31549
-32726
-30520
-25157
-17189
-7439
3083
13289
22119
28657
32222
32441
29289
23092
14492
4381
-6187
-16114
-24364
-30076
-32652
-31820
-27666
-20619
-11416
-1017
9491
19008
26537
31287
32757
30792
25595
17709
7961
-2625
-12939
-21894
-28547
-32194
-32451
-29286
-23032
-14346
-4144
6498
16457
24678
30291
32699
31644
27238
19943
10531
0
-10533
-19951
-27251
-31656
-32694
-30254
-24592
-16309
-6286
4409
14637
23305
29487
32519
32077
28203
21312
12137
1660
-8997
-18692
-26385
-31248
-32757
-30748
-25434
-17383
-7461
3266
13645
22556
29038
32390
32248
28625
21909
12824
2351
-8378
-18204
-26061
-31098
-32765
-30880
-25645
-17625
-7689
3083
13524
22496
29023
32393
32235
28565
21780
12618
2077
-8692
-18516
-26318
-31245
-32755
-30681
-25247
-17046
-6975
3863
14280
23132
29446
32527
32033
28015
20915
11510
836
-9932
-19609
-27125
-31650
-32682
-30103
-24198
-15616
-5304
5596
15880
24407
30232
32705
31550
26894
19250
9465
-1373
-12062
-21411
-28379
-32188
-32412
-29022
-22395
-13267
-2656
8253
18244
26197
31222
32754
30619
25054
16679
6433
-4537
-15001
-23783
-29895
-32648
-31731
-27244
-19690
-9916
976
11762
21224
28293
32170
32415
28997
22301
13080
2378
-8595
-18599
-26497
-31393
-32729
-30352
-24528
-15917
-5494
5554
15974
24578
30386
32734
31352
26395
18425
8351
-2679
-13405
-22602
-29217
-32491
-32046
-27932
-20616
-10936
0
10939
20625
27944
32055
32482
29173
22507
13249
2462
-8610
-18692
-26622
-31481
-32707
-30156
-24119
-15293
-4696
6446
16845
25296
30817
32766
30916
25477
17079
6695
-4468
-15115
-24006
-30106
-32702
-31489
-26606
-18620
-8460
2689
13528
22788
29387
32552
31909
27532
19930
9991
-1120
-12103
-21669
-28693
-32350
-32208
-28280
-21025
-11295
-234
10856
20671
28052
32127
32412
28871
21921
12379
1372
-9799
-19815
-27487
-31906
-32545
-29328
-22632
-13249
-2291
8940
19113
27016
31708
32629
29666
23169
13911
2992
-8285
-18577
-26654
-31549
-32677
-29899
-23544
-14372
-3477
7836
18214
26411
31442
32702
30037
23764
14635
3744
-7598
-18030
-26293
-31393
-32711
-30086
-23833
-14703
-3796
7571
18026
26305
31405
32707
30050
23753
14577
3632
-7754
-18204
-26446
-31479
-32688
-29925
-23522
-14256
-3253
8148
18560
26712
31608
32650
29706
23135
13736
2656
-8751
-19090
-27095
-31785
-32581
-29385
-22585
-13013
-1842
9557
19786
27585
31994
32468
28947
21861
12081
809
-10564
-20637
-28166
-32219
-32293
-28377
-20951
-10932
440
11762
21629
28819
32437
32033
27653
19840
9561
-1907
-13142
-22745
-29519
-32621
-31661
-26755
-18514
-7961
3586
14689
23960
30239
32740
31148
25658
16955
6128
-5469
-16384
-25247
-30944
-32759
-30461
-24336
-15151
-4058
7546
18204
26572
31595
32638
29565
22763
13087
1756
-9798
-20118
-27896
-32148
-32332
-28424
-20915
-10754
771
12203
22088
29171
32552
31797
27001
18769
8148
-3511
-14727
-24069
-30346
-32754
-30984
-25260
-16309
-5272
6439
17331
26008
31359
32696
29845
23169
13521
2137
-9523
-19964
-27843
-32146
-32318
-28334
-20703
-10405
1234
12717
22564
29503
32637
31559
26407
17841
6968
-4807
-15965
-25058
-30909
-32757
-30361
-24028
-14577
-3233
8533
19194
27364
31977
32433
28669
21173
10917
-762
-12345
-22321
-29387
-32619
-31592
-26438
-17828
-6884
4961
16161
25247
31028
32744
30168
23635
13998
2522
-9287
-19879
-27860
-32179
-32265
-28105
-20242
-9711
2101
13640
23382
30040
32733
31103
25362
16267
5018
-6896
-17901
-26537
-31659
-32585
-29190
-21921
-11741
0
11743
21929
29201
32589
31641
26480
17791
6728
-5233
-16499
-25566
-31222
-32709
-29826
-22955
-13013
-1327
10537
20994
28641
32450
31909
27088
18630
7668
-4324
-15739
-25041
-30976
-32744
-30105
-23411
-13561
-1880
10055
20637
28436
32397
31982
27244
18822
7852
-4182
-15653
-25007
-30974
-32743
-30072
-23319
-13400
-1660
10308
20879
28612
32455
31881
26966
18377
7282
-4807
-16245
-25468
-31216
-32702
-29720
-22675
-12528
-664
11292
21705
29147
32596
31576
26225
17274
5950
-6193
-17489
-26383
-31650
-32564
-28995
-21433
-10917
1105
12978
23064
29968
32737
30984
24950
15465
3839
-8320
-19330
-27666
-32170
-32217
-27796
-19519
-8531
3643
15314
24860
30951
32739
29972
23032
12884
938
-11141
-21669
-29176
-32613
-31498
-25982
-16835
-5332
6918
18204
26944
31912
32410
28366
20343
9465
-2743
-14569
-24351
-30713
-32759
-30198
-23387
-13283
-1306
10856
21492
29100
32604
31507
25962
16748
5166
-7147
-18454
-27152
-32008
-32332
-28076
-19840
-8789
3510
15314
24947
31038
32720
29752
22551
12140
0
-12143
-22559
-29762
-32723
-31017
-24884
-15198
-3339
8998
20053
28242
32393
31908
26854
17952
6476
-5930
-17489
-26541
-31785
-32465
-28481
-20402
-9388
2978
14918
24714
30951
32730
29790
22554
12062
-172
-12385
-22811
-29942
-32746
-30813
-24421
-14492
-2462
9926
20879
28806
32556
31581
26021
16679
4912
-7571
-18956
-27585
-32200
-32127
-27374
-18630
-7167
5342
17076
26318
31719
32485
28504
20353
9222
-3259
-15267
-25041
-31147
-32687
-29434
-21861
-11077
1334
13553
23783
30517
32764
30189
23169
12736
423
-11953
-22570
-29860
-32743
-30792
-24293
-14202
-2009
10483
21426
29201
32652
31267
25247
15482
3419
-9153
-20369
-28563
-32514
-31633
-26047
-16586
-4654
7973
19415
27967
32350
31910
26709
17520
5712
-6950
-18577
-27428
-32179
-32116
-27244
-18292
-6597
6088
17864
26962
32015
32263
27666
18910
7310
-5391
-17284
-26579
-31872
-32366
-27983
-19380
-7852
4862
16845
26287
31760
32433
28203
19707
8226
-4501
-16550
-26094
-31684
-32472
-28334
-19895
-8434
4310
16402
26003
31651
32486
28377
19946
8475
-4288
-16402
-26016
-31662
-32478
-28334
-19861
-8351
4437
16550
26133
31717
32445
28203
19638
8060
-4756
-16845
-26351
-31812
-32386
-27983
-19276
-7602
5243
17284
26666
31941
32293
27666
18769
6975
-5898
-17864
-27071
-32095
-32157
-27244
-18113
-6176
6719
18577
27557
32265
31968
26709
17302
5205
-7702
-19415
-28111
-32434
-31710
-26047
-16326
-4058
8843
20369
28719
32588
31368
25247
15179
2736
-10137
-21426
-29364
-32705
-30922
-24293
-13853
-1238
11573
22570
30025
32764
30353
23169
12339
-434
-13142
-23783
-30678
-32739
-29638
-21861
-10632
2276
14829
25041
31296
32604
28754
20353
8727
-4282
-16616
-26318
-31849
-32328
-27676
-18630
-6622
6439
18480
27585
32302
31880
26381
16679
4318
-8734
-20396
-28806
-32620
-31227
-24845
-14492
-1820
11144
22329
29942
32763
30335
23047
12062
-859
-13645
-24243
-30951
-32688
-29173
-20967
-9388
3703
16202
26094
31785
32354
27709
18593
6476
-6688
-18775
-27832
-32393
-31718
-25913
-15915
-3339
9779
21317
29402
32723
30737
23764
12933
0
-12935
-23772
-30745
-32720
-29372
-21243
-9654
3510
16105
26077
31798
32332
27590
18342
6096
-7147
-19226
-28162
-32493
-31507
-25362
-15061
-2291
10856
22227
29953
32765
30198
22670
11416
-1716
-14569
-25028
-31370
-32548
-28366
-19509
-7435
5867
18204
27539
32330
31782
25982
15887
3163
-10086
-21669
-29667
-32753
-30413
-23032
-11831
1334
14281
24860
31312
32563
28403
19519
7387
-5976
-18347
-27666
-32377
-31693
-25725
-15465
-2622
10659
22164
29968
32766
30086
22374
10917
-2369
-15261
-25599
-31650
-32396
-27709
-18372
-5950
7473
19643
28516
32596
31195
24546
13765
664
-12550
-23653
-30771
-32702
-29116
-20616
-8634
4807
17440
27128
32230
31881
26137
15968
3092
-10308
-21966
-29901
-32766
-30072
-22272
-10689
2711
15653
25937
31812
32275
27244
17574
4908
-8595
-20637
-29162
-32712
-30681
-23411
-12140
1206
14349
25041
31451
32480
27948
18630
6117
-7445
-19735
-28641
-32634
-31026
-24089
-13013
301
13567
24501
31222
32570
28309
19172
6728
-6876
-19298
-28393
-32589
-31159
-24347
-13326
0
13328
24354
31166
32585
28360
19220
6748
-6896
-19347
-28443
-32604
-31103
-24198
-13087
301
13640
24608
31294
32533
28105
18778
6176
-7504
-19879
-28786
-32669
-30847
-23635
-12290
1206
14493
25247
31583
32389
27520
17828
5008
-8692
-20870
-29387
-32745
-30352
-22624
-10917
2711
15865
26229
31977
32094
26556
16335
3233
-10442
-22277
-30182
-32757
-29546
-21112
-8944
4807
17712
27483
32390
31559
25136
14256
845
-12717
-24026
-31070
-32598
-28334
-19032
-6345
7473
19964
28903
32697
30666
23169
11540
-2148
-15456
-26008
-31918
-32127
-26596
-16309
-3103
10659
22517
30346
32741
29270
20553
8148
-5719
-18563
-28078
-32552
-31179
-24202
-12874
771
14281
25223
31625
32332
27214
17189
4062
-9798
-21894
-30040
-32762
-29565
-21025
-8682
5233
18204
27882
32514
31257
24336
13002
-691
-14262
-25247
-31650
-32307
-27094
-16955
-3732
10171
22227
30239
32747
29289
20494
7961
-6025
-18915
-28356
-32621
-30929
-23586
-11931
1907
15400
26077
31982
32033
26215
15592
2109
-11762
-23479
-30889
-32629
-28377
-18910
-5966
8077
20637
29402
32756
30080
21861
9613
-4409
-17621
-27585
-32459
-31342
-24435
-13013
816
14497
25499
31785
32188
26631
16140
2656
-11322
-23203
-30782
-32650
-28456
-18976
-5969
8148
20755
29503
32763
29925
21514
9095
-5021
-18204
-27995
-32564
-31058
-23753
-12011
1977
15598
26305
32095
31880
25698
14703
952
-12978
-24480
-31393
-32418
-27360
-17165
-3744
10381
22559
30497
32702
28754
19394
6380
-7836
-20580
-29446
-32762
-29899
-21393
-8847
5370
18577
28275
32630
30814
23169
11138
-3003
-16579
-27016
-32334
-31523
-24733
-13249
751
14612
25700
31906
32048
26096
15179
1372
-12698
-24354
-31371
-32412
-27273
-16932
-3359
10856
23003
30758
32638
28280
18514
5205
-9101
-21669
-30089
-32747
-29131
-19930
-6905
7445
20371
29387
32762
29844
21189
8460
-5898
-19125
-28673
-32702
-30433
-22301
-9868
4468
17946
27963
32585
30916
23274
11134
-3159
-16845
-27275
-32428
-31305
-24119
-12260
1977
15833
26622
32247
31615
24845
13249
-923
-14918
-26016
-32055
-31858
-25461
-14105
0
14107
25468
31864
32046
25975
14832
792
-13405
-24986
-31684
-32188
-26395
-15435
-1452
12817
24578
31525
32292
26727
15917
1981
-12345
-24250
-31393
-32366
-26976
-16280
-2378
11993
24006
31293
32415
27148
16527
2644
-11762
-23850
-31230
-32442
-27244
-16660
-2779
11653
23783
31206
32451
27267
16679
2783
-11667
-23806
-31222
-32441
-27217
-16586
-2656
11803
23919
31277
32412
27094
16378
2398
-12062
-24120
-31370
-32361
-26894
-16056
-2009
12441
24407
31496
32285
26615
15616
1488
-12939
-24777
-31650
-32178
-26251
-15055
-836
13553
25223
31826
32033
25797
14372
52
-14280
-25739
-32015
-31841
-25247
-13561
863
15115
26318
32208
31592
24592
12618
-1908
-16052
-26950
-32393
-31276
-23823
-11540
3083
17085
27622
32556
30880
22932
10324
-4384
-18204
-28323
-32682
-30389
-21909
-8965
5807
19399
29038
32755
29790
20744
7461
-7347
-20658
-29748
-32757
-29067
-19428
-5811
8997
21966
30436
32669
28203
17952
4016
-10746
-23305
-31079
-32468
-27184
-16309
-2077
12583
24657
31656
32135
25992
14491
0
-14493
-25999
-32139
-31644
-24613
-12494
2208
16457
27304
32503
30975
23032
10317
-4537
-18454
-28547
-32719
-30103
-21238
-7961
6971
20458
29694
32757
29007
19220
5431
-9491
-22439
-30713
-32587
-27666
-16973
-2736
12073
24364
31568
32177
26060
14492
-108
-14689
-26197
-32222
-31498
-24174
-11781
3083
17304
27896
32634
30520
21996
8847
-6162
-19879
-29416
-32766
-29219
-19519
-5706
9311
22368
30711
32578
27570
16743
2378
-12491
-24723
-31732
-32033
-25558
-13674
1105
15653
26888
32428
31095
23169
10328
-4707
-18745
-28806
-32750
-29736
-20402
-6728
8378
21705
30414
32650
27932
17262
2911
-12062
-24465
-31651
-32083
-25665
-13765
1077
15692
26955
32455
31012
22932
9941
-5180
-19194
-29098
-32765
-29406
-19738
-5832
9326
22486
30817
32526
27244
16102
1495
-13436
-25478
-32035
-31693
-24521
-12062
2999
17416
28078
32680
30226
21243
7668
-7565
-21167
-30192
-32685
-28105
-17438
-2992
12103
24578
31727
31995
25321
13150
-1876
-16499
-27539
-32596
-30567
-21889
-8448
6833
20630
29936
32722
28377
17845
3419
-11753
-24364
-31659
-32040
-25423
-13249
1823
16499
27568
32607
30508
21729
8189
-7147
-20920
-30108
-32693
-28105
-17347
-2779
12401
24860
31856
31850
24838
12360
-2839
-17416
-28160
-32702
-30037
-20749
-6884
8501
22013
30668
32552
27244
15915
1066
-14020
-26008
-32243
-31342
-23500
-10451
4915
19194
29220
32766
29042
18871
4509
-10856
-23813
-31479
-32147
-25665
-13473
1720
16533
27666
32637
30335
21271
7461
-8015
-21705
-30552
-32578
-27327
-15968
-1038
14125
26133
32294
31228
23169
9920
-5554
-19786
-29584
-32748
-28565
-17970
-3339
12043
24723
31849
31816
24627
11897
-3511
-18132
-28673
-32755
-29458
-19519
-5177
10334
23516
31393
32182
25702
13414
-1907
-16800
-27896
-32682
-30072
-20653
-6555
9029
22570
30997
32395
26445
14492
-751
-15827
-27310
-32589
-30461
-21406
-7481
8148
21926
30713
32507
26894
15151
-48
-15238
-26955
-32522
-30664
-21804
-7961
7702
21608
30575
32549
27076
15403
202
-15047
-26852
-32503
-30703
-21861
-8002
7696
21629
30598
32538
27001
15255
0
-15257
-27007
-32541
-30582
-21579
-7602
8129
21989
30779
32468
26664
14703
-655
-15865
-27411
-32621
-30288
-20948
-6758
8997
22672
31098
32318
26047
13736
-1763
-16855
-28038
-32713
-29790
-19946
-5464
10289
23653
31516
32046
25116
12336
-3319
-18204
-28847
-32766
-29042
-18541
-3711
11987
24889
31977
31593
23823
10480
-5316
-19871
-29777
-32711
-27983
-16697
-1495
14059
26318
32404
30885
22114
8148
-7733
-21801
-30745
-32460
-26539
-14372
1180
16457
27860
32699
29832
19930
5325
-10537
-23916
-31650
-31910
-24631
-11530
4298
19113
29409
32747
28334
17210
2009
-13670
-26112
-32365
-30942
-22178
-8148
7817
21929
30833
32412
26285
13907
-1780
-17047
-28259
-32743
-29429
-19103
-4222
11667
24777
31977
31548
23586
9991
-5992
-20546
-30192
-32619
-27244
-15350
219
15739
27492
32660
30001
20149
5464
-10533
-24006
-31719
-31816
-24270
-10892
5106
19879
29873
32681
27625
15917
373
-15261
-27221
-32621
-30156
-20416
-5748
10308
23879
31684
31836
24293
10875
-5173
-19973
-29942
-32665
-27477
-15633
0
15636
27483
32666
29925
19920
5078
-10999
-24407
-31886
-31615
-23656
-9941
6193
20824
30386
32549
26782
14487
-1341
-16845
-28242
-32749
-29262
-18630
-3445
12583
25539
32252
31078
22301
8064
-8148
-22368
-31111
-32231
-25451
-12429
3643
18824
29387
32737
28047
16465
836
-15001
-27152
-32625
-30072
-20115
-5205
10989
24479
31937
31523
23335
9388
-6876
-21447
-30723
-32412
-26092
-13322
2743
18132
29038
32759
28371
16955
1338
-14612
-26944
-32596
-30164
-20247
-5304
10958
24501
31960
31477
23169
9099
-7236
-21774
-30894
-32323
-25702
-12676
3510
18824
29446
32724
27837
16000
166
-15711
-27666
-32707
-29572
-19041
-3744
12491
25602
32304
30916
21780
7184
-9215
-23305
-31551
-31880
-24205
-10451
5930
20824
30486
32483
26311
13518
-2679
-18204
-29147
-32749
-28098
-16364
-502
15488
27574
32702
29574
18976
3583
-12717
-25806
-32371
-30748
-21345
-6538
9926
23879
31785
31636
23467
9346
-7147
-21830
-30974
-32254
-25342
-11991
4409
19692
29968
32623
26976
14462
-1736
-17495
-28798
-32764
-28377
-16752
-852
15267
27492
32699
29554
18857
3339
-13034
-26077
-32450
-30520
-20777
-5712
10817
24578
32042
31291
22515
7961
-8637
-23021
-31496
-31881
-24075
-10079
6509
21426
30833
32307
25463
12062
-4448
-19815
-30076
-32585
-26689
-13907
2465
18204
29244
32732
27762
15616
-569
-16610
-28356
-32765
-28692
-17189
-1231
15047
27428
32699
29490
18630
2932
-13528
-26478
-32552
-30168
-19943
-4530
12062
25519
32337
30737
21133
6022
-10659
-24565
-32068
-31208
-22206
-7407
9326
23628
31760
31593
23169
8686
-8070
-22719
-31423
-31903
-24028
-9858
6896
21846
31070
32147
24790
10926
-5807
-21019
-30711
-32336
-25461
-11891
4807
20244
30356
32478
26047
12755
-3899
-19528
-30012
-32581
-26556
-13521
3083
18877
29687
32654
26991
14192
-2362
-18294
-29387
-32703
-27360
-14769
1736
17784
29119
32734
27666
15255
-1206
-17349
-28887
-32752
-27913
-15652
771
16993
28695
32761
28105
15962
-434
-16717
-28547
-32765
-28244
-16186
193
16523
28443
32766
28334
16326
-48
-16412
-28387
-32766
-28374
-16382
0
0
0
0
0
0
0
0
0
0
0
0
0
0
0
0
0
0
0
0
0
0
0
0
0
0
0
0
0
0
0
0
0
0
0
0
0
0
0
0
0
0
0
0
0
0
0
0
0
0
0
0
0
0
0
0
0
0
0
0
0
0
0
0
0
0
0
0
0
0
0
0
0
0
0
0
0
0
0
0
0
0
0
0
0
0
0
0
0
0
0
0
0
0
0
0
0
0
0
0
0
0
0
0
0
0
0
0
0
0
0
0
0
0
0
0
0
0
0
0
0
0
0
0
0
0
0
0
0
0
0
0
0
0
0
0
0
0
0
0
0
0
0
0
0
0
0
0
0
0
0
0
0
0
0
0
0
0
0
0
0
0
0
0
0
0
0
0
0
0
0
0
0
0
0
0
0
0
0
0
0
0
0
0
0
0
0
0
0
0
0
0
0
0
0
0
0
0
0
0
0
0
0
0
0
0
0
0
0
0
0
0
0
0
0
0
0
0
0
0
0
0
0
0
0
0
0
0
0
0
0
0
0
0
0
0
0
0
0
0
0
0
0
0
0
0
0
0
0
0
0
0
0
0
0
0
0
0
0
0
0
0
0
0
0
0
0
0
0
0
0
0
0
0
0
0
0
0
0
0
0
0
0
0
0
0
0
0
0
0
0
0
0
0
0
0
0
0
0
0
0
0
0
0
0
0
0
0
0
0
0
0
0
0
0
0
0
0
0
0
0
0
0
0
0
0
0
0
0
0
0
0
0
0
0
0
0
0
0
0
0
0
0
0
0
0
0
0
0
0
0
0
0
0
0
0
0
0
0
0
0
0
0
0
0
0
0
0
0
0
0
0
0
0
0
0
0
0
0
0
0
0
0
0
0
0
0
0
0
0
0
0
0
0
0
0
0
0
0
0
0
0
0
0
0
0
0
0
0
0
0
0
0
0
0
0
0
0
0
0
0
0
0
0
0
0
0
0
0
0
0
0
0
0
0
0
0
0
0
0
0
0
0
0
0
0
0
0
0
0
0
0
0
0
0
0
0
0
0
0
0
0
0
0
0
0
0
0
0
0
0
0
0
0
0
0
0
0
0
0
0
0
0
0
0
0
0
0
0
0
0
0
0
0
0
0
0
0
0
0
0
0
0
0
0
0
0
0
0
0
0
0
0
0
0
0
0
0
0
0
0
0
0
0
0
0
0
0
0
0
0
0
0
0
0
0
0
0
0
0
0
0
0
0
0
0
0
0
0
0
0
0
0
0
0
0
0
0
0
0
0
0
0
0
0
0
0
0
0
0
0
0
0
0
0
0
0
0
0
0
0
0
0
0
0
0
0
0
0
0
0
0
0
0
0
0
0
0
0
0
0
0
0
0
0
0
0
0
0
0
0
0
0
0
0
0
0
0
0
0
0
0
0
0
0
0
0
0
0
0
0
0
0
0
0
0
0
0
0
0
0
0
0
0
0
0
0
0
0
0
0
0
0
0
0
0
0
0
0
0
0
0
0
0
0
0
0
0
0
0
0
0
0
0
0
0
0
0
0
0
0
0
0
0
0
0
0
0
0
0
0
0
0
0
0
0
0
0
0
0
0
0
0
0
0
0
0
0
0
0
0
0
0
0
0
0
0
0
0
0
0
0
0
0
0
0
0
0
0
0
0
0
0
0
0
0
0
0
0
0
0
0
0
0
0
0
0
0
0
0
0
0
0
0
0
0
0
0
0
0
0
0
0
0
0
0
0
0
0
0
0
0
0
0
0
0
0
0
0
0
0
0
0
0
0
0
0
0
0
0
0
0
0
0
0
0
0
0
0
0
0
0
0
0
0
0
0
0
0
0
0
0
0
0
0
0
0
0
0
0
0
0
0
0
0
0
0
0
0
0
0
0
0
0
0
0
0
0
0
0
0
0
0
0
0
0
0
0
0
0
0
0
0
0
0
0
0
0
0
0
0
0
0
0
0
0
0
0
0
0
0
0
0
0
0
0
0
0
0
0
0
0
0
0
0
0
0
0
0
0
0
0
0
0
0
0
0
0
0
0
0
0
0
0
0
0
0
0
0
0
0
0
0
0
0
0
0
0
0
0
0
0
0
0
0
0
0
0
0
0
0
0
0
0
0
0
0
0
0
0
0
0
0
0
0
0
0
0
0
0
0
0
0
0
0
0
0
0
0
0
14043
13335
11290
8125
4176
-138
-4370
-8086
-10917
-12595
-12984
-12087
-10042
-7100
-3598
84
3573
6532
8700
9916
10129
9394
7859
5738
3287
769
-1578
-3559
-5040
-5956
-6305
-6141
-5556
-4663
-3582
-2417
-1254
-153
852
1745
2523
3184
3718
4109
4327
4334
4093
3575
2770
1694
397
-1037
-2496
-3850
-4961
-5704
-5980
-5733
-4959
-3710
-2089
-246
1643
3393
4831
5813
6246
6095
5384
4198
2668
958
-758
-2315
-3570
-4425
-4827
-4776
-4320
-3541
-2549
-1460
-386
578
1369
1948
2310
2472
2471
2349
2148
1902
1631
1342
1031
687
297
-142
-627
-1137
-1638
-2085
-2426
-2615
-2614
-2404
-1989
-1395
-673
109
877
1556
2082
2412
2527
2434
2168
1778
1325
868
457
119
-135
-325
-483
-655
-883
-1198
-1609
-2094
-2599
-3045
-3333
-3364
-3051
-2340
-1224
246
1964
3765
5449
6798
7607
7710
7005
5481
3220
404
-2703
-5782
-8488
-10493
-11526
-11411
-10091
-7644
-4280
-321
3824
7716
10922
13074
13910
13310
11310
8101
4014
-517
-5010
-8979
-11996
-13738
-14025
-12838
-10324
-6773
-2588
1764
5810
9116
11345
12289
11889
10238
7569
4217
585
-2913
-5895
-8056
-9199
-9256
-8283
-6457
-4040
-1347
1291
3574
5261
6198
6329
5700
4443
2756
874
-959
-2526
-3658
-4248
-4265
-3749
-2800
-1564
-209
1093
2196
2981
3380
3373
2985
2283
1363
333
-695
-1622
-2365
-2866
-3095
-3047
-2740
-2209
-1503
-680
198
1071
1876
2555
3056
3336
3362
3120
2611
1859
910
-165
-1281
-2338
-3234
-3873
-4178
-4102
-3634
-2802
-1680
-372
988
2260
3307
4014
4302
4141
3552
2607
1422
138
-1088
-2115
-2824
-3144
-3054
-2590
-1839
-925
6
813
1373
1603
1475
1017
315
-506
-1295
-1898
-2184
-2064
-1511
-563
674
2042
3347
4386
4977
4986
4345
3075
1277
-865
-3113
-5197
-6851
-7846
-8022
-7311
-5748
-3474
-717
2226
5034
7387
9014
9722
9420
8131
5991
3230
148
-2920
-5650
-7756
-9030
-9362
-8746
-7286
-5169
-2649
-10
2467
4540
6024
6816
6898
6331
5242
3804
2206
632
-764
-1876
-2649
-3081
-3214
-3121
-2889
-2597
-2306
-2046
-1817
-1587
-1307
-921
-386
316
1173
2126
3084
3928
4529
4768
4554
3847
2663
1087
-736
-2620
-4348
-5707
-6515
-6643
-6042
-4749
-2885
-652
1699
3893
5664
6792
7131
6629
5338
3409
1075
-1376
-3643
-5439
-6539
-6801
-6192
-4789
-2770
-396
2027
4185
5794
6643
6614
5706
4029
1796
-709
-3165
-5252
-6696
-7305
-6991
-5783
-3824
-1353
1324
3879
5993
7404
7938
7528
6227
4194
1677
-1015
-3563
-5664
-7078
-7650
-7336
-6197
-4394
-2164
208
2437
4261
5482
5986
5754
4863
3470
1791
65
-1475
-2637
-3289
-3383
-2951
-2105
-1012
128
1116
1780
2003
1740
1029
-21
-1240
-2422
-3357
-3860
-3801
-3128
-1876
-167
1803
3786
5515
6737
7251
6935
5764
3821
1292
-1557
-4410
-6930
-8812
-9811
-9778
-8681
-6610
-3769
-456
2971
6137
8691
10348
10922
10348
8691
6137
2971
-456
-3769
-6610
-8681
-9778
-9811
-8812
-6930
-4410
-1557
1292
3821
5764
6935
7251
6737
5515
3786
1803
-167
-1876
-3128
-3801
-3860
-3357
-2422
-1240
-21
1029
1740
2003
1780
1116
128
-1012
-2105
-2951
-3383
-3289
-2637
-1475
65
1791
3470
4863
5754
5986
5482
4261
2437
208
-2164
-4394
-6197
-7336
-7650
-7078
-5664
-3563
-1015
1677
4194
6227
7528
7938
7404
5993
3879
1324
-1353
-3824
-5783
-6991
-7305
-6696
-5252
-3165
-709
1796
4029
5706
6614
6643
5794
4185
2027
-396
-2770
-4789
-6192
-6801
-6539
-5439
-3643
-1376
1075
3409
5338
6629
7131
6792
5664
3893
1699
-652
-2885
-4749
-6042
-6643
-6515
-5707
-4348
-2620
-736
1087
2663
3847
4554
4768
4529
3928
3084
2126
1173
316
-386
-921
-1307
-1587
-1817
-2046
-2306
-2597
-2889
-3121
-3214
-3081
-2649
-1876
-764
632
2206
3804
5242
6331
6898
6816
6024
4540
2467
-10
-2649
-5169
-7286
-8746
-9362
-9030
-7756
-5650
-2920
148
3230
5991
8131
9420
9722
9014
7387
5034
2226
-717
-3474
-5748
-7311
-8022
-7846
-6851
-5197
-3113
-865
1277
3075
4345
4986
4977
4386
3347
2042
674
-563
-1511
-2064
-2184
-1898
-1295
-506
315
1017
1475
1603
1373
813
6
-925
-1839
-2590
-3054
-3144
-2824
-2115
-1088
138
1422
2607
3552
4141
4302
4014
3307
2260
988
-372
-1680
-2802
-3634
-4102
-4178
-3873
-3234
-2338
-1281
-165
910
1859
2611
3120
3362
3336
3056
2555
1876
1071
198
-680
-1503
-2209
-2740
-3047
-3095
-2866
-2365
-1622
-695
333
1363
2283
2985
3373
3380
2981
2196
1093
-209
-1564
-2800
-3749
-4265
-4248
-3658
-2526
-959
874
2756
4443
5700
6329
6198
5261
3574
1291
-1347
-4040
-6457
-8283
-9256
-9199
-8056
-5895
-2913
585
4217
7569
10238
11889
12289
11345
9116
5810
1764
-2588
-6773
-10324
-12838
-14025
-13738
-11996
-8979
-5010
-517
4014
8101
11310
13310
13910
13074
10922
7716
3824
-321
-4280
-7644
-10091
-11411
-11526
-10493
-8488
-5782
-2703
404
3220
5481
7005
7710
7607
6798
5449
3765
1964
246
-1224
-2340
-3051
-3364
-3333
-3045
-2599
-2094
-1609
-1198
-883
-655
-483
-325
-135
119
457
868
1325
1778
2168
2434
2527
2412
2082
1556
877
109
-673
-1395
-1989
-2404
-2614
-2615
-2426
-2085
-1638
-1137
-627
-142
297
687
1031
1342
1631
1902
2148
2349
2471
2472
2310
1948
1369
578
-386
-1460
-2549
-3541
-4320
-4776
-4827
-4425
-3570
-2315
-758
958
2668
4198
5384
6095
6246
5813
4831
3393
1643
-246
-2089
-3710
-4959
-5733
-5980
-5704
-4961
-3850
-2496
-1037
397
1694
2770
3575
4093
4334
4327
4109
3718
3184
2523
1745
852
-153
-1254
-2417
-3582
-4663
-5556
-6141
-6305
-5956
-5040
-3559
-1578
769
3287
5738
7859
9394
10129
9916
8700
6532
3573
84
-3598
-7100
-10042
-12087
-12984
-12595
-10917
-8086
-4370
-138
4176
8125
11290
13335
0
0
0
0
0
0
0
0
0
0
0
0
0
0
0
0
0
0
0
0
0
0
0
0
0
0
0
0
0
0
0
0
0
0
0
0
0
0
0
0
0
0
0
0
0
0
0
0
0
0
0
0
0
0
0
0
0
0
0
0
0
0
0
0
0
0
0
-4681
-4553
-4170
-3536
-2660
-1566
-292
1098
2521
3872
5030
5873
6288
6188
5529
4316
2614
549
-1704
-3936
-5917
-7428
-8285
-8362
-7608
-6060
-3844
-1162
1722
4515
6919
8672
9572
9507
8466
6543
3929
894
-2245
-5159
-7539
-9135
-9780
-9413
-8081
-5934
-3208
-200
2770
5392
7398
8595
8880
8250
6802
4714
2227
-383
-2844
-4908
-6381
-7142
-7152
-6453
-5157
-3434
-1485
475
2252
3682
4649
5098
5030
4500
3604
2466
1222
0
-1085
-1952
-2549
-2861
-2902
-2712
-2347
-1869
-1340
-811
-321
104
459
743
968
1146
1289
1403
1489
1540
1542
1480
1337
1102
770
347
-151
-697
-1254
-1778
-2222
-2541
-2697
-2660
-2415
-1964
-1325
-534
357
1287
2183
2971
3577
3940
4012
3765
3196
2328
1212
-77
-1442
-2774
-3956
-4877
-5439
-5571
-5234
-4430
-3202
-1633
153
2011
3779
5293
6407
7002
7005
6393
5198
3510
1465
-762
-2977
-4980
-6586
-7643
-8048
-7756
-6783
-5211
-3173
-848
1560
3840
5791
7244
8074
8213
7653
6449
4711
2593
281
-2025
-4133
-5867
-7088
-7703
-7672
-7011
-5787
-4112
-2136
-27
2037
3888
5377
6391
6856
6750
6094
4958
3451
1709
-113
-1862
-3389
-4574
-5327
-5601
-5394
-4745
-3733
-2468
-1076
308
1562
2580
3287
3644
3650
3340
2778
2050
1253
477
-196
-712
-1039
-1179
-1157
-1021
-831
-647
-523
-495
-575
-753
-992
-1240
-1435
-1515
-1430
-1152
-676
-31
728
1526
2272
2873
3249
3341
3120
2594
1804
824
-250
-1312
-2257
-2996
-3463
-3627
-3488
-3080
-2463
-1712
-906
-119
590
1186
1656
2007
2262
2449
2593
2705
2779
2787
2685
2417
1932
1191
183
-1061
-2470
-3927
-5279
-6355
-6984
-7017
-6357
-4975
-2925
-347
2537
5447
8068
10086
11229
11301
10212
8000
4831
993
-3136
-7123
-10529
-12960
-14117
-13832
-12094
-9055
-5019
-408
4281
8538
11891
13969
14545
13559
11134
7554
3236
-1320
-5597
-9115
-11493
-12491
-12040
-10245
-7369
-3801
0
3562
6458
8362
9084
8596
7025
4640
1803
-1073
-3586
-5398
-6278
-6134
-5020
-3130
-764
1710
3915
5513
6255
6014
4808
2792
240
-2492
-5019
-6973
-8063
-8109
-7070
-5053
-2296
856
4006
6747
8723
9672
9464
8114
5784
2761
-582
-3834
-6597
-8541
-9442
-9210
-7898
-5697
-2901
125
3000
5374
6969
7621
7289
6065
4151
1833
-562
-2711
-4338
-5246
-5347
-4667
-3339
-1581
333
2120
3519
4333
4452
3866
2666
1029
-806
-2581
-4039
-4975
-5252
-4823
-3736
-2127
-197
1811
3648
5087
5954
6148
5652
4531
2921
1013
-977
-2832
-4359
-5413
-5905
-5816
-5187
-4111
-2719
-1162
407
1855
3070
3977
4535
4737
4599
4161
3470
2581
1546
421
-738
-1876
-2932
-3838
-4525
-4924
-4976
-4638
-3895
-2768
-1316
355
2109
3777
5186
6168
6590
6366
5480
3985
2011
-250
-2561
-4668
-6324
-7326
-7539
-6914
-5500
-3443
-967
1646
4094
6085
7377
7808
7320
5962
3891
1351
-1353
-3897
-5974
-7330
-7801
-7330
-5974
-3897
-1353
1351
3891
5962
7320
7808
7377
6085
4094
1646
-967
-3443
-5500
-6914
-7539
-7326
-6324
-4668
-2561
-250
2011
3985
5480
6366
6590
6168
5186
3777
2109
355
-1316
-2768
-3895
-4638
-4976
-4924
-4525
-3838
-2932
-1876
-738
421
1546
2581
3470
4161
4599
4737
4535
3977
3070
1855
407
-1162
-2719
-4111
-5187
-5816
-5905
-5413
-4359
-2832
-977
1013
2921
4531
5652
6148
5954
5087
3648
1811
-197
-2127
-3736
-4823
-5252
-4975
-4039
-2581
-806
1029
2666
3866
4452
4333
3519
2120
333
-1581
-3339
-4667
-5347
-5246
-4338
-2711
-562
1833
4151
6065
7289
7621
6969
5374
3000
125
-2901
-5697
-7898
-9210
-9442
-8541
-6597
-3834
-582
2761
5784
8114
9464
9672
8723
6747
4006
856
-2296
-5053
-7070
-8109
-8063
-6973
-5019
-2492
240
2792
4808
6014
6255
5513
3915
1710
-764
-3130
-5020
-6134
-6278
-5398
-3586
-1073
1803
4640
7025
8596
9084
8362
6458
3562
0
-3801
-7369
-10245
-12040
-12491
-11493
-9115
-5597
-1320
3236
7554
11134
13559
14545
13969
11891
8538
4281
-408
-5019
-9055
-12094
-13832
-14117
-12960
-10529
-7123
-3136
993
4831
8000
10212
11301
11229
10086
8068
5447
2537
-347
-2925
-4975
-6357
-7017
-6984
-6355
-5279
-3927
-2470
-1061
183
1191
1932
2417
2685
2787
2779
2705
2593
2449
2262
2007
1656
1186
590
-119
-906
-1712
-2463
-3080
-3488
-3627
-3463
-2996
-2257
-1312
-250
824
1804
2594
3120
3341
3249
2873
2272
1526
728
-31
-676
-1152
-1430
-1515
-1435
-1240
-992
-753
-575
-495
-523
-647
-831
-1021
-1157
-1179
-1039
-712
-196
477
1253
2050
2778
3340
3650
3644
3287
2580
1562
308
-1076
-2468
-3733
-4745
-5394
-5601
-5327
-4574
-3389
-1862
-113
1709
3451
4958
6094
6750
6856
6391
5377
3888
2037
-27
-2136
-4112
-5787
-7011
-7672
-7703
-7088
-5867
-4133
-2025
281
2593
4711
6449
7653
8213
8074
7244
5791
3840
1560
-848
-3173
-5211
-6783
-7756
-8048
-7643
-6586
-4980
-2977
-762
1465
3510
5198
6393
7005
7002
6407
5293
3779
2011
153
-1633
-3202
-4430
-5234
-5571
-5439
-4877
-3956
-2774
-1442
-77
1212
2328
3196
3765
4012
3940
3577
2971
2183
1287
357
-534
-1325
-1964
-2415
-2660
-2697
-2541
-2222
-1778
-1254
-697
-151
347
770
1102
1337
1480
1542
1540
1489
1403
1289
1146
968
743
459
104
-321
-811
-1340
-1869
-2347
-2712
-2902
-2861
-2549
-1952
-1085
0
1222
2466
3604
4500
5030
5098
4649
3682
2252
475
-1485
-3434
-5157
-6453
-7152
-7142
-6381
-4908
-2844
-383
2227
4714
6802
8250
8880
8595
7398
5392
2770
-200
-3208
-5934
-8081
-9413
-9780
-9135
-7539
-5159
-2245
894
3929
6543
8466
9507
9572
8672
6919
4515
1722
-1162
-3844
-6060
-7608
-8362
-8285
-7428
-5917
-3936
-1704
549
2614
4316
5529
6188
6288
5873
5030
3872
2521
1098
-292
-1566
-2660
-3536
-4170
-4553
0
0
0
0
0
0
0
0
0
0
0
0
0
0
0
0
0
0
0
0
0
0
0
0
0
0
0
0
0
0
0
0
0
0
0
0
0
0
0
0
0
0
0
0
0
0
0
0
0
0
0
0
0
0
0
0
0
0
0
0
0
0
0
0
0
0
0
4681
4457
3811
2808
1549
160
-1220
-2460
-3445
-4087
-4337
-4187
-3667
-2840
-1796
-641
518
1582
2464
3104
3465
3536
3331
2883
2240
1460
602
-271
-1103
-1843
-2445
-2873
-3099
-3106
-2888
-2452
-1823
-1038
-150
774
1661
2431
3013
3344
3384
3118
2562
1762
793
-249
-1261
-2134
-2779
-3127
-3146
-2841
-2256
-1469
-582
294
1054
1608
1900
1912
1668
1229
685
140
-304
-566
-594
-380
37
582
1143
1599
1833
1752
1309
512
-571
-1817
-3061
-4114
-4796
-4955
-4497
-3403
-1741
337
2611
4813
6659
7889
8300
7776
6311
4017
1113
-2092
-5238
-7949
-9888
-10792
-10515
-9044
-6510
-3174
599
4384
7746
10290
11709
11829
10625
8227
4909
1053
-2893
-6476
-9283
-10998
-11437
-10568
-8518
-5551
-2035
1602
4931
7568
9222
9731
9078
7387
4904
1965
-1053
-3778
-5890
-7160
-7475
-6849
-5413
-3395
-1086
1200
3173
4596
5322
5303
4591
3332
1733
33
-1528
-2749
-3490
-3687
-3359
-2601
-1560
-416
649
1484
1981
2097
1854
1334
658
-27
-587
-912
-941
-670
-157
492
1143
1647
1878
1746
1222
343
-788
-2016
-3153
-4008
-4413
-4254
-3490
-2162
-398
1604
3602
5334
6557
7081
6797
5694
3864
1494
-1152
-3773
-6057
-7729
-8583
-8506
-7499
-5672
-3232
-457
2336
4836
6771
7940
8242
7678
6350
4448
2216
-76
-2172
-3856
-4981
-5483
-5381
-4771
-3802
-2653
-1503
-505
238
685
856
826
706
621
686
975
1513
2261
3120
3943
4556
4790
4506
3622
2136
136
-2207
-4652
-6912
-8693
-9730
-9827
-8885
-6921
-4079
-611
3137
6772
9890
12131
13215
12985
11423
8660
4959
693
-3698
-7759
-11064
-13270
-14151
-13623
-11753
-8750
-4938
-722
3459
7186
10096
11924
12529
11900
10157
7529
4324
893
-2410
-5269
-7431
-8734
-9117
-8617
-7357
-5531
-3369
-1116
998
2784
4105
4887
5123
4862
4197
3252
2164
1064
65
-748
-1324
-1648
-1734
-1620
-1365
-1030
-679
-368
-136
-11
0
-94
-273
-502
-744
-956
-1098
-1134
-1040
-800
-416
97
707
1367
2017
2589
3015
3228
3176
2828
2177
1247
95
-1191
-2502
-3713
-4693
-5326
-5520
-5219
-4414
-3147
-1511
358
2291
4105
5617
6670
7144
6975
6162
4769
2917
778
-1447
-3550
-5331
-6625
-7317
-7351
-6738
-5551
-3914
-1993
27
1965
3653
4960
5798
6131
5968
5364
4405
3199
1858
491
-808
-1968
-2937
-3686
-4202
-4485
-4539
-4372
-3989
-3395
-2597
-1610
-459
809
2131
3421
4578
5489
6047
6159
5764
4840
3421
1593
-503
-2688
-4753
-6484
-7686
-8206
-7951
-6909
-5148
-2819
-140
2622
5183
7267
8643
9150
8717
7374
5253
2573
-381
-3292
-5842
-7752
-8811
-8902
-8019
-6263
-3836
-1015
1877
4513
6594
7887
8250
7652
6172
3994
1379
-1357
-3893
-5929
-7226
-7636
-7118
-5741
-3675
-1173
1459
3904
5868
7113
7490
6955
5572
3507
1010
-1618
-4064
-6033
-7287
-7674
-7147
-5765
-3692
-1174
1491
3987
6018
7342
7801
7342
6018
3987
1491
-1174
-3692
-5765
-7147
-7674
-7287
-6033
-4064
-1618
1010
3507
5572
6955
7490
7113
5868
3904
1459
-1173
-3675
-5741
-7118
-7636
-7226
-5929
-3893
-1357
1379
3994
6172
7652
8250
7887
6594
4513
1877
-1015
-3836
-6263
-8019
-8902
-8811
-7752
-5842
-3292
-381
2573
5253
7374
8717
9150
8643
7267
5183
2622
-140
-2819
-5148
-6909
-7951
-8206
-7686
-6484
-4753
-2688
-503
1593
3421
4840
5764
6159
6047
5489
4578
3421
2131
809
-459
-1610
-2597
-3395
-3989
-4372
-4539
-4485
-4202
-3686
-2937
-1968
-808
491
1858
3199
4405
5364
5968
6131
5798
4960
3653
1965
27
-1993
-3914
-5551
-6738
-7351
-7317
-6625
-5331
-3550
-1447
778
2917
4769
6162
6975
7144
6670
5617
4105
2291
358
-1511
-3147
-4414
-5219
-5520
-5326
-4693
-3713
-2502
-1191
95
1247
2177
2828
3176
3228
3015
2589
2017
1367
707
97
-416
-800
-1040
-1134
-1098
-956
-744
-502
-273
-94
0
-11
-136
-368
-679
-1030
-1365
-1620
-1734
-1648
-1324
-748
65
1064
2164
3252
4197
4862
5123
4887
4105
2784
998
-1116
-3369
-5531
-7357
-8617
-9117
-8734
-7431
-5269
-2410
893
4324
7529
10157
11900
12529
11924
10096
7186
3459
-722
-4938
-8750
-11753
-13623
-14151
-13270
-11064
-7759
-3698
693
4959
8660
11423
12985
13215
12131
9890
6772
3137
-611
-4079
-6921
-8885
-9827
-9730
-8693
-6912
-4652
-2207
136
2136
3622
4506
4790
4556
3943
3120
2261
1513
975
686
621
706
826
856
685
238
-505
-1503
-2653
-3802
-4771
-5381
-5483
-4981
-3856
-2172
-76
2216
4448
6350
7678
8242
7940
6771
4836
2336
-457
-3232
-5672
-7499
-8506
-8583
-7729
-6057
-3773
-1152
1494
3864
5694
6797
7081
6557
5334
3602
1604
-398
-2162
-3490
-4254
-4413
-4008
-3153
-2016
-788
343
1222
1746
1878
1647
1143
492
-157
-670
-941
-912
-587
-27
658
1334
1854
2097
1981
1484
649
-416
-1560
-2601
-3359
-3687
-3490
-2749
-1528
33
1733
3332
4591
5303
5322
4596
3173
1200
-1086
-3395
-5413
-6849
-7475
-7160
-5890
-3778
-1053
1965
4904
7387
9078
9731
9222
7568
4931
1602
-2035
-5551
-8518
-10568
-11437
-10998
-9283
-6476
-2893
1053
4909
8227
10625
11829
11709
10290
7746
4384
599
-3174
-6510
-9044
-10515
-10792
-9888
-7949
-5238
-2092
1113
4017
6311
7776
8300
7889
6659
4813
2611
337
-1741
-3403
-4497
-4955
-4796
-4114
-3061
-1817
-571
512
1309
1752
1833
1599
1143
582
37
-380
-594
-566
-304
140
685
1229
1668
1912
1900
1608
1054
294
-582
-1469
-2256
-2841
-3146
-3127
-2779
-2134
-1261
-249
793
1762
2562
3118
3384
3344
3013
2431
1661
774
-150
-1038
-1823
-2452
-2888
-3106
-3099
-2873
-2445
-1843
-1103
-271
602
1460
2240
2883
3331
3536
3465
3104
2464
1582
518
-641
-1796
-2840
-3667
-4187
-4337
-4087
-3445
-2460
-1220
160
1549
2808
3811
4457
0
0
0
0
0
0
0
0
0
0
0
0
0
0
0
0
0
0
0
0
0
0
0
0
0
0
0
0
0
0
0
0
0
0
0
0
0
0
0
0
0
0
0
0
0
0
0
0
0
0
0
0
0
0
0
0
0
0
0
0
0
0
0
0
0
0
0
4681
4550
4162
3523
2650
1570
327
-1017
-2383
-3675
-4785
-5605
-6036
-6001
-5459
-4410
-2905
-1047
1018
3109
5028
6578
7585
7922
7521
6389
4605
2326
-239
-2840
-5215
-7119
-8350
-8772
-8332
-7069
-5107
-2649
52
2715
5065
6861
7928
8168
7578
6244
4332
2068
-291
-2489
-4296
-5536
-6109
-5996
-5259
-4032
-2497
-863
663
1907
2743
3108
3012
2527
1778
919
109
-508
-832
-816
-475
118
843
1549
2084
2313
2145
1548
560
-718
-2131
-3486
-4583
-5241
-5326
-4771
-3590
-1881
182
2371
4430
6105
7178
7499
7004
5723
3787
1403
-1159
-3611
-5672
-7107
-7758
-7559
-6547
-4857
-2701
-342
1937
3877
5264
5966
5941
5240
4000
2420
734
-824
-2055
-2816
-3042
-2753
-2047
-1084
-58
829
1408
1560
1241
489
-577
-1783
-2914
-3752
-4112
-3868
-2981
-1503
418
2558
4642
6383
7516
7841
7252
5755
3471
631
-2452
-5425
-7930
-9651
-10362
-9948
-8427
-5951
-2786
714
4158
7153
9362
10539
10563
9446
7337
4495
1262
-1983
-4870
-7086
-8405
-8720
-8049
-6529
-4394
-1939
512
2661
4263
5160
5299
4730
3599
2119
539
-890
-1960
-2522
-2515
-1969
-1000
211
1446
2482
3124
3236
2763
1736
274
-1433
-3154
-4640
-5668
-6063
-5730
-4666
-2963
-796
1591
3927
5934
7371
8059
7904
6910
5175
2883
277
-2362
-4760
-6669
-7899
-8338
-7962
-6831
-5082
-2911
-545
1778
3842
5467
6527
6961
6770
6014
4799
3264
1560
-159
-1757
-3120
-4165
-4841
-5128
-5036
-4595
-3856
-2880
-1739
-509
730
1901
2927
3736
4269
4481
4348
3870
3074
2016
779
-533
-1806
-2920
-3769
-4266
-4359
-4035
-3324
-2296
-1059
258
1517
2585
3353
3744
3725
3311
2559
1566
451
-655
-1629
-2369
-2802
-2899
-2669
-2159
-1446
-626
200
943
1528
1908
2065
2010
1775
1407
962
488
27
-392
-760
-1075
-1343
-1569
-1753
-1885
-1941
-1889
-1689
-1309
-726
55
1002
2047
3088
4003
4654
4914
4681
3897
2567
765
-1364
-3617
-5747
-7494
-8612
-8904
-8253
-6641
-4163
-1023
2479
5979
9087
11428
12694
12678
11310
8669
4980
599
-4025
-8399
-12040
-14530
-15566
-15001
-12859
-9340
-4798
293
5396
9968
13521
15676
16209
15073
12404
8500
3794
-1204
-5964
-9988
-12875
-14357
-14327
-12844
-10125
-6511
-2422
1685
5380
8299
10184
10905
10471
9014
6770
4044
1170
-1530
-3787
-5401
-6268
-6381
-5819
-4733
-3315
-1775
-311
916
1797
2282
2382
2157
1705
1138
571
99
-208
-323
-251
-28
283
615
896
1069
1097
968
691
298
-162
-640
-1084
-1448
-1703
-1831
-1828
-1703
-1471
-1150
-760
-317
160
659
1162
1647
2085
2442
2675
2744
2609
2245
1643
822
-172
-1267
-2362
-3344
-4096
-4513
-4516
-4066
-3171
-1894
-347
1318
2925
4292
5255
5689
5525
4759
3463
1769
-134
-2033
-3707
-4959
-5638
-5662
-5029
-3815
-2169
-296
1572
3206
4402
5016
4975
4292
3064
1456
-317
-2021
-3430
-4357
-4681
-4357
-3430
-2021
-317
1456
3064
4292
4975
5016
4402
3206
1572
-296
-2169
-3815
-5029
-5662
-5638
-4959
-3707
-2033
-134
1769
3463
4759
5525
5689
5255
4292
2925
1318
-347
-1894
-3171
-4066
-4516
-4513
-4096
-3344
-2362
-1267
-172
822
1643
2245
2609
2744
2675
2442
2085
1647
1162
659
160
-317
-760
-1150
-1471
-1703
-1828
-1831
-1703
-1448
-1084
-640
-162
298
691
968
1097
1069
896
615
283
-28
-251
-323
-208
99
571
1138
1705
2157
2382
2282
1797
916
-311
-1775
-3315
-4733
-5819
-6381
-6268
-5401
-3787
-1530
1170
4044
6770
9014
10471
10905
10184
8299
5380
1685
-2422
-6511
-10125
-12844
-14327
-14357
-12875
-9988
-5964
-1204
3794
8500
12404
15073
16209
15676
13521
9968
5396
293
-4798
-9340
-12859
-15001
-15566
-14530
-12040
-8399
-4025
599
4980
8669
11310
12678
12694
11428
9087
5979
2479
-1023
-4163
-6641
-8253
-8904
-8612
-7494
-5747
-3617
-1364
765
2567
3897
4680
4914
4654
4003
3088
2047
1002
55
-726
-1309
-1689
-1889
-1941
-1885
-1753
-1569
-1343
-1075
-760
-392
27
488
962
1407
1775
2010
2065
1908
1528
943
200
-626
-1446
-2159
-2669
-2899
-2802
-2369
-1629
-655
451
1566
2559
3311
3725
3744
3353
2585
1517
258
-1059
-2296
-3324
-4035
-4359
-4266
-3769
-2920
-1806
-533
779
2016
3074
3870
4348
4481
4269
3736
2927
1901
730
-509
-1739
-2880
-3856
-4595
-5036
-5128
-4841
-4165
-3120
-1757
-159
1560
3264
4799
6014
6770
6961
6527
5467
3842
1778
-545
-2911
-5082
-6831
-7962
-8338
-7899
-6669
-4760
-2362
277
2883
5175
6910
7904
8059
7371
5934
3927
1591
-796
-2963
-4666
-5730
-6063
-5668
-4640
-3154
-1433
274
1736
2763
3236
3124
2482
1446
211
-1000
-1969
-2515
-2522
-1960
-890
539
2119
3599
4730
5299
5160
4263
2661
512
-1939
-4394
-6529
-8049
-8720
-8405
-7086
-4870
-1983
1262
4495
7337
9446
10563
10539
9362
7153
4158
714
-2786
-5951
-8427
-9948
-10362
-9651
-7930
-5425
-2452
631
3471
5755
7252
7841
7516
6383
4642
2558
418
-1503
-2981
-3868
-4112
-3752
-2914
-1783
-577
489
1241
1560
1408
829
-58
-1084
-2047
-2753
-3042
-2816
-2055
-824
734
2420
4000
5240
5941
5966
5264
3877
1937
-342
-2701
-4857
-6547
-7559
-7758
-7107
-5672
-3611
-1159
1403
3787
5723
7004
7499
7178
6105
4430
2371
182
-1881
-3590
-4771
-5326
-5241
-4583
-3486
-2131
-718
560
1548
2145
2313
2084
1549
843
118
-475
-816
-832
-508
109
919
1778
2527
3012
3108
2743
1907
663
-863
-2497
-4032
-5259
-5996
-6109
-5536
-4296
-2489
-291
2068
4332
6244
7578
8168
7928
6861
5065
2715
52
-2649
-5107
-7069
-8332
-8772
-8350
-7119
-5215
-2840
-239
2326
4605
6389
7521
7922
7585
6578
5028
3109
1018
-1047
-2905
-4410
-5459
-6001
-6036
-5605
-4785
-3675
-2383
-1017
327
1570
2650
3523
4162
4550
0
0
0
0
0
0
0
0
0
0
0
0
0
0
0
0
0
0
0
0
0
0
0
0
0
0
0
0
0
0
0
0
0
0
0
0
0
0
0
0
0
0
0
0
0
0
0
0
0
0
0
0
0
0
0
0
0
0
0
0
0
0
0
0
0
0
0
