17269
10860
2323
-6503
-13675
-17624
-17552
-13646
-7044
438
6748
10116
9502
4874
-2766
-11612
-19489
-24393
-24992
-20975
-13146
-3247
6453
13713
16874
15271
9419
894
-8039
-14981
-17991
-16075
-9452
484
11483
20977
26708
27284
22529
13547
2464
-8071
-15531
-18124
-15240
-7608
2863
13539
21694
25174
22923
15258
3804
-8879
-19903
-26744
-27847
-23008
-13430
-1444
10040
18230
21115
17953
9452
-2389
-14751
-24660
-29696
-28562
-21402
-9768
3740
16081
24488
27110
23450
14470
2370
-9933
-19489
-23995
-22337
-14836
-3174
10002
21698
29260
30980
26482
16796
4110
-8737
-18907
-24204
-23562
-17269
-6882
5141
16010
23227
25144
21317
12579
836
-11371
-21439
-27272
-27724
-22829
-13764
-2566
8328
16611
20598
19566
13876
4870
-5444
-14830
-21300
-23513
-21037
-14409
-4991
5321
14505
20812
23111
21086
15278
6950
-2178
-10279
-15767
-17601
-15467
-9822
-1797
7032
14943
20394
22308
20275
14624
6366
-2997
-11743
-18255
-21326
-20385
-15618
-7946
1143
9863
16470
19603
18552
13416
5102
-4831
-14468
-21899
-25605
-24765
-19436
-10561
202
10793
19159
23661
23411
18457
9790
-852
-11321
-19489
-23676
-22989
-17506
-8259
2970
14002
22701
27390
27185
22159
13316
2383
-8538
-17386
-22537
-23111
-19117
-11435
-1619
8414
16757
21866
22839
19557
12675
3479
-6373
-15156
-21389
-24077
-22861
-18059
-10579
-1745
6935
14023
18380
19340
16806
11247
3621
-4785
-12557
-18379
-21238
-20593
-16466
-9452
-634
8577
16669
22278
24419
22671
17266
9070
-547
-9934
-17446
-21735
-21998
-18136
-10784
-1216
8878
17691
23626
25585
23172
16768
7458
-3158
-13264
-21146
-25502
-25659
-21680
-14337
-4956
4831
13373
19282
21658
20214
15302
7819
-962
-9610
-16770
-21364
-22742
-20752
-15744
-8489
-60
8328
15489
20425
22454
21302
17139
10562
2517
-5819
-13200
-18490
-20833
-19793
-15444
-8376
370
9452
17427
22985
25167
23534
18256
10098
306
-9595
-18051
-23738
-25781
-23899
-18445
-10342
-916
8328
15950
20809
22233
20100
14836
7317
-1280
-9676
-16676
-21335
-23071
-21720
-17531
-11107
-3316
4831
12303
18167
21692
22436
20294
15522
8715
749
-7315
-14367
-19391
-21614
-20635
-16499
-9718
-1216
7793
15984
22118
25243
24846
20941
14071
5225
-4317
-13185
-20136
-24233
-24981
-22385
-16923
-9452
-1064
7079
13917
18615
20664
19908
16541
11055
4160
-3299
-10441
-16433
-20571
-22346
-21500
-18059
-12350
-4978
3219
11256
18121
22898
24907
23810
19683
13021
4692
-4186
-12397
-18810
-22546
-23111
-20461
-15010
-7549
873
9116
16108
20992
23227
22631
19380
13947
7025
-575
-8021
-14540
-19489
-22393
-22979
-21192
-17198
-11380
-4318
3252
10500
16581
20738
22403
21287
17441
11278
3530
-4831
-12726
-19119
-23164
-24330
-22475
-17858
-11093
-3053
5263
12871
18928
22826
24245
23158
19803
14624
8203
1193
-5740
-11965
-16925
-20162
-21356
-20348
-17173
-12078
-5526
1827
9185
15695
20553
23111
22980
20099
14756
7561
-632
-8844
-16108
-21593
-24718
-25209
-23119
-18786
-12774
-5772
1491
8328
14156
18525
21131
21815
20554
17456
12759
6829
157
-6661
-12962
-18074
-21393
-22467
-21073
-17269
-11407
-4108
3815
11459
17953
22575
24845
24580
21894
17166
10967
3970
-3141
-9741
-15316
-19489
-22014
-22770
-21741
-19008
-14749
-9242
-2876
3856
10372
16048
20279
22562
22571
20219
15695
9452
2160
-5382
-12349
-18005
-21791
-23390
-22743
-20034
-15633
-10027
-3752
2675
8791
14203
18591
21694
23307
23278
21529
18082
13090
6866
-124
-7279
-13920
-19371
-23050
-24552
-23716
-20646
-15704
-9452
-2566
4252
10371
15295
18702
20448
20539
19094
16300
12377
7562
2112
-3683
-9486
-14901
-19489
-22805
-24451
-24142
-21768
-17438
-11484
-4439
3027
10196
16398
21097
23949
24833
23833
21195
17269
12441
7082
1521
-3964
-9127
-13732
-17535
-20273
-21685
-21548
-19726
-16225
-11226
-5098
1631
8328
14339
19077
22108
23198
22340
19731
15719
10741
5241
-379
-5798
-10778
-15145
-18756
-21466
-23111
-23512
-22505
-19986
-15959
-10586
-4196
2727
9595
15790
20750
24052
25465
24976
22770
19180
14624
9523
4248
-917
-5776
-10197
-14077
-17297
-19700
-21088
-21249
-20007
-17276
-13115
-7755
-1596
4831
10938
16157
20031
22272
22793
21697
19237
15748
11578
7027
2319
-2403
-7049
-11537
-15747
-19489
-22499
-24467
-25085
-24121
-21478
-17245
-11701
-5294
1425
7882
13568
18106
21295
23105
23647
23111
21701
19579
16838
13498
9548
4992
-89
-5505
-10937
-15966
-20131
-23004
-24269
-23789
-21632
-18059
-13479
-8369
-3188
1692
6031
9732
12810
15333
17361
18889
19825
19992
19174
17181
13920
9452
4016
-1983
-8031
-13586
-18168
-21437
-23239
-23614
-22759
-20961
-18517
-15660
-12521
-9114
-5374
-1216
3394
8381
13521
18461
22755
25952
27680
27728
26088
22961
18716
13812
8707
3772
-764
-4831
-8490
-11867
-15078
-18157
-21005
-23396
-25007
-25498
-24600
-22191
-18354
-13373
-7699
-1865
3613
8328
12050
14744
16547
17693
18431
18934
19241
19243
18710
17367
14982
11457
6883
1553
-4073
-9452
-14062
-17506
-19582
-20313
-19919
-18745
-17163
-15467
-13805
-12147
-10313
-8037
-5073
-1287
3267
8328
13456
18116
21785
24065
24768
23951
21896
19028
15815
12647
9751
7146
4666
2023
-1077
-4831
-9250
-14115
-19011
-23395
-26721
-28561
-28704
-27204
-24367
-20675
-16664
-12802
-9378
-6445
-3833
-1216
1772
5409
9781
14721
19828
24540
28256
30482
30944
29657
26921
23245
19226
15398
12111
9452
7239
5094
2565
-728
-4965
-10045
-15584
-20986
-25578
-28767
-30179
-29755
-27760
-24720
-21282
-18059
-15470
-13644
-12393
-11282
-9753
-7294
-3603
1312
7104
13150
18690
23005
25590
26278
25276
23111
20490
18120
16519
15885
16045
16506
16589
15621
13129
8982
3453
-2828
-9013
-14239
-17836
-19489
-19316
-17833
-15814
-14091
-13329
-13846
-15527
-17844
-19995
-21112
-20496
-17815
-13207
-7266
-912
4831
9088
11343
11577
10263
8243
6510
5936
7044
9852
13860
18163
21681
23433
22803
19704
14624
8515
2563
-2101
-4690
-4961
-3277
-517
2150
3571
2915
-95
-5096
-11155
-16996
-21313
-23111
-21957
-18111
-12473
-6364
-1202
1858
2218
0
-3978
-8403
-11804
-12923
-11061
-6263
661
8328
15110
19547
20709
18446
13439
7038
933
-3268
-4451
-2288
2670
9109
15281
19436
20270
-17269
-10860
-2323
6503
13675
17624
17552
13646
7044
-438
-6748
-10116
-9502
-4874
2766
11612
19489
24393
24992
20975
13146
3247
-6453
-13713
-16874
-15271
-9419
-894
8039
14981
17991
16075
9452
-484
-11483
-20977
-26708
-27284
-22529
-13547
-2464
8071
15531
18124
15240
7608
-2863
-13539
-21694
-25174
-22923
-15258
-3804
8879
19903
26744
27847
23008
13430
1444
-10040
-18230
-21115
-17953
-9452
2389
14751
24660
29696
28562
21402
9768
-3740
-16081
-24488
-27110
-23450
-14470
-2370
9933
19489
23995
22337
14836
3174
-10002
-21698
-29260
-30980
-26482
-16796
-4110
8737
18907
24204
23562
17269
6882
-5141
-16010
-23227
-25144
-21317
-12579
-836
11371
21439
27272
27724
22829
13764
2566
-8328
-16611
-20598
-19566
-13876
-4870
5444
14830
21300
23513
21037
14409
4991
-5321
-14505
-20812
-23111
-21086
-15278
-6950
2178
10279
15767
17601
15467
9822
1797
-7032
-14943
-20394
-22308
-20275
-14624
-6366
2997
11743
18255
21326
20385
15618
7946
-1143
-9863
-16470
-19603
-18552
-13416
-5102
4831
14468
21899
25605
24765
19436
10561
-202
-10793
-19159
-23661
-23411
-18457
-9790
852
11321
19489
23676
22989
17506
8259
-2970
-14002
-22701
-27390
-27185
-22159
-13316
-2383
8538
17386
22537
23111
19117
11435
1619
-8414
-16757
-21866
-22839
-19557
-12675
-3479
6373
15156
21389
24077
22861
18059
10579
1745
-6935
-14023
-18380
-19340
-16806
-11247
-3621
4785
12557
18379
21238
20593
16466
9452
634
-8577
-16669
-22278
-24419
-22671
-17266
-9070
547
9934
17446
21735
21998
18136
10784
1216
-8878
-17691
-23626
-25585
-23172
-16768
-7458
3158
13264
21146
25502
25659
21680
14337
4956
-4831
-13373
-19282
-21658
-20214
-15302
-7819
962
9610
16770
21364
22742
20752
15744
8489
60
-8328
-15489
-20425
-22454
-21302
-17139
-10562
-2517
5819
13200
18490
20833
19793
15444
8376
-370
-9452
-17427
-22985
-25167
-23534
-18256
-10098
-306
9595
18051
23738
25781
23899
18445
10342
916
-8328
-15950
-20809
-22233
-20100
-14836
-7317
1280
9676
16676
21335
23071
21720
17531
11107
3316
-4831
-12303
-18167
-21692
-22436
-20294
-15522
-8715
-749
7315
14367
19391
21614
20635
16499
9718
1216
-7793
-15984
-22118
-25243
-24846
-20941
-14071
-5225
4317
13185
20136
24233
24981
22385
16923
9452
1064
-7079
-13917
-18615
-20664
-19908
-16541
-11055
-4160
3299
10441
16433
20571
22346
21500
18059
12350
4978
-3219
-11256
-18121
-22898
-24907
-23810
-19683
-13021
-4692
4186
12397
18810
22546
23111
20461
15010
7549
-873
-9116
-16108
-20992
-23227
-22631
-19380
-13947
-7025
575
8021
14540
19489
22393
22979
21192
17198
11380
4318
-3252
-10500
-16581
-20738
-22403
-21287
-17441
-11278
-3530
4831
12726
19119
23164
24330
22475
17858
11093
3053
-5263
-12871
-18928
-22826
-24245
-23158
-19803
-14624
-8203
-1193
5740
11965
16925
20162
21356
20348
17173
12078
5526
-1827
-9185
-15695
-20553
-23111
-22980
-20099
-14756
-7561
632
8844
16108
21593
24718
25209
23119
18786
12774
5772
-1491
-8328
-14156
-18525
-21131
-21815
-20554
-17456
-12759
-6829
-157
6661
12962
18074
21393
22467
21073
17269
11407
4108
-3815
-11459
-17953
-22575
-24845
-24580
-21894
-17166
-10967
-3970
3141
9741
15316
19489
22014
22770
21741
19008
14749
9242
2876
-3856
-10372
-16048
-20279
-22562
-22571
-20219
-15695
-9452
-2160
5382
12349
18005
21791
23390
22743
20034
15633
10027
3752
-2675
-8791
-14203
-18591
-21694
-23307
-23278
-21529
-18082
-13090
-6866
124
7279
13920
19371
23050
24552
23716
20646
15704
9452
2566
-4252
-10371
-15295
-18702
-20448
-20539
-19094
-16300
-12377
-7562
-2112
3683
9486
14901
19489
22805
24451
24142
21768
17438
11484
4439
-3027
-10196
-16398
-21097
-23949
-24833
-23833
-21195
-17269
-12441
-7082
-1521
3964
9127
13732
17535
20273
21685
21548
19726
16225
11226
5098
-1631
-8328
-14339
-19077
-22108
-23198
-22340
-19731
-15719
-10741
-5241
379
5798
10778
15145
18756
21466
23111
23512
22505
19986
15959
10586
4196
-2727
-9595
-15790
-20750
-24052
-25465
-24976
-22770
-19180
-14624
-9523
-4248
917
5776
10197
14077
17297
19700
21088
21249
20007
17276
13115
7755
1596
-4831
-10938
-16157
-20031
-22272
-22793
-21697
-19237
-15748
-11578
-7027
-2319
2403
7049
11537
15747
19489
22499
24467
25085
24121
21478
17245
11701
5294
-1425
-7882
-13568
-18106
-21295
-23105
-23647
-23111
-21701
-19579
-16838
-13498
-9548
-4992
89
5505
10937
15966
20131
23004
24269
23789
21632
18059
13479
8369
3188
-1692
-6031
-9732
-12810
-15333
-17361
-18889
-19825
-19992
-19174
-17181
-13920
-9452
-4016
1983
8031
13586
18168
21437
23239
23614
22759
20961
18517
15660
12521
9114
5374
1216
-3394
-8381
-13521
-18461
-22755
-25952
-27680
-27728
-26088
-22961
-18716
-13812
-8707
-3772
764
4831
8490
11867
15078
18157
21005
23396
25007
25498
24600
22191
18354
13373
7699
1865
-3613
-8328
-12050
-14744
-16547
-17693
-18431
-18934
-19241
-19243
-18710
-17367
-14982
-11457
-6883
-1553
4073
9452
14062
17506
19582
20313
19919
18745
17163
15467
13805
12147
10313
8037
5073
1287
-3267
-8328
-13456
-18116
-21785
-24065
-24768
-23951
-21896
-19028
-15815
-12647
-9751
-7146
-4666
-2023
1077
4831
9250
14115
19011
23395
26721
28561
28704
27204
24367
20675
16664
12802
9378
6445
3833
1216
-1772
-5409
-9781
-14721
-19828
-24540
-28256
-30482
-30944
-29657
-26921
-23245
-19226
-15398
-12111
-9452
-7239
-5094
-2565
728
4965
10045
15584
20986
25578
28767
30179
29755
27760
24720
21282
18059
15470
13644
12393
11282
9753
7294
3603
-1312
-7104
-13150
-18690
-23005
-25590
-26278
-25276
-23111
-20490
-18120
-16519
-15885
-16045
-16506
-16589
-15621
-13129
-8982
-3453
2828
9013
14239
17836
19489
19316
17833
15814
14091
13329
13846
15527
17844
19995
21112
20496
17815
13207
7266
912
-4831
-9088
-11343
-11577
-10263
-8243
-6510
-5936
-7044
-9852
-13860
-18163
-21681
-23433
-22803
-19704
-14624
-8515
-2563
2101
4690
4961
3277
517
-2150
-3571
-2915
95
5096
11155
16996
21313
23111
21957
18111
12473
6364
1202
-1858
-2218
0
3978
8403
11804
12923
11061
6263
-661
-8328
-15110
-19547
-20709
-18446
-13439
-7038
-933
3268
4451
2288
-2670
-9109
-15281
-19436
-20270
-17269
-10860
-2323
6503
13675
17624
17552
13646
7044
-438
-6748
-10116
-9502
-4874
2766
11612
19489
24393
24992
20975
13146
3247
-6453
-13713
-16874
-15271
-9419
-894
8039
14981
17991
16075
9452
-484
-11483
-20977
-26708
-27284
-22529
-13547
-2464
8071
15531
18124
15240
7608
-2863
-13539
-21694
-25174
-22923
-15258
-3804
8879
19903
26744
27847
23008
13430
1444
-10040
-18230
-21115
-17953
-9452
2389
14751
24660
29696
28562
21402
9768
-3740
-16081
-24488
-27110
-23450
-14470
-2370
9933
19489
23995
22337
14836
3174
-10002
-21698
-29260
-30980
-26482
-16796
-4110
8737
18907
24204
23562
17269
6882
-5141
-16010
-23227
-25144
-21317
-12579
-836
11371
21439
27272
27724
22829
13764
2566
-8328
-16611
-20598
-19566
-13876
-4870
5444
14830
21300
23513
21037
14409
4991
-5321
-14505
-20812
-23111
-21086
-15278
-6950
2178
10279
15767
17601
15467
9822
1797
-7032
-14943
-20394
-22308
-20275
-14624
-6366
2997
11743
18255
21326
20385
15618
7946
-1143
-9863
-16470
-19603
-18552
-13416
-5102
4831
14468
21899
25605
24765
19436
10561
-202
-10793
-19159
-23661
-23411
-18457
-9790
852
11321
19489
23676
22989
17506
8259
-2970
-14002
-22701
-27390
-27185
-22159
-13316
-2383
8538
17386
22537
23111
19117
11435
1619
-8414
-16757
-21866
-22839
-19557
-12675
-3479
6373
15156
21389
24077
22861
18059
10579
1745
-6935
-14023
-18380
-19340
-16806
-11247
-3621
4785
12557
18379
21238
20593
16466
9452
634
-8577
-16669
-22278
-24419
-22671
-17266
-9070
547
9934
17446
21735
21998
18136
10784
1216
-8878
-17691
-23626
-25585
-23172
-16768
-7458
3158
13264
21146
25502
25659
21680
14337
4956
-4831
-13373
-19282
-21658
-20214
-15302
-7819
962
9610
16770
21364
22742
20752
15744
8489
60
-8328
-15489
-20425
-22454
-21302
-17139
-10562
-2517
5819
13200
18490
20833
19793
15444
8376
-370
-9452
-17427
-22985
-25167
-23534
-18256
-10098
-306
9595
18051
23738
25781
23899
18445
10342
916
-8328
-15950
-20809
-22233
-20100
-14836
-7317
1280
9676
16676
21335
23071
21720
17531
11107
3316
-4831
-12303
-18167
-21692
-22436
-20294
-15522
-8715
-749
7315
14367
19391
21614
20635
16499
9718
1216
-7793
-15984
-22118
-25243
-24846
-20941
-14071
-5225
4317
13185
20136
24233
24981
22385
16923
9452
1064
-7079
-13917
-18615
-20664
-19908
-16541
-11055
-4160
3299
10441
16433
20571
22346
21500
18059
12350
4978
-3219
-11256
-18121
-22898
-24907
-23810
-19683
-13021
-4692
4186
12397
18810
22546
23111
20461
15010
7549
-873
-9116
-16108
-20992
-23227
-22631
-19380
-13947
-7025
575
8021
14540
19489
22393
22979
21192
17198
11380
4318
-3252
-10500
-16581
-20738
-22403
-21287
-17441
-11278
-3530
4831
12726
19119
23164
24330
22475
17858
11093
3053
-5263
-12871
-18928
-22826
-24245
-23158
-19803
-14624
-8203
-1193
5740
11965
16925
20162
21356
20348
17173
12078
5526
-1827
-9185
-15695
-20553
-23111
-22980
-20099
-14756
-7561
632
8844
16108
21593
24718
25209
23119
18786
12774
5772
-1491
-8328
-14156
-18525
-21131
-21815
-20554
-17456
-12759
-6829
-157
6661
12962
18074
21393
22467
21073
17269
11407
4108
-3815
-11459
-17953
-22575
-24845
-24580
-21894
-17166
-10967
-3970
3141
9741
15316
19489
22014
22770
21741
19008
14749
9242
2876
-3856
-10372
-16048
-20279
-22562
-22571
-20219
-15695
-9452
-2160
5382
12349
18005
21791
23390
22743
20034
15633
10027
3752
-2675
-8791
-14203
-18591
-21694
-23307
-23278
-21529
-18082
-13090
-6866
124
7279
13920
19371
23050
24552
23716
20646
15704
9452
2566
-4252
-10371
-15295
-18702
-20448
-20539
-19094
-16300
-12377
-7562
-2112
3683
9486
14901
19489
22805
24451
24142
21768
17438
11484
4439
-3027
-10196
-16398
-21097
-23949
-24833
-23833
-21195
-17269
-12441
-7082
-1521
3964
9127
13732
17535
20273
21685
21548
19726
16225
11226
5098
-1631
-8328
-14339
-19077
-22108
-23198
-22340
-19731
-15719
-10741
-5241
379
5798
10778
15145
18756
21466
23111
23512
22505
19986
15959
10586
4196
-2727
-9595
-15790
-20750
-24052
-25465
-24976
-22770
-19180
-14624
-9523
-4248
917
5776
10197
14077
17297
19700
21088
21249
20007
17276
13115
7755
1596
-4831
-10938
-16157
-20031
-22272
-22793
-21697
-19237
-15748
-11578
-7027
-2319
2403
7049
11537
15747
19489
22499
24467
25085
24121
21478
17245
11701
5294
-1425
-7882
-13568
-18106
-21295
-23105
-23647
-23111
-21701
-19579
-16838
-13498
-9548
-4992
89
5505
10937
15966
20131
23004
24269
23789
21632
18059
13479
8369
3188
-1692
-6031
-9732
-12810
-15333
-17361
-18889
-19825
-19992
-19174
-17181
-13920
-9452
-4016
1983
8031
13586
18168
21437
23239
23614
22759
20961
18517
15660
12521
9114
5374
1216
-3394
-8381
-13521
-18461
-22755
-25952
-27680
-27728
-26088
-22961
-18716
-13812
-8707
-3772
764
4831
8490
11867
15078
18157
21005
23396
25007
25498
24600
22191
18354
13373
7699
1865
-3613
-8328
-12050
-14744
-16547
-17693
-18431
-18934
-19241
-19243
-18710
-17367
-14982
-11457
-6883
-1553
4073
9452
14062
17506
19582
20313
19919
18745
17163
15467
13805
12147
10313
8037
5073
1287
-3267
-8328
-13456
-18116
-21785
-24065
-24768
-23951
-21896
-19028
-15815
-12647
-9751
-7146
-4666
-2023
1077
4831
9250
14115
19011
23395
26721
28561
28704
27204
24367
20675
16664
12802
9378
6445
3833
1216
-1772
-5409
-9781
-14721
-19828
-24540
-28256
-30482
-30944
-29657
-26921
-23245
-19226
-15398
-12111
-9452
-7239
-5094
-2565
728
4965
10045
15584
20986
25578
28767
30179
29755
27760
24720
21282
18059
15470
13644
12393
11282
9753
7294
3603
-1312
-7104
-13150
-18690
-23005
-25590
-26278
-25276
-23111
-20490
-18120
-16519
-15885
-16045
-16506
-16589
-15621
-13129
-8982
-3453
2828
9013
14239
17836
19489
19316
17833
15814
14091
13329
13846
15527
17844
19995
21112
20496
17815
13207
7266
912
-4831
-9088
-11343
-11577
-10263
-8243
-6510
-5936
-7044
-9852
-13860
-18163
-21681
-23433
-22803
-19704
-14624
-8515
-2563
2101
4690
4961
3277
517
-2150
-3571
-2915
95
5096
11155
16996
21313
23111
21957
18111
12473
6364
1202
-1858
-2218
0
3978
8403
11804
12923
11061
6263
-661
-8328
-15110
-19547
-20709
-18446
-13439
-7038
-933
3268
4451
2288
-2670
-9109
-15281
-19436
-20270
-17269
-10860
-2323
6503
13675
17624
17552
13646
7044
-438
-6748
-10116
-9502
-4874
2766
11612
19489
24393
24992
20975
13146
3247
-6453
-13713
-16874
-15271
-9419
-894
8039
14981
17991
16075
9452
-484
-11483
-20977
-26708
-27284
-22529
-13547
-2464
8071
15531
18124
15240
7608
-2863
-13539
-21694
-25174
-22923
-15258
-3804
8879
19903
26744
27847
23008
13430
1444
-10040
-18230
-21115
-17953
-9452
2389
14751
24660
29696
28562
21402
9768
-3740
-16081
-24488
-27110
-23450
-14470
-2370
9933
19489
23995
22337
14836
3174
-10002
-21698
-29260
-30980
-26482
-16796
-4110
8737
18907
24204
23562
17269
6882
-5141
-16010
-23227
-25144
-21317
-12579
-836
11371
21439
27272
27724
22829
13764
2566
-8328
-16611
-20598
-19566
-13876
-4870
5444
14830
21300
23513
21037
14409
4991
-5321
-14505
-20812
-23111
-21086
-15278
-6950
2178
10279
15767
17601
15467
9822
1797
-7032
-14943
-20394
-22308
-20275
-14624
-6366
2997
11743
18255
21326
20385
15618
7946
-1143
-9863
-16470
-19603
-18552
-13416
-5102
4831
14468
21899
25605
24765
19436
10561
-202
-10793
-19159
-23661
-23411
-18457
-9790
852
11321
19489
23676
22989
17506
8259
-2970
-14002
-22701
-27390
-27185
-22159
-13316
-2383
8538
17386
22537
23111
19117
11435
1619
-8414
-16757
-21866
-22839
-19557
-12675
-3479
6373
15156
21389
24077
22861
18059
10579
1745
-6935
-14023
-18380
-19340
-16806
-11247
-3621
4785
12557
18379
21238
20593
16466
9452
634
-8577
-16669
-22278
-24419
-22671
-17266
-9070
547
9934
17446
21735
21998
18136
10784
1216
-8878
-17691
-23626
-25585
-23172
-16768
-7458
3158
13264
21146
25502
25659
21680
14337
4956
-4831
-13373
-19282
-21658
-20214
-15302
-7819
962
9610
16770
21364
22742
20752
15744
8489
60
-8328
-15489
-20425
-22454
-21302
-17139
-10562
-2517
5819
13200
18490
20833
19793
15444
8376
-370
-9452
-17427
-22985
-25167
-23534
-18256
-10098
-306
9595
18051
23738
25781
23899
18445
10342
916
-8328
-15950
-20809
-22233
-20100
-14836
-7317
1280
9676
16676
21335
23071
21720
17531
11107
3316
-4831
-12303
-18167
-21692
-22436
-20294
-15522
-8715
-749
7315
14367
19391
21614
20635
16499
9718
1216
-7793
-15984
-22118
-25243
-24846
-20941
-14071
-5225
4317
13185
20136
24233
24981
22385
16923
9452
1064
-7079
-13917
-18615
-20664
-19908
-16541
-11055
-4160
3299
10441
16433
20571
22346
21500
18059
12350
4978
-3219
-11256
-18121
-22898
-24907
-23810
-19683
-13021
-4692
4186
12397
18810
22546
23111
20461
15010
7549
-873
-9116
-16108
-20992
-23227
-22631
-19380
-13947
-7025
575
8021
14540
19489
22393
22979
21192
17198
11380
4318
-3252
-10500
-16581
-20738
-22403
-21287
-17441
-11278
-3530
4831
12726
19119
23164
24330
22475
17858
11093
3053
-5263
-12871
-18928
-22826
-24245
-23158
-19803
-14624
-8203
-1193
5740
11965
16925
20162
21356
20348
17173
12078
5526
-1827
-9185
-15695
-20553
-23111
-22980
-20099
-14756
-7561
632
8844
16108
21593
24718
25209
23119
18786
12774
5772
-1491
-8328
-14156
-18525
-21131
-21815
-20554
-17456
-12759
-6829
-157
6661
12962
18074
21393
22467
21073
17269
11407
4108
-3815
-11459
-17953
-22575
-24845
-24580
-21894
-17166
-10967
-3970
3141
9741
15316
19489
22014
22770
21741
19008
14749
9242
2876
-3856
-10372
-16048
-20279
-22562
-22571
-20219
-15695
-9452
-2160
5382
12349
18005
21791
23390
22743
20034
15633
10027
3752
-2675
-8791
-14203
-18591
-21694
-23307
-23278
-21529
-18082
-13090
-6866
124
7279
13920
19371
23050
24552
23716
20646
15704
9452
2566
-4252
-10371
-15295
-18702
-20448
-20539
-19094
-16300
-12377
-7562
-2112
3683
9486
14901
19489
22805
24451
24142
21768
17438
11484
4439
-3027
-10196
-16398
-21097
-23949
-24833
-23833
-21195
-17269
-12441
-7082
-1521
3964
9127
13732
17535
20273
21685
21548
19726
16225
11226
5098
-1631
-8328
-14339
-19077
-22108
-23198
-22340
-19731
-15719
-10741
-5241
379
5798
10778
15145
18756
21466
23111
23512
22505
19986
15959
10586
4196
-2727
-9595
-15790
-20750
-24052
-25465
-24976
-22770
-19180
-14624
-9523
-4248
917
5776
10197
14077
17297
19700
21088
21249
20007
17276
13115
7755
1596
-4831
-10938
-16157
-20031
-22272
-22793
-21697
-19237
-15748
-11578
-7027
-2319
2403
7049
11537
15747
19489
22499
24467
25085
24121
21478
17245
11701
5294
-1425
-7882
-13568
-18106
-21295
-23105
-23647
-23111
-21701
-19579
-16838
-13498
-9548
-4992
89
5505
10937
15966
20131
23004
24269
23789
21632
18059
13479
8369
3188
-1692
-6031
-9732
-12810
-15333
-17361
-18889
-19825
-19992
-19174
-17181
-13920
-9452
-4016
1983
8031
13586
18168
21437
23239
23614
22759
20961
18517
15660
12521
9114
5374
1216
-3394
-8381
-13521
-18461
-22755
-25952
-27680
-27728
-26088
-22961
-18716
-13812
-8707
-3772
764
4831
8490
11867
15078
18157
21005
23396
25007
25498
24600
22191
18354
13373
7699
1865
-3613
-8328
-12050
-14744
-16547
-17693
-18431
-18934
-19241
-19243
-18710
-17367
-14982
-11457
-6883
-1553
4073
9452
14062
17506
19582
20313
19919
18745
17163
15467
13805
12147
10313
8037
5073
1287
-3267
-8328
-13456
-18116
-21785
-24065
-24768
-23951
-21896
-19028
-15815
-12647
-9751
-7146
-4666
-2023
1077
4831
9250
14115
19011
23395
26721
28561
28704
27204
24367
20675
16664
12802
9378
6445
3833
1216
-1772
-5409
-9781
-14721
-19828
-24540
-28256
-30482
-30944
-29657
-26921
-23245
-19226
-15398
-12111
-9452
-7239
-5094
-2565
728
4965
10045
15584
20986
25578
28767
30179
29755
27760
24720
21282
18059
15470
13644
12393
11282
9753
7294
3603
-1312
-7104
-13150
-18690
-23005
-25590
-26278
-25276
-23111
-20490
-18120
-16519
-15885
-16045
-16506
-16589
-15621
-13129
-8982
-3453
2828
9013
14239
17836
19489
19316
17833
15814
14091
13329
13846
15527
17844
19995
21112
20496
17815
13207
7266
912
-4831
-9088
-11343
-11577
-10263
-8243
-6510
-5936
-7044
-9852
-13860
-18163
-21681
-23433
-22803
-19704
-14624
-8515
-2563
2101
4690
4961
3277
517
-2150
-3571
-2915
95
5096
11155
16996
21313
23111
21957
18111
12473
6364
1202
-1858
-2218
0
3978
8403
11804
12923
11061
6263
-661
-8328
-15110
-19547
-20709
-18446
-13439
-7038
-933
3268
4451
2288
-2670
-9109
-15281
-19436
-20270
-17269
-10860
-2323
6503
13675
17624
17552
13646
7044
-438
-6748
-10116
-9502
-4874
2766
11612
19489
24393
24992
20975
13146
3247
-6453
-13713
-16874
-15271
-9419
-894
8039
14981
17991
16075
9452
-484
-11483
-20977
-26708
-27284
-22529
-13547
-2464
8071
15531
18124
15240
7608
-2863
-13539
-21694
-25174
-22923
-15258
-3804
8879
19903
26744
27847
23008
13430
1444
-10040
-18230
-21115
-17953
-9452
2389
14751
24660
29696
28562
21402
9768
-3740
-16081
-24488
-27110
-23450
-14470
-2370
9933
19489
23995
22337
14836
3174
-10002
-21698
-29260
-30980
-26482
-16796
-4110
8737
18907
24204
23562
17269
6882
-5141
-16010
-23227
-25144
-21317
-12579
-836
11371
21439
27272
27724
22829
13764
2566
-8328
-16611
-20598
-19566
-13876
-4870
5444
14830
21300
23513
21037
14409
4991
-5321
-14505
-20812
-23111
-21086
-15278
-6950
2178
10279
15767
17601
15467
9822
1797
-7032
-14943
-20394
-22308
-20275
-14624
-6366
2997
11743
18255
21326
20385
15618
7946
-1143
-9863
-16470
-19603
-18552
-13416
-5102
4831
14468
21899
25605
24765
19436
10561
-202
-10793
-19159
-23661
-23411
-18457
-9790
852
11321
19489
23676
22989
17506
8259
-2970
-14002
-22701
-27390
-27185
-22159
-13316
-2383
8538
17386
22537
23111
19117
11435
1619
-8414
-16757
-21866
-22839
-19557
-12675
-3479
6373
15156
21389
24077
22861
18059
10579
1745
-6935
-14023
-18380
-19340
-16806
-11247
-3621
4785
12557
18379
21238
20593
16466
9452
634
-8577
-16669
-22278
-24419
-22671
-17266
-9070
547
9934
17446
21735
21998
18136
10784
1216
-8878
-17691
-23626
-25585
-23172
-16768
-7458
3158
13264
21146
25502
25659
21680
14337
4956
-4831
-13373
-19282
-21658
-20214
-15302
-7819
962
9610
16770
21364
22742
20752
15744
8489
60
-8328
-15489
-20425
-22454
-21302
-17139
-10562
-2517
5819
13200
18490
20833
19793
15444
8376
-370
-9452
-17427
-22985
-25167
-23534
-18256
-10098
-306
9595
18051
23738
25781
23899
18445
10342
916
-8328
-15950
-20809
-22233
-20100
-14836
-7317
1280
9676
16676
21335
23071
21720
17531
11107
3316
-4831
-12303
-18167
-21692
-22436
-20294
-15522
-8715
-749
7315
14367
19391
21614
20635
16499
9718
1216
-7793
-15984
-22118
-25243
-24846
-20941
-14071
-5225
4317
13185
20136
24233
24981
22385
16923
9452
1064
-7079
-13917
-18615
-20664
-19908
-16541
-11055
-4160
3299
10441
16433
20571
22346
21500
18059
12350
4978
-3219
-11256
-18121
-22898
-24907
-23810
-19683
-13021
-4692
4186
12397
18810
22546
23111
20461
15010
7549
-873
-9116
-16108
-20992
-23227
-22631
-19380
-13947
-7025
575
8021
14540
19489
22393
22979
21192
17198
11380
4318
-3252
-10500
-16581
-20738
-22403
-21287
-17441
-11278
-3530
4831
12726
19119
23164
24330
22475
17858
11093
3053
-5263
-12871
-18928
-22826
-24245
-23158
-19803
-14624
-8203
-1193
5740
11965
16925
20162
21356
20348
17173
12078
5526
-1827
-9185
-15695
-20553
-23111
-22980
-20099
-14756
-7561
632
8844
16108
21593
24718
25209
23119
18786
12774
5772
-1491
-8328
-14156
-18525
-21131
-21815
-20554
-17456
-12759
-6829
-157
6661
12962
18074
21393
22467
21073
17269
11407
4108
-3815
-11459
-17953
-22575
-24845
-24580
-21894
-17166
-10967
-3970
3141
9741
15316
19489
22014
22770
21741
19008
14749
9242
2876
-3856
-10372
-16048
-20279
-22562
-22571
-20219
-15695
-9452
-2160
5382
12349
18005
21791
23390
22743
20034
15633
10027
3752
-2675
-8791
-14203
-18591
-21694
-23307
-23278
-21529
-18082
-13090
-6866
124
7279
13920
19371
23050
24552
23716
20646
15704
9452
2566
-4252
-10371
-15295
-18702
-20448
-20539
-19094
-16300
-12377
-7562
-2112
3683
9486
14901
19489
22805
24451
24142
21768
17438
11484
4439
-3027
-10196
-16398
-21097
-23949
-24833
-23833
-21195
-17269
-12441
-7082
-1521
3964
9127
13732
17535
20273
21685
21548
19726
16225
11226
5098
-1631
-8328
-14339
-19077
-22108
-23198
-22340
-19731
-15719
-10741
-5241
379
5798
10778
15145
18756
21466
23111
23512
22505
19986
15959
10586
4196
-2727
-9595
-15790
-20750
-24052
-25465
-24976
-22770
-19180
-14624
-9523
-4248
917
5776
10197
14077
17297
19700
21088
21249
20007
17276
13115
7755
1596
-4831
-10938
-16157
-20031
-22272
-22793
-21697
-19237
-15748
-11578
-7027
-2319
2403
7049
11537
15747
19489
22499
24467
25085
24121
21478
17245
11701
5294
-1425
-7882
-13568
-18106
-21295
-23105
-23647
-23111
-21701
-19579
-16838
-13498
-9548
-4992
89
5505
10937
15966
20131
23004
24269
23789
21632
18059
13479
8369
3188
-1692
-6031
-9732
-12810
-15333
-17361
-18889
-19825
-19992
-19174
-17181
-13920
-9452
-4016
1983
8031
13586
18168
21437
23239
23614
22759
20961
18517
15660
12521
9114
5374
1216
-3394
-8381
-13521
-18461
-22755
-25952
-27680
-27728
-26088
-22961
-18716
-13812
-8707
-3772
764
4831
8490
11867
15078
18157
21005
23396
25007
25498
24600
22191
18354
13373
7699
1865
-3613
-8328
-12050
-14744
-16547
-17693
-18431
-18934
-19241
-19243
-18710
-17367
-14982
-11457
-6883
-1553
4073
9452
14062
17506
19582
20313
19919
18745
17163
15467
13805
12147
10313
8037
5073
1287
-3267
-8328
-13456
-18116
-21785
-24065
-24768
-23951
-21896
-19028
-15815
-12647
-9751
-7146
-4666
-2023
1077
4831
9250
14115
19011
23395
26721
28561
28704
27204
24367
20675
16664
12802
9378
6445
3833
1216
-1772
-5409
-9781
-14721
-19828
-24540
-28256
-30482
-30944
-29657
-26921
-23245
-19226
-15398
-12111
-9452
-7239
-5094
-2565
728
4965
10045
15584
20986
25578
28767
30179
29755
27760
24720
21282
18059
15470
13644
12393
11282
9753
7294
3603
-1312
-7104
-13150
-18690
-23005
-25590
-26278
-25276
-23111
-20490
-18120
-16519
-15885
-16045
-16506
-16589
-15621
-13129
-8982
-3453
2828
9013
14239
17836
19489
19316
17833
15814
14091
13329
13846
15527
17844
19995
21112
20496
17815
13207
7266
912
-4831
-9088
-11343
-11577
-10263
-8243
-6510
-5936
-7044
-9852
-13860
-18163
-21681
-23433
-22803
-19704
-14624
-8515
-2563
2101
4690
4961
3277
517
-2150
-3571
-2915
95
5096
11155
16996
21313
23111
21957
18111
12473
6364
1202
-1858
-2218
0
3978
8403
11804
12923
11061
6263
-661
-8328
-15110
-19547
-20709
-18446
-13439
-7038
-933
3268
4451
2288
-2670
-9109
-15281
-19436
-20270
-17269
-10860
-2323
6503
13675
17624
17552
13646
7044
-438
-6748
-10116
-9502
-4874
2766
11612
19489
24393
24992
20975
13146
3247
-6453
-13713
-16874
-15271
-9419
-894
8039
14981
17991
16075
9452
-484
-11483
-20977
-26708
-27284
-22529
-13547
-2464
8071
15531
18124
15240
7608
-2863
-13539
-21694
-25174
-22923
-15258
-3804
8879
19903
26744
27847
23008
13430
1444
-10040
-18230
-21115
-17953
-9452
2389
14751
24660
29696
28562
21402
9768
-3740
-16081
-24488
-27110
-23450
-14470
-2370
9933
19489
23995
22337
14836
3174
-10002
-21698
-29260
-30980
-26482
-16796
-4110
8737
18907
24204
23562
17269
6882
-5141
-16010
-23227
-25144
-21317
-12579
-836
11371
21439
27272
27724
22829
13764
2566
-8328
-16611
-20598
-19566
-13876
-4870
5444
14830
21300
23513
21037
14409
4991
-5321
-14505
-20812
-23111
-21086
-15278
-6950
2178
10279
15767
17601
15467
9822
1797
-7032
-14943
-20394
-22308
-20275
-14624
-6366
2997
11743
18255
21326
20385
15618
7946
-1143
-9863
-16470
-19603
-18552
-13416
-5102
4831
14468
21899
25605
24765
19436
10561
-202
-10793
-19159
-23661
-23411
-18457
-9790
852
11321
19489
23676
22989
17506
8259
-2970
-14002
-22701
-27390
-27185
-22159
-13316
-2383
8538
17386
22537
23111
19117
11435
1619
-8414
-16757
-21866
-22839
-19557
-12675
-3479
6373
15156
21389
24077
22861
18059
10579
1745
-6935
-14023
-18380
-19340
-16806
-11247
-3621
4785
12557
18379
21238
20593
16466
9452
634
-8577
-16669
-22278
-24419
-22671
-17266
-9070
547
9934
17446
21735
21998
18136
10784
1216
-8878
-17691
-23626
-25585
-23172
-16768
-7458
3158
13264
21146
25502
25659
21680
14337
4956
-4831
-13373
-19282
-21658
-20214
-15302
-7819
962
9610
16770
21364
22742
20752
15744
8489
60
-8328
-15489
-20425
-22454
-21302
-17139
-10562
-2517
5819
13200
18490
20833
19793
15444
8376
-370
-9452
-17427
-22985
-25167
-23534
-18256
-10098
-306
9595
18051
23738
25781
23899
18445
10342
916
-8328
-15950
-20809
-22233
-20100
-14836
-7317
1280
9676
16676
21335
23071
21720
17531
11107
3316
-4831
-12303
-18167
-21692
-22436
-20294
-15522
-8715
-749
7315
14367
19391
21614
20635
16499
9718
1216
-7793
-15984
-22118
-25243
-24846
-20941
-14071
-5225
4317
13185
20136
24233
24981
22385
16923
9452
1064
-7079
-13917
-18615
-20664
-19908
-16541
-11055
-4160
3299
10441
16433
20571
22346
21500
18059
12350
4978
-3219
-11256
-18121
-22898
-24907
-23810
-19683
-13021
-4692
4186
12397
18810
22546
23111
20461
15010
7549
-873
-9116
-16108
-20992
-23227
-22631
-19380
-13947
-7025
575
8021
14540
19489
22393
22979
21192
17198
11380
4318
-3252
-10500
-16581
-20738
-22403
-21287
-17441
-11278
-3530
4831
12726
19119
23164
24330
22475
17858
11093
3053
-5263
-12871
-18928
-22826
-24245
-23158
-19803
-14624
-8203
-1193
5740
11965
16925
20162
21356
20348
17173
12078
5526
-1827
-9185
-15695
-20553
-23111
-22980
-20099
-14756
-7561
632
8844
16108
21593
24718
25209
23119
18786
12774
5772
-1491
-8328
-14156
-18525
-21131
-21815
-20554
-17456
-12759
-6829
-157
6661
12962
18074
21393
22467
21073
17269
11407
4108
-3815
-11459
-17953
-22575
-24845
-24580
-21894
-17166
-10967
-3970
3141
9741
15316
19489
22014
22770
21741
19008
14749
9242
2876
-3856
-10372
-16048
-20279
-22562
-22571
-20219
-15695
-9452
-2160
5382
12349
18005
21791
23390
22743
20034
15633
10027
3752
-2675
-8791
-14203
-18591
-21694
-23307
-23278
-21529
-18082
-13090
-6866
124
7279
13920
19371
23050
24552
23716
20646
15704
9452
2566
-4252
-10371
-15295
-18702
-20448
-20539
-19094
-16300
-12377
-7562
-2112
3683
9486
14901
19489
22805
24451
24142
21768
17438
11484
4439
-3027
-10196
-16398
-21097
-23949
-24833
-23833
-21195
-17269
-12441
-7082
-1521
3964
9127
13732
17535
20273
21685
21548
19726
16225
11226
5098
-1631
-8328
-14339
-19077
-22108
-23198
-22340
-19731
-15719
-10741
-5241
379
5798
10778
15145
18756
21466
23111
23512
22505
19986
15959
10586
4196
-2727
-9595
-15790
-20750
-24052
-25465
-24976
-22770
-19180
-14624
-9523
-4248
917
5776
10197
14077
17297
19700
21088
21249
20007
17276
13115
7755
1596
-4831
-10938
-16157
-20031
-22272
-22793
-21697
-19237
-15748
-11578
-7027
-2319
2403
7049
11537
15747
19489
22499
24467
25085
24121
21478
17245
11701
5294
-1425
-7882
-13568
-18106
-21295
-23105
-23647
-23111
-21701
-19579
-16838
-13498
-9548
-4992
89
5505
10937
15966
20131
23004
24269
23789
21632
18059
13479
8369
3188
-1692
-6031
-9732
-12810
-15333
-17361
-18889
-19825
-19992
-19174
-17181
-13920
-9452
-4016
1983
8031
13586
18168
21437
23239
23614
22759
20961
18517
15660
12521
9114
5374
1216
-3394
-8381
-13521
-18461
-22755
-25952
-27680
-27728
-26088
-22961
-18716
-13812
-8707
-3772
764
4831
8490
11867
15078
18157
21005
23396
25007
25498
24600
22191
18354
13373
7699
1865
-3613
-8328
-12050
-14744
-16547
-17693
-18431
-18934
-19241
-19243
-18710
-17367
-14982
-11457
-6883
-1553
4073
9452
14062
17506
19582
20313
19919
18745
17163
15467
13805
12147
10313
8037
5073
1287
-3267
-8328
-13456
-18116
-21785
-24065
-24768
-23951
-21896
-19028
-15815
-12647
-9751
-7146
-4666
-2023
1077
4831
9250
14115
19011
23395
26721
28561
28704
27204
24367
20675
16664
12802
9378
6445
3833
1216
-1772
-5409
-9781
-14721
-19828
-24540
-28256
-30482
-30944
-29657
-26921
-23245
-19226
-15398
-12111
-9452
-7239
-5094
-2565
728
4965
10045
15584
20986
25578
28767
30179
29755
27760
24720
21282
18059
15470
13644
12393
11282
9753
7294
3603
-1312
-7104
-13150
-18690
-23005
-25590
-26278
-25276
-23111
-20490
-18120
-16519
-15885
-16045
-16506
-16589
-15621
-13129
-8982
-3453
2828
9013
14239
17836
19489
19316
17833
15814
14091
13329
13846
15527
17844
19995
21112
20496
17815
13207
7266
912
-4831
-9088
-11343
-11577
-10263
-8243
-6510
-5936
-7044
-9852
-13860
-18163
-21681
-23433
-22803
-19704
-14624
-8515
-2563
2101
4690
4961
3277
517
-2150
-3571
-2915
95
5096
11155
16996
21313
23111
21957
18111
12473
6364
1202
-1858
-2218
0
3978
8403
11804
12923
11061
6263
-661
-8328
-15110
-19547
-20709
-18446
-13439
-7038
-933
3268
4451
2288
-2670
-9109
-15281
-19436
-20270
17269
10860
2323
-6503
-13675
-17624
-17552
-13646
-7044
438
6748
10116
9502
4874
-2766
-11612
-19489
-24393
-24992
-20975
-13146
-3247
6453
13713
16874
15271
9419
894
-8039
-14981
-17991
-16075
-9452
484
11483
20977
26708
27284
22529
13547
2464
-8071
-15531
-18124
-15240
-7608
2863
13539
21694
25174
22923
15258
3804
-8879
-19903
-26744
-27847
-23008
-13430
-1444
10040
18230
21115
17953
9452
-2389
-14751
-24660
-29696
-28562
-21402
-9768
3740
16081
24488
27110
23450
14470
2370
-9933
-19489
-23995
-22337
-14836
-3174
10002
21698
29260
30980
26482
16796
4110
-8737
-18907
-24204
-23562
-17269
-6882
5141
16010
23227
25144
21317
12579
836
-11371
-21439
-27272
-27724
-22829
-13764
-2566
8328
16611
20598
19566
13876
4870
-5444
-14830
-21300
-23513
-21037
-14409
-4991
5321
14505
20812
23111
21086
15278
6950
-2178
-10279
-15767
-17601
-15467
-9822
-1797
7032
14943
20394
22308
20275
14624
6366
-2997
-11743
-18255
-21326
-20385
-15618
-7946
1143
9863
16470
19603
18552
13416
5102
-4831
-14468
-21899
-25605
-24765
-19436
-10561
202
10793
19159
23661
23411
18457
9790
-852
-11321
-19489
-23676
-22989
-17506
-8259
2970
14002
22701
27390
27185
22159
13316
2383
-8538
-17386
-22537
-23111
-19117
-11435
-1619
8414
16757
21866
22839
19557
12675
3479
-6373
-15156
-21389
-24077
-22861
-18059
-10579
-1745
6935
14023
18380
19340
16806
11247
3621
-4785
-12557
-18379
-21238
-20593
-16466
-9452
-634
8577
16669
22278
24419
22671
17266
9070
-547
-9934
-17446
-21735
-21998
-18136
-10784
-1216
8878
17691
23626
25585
23172
16768
7458
-3158
-13264
-21146
-25502
-25659
-21680
-14337
-4956
4831
13373
19282
21658
20214
15302
7819
-962
-9610
-16770
-21364
-22742
-20752
-15744
-8489
-60
8328
15489
20425
22454
21302
17139
10562
2517
-5819
-13200
-18490
-20833
-19793
-15444
-8376
370
9452
17427
22985
25167
23534
18256
10098
306
-9595
-18051
-23738
-25781
-23899
-18445
-10342
-916
8328
15950
20809
22233
20100
14836
7317
-1280
-9676
-16676
-21335
-23071
-21720
-17531
-11107
-3316
4831
12303
18167
21692
22436
20294
15522
8715
749
-7315
-14367
-19391
-21614
-20635
-16499
-9718
-1216
7793
15984
22118
25243
24846
20941
14071
5225
-4317
-13185
-20136
-24233
-24981
-22385
-16923
-9452
-1064
7079
13917
18615
20664
19908
16541
11055
4160
-3299
-10441
-16433
-20571
-22346
-21500
-18059
-12350
-4978
3219
11256
18121
22898
24907
23810
19683
13021
4692
-4186
-12397
-18810
-22546
-23111
-20461
-15010
-7549
873
9116
16108
20992
23227
22631
19380
13947
7025
-575
-8021
-14540
-19489
-22393
-22979
-21192
-17198
-11380
-4318
3252
10500
16581
20738
22403
21287
17441
11278
3530
-4831
-12726
-19119
-23164
-24330
-22475
-17858
-11093
-3053
5263
12871
18928
22826
24245
23158
19803
14624
8203
1193
-5740
-11965
-16925
-20162
-21356
-20348
-17173
-12078
-5526
1827
9185
15695
20553
23111
22980
20099
14756
7561
-632
-8844
-16108
-21593
-24718
-25209
-23119
-18786
-12774
-5772
1491
8328
14156
18525
21131
21815
20554
17456
12759
6829
157
-6661
-12962
-18074
-21393
-22467
-21073
-17269
-11407
-4108
3815
11459
17953
22575
24845
24580
21894
17166
10967
3970
-3141
-9741
-15316
-19489
-22014
-22770
-21741
-19008
-14749
-9242
-2876
3856
10372
16048
20279
22562
22571
20219
15695
9452
2160
-5382
-12349
-18005
-21791
-23390
-22743
-20034
-15633
-10027
-3752
2675
8791
14203
18591
21694
23307
23278
21529
18082
13090
6866
-124
-7279
-13920
-19371
-23050
-24552
-23716
-20646
-15704
-9452
-2566
4252
10371
15295
18702
20448
20539
19094
16300
12377
7562
2112
-3683
-9486
-14901
-19489
-22805
-24451
-24142
-21768
-17438
-11484
-4439
3027
10196
16398
21097
23949
24833
23833
21195
17269
12441
7082
1521
-3964
-9127
-13732
-17535
-20273
-21685
-21548
-19726
-16225
-11226
-5098
1631
8328
14339
19077
22108
23198
22340
19731
15719
10741
5241
-379
-5798
-10778
-15145
-18756
-21466
-23111
-23512
-22505
-19986
-15959
-10586
-4196
2727
9595
15790
20750
24052
25465
24976
22770
19180
14624
9523
4248
-917
-5776
-10197
-14077
-17297
-19700
-21088
-21249
-20007
-17276
-13115
-7755
-1596
4831
10938
16157
20031
22272
22793
21697
19237
15748
11578
7027
2319
-2403
-7049
-11537
-15747
-19489
-22499
-24467
-25085
-24121
-21478
-17245
-11701
-5294
1425
7882
13568
18106
21295
23105
23647
23111
21701
19579
16838
13498
9548
4992
-89
-5505
-10937
-15966
-20131
-23004
-24269
-23789
-21632
-18059
-13479
-8369
-3188
1692
6031
9732
12810
15333
17361
18889
19825
19992
19174
17181
13920
9452
4016
-1983
-8031
-13586
-18168
-21437
-23239
-23614
-22759
-20961
-18517
-15660
-12521
-9114
-5374
-1216
3394
8381
13521
18461
22755
25952
27680
27728
26088
22961
18716
13812
8707
3772
-764
-4831
-8490
-11867
-15078
-18157
-21005
-23396
-25007
-25498
-24600
-22191
-18354
-13373
-7699
-1865
3613
8328
12050
14744
16547
17693
18431
18934
19241
19243
18710
17367
14982
11457
6883
1553
-4073
-9452
-14062
-17506
-19582
-20313
-19919
-18745
-17163
-15467
-13805
-12147
-10313
-8037
-5073
-1287
3267
8328
13456
18116
21785
24065
24768
23951
21896
19028
15815
12647
9751
7146
4666
2023
-1077
-4831
-9250
-14115
-19011
-23395
-26721
-28561
-28704
-27204
-24367
-20675
-16664
-12802
-9378
-6445
-3833
-1216
1772
5409
9781
14721
19828
24540
28256
30482
30944
29657
26921
23245
19226
15398
12111
9452
7239
5094
2565
-728
-4965
-10045
-15584
-20986
-25578
-28767
-30179
-29755
-27760
-24720
-21282
-18059
-15470
-13644
-12393
-11282
-9753
-7294
-3603
1312
7104
13150
18690
23005
25590
26278
25276
23111
20490
18120
16519
15885
16045
16506
16589
15621
13129
8982
3453
-2828
-9013
-14239
-17836
-19489
-19316
-17833
-15814
-14091
-13329
-13846
-15527
-17844
-19995
-21112
-20496
-17815
-13207
-7266
-912
4831
9088
11343
11577
10263
8243
6510
5936
7044
9852
13860
18163
21681
23433
22803
19704
14624
8515
2563
-2101
-4690
-4961
-3277
-517
2150
3571
2915
-95
-5096
-11155
-16996
-21313
-23111
-21957
-18111
-12473
-6364
-1202
1858
2218
0
-3978
-8403
-11804
-12923
-11061
-6263
661
8328
15110
19547
20709
18446
13439
7038
933
-3268
-4451
-2288
2670
9109
15281
19436
20270
-17269
-10860
-2323
6503
13675
17624
17552
13646
7044
-438
-6748
-10116
-9502
-4874
2766
11612
19489
24393
24992
20975
13146
3247
-6453
-13713
-16874
-15271
-9419
-894
8039
14981
17991
16075
9452
-484
-11483
-20977
-26708
-27284
-22529
-13547
-2464
8071
15531
18124
15240
7608
-2863
-13539
-21694
-25174
-22923
-15258
-3804
8879
19903
26744
27847
23008
13430
1444
-10040
-18230
-21115
-17953
-9452
2389
14751
24660
29696
28562
21402
9768
-3740
-16081
-24488
-27110
-23450
-14470
-2370
9933
19489
23995
22337
14836
3174
-10002
-21698
-29260
-30980
-26482
-16796
-4110
8737
18907
24204
23562
17269
6882
-5141
-16010
-23227
-25144
-21317
-12579
-836
11371
21439
27272
27724
22829
13764
2566
-8328
-16611
-20598
-19566
-13876
-4870
5444
14830
21300
23513
21037
14409
4991
-5321
-14505
-20812
-23111
-21086
-15278
-6950
2178
10279
15767
17601
15467
9822
1797
-7032
-14943
-20394
-22308
-20275
-14624
-6366
2997
11743
18255
21326
20385
15618
7946
-1143
-9863
-16470
-19603
-18552
-13416
-5102
4831
14468
21899
25605
24765
19436
10561
-202
-10793
-19159
-23661
-23411
-18457
-9790
852
11321
19489
23676
22989
17506
8259
-2970
-14002
-22701
-27390
-27185
-22159
-13316
-2383
8538
17386
22537
23111
19117
11435
1619
-8414
-16757
-21866
-22839
-19557
-12675
-3479
6373
15156
21389
24077
22861
18059
10579
1745
-6935
-14023
-18380
-19340
-16806
-11247
-3621
4785
12557
18379
21238
20593
16466
9452
634
-8577
-16669
-22278
-24419
-22671
-17266
-9070
547
9934
17446
21735
21998
18136
10784
1216
-8878
-17691
-23626
-25585
-23172
-16768
-7458
3158
13264
21146
25502
25659
21680
14337
4956
-4831
-13373
-19282
-21658
-20214
-15302
-7819
962
9610
16770
21364
22742
20752
15744
8489
60
-8328
-15489
-20425
-22454
-21302
-17139
-10562
-2517
5819
13200
18490
20833
19793
15444
8376
-370
-9452
-17427
-22985
-25167
-23534
-18256
-10098
-306
9595
18051
23738
25781
23899
18445
10342
916
-8328
-15950
-20809
-22233
-20100
-14836
-7317
1280
9676
16676
21335
23071
21720
17531
11107
3316
-4831
-12303
-18167
-21692
-22436
-20294
-15522
-8715
-749
7315
14367
19391
21614
20635
16499
9718
1216
-7793
-15984
-22118
-25243
-24846
-20941
-14071
-5225
4317
13185
20136
24233
24981
22385
16923
9452
1064
-7079
-13917
-18615
-20664
-19908
-16541
-11055
-4160
3299
10441
16433
20571
22346
21500
18059
12350
4978
-3219
-11256
-18121
-22898
-24907
-23810
-19683
-13021
-4692
4186
12397
18810
22546
23111
20461
15010
7549
-873
-9116
-16108
-20992
-23227
-22631
-19380
-13947
-7025
575
8021
14540
19489
22393
22979
21192
17198
11380
4318
-3252
-10500
-16581
-20738
-22403
-21287
-17441
-11278
-3530
4831
12726
19119
23164
24330
22475
17858
11093
3053
-5263
-12871
-18928
-22826
-24245
-23158
-19803
-14624
-8203
-1193
5740
11965
16925
20162
21356
20348
17173
12078
5526
-1827
-9185
-15695
-20553
-23111
-22980
-20099
-14756
-7561
632
8844
16108
21593
24718
25209
23119
18786
12774
5772
-1491
-8328
-14156
-18525
-21131
-21815
-20554
-17456
-12759
-6829
-157
6661
12962
18074
21393
22467
21073
17269
11407
4108
-3815
-11459
-17953
-22575
-24845
-24580
-21894
-17166
-10967
-3970
3141
9741
15316
19489
22014
22770
21741
19008
14749
9242
2876
-3856
-10372
-16048
-20279
-22562
-22571
-20219
-15695
-9452
-2160
5382
12349
18005
21791
23390
22743
20034
15633
10027
3752
-2675
-8791
-14203
-18591
-21694
-23307
-23278
-21529
-18082
-13090
-6866
124
7279
13920
19371
23050
24552
23716
20646
15704
9452
2566
-4252
-10371
-15295
-18702
-20448
-20539
-19094
-16300
-12377
-7562
-2112
3683
9486
14901
19489
22805
24451
24142
21768
17438
11484
4439
-3027
-10196
-16398
-21097
-23949
-24833
-23833
-21195
-17269
-12441
-7082
-1521
3964
9127
13732
17535
20273
21685
21548
19726
16225
11226
5098
-1631
-8328
-14339
-19077
-22108
-23198
-22340
-19731
-15719
-10741
-5241
379
5798
10778
15145
18756
21466
23111
23512
22505
19986
15959
10586
4196
-2727
-9595
-15790
-20750
-24052
-25465
-24976
-22770
-19180
-14624
-9523
-4248
917
5776
10197
14077
17297
19700
21088
21249
20007
17276
13115
7755
1596
-4831
-10938
-16157
-20031
-22272
-22793
-21697
-19237
-15748
-11578
-7027
-2319
2403
7049
11537
15747
19489
22499
24467
25085
24121
21478
17245
11701
5294
-1425
-7882
-13568
-18106
-21295
-23105
-23647
-23111
-21701
-19579
-16838
-13498
-9548
-4992
89
5505
10937
15966
20131
23004
24269
23789
21632
18059
13479
8369
3188
-1692
-6031
-9732
-12810
-15333
-17361
-18889
-19825
-19992
-19174
-17181
-13920
-9452
-4016
1983
8031
13586
18168
21437
23239
23614
22759
20961
18517
15660
12521
9114
5374
1216
-3394
-8381
-13521
-18461
-22755
-25952
-27680
-27728
-26088
-22961
-18716
-13812
-8707
-3772
764
4831
8490
11867
15078
18157
21005
23396
25007
25498
24600
22191
18354
13373
7699
1865
-3613
-8328
-12050
-14744
-16547
-17693
-18431
-18934
-19241
-19243
-18710
-17367
-14982
-11457
-6883
-1553
4073
9452
14062
17506
19582
20313
19919
18745
17163
15467
13805
12147
10313
8037
5073
1287
-3267
-8328
-13456
-18116
-21785
-24065
-24768
-23951
-21896
-19028
-15815
-12647
-9751
-7146
-4666
-2023
1077
4831
9250
14115
19011
23395
26721
28561
28704
27204
24367
20675
16664
12802
9378
6445
3833
1216
-1772
-5409
-9781
-14721
-19828
-24540
-28256
-30482
-30944
-29657
-26921
-23245
-19226
-15398
-12111
-9452
-7239
-5094
-2565
728
4965
10045
15584
20986
25578
28767
30179
29755
27760
24720
21282
18059
15470
13644
12393
11282
9753
7294
3603
-1312
-7104
-13150
-18690
-23005
-25590
-26278
-25276
-23111
-20490
-18120
-16519
-15885
-16045
-16506
-16589
-15621
-13129
-8982
-3453
2828
9013
14239
17836
19489
19316
17833
15814
14091
13329
13846
15527
17844
19995
21112
20496
17815
13207
7266
912
-4831
-9088
-11343
-11577
-10263
-8243
-6510
-5936
-7044
-9852
-13860
-18163
-21681
-23433
-22803
-19704
-14624
-8515
-2563
2101
4690
4961
3277
517
-2150
-3571
-2915
95
5096
11155
16996
21313
23111
21957
18111
12473
6364
1202
-1858
-2218
0
3978
8403
11804
12923
11061
6263
-661
-8328
-15110
-19547
-20709
-18446
-13439
-7038
-933
3268
4451
2288
-2670
-9109
-15281
-19436
-20270
0
0
0
0
0
0
0
0
0
0
0
0
0
0
0
0
0
0
0
0
0
0
0
0
0
0
0
0
0
0
0
0
0
0
0
0
0
0
0
0
0
0
0
0
0
0
0
0
0
0
0
0
0
0
0
0
0
0
0
0
0
0
0
0
0
0
0
0
0
0
0
0
0
0
0
0
0
0
0
0
0
0
0
0
0
0
0
0
0
0
0
0
0
0
0
0
0
0
0
0
0
0
0
0
0
0
0
0
0
0
0
0
0
0
0
0
0
0
0
0
0
0
0
0
0
0
0
0
0
0
0
0
0
0
0
0
0
0
0
0
0
0
0
0
0
0
0
0
0
0
0
0
0
0
0
0
0
0
0
0
0
0
0
0
0
0
0
0
0
0
0
0
0
0
0
0
0
0
0
0
0
0
0
0
0
0
0
0
0
0
0
0
0
0
0
0
0
0
0
0
0
0
0
0
0
0
0
0
0
0
0
0
0
0
0
0
0
0
0
0
0
0
0
0
0
0
0
0
0
0
0
0
0
0
0
0
0
0
0
0
0
0
0
0
0
0
0
0
0
0
0
0
0
0
0
0
0
0
0
0
0
0
0
0
0
0
0
0
0
0
0
0
0
0
0
0
0
0
0
0
0
0
0
0
0
0
0
0
0
0
0
0
0
0
0
0
0
0
0
0
0
0
0
0
0
0
0
0
0
0
0
0
0
0
0
0
0
0
0
0
0
0
0
0
0
0
0
0
0
0
0
0
0
0
0
0
0
0
0
0
0
0
0
0
0
0
0
0
0
0
0
0
0
0
0
0
0
0
0
0
0
0
0
0
0
0
0
0
0
0
0
0
0
0
0
0
0
0
0
0
0
0
0
0
0
0
0
0
0
0
0
0
0
0
0
0
0
0
0
0
0
0
0
0
0
0
0
0
0
0
0
0
0
0
0
0
0
0
0
0
0
0
0
0
0
0
0
0
0
0
0
0
0
0
0
0
0
0
0
0
0
0
0
0
0
0
0
0
0
0
0
0
0
0
0
0
0
0
0
0
0
0
0
0
0
0
0
0
0
0
0
0
0
0
0
0
0
0
0
0
0
0
0
0
0
0
0
0
0
0
0
0
0
0
0
0
0
0
0
0
0
0
0
0
0
0
0
0
0
0
0
0
0
0
0
0
0
0
0
0
0
0
0
0
0
0
0
0
0
0
0
0
0
0
0
0
0
0
0
0
0
0
0
0
0
0
0
0
0
0
0
0
0
0
0
0
0
0
0
0
0
0
0
0
0
0
0
0
0
0
0
0
0
0
0
0
0
0
0
0
0
0
0
0
0
0
0
0
0
0
0
0
0
0
0
0
0
0
0
0
0
0
0
0
0
0
0
0
0
0
0
0
0
0
0
0
0
0
0
0
0
0
0
0
0
0
0
0
0
0
0
0
0
0
0
0
0
0
0
0
0
0
0
0
0
0
0
0
0
0
0
0
0
0
0
0
0
0
0
0
0
0
0
0
0
0
0
0
0
0
0
0
0
0
0
0
0
0
0
0
0
0
0
0
0
0
0
0
0
0
0
0
0
0
0
0
0
0
0
0
0
0
0
0
0
0
0
0
0
0
0
0
0
0
0
0
0
0
0
0
0
0
0
0
0
0
0
0
0
0
0
0
0
0
0
0
0
0
0
0
0
0
0
0
0
0
0
0
0
0
0
0
0
0
0
0
0
0
0
0
0
0
0
0
0
0
0
0
0
0
0
0
0
0
0
0
0
0
0
0
0
0
0
0
0
0
0
0
0
0
0
0
0
0
0
0
0
0
0
0
0
0
0
0
0
0
0
0
0
0
0
0
0
0
0
0
0
0
0
0
0
0
0
0
0
0
0
0
0
0
0
0
0
0
0
0
0
0
0
0
0
0
0
0
0
0
0
0
0
0
0
0
0
0
0
0
0
0
0
0
0
0
0
0
0
0
0
0
0
0
0
0
0
0
0
0
0
0
0
0
0
0
0
0
0
0
0
0
0
0
0
0
0
0
0
0
0
0
0
0
0
0
0
0
0
0
0
0
0
0
0
0
0
0
0
0
0
0
0
0
0
0
0
0
0
0
0
0
0
0
0
0
0
0
0
0
0
0
0
0
0
0
0
0
0
0
0
0
0
0
0
0
0
0
0
0
0
0
0
0
-12213
-14586
-16094
-16654
-16242
-14887
-12675
-9742
-6263
-2445
1486
5303
8784
11727
13967
15378
15884
15463
14145
12015
9202
5874
2230
-1517
-5150
-8457
-11249
-13367
-14693
-15156
-14735
-13460
-11411
-8712
-5525
-2036
1548
5022
8182
10848
12869
14130
14563
14147
12910
10929
8322
5243
1873
-1590
-4948
-8006
-10586
-12541
-13761
-14176
-13766
-12555
-10618
-8066
-5050
-1746
1653
4953
7961
10502
12430
14043
13634
12430
10502
7961
4953
1653
-1746
-5050
-8066
-10618
-12555
-13766
-14176
-13761
-12541
-10586
-8006
-4948
-1590
1873
5243
8322
10929
12910
14147
14563
14130
12869
10848
8182
5022
1548
-2036
-5525
-8712
-11411
-13460
-14735
-15156
-14693
-13367
-11249
-8457
-5150
-1517
2230
5874
9202
12015
14145
15463
15884
15378
13967
11727
8784
5303
1486
-2445
-6263
-9742
-12675
-14887
-16242
-16654
-16094
-14586
-12213
-9108
-5448
-1445
2668
6653
10272
13312
15590
16968
17359
16736
15129
12626
9371
5549
1384
-2881
-6998
-10724
-13837
-16152
-17530
-17887
-17198
-15499
-12888
-9514
-5574
-1299
3062
7253
11027
14161
16472
17820
18128
17375
15606
12924
9486
5495
1186
-3187
-7369
-11114
-14203
-16455
-17739
-17984
-17177
-15370
-12671
-9244
-5291
-1047
3235
7307
10929
13891
16024
17207
17378
16534
14732
12086
8758
4949
888
-3185
-7030
-10425
-13174
-15124
-16169
-16260
-15401
-13658
-11143
-8015
-4468
-714
3020
6518
9577
12025
13729
14603
14610
13767
12140
9842
7021
3855
538
-2730
-5761
-8380
-10443
-11845
-12519
-12446
-11651
-10203
-8207
-5797
-3129
-370
2313
4766
6851
8458
9509
9964
9819
9109
7900
6286
4383
2318
222
-1774
-3559
-5034
-6127
-6794
-7020
-6818
-6228
-5312
-4150
-2832
-1453
-105
1128
2177
2990
3535
3801
3799
3558
3121
2543
1886
1211
575
26
-398
-677
-804
-790
-656
-438
-179
76
284
404
408
277
9
-384
-875
-1425
-1984
-2497
-2907
-3162
-3216
-3039
-2616
-1949
-1063
0
1181
2406
3592
4654
5507
6077
6304
6146
5589
4641
3340
1747
-50
-1950
-3835
-5585
-7083
-8221
-8910
-9088
-8719
-7805
-6380
-4511
-2298
134
2646
5085
7298
9142
10495
11258
11369
10803
9575
7745
5408
2693
-242
-3227
-6082
-8632
-10718
-12205
-12994
-13026
-12286
-10808
-8669
-5988
-2919
358
3652
6765
9510
11718
13255
14022
13968
13092
11440
9107
6228
2972
-468
-3889
-7088
-9874
-12081
-13579
-14280
-14142
-13176
-11440
-9040
-6121
-2857
555
3914
7021
9694
11779
13156
13751
13537
12534
10811
8478
5681
2591
-603
-3714
-6558
-8972
-10819
-12001
-12460
-12184
-11203
-9592
-7458
-4941
-2198
601
3292
5716
7737
9247
10172
10475
10158
9259
7854
6042
3948
1707
-540
-2660
-4531
-6052
-7146
-7768
-7905
-7571
-6812
-5697
-4315
-2766
-1154
414
1847
3064
4004
4628
4921
4891
4568
4000
3247
2377
1464
576
-226
-893
-1392
-1705
-1831
-1788
-1604
-1321
-984
-642
-342
-121
-7
-16
-149
-392
-717
-1086
-1453
-1770
-1988
-2064
-1966
-1674
-1186
-517
302
1224
2188
3125
3959
4620
5041
5170
4971
4431
3558
2385
969
-612
-2268
-3893
-5379
-6623
-7529
-8020
-8043
-7573
-6614
-5204
-3410
-1327
925
3216
5404
7348
8921
10012
10537
10445
9722
8393
6522
4206
1576
-1217
-4009
-6629
-8914
-10720
-11925
-12446
-12237
-11297
-9670
-7441
-4736
-1708
1463
4593
7491
9981
11910
13156
13638
13319
12212
10377
7918
4977
1727
-1640
-4925
-7932
-10481
-12419
-13630
-14043
-13630
-12419
-10481
-7932
-4925
-1640
1727
4977
7918
10377
12212
13319
13638
13156
11910
9981
7491
4593
1463
-1708
-4736
-7441
-9670
-11297
-12237
-12446
-11925
-10720
-8914
-6629
-4009
-1217
1576
4206
6522
8393
9722
10445
10537
10012
8921
7348
5404
3216
925
-1327
-3410
-5204
-6614
-7573
-8043
-8020
-7529
-6623
-5379
-3893
-2268
-612
969
2385
3558
4431
4971
5170
5041
4620
3959
3125
2188
1224
302
-517
-1186
-1674
-1966
-2064
-1988
-1770
-1453
-1086
-717
-392
-149
-16
-7
-121
-342
-642
-984
-1321
-1604
-1788
-1831
-1705
-1392
-893
-226
576
1464
2377
3247
4000
4568
4891
4921
4628
4004
3064
1847
414
-1154
-2766
-4315
-5697
-6812
-7571
-7905
-7768
-7146
-6052
-4531
-2660
-540
1707
3948
6042
7854
9259
10158
10475
10172
9247
7737
5716
3292
601
-2198
-4941
-7458
-9592
-11203
-12184
-12460
-12001
-10819
-8972
-6558
-3714
-603
2591
5681
8478
10811
12534
13537
13751
13156
11779
9694
7021
3914
555
-2857
-6121
-9040
-11440
-13176
-14142
-14280
-13579
-12081
-9874
-7088
-3889
-468
2972
6228
9107
11440
13092
13968
14022
13255
11718
9510
6765
3652
358
-2919
-5988
-8669
-10808
-12286
-13026
-12994
-12205
-10718
-8632
-6082
-3227
-242
2693
5408
7745
9575
10803
11369
11258
10495
9142
7298
5085
2646
134
-2298
-4511
-6380
-7805
-8719
-9088
-8910
-8221
-7083
-5585
-3835
-1950
-50
1747
3340
4641
5589
6146
6304
6077
5507
4654
3592
2406
1181
0
-1063
-1949
-2616
-3039
-3216
-3162
-2907
-2497
-1984
-1425
-875
-384
9
277
408
404
284
76
-179
-438
-656
-790
-804
-677
-398
26
575
1211
1886
2543
3121
3558
3799
3801
3535
2990
2177
1128
-105
-1453
-2832
-4150
-5312
-6228
-6818
-7020
-6794
-6127
-5034
-3559
-1774
222
2318
4383
6286
7900
9109
9819
9964
9509
8458
6851
4766
2313
-370
-3129
-5797
-8207
-10203
-11651
-12446
-12519
-11845
-10443
-8380
-5761
-2730
538
3855
7021
9842
12140
13767
14610
14603
13729
12025
9577
6518
3020
-714
-4468
-8015
-11143
-13658
-15401
-16260
-16169
-15124
-13174
-10425
-7030
-3185
888
4949
8758
12086
14732
16534
17378
17207
16024
13891
10929
7307
3235
-1047
-5291
-9244
-12671
-15370
-17177
-17984
-17739
-16455
-14203
-11114
-7369
-3187
1186
5495
9486
12924
15606
17375
18128
17820
16472
14161
11027
7253
3062
-1299
-5574
-9514
-12888
-15499
-17198
-17887
-17530
-16152
-13837
-10724
-6998
-2881
1384
5549
9371
12626
15129
16736
17359
16968
15590
13312
10272
6653
2668
-1445
-5448
-9108
-12213
-14586
-16094
-16654
-16242
-14887
-12675
-9742
-6263
-2445
1486
5303
8784
11727
13967
15378
15884
15463
14145
12015
9202
5874
2230
-1517
-5150
-8457
-11249
-13367
-14693
-15156
-14735
-13460
-11411
-8712
-5525
-2036
1548
5022
8182
10848
12869
14130
14563
14147
12910
10929
8322
5243
1873
-1590
-4948
-8006
-10586
-12541
-13761
-14176
-13766
-12555
-10618
-8066
-5050
-1746
1653
4953
7961
10502
12430
13634
-2801
600
3954
7037
9646
11609
12795
13129
12588
11209
9084
6355
3203
-163
-3521
-6646
-9333
-11401
-12714
-13184
-12778
-11522
-9498
-6839
-3720
-347
3058
6270
9077
11291
12765
13400
13152
12035
10121
7534
4441
1047
-2427
-5754
-8713
-11110
-12786
-13629
-13581
-12644
-10876
-8393
-5353
-1956
1577
5017
8138
10735
12639
13723
13916
13204
11632
9301
6362
3006
-548
-4071
-7331
-10118
-12250
-14043
-13587
-12250
-10118
-7331
-4071
-548
3006
6362
9301
11632
13204
13916
13723
12639
10735
8138
5017
1577
-1956
-5353
-8393
-10876
-12644
-13581
-13629
-12786
-11110
-8713
-5754
-2427
1047
4441
7534
10121
12035
13152
13400
12765
11291
9077
6270
3058
-347
-3720
-6839
-9498
-11522
-12778
-13184
-12714
-11401
-9333
-6646
-3521
-163
3203
6355
9084
11209
12588
13129
12795
11609
9646
7037
3954
600
-2801
-6027
-8862
-11116
-12640
-13328
-13133
-12065
-10191
-7631
-4551
-1153
2340
5700
8704
11153
12882
13775
13767
12854
11090
8587
5501
2033
-1595
-5149
-8395
-11122
-13149
-14339
-14611
-13940
-12364
-9977
-6929
-3409
357
4133
7675
10757
13178
14780
15455
15156
13894
11744
8836
5350
1502
-2467
-6311
-9785
-12671
-14786
-15992
-16211
-15425
-13678
-11074
-7772
-3973
88
4163
8002
11365
14047
15879
16749
16602
15443
13344
10430
6878
2903
-1252
-5338
-9108
-12332
-14818
-16417
-17034
-16632
-15239
-12940
-9875
-6228
-2219
1911
5918
9565
12636
14953
16383
16846
16321
14845
12509
9458
5874
1972
-2019
-5867
-9348
-12264
-14451
-15789
-16209
-15697
-14293
-12085
-9211
-5842
-2177
1571
5190
8474
11242
13344
14672
15161
14798
13614
11689
9143
6127
2816
-599
-3931
-6996
-9630
-11697
-13094
-13758
-13665
-12837
-11332
-9245
-6699
-3841
-829
2172
5005
7524
9601
11138
12066
12349
11987
11012
9487
7503
5171
2616
-26
-2622
-5042
-7169
-8902
-10162
-10898
-11081
-10714
-9824
-8463
-6703
-4638
-2369
-10
2326
4528
6493
8129
9362
10136
10418
10197
9486
8320
6754
4863
2737
475
-1814
-4024
-6048
-7788
-9160
-10093
-10540
-10474
-9893
-8818
-7297
-5398
-3210
-837
1606
3999
6222
8159
9708
10785
11327
11297
10687
9518
7840
5733
3298
656
-2057
-4702
-7138
-9232
-10868
-11952
-12417
-12228
-11386
-9925
-7915
-5456
-2673
285
3263
6099
8636
10733
12270
13155
13333
12787
11539
9649
7217
4371
1264
-1934
-5047
-7903
-10340
-12221
-13438
-13920
-13636
-12597
-10859
-8515
-5694
-2551
736
3988
7021
9665
11773
13226
13942
13883
13053
11498
9309
6610
3553
311
-2932
-5996
-8708
-10920
-12508
-13390
-13519
-12895
-11559
-9591
-7109
-4256
-1197
1894
4844
7489
9685
11314
12291
12573
12152
11064
9380
7203
4665
1914
-893
-3598
-6052
-8122
-9701
-10712
-11110
-10887
-10071
-8721
-6925
-4794
-2456
-45
2301
4457
6308
7761
8748
9229
9195
8664
7683
6321
4667
2822
893
-1009
-2785
-4343
-5607
-6522
-7055
-7193
-6949
-6353
-5455
-4318
-3014
-1620
-215
1126
2340
3370
4176
4729
5019
5047
4831
4398
3786
3035
2194
1309
423
-421
-1190
-1858
-2403
-2814
-3086
-3221
-3226
-3112
-2893
-2585
-2205
-1769
-1294
-794
-282
226
723
1194
1628
2014
2340
2594
2767
2846
2824
2695
2457
2110
1662
1124
512
-148
-834
-1513
-2153
-2721
-3184
-3514
-3688
-3688
-3507
-3145
-2613
-1931
-1130
-248
672
1584
2437
3186
3785
4201
4405
4382
4129
3655
2982
2142
1180
145
-907
-1919
-2836
-3608
-4193
-4557
-4681
-4557
-4193
-3608
-2836
-1919
-907
145
1180
2142
2982
3655
4129
4382
4405
4201
3785
3186
2437
1584
672
-248
-1130
-1931
-2613
-3145
-3507
-3688
-3688
-3514
-3184
-2721
-2153
-1513
-834
-148
512
1124
1662
2110
2457
2695
2824
2846
2767
2594
2340
2014
1628
1194
723
226
-282
-794
-1294
-1769
-2205
-2585
-2893
-3112
-3226
-3221
-3086
-2814
-2403
-1858
-1190
-421
423
1309
2194
3035
3786
4398
4831
5047
5019
4729
4176
3370
2340
1126
-215
-1620
-3014
-4318
-5455
-6353
-6949
-7193
-7055
-6522
-5607
-4343
-2785
-1009
893
2822
4667
6321
7683
8664
9195
9229
8748
7761
6308
4457
2301
-45
-2456
-4794
-6925
-8721
-10071
-10887
-11110
-10712
-9701
-8122
-6052
-3598
-893
1914
4665
7203
9380
11064
12152
12573
12291
11314
9685
7489
4844
1894
-1197
-4256
-7109
-9591
-11559
-12895
-13519
-13390
-12508
-10920
-8708
-5996
-2932
311
3553
6610
9309
11498
13053
13883
13942
13226
11773
9665
7021
3988
736
-2551
-5694
-8515
-10859
-12597
-13636
-13920
-13438
-12221
-10340
-7903
-5047
-1934
1264
4371
7217
9649
11539
12787
13333
13155
12270
10733
8636
6099
3263
285
-2673
-5456
-7915
-9925
-11386
-12228
-12417
-11952
-10868
-9232
-7138
-4702
-2057
656
3298
5733
7840
9518
10687
11297
11327
10785
9708
8159
6222
3999
1606
-837
-3210
-5398
-7297
-8818
-9893
-10474
-10540
-10093
-9160
-7788
-6048
-4024
-1814
475
2737
4863
6754
8320
9486
10197
10418
10136
9362
8129
6493
4528
2326
-10
-2369
-4638
-6703
-8463
-9824
-10714
-11081
-10898
-10162
-8902
-7169
-5042
-2622
-26
2616
5171
7503
9487
11012
11987
12349
12066
11138
9601
7524
5005
2172
-829
-3841
-6699
-9245
-11332
-12837
-13665
-13758
-13094
-11697
-9630
-6996
-3931
-599
2816
6127
9143
11689
13614
14798
15161
14672
13344
11242
8474
5190
1571
-2177
-5842
-9211
-12085
-14293
-15697
-16209
-15789
-14451
-12264
-9348
-5867
-2019
1972
5874
9458
12509
14845
16321
16846
16383
14953
12636
9565
5918
1911
-2219
-6228
-9875
-12940
-15239
-16632
-17034
-16417
-14818
-12332
-9108
-5338
-1252
2903
6878
10430
13344
15443
16602
16749
15879
14047
11365
8002
4163
88
-3973
-7772
-11074
-13678
-15425
-16211
-15992
-14786
-12671
-9785
-6311
-2467
1502
5350
8836
11744
13894
15156
15455
14780
13178
10757
7675
4133
357
-3409
-6929
-9977
-12364
-13940
-14611
-14339
-13149
-11122
-8395
-5149
-1595
2033
5501
8587
11090
12854
13767
13775
12882
11153
8704
5700
2340
-1153
-4551
-7631
-10191
-12065
-13133
-13328
-12640
-11116
-8862
-6027
-2801
600
3954
7037
9646
11609
12795
13129
12588
11209
9084
6355
3203
-163
-3521
-6646
-9333
-11401
-12714
-13184
-12778
-11522
-9498
-6839
-3720
-347
3058
6270
9077
11291
12765
13400
13152
12035
10121
7534
4441
1047
-2427
-5754
-8713
-11110
-12786
-13629
-13581
-12644
-10876
-8393
-5353
-1956
1577
5017
8138
10735
12639
13723
13916
13204
11632
9301
6362
3006
-548
-4071
-7331
-10118
-12250
-13587
-3125
-3959
-4620
-5041
-5170
-4971
-4431
-3558
-2385
-969
612
2268
3893
5379
6623
7529
8020
8043
7573
6614
5204
3410
1327
-925
-3216
-5404
-7348
-8921
-10012
-10537
-10445
-9722
-8393
-6522
-4206
-1576
1217
4009
6629
8914
10720
11925
12446
12237
11297
9670
7441
4736
1708
-1463
-4593
-7491
-9981
-11910
-13156
-13638
-13319
-12212
-10377
-7918
-4977
-1727
1640
4925
7932
10481
12419
14043
13630
12419
10481
7932
4925
1640
-1727
-4977
-7918
-10377
-12212
-13319
-13638
-13156
-11910
-9981
-7491
-4593
-1463
1708
4736
7441
9670
11297
12237
12446
11925
10720
8914
6629
4009
1217
-1576
-4206
-6522
-8393
-9722
-10445
-10537
-10012
-8921
-7348
-5404
-3216
-925
1327
3410
5204
6614
7573
8043
8020
7529
6623
5379
3893
2268
612
-969
-2385
-3558
-4431
-4971
-5170
-5041
-4620
-3959
-3125
-2188
-1224
-302
517
1186
1674
1966
2064
1988
1770
1453
1086
717
392
149
16
7
121
342
642
984
1321
1604
1788
1831
1705
1392
893
226
-576
-1464
-2377
-3247
-4000
-4568
-4891
-4921
-4628
-4004
-3064
-1847
-414
1154
2766
4315
5697
6812
7571
7905
7768
7146
6052
4531
2660
540
-1707
-3948
-6042
-7854
-9259
-10158
-10475
-10172
-9247
-7737
-5716
-3292
-601
2198
4941
7458
9592
11203
12184
12460
12001
10819
8972
6558
3714
603
-2591
-5681
-8478
-10811
-12534
-13537
-13751
-13156
-11779
-9694
-7021
-3914
-555
2857
6121
9040
11440
13176
14142
14280
13579
12081
9874
7088
3889
468
-2972
-6228
-9107
-11440
-13092
-13968
-14022
-13255
-11718
-9510
-6765
-3652
-358
2919
5988
8669
10808
12286
13026
12994
12205
10718
8632
6082
3227
242
-2693
-5408
-7745
-9575
-10803
-11369
-11258
-10495
-9142
-7298
-5085
-2646
-134
2298
4511
6380
7805
8719
9088
8910
8221
7083
5585
3835
1950
50
-1747
-3340
-4641
-5589
-6146
-6304
-6077
-5507
-4654
-3592
-2406
-1181
0
1063
1949
2616
3039
3216
3162
2907
2497
1984
1425
875
384
-9
-277
-408
-404
-284
-76
179
438
656
790
804
677
398
-26
-575
-1211
-1886
-2543
-3121
-3558
-3799
-3801
-3535
-2990
-2177
-1128
105
1453
2832
4150
5312
6228
6818
7020
6794
6127
5034
3559
1774
-222
-2318
-4383
-6286
-7900
-9109
-9819
-9964
-9509
-8458
-6851
-4766
-2313
370
3129
5797
8207
10203
11651
12446
12519
11845
10443
8380
5761
2730
-538
-3855
-7021
-9842
-12140
-13767
-14610
-14603
-13729
-12025
-9577
-6518
-3020
714
4468
8015
11143
13658
15401
16260
16169
15124
13174
10425
7030
3185
-888
-4949
-8758
-12086
-14732
-16534
-17378
-17207
-16024
-13891
-10929
-7307
-3235
1047
5291
9244
12671
15370
17177
17984
17739
16455
14203
11114
7369
3187
-1186
-5495
-9486
-12924
-15606
-17375
-18128
-17820
-16472
-14161
-11027
-7253
-3062
1299
5574
9514
12888
15499
17198
17887
17530
16152
13837
10724
6998
2881
-1384
-5549
-9371
-12626
-15129
-16736
-17359
-16968
-15590
-13312
-10272
-6653
-2668
1445
5448
9108
12213
14586
16094
16654
16242
14887
12675
9742
6263
2445
-1486
-5303
-8784
-11727
-13967
-15378
-15884
-15463
-14145
-12015
-9202
-5874
-2230
1517
5150
8457
11249
13367
14693
15156
14735
13460
11411
8712
5525
2036
-1548
-5022
-8182
-10848
-12869
-14130
-14563
-14147
-12910
-10929
-8322
-5243
-1873
1590
4948
8006
10586
12541
13761
14176
13766
12555
10618
8066
5050
1746
-1653
-4953
-7961
-10502
-12430
-13634
-14043
-13634
-12430
-10502
-7961
-4953
-1653
1746
5050
8066
10618
12555
13766
14176
13761
12541
10586
8006
4948
1590
-1873
-5243
-8322
-10929
-12910
-14147
-14563
-14130
-12869
-10848
-8182
-5022
-1548
2036
5525
8712
11411
13460
14735
15156
14693
13367
11249
8457
5150
1517
-2230
-5874
-9202
-12015
-14145
-15463
-15884
-15378
-13967
-11727
-8784
-5303
-1486
2445
6263
9742
12675
14887
16242
16654
16094
14586
12213
9108
5448
1445
-2668
-6653
-10272
-13312
-15590
-16968
-17359
-16736
-15129
-12626
-9371
-5549
-1384
2881
6998
10724
13837
16152
17530
17887
17198
15499
12888
9514
5574
1299
-3062
-7253
-11027
-14161
-16472
-17820
-18128
-17375
-15606
-12924
-9486
-5495
-1186
3187
7369
11114
14203
16455
17739
17984
17177
15370
12671
9244
5291
1047
-3235
-7307
-10929
-13891
-16024
-17207
-17378
-16534
-14732
-12086
-8758
-4949
-888
3185
7030
10425
13174
15124
16169
16260
15401
13658
11143
8015
4468
714
-3020
-6518
-9577
-12025
-13729
-14603
-14610
-13767
-12140
-9842
-7021
-3855
-538
2730
5761
8380
10443
11845
12519
12446
11651
10203
8207
5797
3129
370
-2313
-4766
-6851
-8458
-9509
-9964
-9819
-9109
-7900
-6286
-4383
-2318
-222
1774
3559
5034
6127
6794
7020
6818
6228
5312
4150
2832
1453
105
-1128
-2177
-2990
-3535
-3801
-3799
-3558
-3121
-2543
-1886
-1211
-575
-26
398
677
804
790
656
438
179
-76
-284
-404
-408
-277
-9
384
875
1425
1984
2497
2907
3162
3216
3039
2616
1949
1063
0
-1181
-2406
-3592
-4654
-5507
-6077
-6304
-6146
-5589
-4641
-3340
-1747
50
1950
3835
5585
7083
8221
8910
9088
8719
7805
6380
4511
2298
-134
-2646
-5085
-7298
-9142
-10495
-11258
-11369
-10803
-9575
-7745
-5408
-2693
242
3227
6082
8632
10718
12205
12994
13026
12286
10808
8669
5988
2919
-358
-3652
-6765
-9510
-11718
-13255
-14022
-13968
-13092
-11440
-9107
-6228
-2972
468
3889
7088
9874
12081
13579
14280
14142
13176
11440
9040
6121
2857
-555
-3914
-7021
-9694
-11779
-13156
-13751
-13537
-12534
-10811
-8478
-5681
-2591
603
3714
6558
8972
10819
12001
12460
12184
11203
9592
7458
4941
2198
-601
-3292
-5716
-7737
-9247
-10172
-10475
-10158
-9259
-7854
-6042
-3948
-1707
540
2660
4531
6052
7146
7768
7905
7571
6812
5697
4315
2766
1154
-414
-1847
-3064
-4004
-4628
-4921
-4891
-4568
-4000
-3247
-2377
-1464
-576
226
893
1392
1705
1831
1788
1604
1321
984
642
342
121
7
16
149
392
717
1086
1453
1770
1988
2064
1966
1674
1186
517
-302
-1224
-2188
-3125
-3959
-4620
-5041
-5170
-4971
-4431
-3558
-2385
-969
612
2268
3893
5379
6623
7529
8020
8043
7573
6614
5204
3410
1327
-925
-3216
-5404
-7348
-8921
-10012
-10537
-10445
-9722
-8393
-6522
-4206
-1576
1217
4009
6629
8914
10720
11925
12446
12237
11297
9670
7441
4736
1708
-1463
-4593
-7491
-9981
-11910
-13156
-13638
-13319
-12212
-10377
-7918
-4977
-1727
1640
4925
7932
10481
12419
13630
-7806
-6382
-4620
-2618
-489
1648
3676
5484
6976
8073
8720
8888
8574
7802
6623
5105
3339
1424
-534
-2428
-4157
-5632
-6780
-7545
-7897
-7827
-7348
-6498
-5331
-3917
-2337
-679
968
2520
3901
5043
5898
6432
6629
6491
6039
5305
4338
3194
1935
627
-665
-1883
-2972
-3886
-4593
-5068
-5300
-5290
-5048
-4595
-3957
-3169
-2269
-1298
-296
695
1640
2502
3251
3861
4311
4681
4587
4311
3861
3251
2502
1640
695
-296
-1298
-2269
-3169
-3957
-4595
-5048
-5290
-5300
-5068
-4593
-3886
-2972
-1883
-665
627
1935
3194
4338
5305
6039
6491
6629
6432
5898
5043
3901
2520
968
-679
-2337
-3917
-5331
-6498
-7348
-7827
-7897
-7545
-6780
-5632
-4157
-2428
-534
1424
3339
5105
6623
7802
8574
8888
8720
8073
6976
5484
3676
1648
-489
-2618
-4620
-6382
-7806
-8808
-9332
-9345
-8844
-7856
-6433
-4653
-2616
-434
1770
3876
5767
7336
8499
9192
9378
9050
8228
6962
5323
3407
1321
-818
-2892
-4788
-6402
-7650
-8468
-8816
-8683
-8084
-7058
-5670
-4000
-2145
-210
1698
3479
5038
6297
7195
7693
7774
7447
6738
5697
4389
2890
1285
-338
-1896
-3309
-4511
-5447
-6079
-6388
-6371
-6042
-5430
-4578
-3538
-2367
-1129
114
1305
2391
3327
4079
4621
4941
5035
4911
4583
4076
3417
2639
1776
864
-61
-966
-1819
-2591
-3258
-3797
-4191
-4426
-4494
-4389
-4113
-3671
-3074
-2340
-1491
-555
434
1440
2420
3332
4133
4780
5237
5472
5461
5193
4665
3889
2891
1708
391
-999
-2397
-3730
-4925
-5914
-6635
-7037
-7087
-6765
-6075
-5039
-3700
-2119
-373
1446
3243
4918
6374
7524
8295
8632
8505
7908
6862
5413
3634
1616
-532
-2695
-4749
-6577
-8072
-9142
-9721
-9766
-9266
-8242
-6744
-4850
-2662
-301
2099
4407
6487
8221
9506
10266
10455
10057
9093
7614
5702
3466
1030
-1465
-3881
-6077
-7930
-9335
-10212
-10513
-10224
-9362
-7979
-6157
-4003
-1641
793
3162
5330
7178
8604
9533
9918
9746
9033
7830
6211
4276
2138
-76
-2243
-4242
-5963
-7317
-8238
-8684
-8644
-8134
-7194
-5892
-4309
-2543
-698
1122
2820
4305
5507
6371
6865
6979
6725
6134
5255
4150
2889
1547
198
-1087
-2248
-3234
-4008
-4548
-4845
-4903
-4741
-4383
-3863
-3219
-2489
-1712
-921
-147
584
1255
1852
2367
2793
3129
3374
3526
3583
3543
3403
3157
2802
2336
1760
1080
307
-538
-1432
-2340
-3222
-4032
-4724
-5248
-5560
-5622
-5405
-4896
-4095
-3020
-1708
-212
1395
3035
4615
6039
7217
8062
8504
8493
8002
7030
5608
3792
1670
-650
-3043
-5370
-7491
-9271
-10587
-11343
-11468
-10929
-9730
-7916
-5572
-2816
201
3309
6327
9070
11364
13058
14032
14203
13538
12050
9807
6921
3547
-124
-3881
-7498
-10755
-13447
-15397
-16472
-16584
-15708
-13873
-11169
-7743
-3787
471
4780
8879
12517
15464
17530
18575
18518
17343
15106
11924
7977
3493
-1263
-6006
-10448
-14313
-17359
-19391
-20271
-19932
-18380
-15696
-12030
-7597
-2659
2488
7532
12163
16094
19077
20923
21507
20783
18785
15625
11488
6621
1316
-4103
-9304
-13967
-17801
-20565
-22083
-22253
-21058
-18564
-14917
-10337
-5102
469
6034
11249
15790
19374
21776
22842
22503
20773
17755
13632
8656
3132
-2598
-8182
-13272
-17550
-20750
-22670
-23190
-22272
-19972
-16430
-11863
-6554
-832
4948
10429
15267
19161
21869
23219
23128
21598
18725
14686
9731
4169
-1653
-7376
-12642
-17122
-20538
-22677
-23405
-22677
-20538
-17122
-12642
-7376
-1653
4169
9731
14686
18725
21598
23128
23219
21869
19161
15267
10429
4948
-832
-6554
-11863
-16430
-19972
-22272
-23190
-22670
-20750
-17550
-13272
-8182
-2598
3132
8656
13632
17755
20773
22503
22842
21776
19374
15790
11249
6034
469
-5102
-10337
-14917
-18564
-21058
-22253
-22083
-20565
-17801
-13967
-9304
-4103
1316
6621
11488
15625
18785
20783
21507
20923
19077
16094
12163
7532
2488
-2659
-7597
-12030
-15696
-18380
-19932
-20271
-19391
-17359
-14313
-10448
-6006
-1263
3493
7977
11924
15106
17343
18518
18575
17530
15464
12517
8879
4780
471
-3787
-7743
-11169
-13873
-15708
-16584
-16472
-15397
-13447
-10755
-7498
-3881
-124
3547
6921
9807
12050
13538
14203
14032
13058
11364
9070
6327
3309
201
-2816
-5572
-7916
-9730
-10929
-11468
-11343
-10587
-9271
-7491
-5370
-3043
-650
1670
3792
5608
7030
8002
8493
8504
8062
7217
6039
4615
3035
1395
-212
-1708
-3020
-4095
-4896
-5405
-5622
-5560
-5248
-4724
-4032
-3222
-2340
-1432
-538
307
1080
1760
2336
2802
3157
3403
3543
3583
3526
3374
3129
2793
2367
1852
1255
584
-147
-921
-1712
-2489
-3219
-3863
-4383
-4741
-4903
-4845
-4548
-4008
-3234
-2248
-1087
198
1547
2889
4150
5255
6134
6725
6979
6865
6371
5507
4305
2820
1122
-698
-2543
-4309
-5892
-7194
-8134
-8644
-8684
-8238
-7317
-5963
-4242
-2243
-76
2138
4276
6211
7830
9033
9746
9918
9533
8604
7178
5330
3162
793
-1641
-4003
-6157
-7979
-9362
-10224
-10513
-10212
-9335
-7930
-6077
-3881
-1465
1030
3466
5702
7614
9093
10057
10455
10266
9506
8221
6487
4407
2099
-301
-2662
-4850
-6744
-8242
-9266
-9766
-9721
-9142
-8072
-6577
-4749
-2695
-532
1616
3634
5413
6862
7908
8505
8632
8295
7524
6374
4918
3243
1446
-373
-2119
-3700
-5039
-6075
-6765
-7087
-7037
-6635
-5914
-4925
-3730
-2397
-999
391
1708
2891
3889
4665
5193
5461
5472
5237
4780
4133
3332
2420
1440
434
-555
-1491
-2340
-3074
-3671
-4113
-4389
-4494
-4426
-4191
-3797
-3258
-2591
-1819
-966
-61
864
1776
2639
3417
4076
4583
4911
5035
4941
4621
4079
3327
2391
1305
114
-1129
-2367
-3538
-4578
-5430
-6042
-6371
-6388
-6079
-5447
-4511
-3309
-1896
-338
1285
2890
4389
5697
6738
7447
7774
7693
7195
6297
5038
3479
1698
-210
-2145
-4000
-5670
-7058
-8084
-8683
-8816
-8468
-7650
-6402
-4788
-2892
-818
1321
3407
5323
6962
8228
9050
9378
9192
8499
7336
5767
3876
1770
-434
-2616
-4653
-6433
-7856
-8844
-9345
-9332
-8808
-7806
-6382
-4620
-2618
-489
1648
3676
5484
6976
8073
8720
8888
8574
7802
6623
5105
3339
1424
-534
-2428
-4157
-5632
-6780
-7545
-7897
-7827
-7348
-6498
-5331
-3917
-2337
-679
968
2520
3901
5043
5898
6432
6629
6491
6039
5305
4338
3194
1935
627
-665
-1883
-2972
-3886
-4593
-5068
-5300
-5290
-5048
-4595
-3957
-3169
-2269
-1298
-296
695
1640
2502
3251
3861
4311
4587
17444
14070
9947
5328
489
-4285
-8722
-12572
-15625
-17723
-18766
-18720
-17612
-15534
-12629
-9086
-5124
-982
3096
6882
10168
12783
14599
15541
15586
14762
13149
10868
8073
4943
1668
-1561
-4568
-7194
-9311
-10825
-11684
-11875
-11422
-10388
-8862
-6958
-4802
-2526
-262
1869
3767
5348
6554
7355
7743
7736
7371
6702
5793
4711
3528
2306
1105
-28
-1060
-1967
-2737
-3367
-3862
-4231
-4484
-4681
-4632
-4484
-4231
-3862
-3367
-2737
-1967
-1060
-28
1105
2306
3528
4711
5793
6702
7371
7736
7743
7355
6554
5348
3767
1869
-262
-2526
-4802
-6958
-8862
-10388
-11422
-11875
-11684
-10825
-9311
-7194
-4568
-1561
1668
4943
8073
10868
13149
14762
15586
15541
14599
12783
10168
6882
3096
-982
-5124
-9086
-12629
-15534
-17612
-18720
-18766
-17723
-15625
-12572
-8722
-4285
489
5328
9947
14070
17444
19858
21153
21235
20079
17735
14323
10030
5096
-195
-5537
-10616
-15129
-18804
-21415
-22800
-22864
-21592
-19048
-15372
-10772
-5514
97
5733
11062
15767
19568
22238
23616
23614
22231
19543
15708
10949
5546
-182
-5898
-11265
-15966
-19725
-22320
-23601
-23495
-22012
-19243
-15357
-10587
-5219
427
6017
11221
15733
19291
21691
22799
22559
20995
18211
14381
9743
4578
-802
-6078
-10938
-15098
-18319
-20421
-21294
-20899
-19279
-16543
-12871
-8493
-3681
1274
6074
10437
14110
16884
18610
19202
18646
16995
14368
10940
6932
2594
-1806
-6004
-9754
-12838
-15087
-16383
-16670
-15954
-14302
-11834
-8720
-5164
-1392
2362
5872
8931
11365
13043
13884
13859
12994
11367
9100
6350
3300
147
-2910
-5688
-8022
-9783
-10879
-11264
-10938
-9944
-8367
-6327
-3966
-1446
1068
3420
5464
7081
8183
8719
8674
8073
6975
5468
3668
1700
-297
-2195
-3869
-5218
-6164
-6659
-6684
-6256
-5419
-4244
-2822
-1259
334
1847
3179
4242
4971
5325
5291
4881
4133
3108
1885
554
-787
-2047
-3137
-3982
-4528
-4741
-4610
-4149
-3394
-2402
-1243
0
1239
2390
3373
4120
4582
4728
4548
4056
3285
2287
1131
-107
-1346
-2503
-3501
-4276
-4776
-4970
-4844
-4407
-3686
-2728
-1593
-353
912
2127
3214
4107
4750
5105
5152
4887
4330
3513
2488
1317
69
-1178
-2355
-3392
-4229
-4819
-5130
-5147
-4872
-4322
-3533
-2551
-1433
-244
948
2080
3088
3919
4531
4892
4987
4814
4386
3730
2883
1894
814
-296
-1381
-2385
-3257
-3955
-4446
-4708
-4730
-4514
-4073
-3433
-2625
-1691
-678
365
1387
2340
3177
3859
4354
4637
4695
4525
4133
3539
2768
1856
845
-216
-1279
-2291
-3202
-3968
-4549
-4912
-5036
-4911
-4537
-3928
-3110
-2120
-1002
187
1390
2547
3594
4477
5145
5557
5686
5519
5056
4315
3330
2147
825
-567
-1958
-3269
-4429
-5370
-6036
-6383
-6387
-6040
-5353
-4358
-3106
-1660
-98
1492
3024
4408
5565
6425
6934
7058
6784
6122
5105
3787
2238
546
-1192
-2879
-4414
-5709
-6685
-7283
-7464
-7216
-6548
-5497
-4123
-2503
-732
1086
2846
4443
5783
6785
7390
7560
7286
6582
5491
4077
2426
636
-1184
-2927
-4489
-5775
-6709
-7236
-7326
-6976
-6209
-5075
-3644
-2006
-262
1480
3115
4542
5677
6451
6821
6767
6298
5447
4271
2848
1268
-366
-1952
-3392
-4596
-5490
-6024
-6167
-5916
-5293
-4343
-3132
-1741
-263
1203
2566
3736
4640
5223
5451
5315
4828
4027
2972
1735
401
-936
-2190
-3275
-4120
-4670
-4891
-4771
-4321
-3576
-2588
-1428
-178
1076
2247
3255
4028
4515
4681
4515
4028
3255
2247
1076
-178
-1428
-2588
-3576
-4321
-4771
-4891
-4670
-4120
-3275
-2190
-936
401
1735
2972
4027
4828
5315
5451
5223
4640
3736
2566
1203
-263
-1741
-3132
-4343
-5293
-5916
-6167
-6024
-5490
-4596
-3392
-1952
-366
1268
2848
4271
5447
6298
6767
6821
6451
5677
4542
3115
1480
-262
-2006
-3644
-5075
-6209
-6976
-7326
-7236
-6709
-5775
-4489
-2927
-1184
636
2426
4077
5491
6582
7286
7560
7390
6785
5783
4443
2846
1086
-732
-2503
-4123
-5497
-6548
-7216
-7464
-7283
-6685
-5709
-4414
-2879
-1192
546
2238
3787
5105
6122
6784
7058
6934
6425
5565
4408
3024
1492
-98
-1660
-3106
-4358
-5353
-6040
-6387
-6383
-6036
-5370
-4429
-3269
-1958
-567
825
2147
3330
4315
5056
5519
5686
5557
5145
4477
3594
2547
1390
187
-1002
-2120
-3110
-3928
-4537
-4911
-5036
-4912
-4549
-3968
-3202
-2291
-1279
-216
845
1856
2768
3539
4133
4525
4695
4637
4354
3859
3177
2340
1387
365
-678
-1691
-2625
-3433
-4073
-4514
-4730
-4708
-4446
-3955
-3257
-2385
-1381
-296
814
1894
2883
3730
4386
4814
4987
4892
4531
3919
3088
2080
948
-244
-1433
-2551
-3533
-4322
-4872
-5147
-5130
-4819
-4229
-3392
-2355
-1178
69
1317
2488
3513
4330
4887
5152
5105
4750
4107
3214
2127
912
-353
-1593
-2728
-3686
-4407
-4844
-4970
-4776
-4276
-3501
-2503
-1346
-107
1131
2287
3285
4056
4548
4728
4582
4120
3373
2390
1239
0
-1243
-2402
-3394
-4149
-4610
-4741
-4528
-3982
-3137
-2047
-787
554
1885
3108
4133
4881
5291
5325
4971
4242
3179
1847
334
-1259
-2822
-4244
-5419
-6256
-6684
-6659
-6164
-5218
-3869
-2195
-297
1700
3668
5468
6975
8073
8674
8719
8183
7081
5464
3420
1068
-1446
-3966
-6327
-8367
-9944
-10938
-11264
-10879
-9783
-8022
-5688
-2910
147
3300
6350
9100
11367
12994
13859
13884
13043
11365
8931
5872
2362
-1392
-5164
-8720
-11834
-14302
-15954
-16670
-16383
-15087
-12838
-9754
-6004
-1806
2594
6932
10940
14368
16995
18646
19202
18610
16884
14110
10437
6074
1274
-3681
-8493
-12871
-16543
-19279
-20899
-21294
-20421
-18319
-15098
-10938
-6078
-802
4578
9743
14381
18211
20995
22559
22799
21691
19291
15733
11221
6017
427
-5219
-10587
-15357
-19243
-22012
-23495
-23601
-22320
-19725
-15966
-11265
-5898
-182
5546
10949
15708
19543
22231
23614
23616
22238
19568
15767
11062
5733
97
-5514
-10772
-15372
-19048
-21592
-22864
-22800
-21415
-18804
-15129
-10616
-5537
-195
5096
10030
14323
17735
20079
21235
21153
19858
17444
14070
9947
5328
489
-4285
-8722
-12572
-15625
-17723
-18766
-18720
-17612
-15534
-12629
-9086
-5124
-982
3096
6882
10168
12783
14599
15541
15586
14762
13149
10868
8073
4943
1668
-1561
-4568
-7194
-9311
-10825
-11684
-11875
-11422
-10388
-8862
-6958
-4802
-2526
-262
1869
3767
5348
6554
7355
7743
7736
7371
6702
5793
4711
3528
2306
1105
-28
-1060
-1967
-2737
-3367
-3862
-4231
-4484
-4632
-741
-4025
-7083
-9720
-11765
-13083
-13585
-13233
-12042
-10084
-7477
-4383
-995
2471
5799
8774
11206
12938
13856
13899
13061
11391
8994
6019
2655
-884
-4374
-7592
-10331
-12416
-13711
-14134
-13654
-12302
-10163
-7373
-4110
-583
2981
6355
9322
11691
13309
14072
13931
12893
11027
8451
5332
1871
-1708
-5177
-8310
-10905
-12795
-13858
-14025
-13285
-11687
-9333
-6376
-3008
553
4078
7339
10124
12253
14043
13588
12253
10124
7339
4078
553
-3008
-6376
-9333
-11687
-13285
-14025
-13858
-12795
-10905
-8310
-5177
-1708
1871
5332
8451
11027
12893
13931
14072
13309
11691
9322
6355
2981
-583
-4110
-7373
-10163
-12302
-13654
-14134
-13711
-12416
-10331
-7592
-4374
-884
2655
6019
8994
11391
13061
13899
13856
12938
11206
8774
5799
2471
-995
-4383
-7477
-10084
-12042
-13233
-13585
-13083
-11765
-9720
-7083
-4025
-741
2559
5668
8393
10566
12056
12778
12695
11821
10221
8005
5319
2340
-741
-3732
-6444
-8711
-10399
-11410
-11693
-11242
-10099
-8348
-6112
-3540
-802
1925
4472
6680
8417
9584
10121
10008
9270
7969
6204
4098
1796
-547
-2782
-4767
-6381
-7533
-8161
-8243
-7790
-6851
-5504
-3853
-2018
-129
1686
3309
4638
5592
6123
6210
5866
5133
4078
2790
1371
-70
-1430
-2611
-3532
-4136
-4388
-4282
-3841
-3111
-2158
-1066
72
1164
2120
2863
3334
3496
3338
2871
2136
1193
120
-995
-2058
-2979
-3676
-4084
-4160
-3884
-3266
-2340
-1167
171
1578
2950
4178
5165
5823
6089
5925
5321
4301
2918
1253
-588
-2487
-4313
-5938
-7242
-8122
-8501
-8334
-7610
-6355
-4632
-2536
-191
2258
4658
6851
8689
10042
10808
10920
10352
9118
7277
4928
2204
-734
-3711
-6541
-9045
-11060
-12451
-13117
-13001
-12094
-10433
-8106
-5240
-2000
1425
4831
8011
10770
12934
14364
14963
14681
13524
11547
8859
5611
1988
-1798
-5525
-8972
-11931
-14223
-15706
-16285
-15918
-14620
-12459
-9555
-6074
-2215
1798
5734
9362
12469
14873
16431
17050
16692
15374
13170
10206
6650
2706
-1398
-5428
-9154
-12362
-14868
-16531
-17256
-17004
-15791
-13689
-10818
-7343
-3463
600
4618
8365
11630
14233
16030
16927
16876
15888
14023
11390
8142
4463
560
-3347
-7046
-10331
-13026
-14987
-16113
-16349
-15691
-14183
-11916
-9020
-5659
-2021
1693
5284
8557
11340
13486
14889
15480
15237
14181
12379
9935
6985
3693
237
-3197
-6430
-9292
-11637
-13346
-14337
-14565
-14027
-12758
-10833
-8359
-5470
-2321
922
4091
7021
9563
11588
12997
13722
13731
13028
11655
9689
7233
4418
1390
-1692
-4672
-7397
-9726
-11542
-12755
-13303
-13161
-12338
-10879
-8860
-6387
-3589
-610
2395
5270
7868
10052
11709
12754
13131
12820
11838
10235
8095
5528
2671
-327
-3309
-6117
-8602
-10630
-12095
-12916
-13049
-12486
-11254
-9420
-7080
-4360
-1405
1624
4566
7260
9559
11339
12502
12984
12758
11836
10269
8143
5574
2706
-303
-3288
-6083
-8533
-10503
-11883
-12599
-12612
-11924
-10575
-8644
-6241
-3504
-588
2340
5116
7584
9604
11066
11890
12034
11495
10309
8549
6323
3761
1015
-1755
-4390
-6738
-8668
-10071
-10874
-11036
-10558
-9477
-7863
-5820
-3475
-969
1545
3920
6019
7720
8930
9586
9660
9158
8123
6628
4772
2677
474
-1699
-3711
-5442
-6793
-7689
-8087
-7974
-7370
-6326
-4920
-3249
-1428
424
2188
3752
5022
5922
6405
6451
6069
5295
4194
2847
1352
-183
-1656
-2966
-4025
-4766
-5145
-5143
-4768
-4054
-3058
-1857
-540
795
2051
3137
3973
4500
4681
4500
3973
3137
2051
795
-540
-1857
-3058
-4054
-4768
-5143
-5145
-4766
-4025
-2966
-1656
-183
1352
2847
4194
5295
6069
6451
6405
5922
5022
3752
2188
424
-1428
-3249
-4920
-6326
-7370
-7974
-8087
-7689
-6793
-5442
-3711
-1699
474
2677
4772
6628
8123
9158
9660
9586
8930
7720
6019
3920
1545
-969
-3475
-5820
-7863
-9477
-10558
-11036
-10874
-10071
-8668
-6738
-4390
-1755
1015
3761
6323
8549
10309
11495
12034
11890
11066
9604
7584
5116
2340
-588
-3504
-6241
-8644
-10575
-11924
-12612
-12599
-11883
-10503
-8533
-6083
-3288
-303
2706
5574
8143
10269
11836
12758
12984
12502
11339
9559
7260
4566
1624
-1405
-4360
-7080
-9420
-11254
-12486
-13049
-12916
-12095
-10630
-8602
-6117
-3309
-327
2671
5528
8095
10235
11838
12820
13131
12754
11709
10052
7868
5270
2395
-610
-3589
-6387
-8860
-10879
-12338
-13161
-13303
-12755
-11542
-9726
-7397
-4672
-1692
1390
4418
7233
9689
11655
13028
13731
13722
12997
11588
9563
7021
4091
922
-2321
-5470
-8359
-10833
-12758
-14027
-14565
-14337
-13346
-11637
-9292
-6430
-3197
237
3693
6985
9935
12379
14181
15237
15480
14889
13486
11340
8557
5284
1693
-2021
-5659
-9020
-11916
-14183
-15691
-16349
-16113
-14987
-13026
-10331
-7046
-3347
560
4463
8142
11390
14023
15888
16876
16927
16030
14233
11630
8365
4618
600
-3463
-7343
-10818
-13689
-15791
-17004
-17256
-16531
-14868
-12362
-9154
-5428
-1398
2706
6650
10206
13170
15374
16692
17050
16431
14873
12469
9362
5734
1798
-2215
-6074
-9555
-12459
-14620
-15918
-16285
-15706
-14223
-11931
-8972
-5525
-1798
1988
5611
8859
11547
13524
14681
14963
14364
12934
10770
8011
4831
1425
-2000
-5240
-8106
-10433
-12094
-13001
-13117
-12451
-11060
-9045
-6541
-3711
-734
2204
4928
7277
9118
10352
10920
10808
10042
8689
6851
4658
2258
-191
-2536
-4632
-6355
-7610
-8334
-8501
-8122
-7242
-5938
-4313
-2487
-588
1253
2918
4301
5321
5925
6089
5823
5165
4178
2950
1578
171
-1167
-2340
-3266
-3884
-4160
-4084
-3676
-2979
-2058
-995
120
1193
2136
2871
3338
3496
3334
2863
2120
1164
72
-1066
-2158
-3111
-3841
-4282
-4388
-4136
-3532
-2611
-1430
-70
1371
2790
4078
5133
5866
6210
6123
5592
4638
3309
1686
-129
-2018
-3853
-5504
-6851
-7790
-8243
-8161
-7533
-6381
-4767
-2782
-547
1796
4098
6204
7969
9270
10008
10121
9584
8417
6680
4472
1925
-802
-3540
-6112
-8348
-10099
-11242
-11693
-11410
-10399
-8711
-6444
-3732
-741
2340
5319
8005
10221
11821
12695
12778
12056
10566
8393
5668
2559
-741
-4025
-7083
-9720
-11765
-13083
-13585
-13233
-12042
-10084
-7477
-4383
-995
2471
5799
8774
11206
12938
13856
13899
13061
11391
8994
6019
2655
-884
-4374
-7592
-10331
-12416
-13711
-14134
-13654
-12302
-10163
-7373
-4110
-583
2981
6355
9322
11691
13309
14072
13931
12893
11027
8451
5332
1871
-1708
-5177
-8310
-10905
-12795
-13858
-14025
-13285
-11687
-9333
-6376
-3008
553
4078
7339
10124
12253
13588
3665
4178
4390
4315
3987
3451
2766
1993
1196
434
-243
-798
-1205
-1453
-1545
-1497
-1338
-1100
-822
-543
-298
-115
-15
-8
-91
-254
-474
-723
-969
-1177
-1314
-1353
-1274
-1068
-737
-293
239
826
1428
1998
2492
2867
3085
3120
2956
2591
2038
1324
486
-424
-1352
-2239
-3024
-3653
-4082
-4276
-4216
-3899
-3338
-2565
-1622
-566
540
1627
2629
3482
4134
4681
4542
4134
3482
2629
1627
540
-566
-1622
-2565
-3338
-3899
-4216
-4276
-4082
-3653
-3024
-2239
-1352
-424
486
1324
2038
2591
2956
3120
3085
2867
2492
1998
1428
826
239
-293
-737
-1068
-1274
-1353
-1314
-1177
-969
-723
-474
-254
-91
-8
-15
-115
-298
-543
-822
-1100
-1338
-1497
-1545
-1453
-1205
-798
-243
434
1196
1993
2766
3451
3987
4315
4390
4178
3665
2858
1784
493
-947
-2452
-3926
-5270
-6385
-7181
-7584
-7539
-7021
-6031
-4603
-2801
-717
1532
3816
5992
7918
9460
10503
10956
10764
9908
8411
6336
3787
899
-2161
-5216
-8077
-10561
-12502
-13762
-14240
-13880
-12673
-10667
-7956
-4682
-1026
2800
6573
10063
13049
15339
16776
17250
16709
15160
12671
9370
5436
1091
-3414
-7812
-11838
-15243
-17812
-19374
-19817
-19095
-17230
-14313
-10502
-6009
-1091
3964
8860
13302
17019
19781
21411
21798
20904
18769
15504
11292
6373
1032
-4418
-9656
-14370
-18275
-21136
-22774
-23084
-22040
-19696
-16183
-11702
-6514
-922
4744
10151
14979
18941
21801
23389
23608
22445
19966
16318
11715
6430
774
-4918
-10313
-15093
-18978
-21741
-23224
-23344
-22100
-19570
-15909
-11340
-6134
-603
4925
10129
14702
18382
20959
22291
22311
21030
18536
14987
10603
5650
426
-4759
-9603
-13825
-17185
-19498
-20643
-20569
-19299
-16927
-13607
-9552
-5010
-257
4424
8761
12506
15451
17437
18370
18214
17004
14833
11850
8248
4254
111
-3933
-7644
-10814
-13270
-14887
-15593
-15374
-14269
-12369
-9811
-6765
-3426
0
3308
6308
8835
10755
11978
12459
12197
11237
9665
7598
5180
2569
-70
-2581
-4821
-6669
-8034
-8859
-9124
-8843
-8061
-6855
-5321
-3572
-1727
96
1788
3255
4423
5240
5683
5752
5474
4893
4074
3089
2017
937
-78
-969
-1688
-2204
-2505
-2596
-2498
-2244
-1877
-1446
-999
-581
-231
22
164
191
113
-48
-264
-497
-708
-860
-920
-865
-681
-367
64
588
1169
1762
2318
2786
3117
3272
3219
2942
2441
1730
844
-171
-1255
-2340
-3353
-4223
-4882
-5277
-5366
-5128
-4561
-3685
-2543
-1193
286
1809
3281
4610
5708
6498
6922
6943
6547
5747
4581
3111
1418
-398
-2231
-3971
-5510
-6750
-7612
-8036
-7991
-7471
-6501
-5133
-3443
-1529
496
2515
4404
6052
7356
8237
8638
8534
7927
6851
5367
3562
1541
-574
-2661
-4594
-6260
-7560
-8416
-8779
-8627
-7969
-6847
-5327
-3501
-1476
625
2681
4570
6182
7422
8221
8535
8348
7676
6561
5073
3303
1356
-650
-2598
-4375
-5877
-7021
-7743
-8005
-7798
-7140
-6075
-4670
-3013
-1204
649
2439
4060
5422
6448
7083
7297
7084
6463
5477
4190
2680
1041
-630
-2236
-3685
-4894
-5799
-6351
-6525
-6318
-5749
-4856
-3699
-2348
-886
600
2025
3307
4374
5169
5650
5796
5604
5091
4292
3259
2055
753
-570
-1839
-2981
-3932
-4641
-5071
-5202
-5029
-4569
-3850
-2919
-1831
-651
551
1708
2753
3629
4285
4687
4815
4663
4242
3579
2713
1695
585
-553
-1655
-2658
-3504
-4145
-4545
-4681
-4545
-4145
-3504
-2658
-1655
-553
585
1695
2713
3579
4242
4663
4815
4687
4285
3629
2753
1708
551
-651
-1831
-2919
-3850
-4569
-5029
-5202
-5071
-4641
-3932
-2981
-1839
-570
753
2055
3259
4292
5091
5604
5796
5650
5169
4374
3307
2025
600
-886
-2348
-3699
-4856
-5749
-6318
-6525
-6351
-5799
-4894
-3685
-2236
-630
1041
2680
4190
5477
6463
7084
7297
7083
6448
5422
4060
2439
649
-1204
-3013
-4670
-6075
-7140
-7798
-8005
-7743
-7021
-5877
-4375
-2598
-650
1356
3303
5073
6561
7676
8348
8535
8221
7422
6182
4570
2681
625
-1476
-3501
-5327
-6847
-7969
-8627
-8779
-8416
-7560
-6260
-4594
-2661
-574
1541
3562
5367
6851
7927
8534
8638
8237
7356
6052
4404
2515
496
-1529
-3443
-5133
-6501
-7471
-7991
-8036
-7612
-6750
-5510
-3971
-2231
-398
1418
3111
4581
5747
6547
6943
6922
6498
5708
4610
3281
1809
286
-1193
-2543
-3685
-4561
-5128
-5366
-5277
-4882
-4223
-3353
-2340
-1255
-171
844
1730
2441
2942
3219
3272
3117
2786
2318
1762
1169
588
64
-367
-681
-865
-920
-860
-708
-497
-264
-48
113
191
164
22
-231
-581
-999
-1446
-1877
-2244
-2498
-2596
-2505
-2204
-1688
-969
-78
937
2017
3089
4074
4893
5474
5752
5683
5240
4423
3255
1788
96
-1727
-3572
-5321
-6855
-8061
-8843
-9124
-8859
-8034
-6669
-4821
-2581
-70
2569
5180
7598
9665
11237
12197
12459
11978
10755
8835
6308
3308
0
-3426
-6765
-9811
-12369
-14269
-15374
-15593
-14887
-13270
-10814
-7644
-3933
111
4254
8248
11850
14833
17004
18214
18370
17437
15451
12506
8761
4424
-257
-5010
-9552
-13607
-16927
-19299
-20569
-20643
-19498
-17185
-13825
-9603
-4759
426
5650
10603
14987
18536
21030
22311
22291
20959
18382
14702
10129
4925
-603
-6134
-11340
-15909
-19570
-22100
-23344
-23224
-21741
-18978
-15093
-10313
-4918
774
6430
11715
16318
19966
22445
23608
23389
21801
18941
14979
10151
4744
-922
-6514
-11702
-16183
-19696
-22040
-23084
-22774
-21136
-18275
-14370
-9656
-4418
1032
6373
11292
15504
18769
20904
21798
21411
19781
17019
13302
8860
3964
-1091
-6009
-10502
-14313
-17230
-19095
-19817
-19374
-17812
-15243
-11838
-7812
-3414
1091
5436
9370
12671
15160
16709
17250
16776
15339
13049
10063
6573
2800
-1026
-4682
-7956
-10667
-12673
-13880
-14240
-13762
-12502
-10561
-8077
-5216
-2161
899
3787
6336
8411
9908
10764
10956
10503
9460
7918
5992
3816
1532
-717
-2801
-4603
-6031
-7021
-7539
-7584
-7181
-6385
-5270
-3926
-2452
-947
493
1784
2858
3665
4178
4390
4315
3987
3451
2766
1993
1196
434
-243
-798
-1205
-1453
-1545
-1497
-1338
-1100
-822
-543
-298
-115
-15
-8
-91
-254
-474
-723
-969
-1177
-1314
-1353
-1274
-1068
-737
-293
239
826
1428
1998
2492
2867
3085
3120
2956
2591
2038
1324
486
-424
-1352
-2239
-3024
-3653
-4082
-4276
-4216
-3899
-3338
-2565
-1622
-566
540
1627
2629
3482
4134
4542
10653
5931
936
-4028
-8668
-12709
-15920
-18124
-19208
-19127
-17909
-15652
-12513
-8701
-4461
-59
4234
8161
11492
14040
15671
16309
15943
14624
12460
9612
6274
2670
-969
-4416
-7462
-9931
-11687
-12648
-12780
-12108
-10706
-8692
-6221
-3472
-635
2100
4559
6590
8078
8948
9170
8760
7776
6315
4502
2484
414
-1553
-3280
-4649
-5575
-6006
-5933
-5381
-4415
-3128
-1637
-69
1440
2766
3800
4681
4456
3800
2766
1440
-69
-1637
-3128
-4415
-5381
-5933
-6006
-5575
-4649
-3280
-1553
414
2484
4502
6315
7776
8760
9170
8948
8078
6590
4559
2100
-635
-3472
-6221
-8692
-10706
-12108
-12780
-12648
-11687
-9931
-7462
-4416
-969
2670
6274
9612
12460
14624
15943
16309
15671
14040
11492
8161
4234
-59
-4461
-8701
-12513
-15652
-17909
-19127
-19208
-18124
-15920
-12709
-8668
-4028
936
5931
10653
14811
18144
20439
21543
21374
19924
17267
13546
8974
3817
-1622
-7021
-12055
-16420
-19849
-22129
-23117
-22743
-21022
-18048
-13990
-9084
-3618
2085
7690
12862
17295
20723
22941
23816
23295
21407
18263
14048
9011
3450
-2306
-7920
-13061
-17428
-20766
-22883
-23658
-23051
-21105
-17940
-13747
-8778
-3328
2280
7719
12671
16852
20023
22007
22701
22074
20177
17133
13131
8413
3263
-2015
-7115
-11742
-15634
-18576
-20409
-21045
-20463
-18715
-15921
-12258
-7952
-3262
1534
6159
10351
13876
16544
18218
18822
18343
16832
14396
11196
7430
3328
-869
-4920
-8598
-11702
-14070
-15587
-16188
-15865
-14659
-12665
-10017
-6884
-3455
66
3481
6599
9256
11318
12688
13314
13186
12336
10838
8796
6345
3634
822
-1931
-4479
-6689
-8455
-9699
-10374
-10467
-10000
-9020
-7603
-5844
-3852
-1743
365
2364
4153
5650
6791
7535
7863
7780
7312
6500
5404
4091
2639
1125
-374
-1789
-3055
-4121
-4948
-5509
-5792
-5797
-5539
-5039
-4332
-3457
-2458
-1383
-280
803
1824
2740
3516
4125
4543
4757
4760
4555
4151
3565
2823
1956
1001
0
-1005
-1968
-2845
-3594
-4179
-4568
-4741
-4684
-4395
-3884
-3173
-2293
-1285
-198
911
1988
2973
3813
4459
4874
5031
4916
4532
3896
3038
2005
851
-359
-1559
-2678
-3652
-4422
-4943
-5182
-5121
-4763
-4125
-3245
-2172
-969
291
1535
2687
3677
4444
4942
5138
5022
4599
3895
2954
1835
606
-654
-1868
-2959
-3858
-4508
-4869
-4919
-4654
-4092
-3270
-2242
-1075
155
1370
2488
3438
4157
4597
4732
4551
4068
3313
2338
1208
-2
-1212
-2340
-3310
-4058
-4530
-4696
-4541
-4076
-3330
-2352
-1206
29
1274
2442
3454
4241
4747
4934
4788
4314
3540
2516
1306
-9
-1344
-2610
-3720
-4599
-5185
-5435
-5327
-4864
-4071
-2995
-1703
-276
1192
2609
3881
4923
5664
6052
6056
5671
4916
3834
2491
968
-640
-2232
-3707
-4971
-5940
-6551
-6762
-6553
-5934
-4940
-3627
-2076
-379
1359
3033
4537
5779
6680
7182
7252
6884
6097
4937
3472
1790
-7
-1814
-3520
-5023
-6232
-7074
-7499
-7481
-7021
-6147
-4910
-3386
-1664
153
1959
3646
5117
6286
7087
7474
7427
6953
6082
4867
3382
1714
-38
-1773
-3393
-4805
-5931
-6711
-7105
-7095
-6687
-5911
-4815
-3467
-1945
-337
1264
2772
4104
5189
5973
6418
6508
6245
5650
4764
3640
2345
951
-463
-1824
-3060
-4110
-4924
-5465
-5712
-5661
-5322
-4720
-3893
-2889
-1763
-575
615
1750
2774
3642
4315
4766
4980
4953
4691
4211
3542
2717
1776
766
-267
-1278
-2221
-3054
-3743
-4256
-4573
-4681
-4573
-4256
-3743
-3054
-2221
-1278
-267
766
1776
2717
3542
4211
4691
4953
4980
4766
4315
3642
2774
1750
615
-575
-1763
-2889
-3893
-4720
-5322
-5661
-5712
-5465
-4924
-4110
-3060
-1824
-463
951
2345
3640
4764
5650
6245
6508
6418
5973
5189
4104
2772
1264
-337
-1945
-3467
-4815
-5911
-6687
-7095
-7105
-6711
-5931
-4805
-3393
-1773
-38
1714
3382
4867
6082
6953
7427
7474
7087
6286
5117
3646
1959
153
-1664
-3386
-4910
-6147
-7021
-7481
-7499
-7074
-6232
-5023
-3520
-1814
-7
1790
3472
4937
6097
6884
7252
7182
6680
5779
4537
3033
1359
-379
-2076
-3627
-4940
-5934
-6553
-6762
-6551
-5940
-4971
-3707
-2232
-640
968
2491
3834
4916
5671
6056
6052
5664
4923
3881
2609
1192
-276
-1703
-2995
-4071
-4864
-5327
-5435
-5185
-4599
-3720
-2610
-1344
-9
1306
2516
3540
4314
4788
4934
4747
4241
3454
2442
1274
29
-1206
-2352
-3330
-4076
-4541
-4696
-4530
-4058
-3310
-2340
-1212
-2
1208
2338
3313
4068
4551
4732
4597
4157
3438
2488
1370
155
-1075
-2242
-3270
-4092
-4654
-4919
-4869
-4508
-3858
-2959
-1868
-654
606
1835
2954
3895
4599
5022
5138
4942
4444
3677
2687
1535
291
-969
-2172
-3245
-4125
-4763
-5121
-5182
-4943
-4422
-3652
-2678
-1559
-359
851
2005
3038
3896
4532
4916
5031
4874
4459
3813
2973
1988
911
-198
-1285
-2293
-3173
-3884
-4395
-4684
-4741
-4568
-4179
-3594
-2845
-1968
-1005
0
1001
1956
2823
3565
4151
4555
4760
4757
4543
4125
3516
2740
1824
803
-280
-1383
-2458
-3457
-4332
-5039
-5539
-5797
-5792
-5509
-4948
-4121
-3055
-1789
-374
1125
2639
4091
5404
6500
7312
7780
7863
7535
6791
5650
4153
2364
365
-1743
-3852
-5844
-7603
-9020
-10000
-10467
-10374
-9699
-8455
-6689
-4479
-1931
822
3634
6345
8796
10838
12336
13186
13314
12688
11318
9256
6599
3481
66
-3455
-6884
-10017
-12665
-14659
-15865
-16188
-15587
-14070
-11702
-8598
-4920
-869
3328
7430
11196
14396
16832
18343
18822
18218
16544
13876
10351
6159
1534
-3262
-7952
-12258
-15921
-18715
-20463
-21045
-20409
-18576
-15634
-11742
-7115
-2015
3263
8413
13131
17133
20177
22074
22701
22007
20023
16852
12671
7719
2280
-3328
-8778
-13747
-17940
-21105
-23051
-23658
-22883
-20766
-17428
-13061
-7920
-2306
3450
9011
14048
18263
21407
23295
23816
22941
20723
17295
12862
7690
2085
-3618
-9084
-13990
-18048
-21022
-22743
-23117
-22129
-19849
-16420
-12055
-7021
-1622
3817
8974
13546
17267
19924
21374
21543
20439
18144
14811
10653
5931
936
-4028
-8668
-12709
-15920
-18124
-19208
-19127
-17909
-15652
-12513
-8701
-4461
-59
4234
8161
11492
14040
15671
16309
15943
14624
12460
9612
6274
2670
-969
-4416
-7462
-9931
-11687
-12648
-12780
-12108
-10706
-8692
-6221
-3472
-635
2100
4559
6590
8078
8948
9170
8760
7776
6315
4502
2484
414
-1553
-3280
-4649
-5575
-6006
-5933
-5381
-4415
-3128
-1637
-69
1440
2766
3800
4456
