0
4278
8485
12550
16402
19973
23203
26035
28419
30314
31684
32507
32766
32456
31581
30156
28203
25758
22860
19561
15917
11991
7852
3573
-771
-5106
-9352
-13436
-17284
-20829
-24006
-26759
-29038
-30801
-32015
-32660
-32720
-32196
-31094
-29434
-27244
-24563
-21439
-17925
-14087
-9991
-5712
-1327
3083
7441
11667
15683
19415
22796
25762
28259
30239
31667
32514
32764
32412
31462
29931
27847
25247
22178
18696
14865
10755
6443
2009
-2465
-6896
-11201
-15299
-19113
-22570
-25606
-28162
-30190
-31650
-32514
-32764
-32394
-31411
-29832
-27686
-25012
-21861
-18292
-14372
-10175
-5781
-1274
3259
7733
12062
16161
19951
23359
26318
28771
30668
31973
32659
32711
32127
30919
29107
26727
23823
20452
16679
12577
8226
3711
-879
-5455
-9926
-14204
-18204
-21846
-25058
-27775
-29942
-31516
-32464
-32766
-32415
-31417
-29790
-27567
-24790
-21514
-17805
-13736
-9388
-4849
-209
4437
8997
13377
17489
21248
24578
27411
29687
31359
32393
32765
32468
31507
29899
27676
24884
21579
17828
13707
9301
4700
0
-4703
-9311
-13729
-17864
-21629
-24947
-27746
-29968
-31566
-32503
-32761
-32332
-31225
-29460
-27076
-24119
-20653
-16748
-12488
-7961
-3263
1506
6246
10856
15238
19298
22949
26112
28719
30713
32051
32702
32651
31900
30461
28366
25658
22395
18646
14492
10022
5332
524
-4298
-9029
-13567
-17811
-21669
-25055
-27896
-30127
-31699
-32577
-32739
-32182
-30916
-28967
-26379
-23206
-19519
-15397
-10932
-6222
-1372
3511
8320
12945
17284
21240
24723
27655
29968
31611
32545
32748
32214
30954
28995
26381
23169
19431
15252
10724
5950
1038
-3899
-8751
-13405
-17757
-21705
-25159
-28038
-30277
-31822
-32637
-32702
-32014
-30588
-28456
-25665
-22280
-18377
-14047
-9388
-4509
477
5455
10308
14924
19194
23018
26305
28979
30974
32243
32756
32498
31476
29711
27244
24133
20449
16280
11722
6884
1880
-3170
-8148
-12935
-17416
-21484
-25041
-28000
-30291
-31856
-32659
-32677
-31909
-30373
-28105
-25157
-21600
-17520
-13013
-8189
-3163
1941
7001
11893
16499
20705
24407
27516
29953
31659
32589
32721
32049
30590
28377
25463
21921
17836
13307
8448
3377
-1780
-6896
-11843
-16499
-20746
-24479
-27603
-30040
-31727
-32621
-32699
-31957
-30413
-28105
-25088
-21439
-17247
-12618
-7668
-2522
2689
7836
12787
17416
21605
25247
28248
30530
32035
32723
32574
31592
29801
27244
23987
20112
15718
10917
5832
595
-4660
-9798
-14685
-19194
-23208
-26622
-29345
-31307
-32455
-32757
-32206
-30813
-28614
-25665
-22043
-17841
-13169
-8148
-2911
2405
7661
12717
17440
21705
25397
28419
30689
32146
32750
32483
31352
29385
26633
23169
19084
14487
9500
4255
-1105
-6439
-11603
-16457
-20870
-24723
-27911
-30346
-31961
-32712
-32578
-31559
-29684
-27001
-23582
-19519
-14922
-9916
-4636
771
6162
11386
16301
20770
24671
27896
30354
31977
32719
32558
31498
29565
26813
23317
19172
14492
9407
4058
-1405
-6833
-12073
-16978
-21411
-25247
-28377
-30713
-32188
-32760
-32410
-31148
-29007
-26047
-22351
-18021
-13179
-7961
-2516
3003
8440
13640
18454
22745
26389
29282
31340
32503
32737
32033
30409
27913
24613
20604
16000
10932
5547
0
-5550
-10942
-16021
-20637
-24657
-27963
-30458
-32068
-32745
-32468
-31244
-29107
-26118
-22364
-17952
-13013
-7689
-2137
3479
8997
14252
19090
23367
26955
29748
31662
32640
32650
31691
29790
27003
23411
19119
14256
8965
3403
-2262
-7862
-13230
-18204
-22633
-26385
-29345
-31423
-32556
-32707
-31871
-30072
-27362
-23823
-19561
-14703
-9397
-3803
1908
7565
12994
18030
22517
26318
29316
31419
32559
32702
31841
30001
27238
23635
19302
14372
8996
3339
-2422
-8112
-13553
-18577
-23026
-26761
-29667
-31650
-32648
-32629
-31591
-29565
-26615
-22829
-18327
-13249
-7752
-2009
3799
9491
14886
19815
24120
27666
30338
32052
32751
32412
31044
28690
25423
21345
16586
11295
5642
-193
-6025
-11667
-16938
-21669
-25706
-28920
-31206
-32489
-32726
-31909
-30063
-27244
-23544
-19081
-13998
-8460
-2644
3259
9060
14569
19606
24006
27626
30346
32075
32756
32366
30916
28451
25051
20827
15917
10480
4696
-1244
-7147
-12817
-18065
-22719
-26622
-29644
-31684
-32674
-32578
-31398
-29173
-25975
-21909
-17110
-11737
-5969
0
5972
11747
17130
21941
26016
29217
31436
32596
32657
31615
29504
26395
22390
17625
12260
6476
470
-5554
-11392
-16845
-21726
-25867
-29127
-31393
-32585
-32662
-31619
-29491
-26349
-22301
-17483
-12062
-6222
-166
5898
11762
17222
22088
26191
29387
31566
32648
32597
31411
29131
25835
21636
16679
11138
5205
-912
-7001
-12847
-18244
-23003
-26955
-29960
-31912
-32739
-32412
-30940
-28374
-24803
-20353
-15179
-9465
-3413
2763
8843
14612
19863
24407
28083
30758
32334
32755
32003
30103
27124
23169
18381
12929
7010
836
-5370
-11386
-16993
-21989
-26191
-29446
-31636
-32680
-32538
-31214
-28754
-25247
-20819
-15630
-9868
-3744
2518
8692
14551
19879
24480
28184
30855
32393
32739
31880
29845
26709
22585
17625
12011
5950
-333
-6607
-12639
-18204
-23094
-27128
-30152
-32055
-32763
-32248
-30528
-27666
-23767
-18976
-13473
-7461
-1167
5173
11322
17047
22132
26385
29644
31785
32724
32427
30901
28203
24435
19738
14288
8294
1981
-4409
-10635
-16457
-21654
-26025
-29402
-31656
-32697
-32485
-31027
-28377
-24634
-19943
-14481
-8460
-2109
4324
10594
16457
21686
26077
29459
31699
32710
32451
30929
28203
24378
19601
14056
7961
1552
-4919
-11201
-17047
-22227
-26537
-29806
-31906
-32751
-32307
-30590
-27666
-23648
-18696
-13002
-6791
-309
6187
12441
18204
23246
27366
30398
32222
32762
31995
29951
26709
22398
17189
11289
4935
-1619
-8112
-14281
-19879
-24678
-28486
-31147
-32552
-32643
-31416
-28917
-25247
-20553
-15023
-8882
-2378
4225
10659
16662
21989
26421
29777
31918
32756
32254
30432
27362
23169
18024
12137
5748
-879
-7473
-13762
-19485
-24407
-28323
-31070
-32533
-32650
-31414
-28875
-25136
-20353
-14721
-8475
-1874
4807
11292
17307
22602
26955
30182
32146
32765
32010
29911
26556
22083
16679
10571
4016
-2711
-9326
-15551
-21121
-25799
-29387
-31732
-32732
-32344
-30582
-27520
-23286
-18060
-12062
-5547
1206
7911
14280
20041
24947
28786
31393
32653
32513
30975
28105
24024
18906
12972
6476
-301
-7069
-13534
-19415
-24458
-28443
-31196
-32596
-32580
-31148
-28360
-24336
-19250
-13322
-6811
0
6813
13332
19269
24364
28393
31178
32594
32578
31129
28309
24241
19103
13120
6555
-301
-7147
-13680
-19609
-24671
-28641
-31340
-32648
-32505
-30916
-27948
-23735
-18460
-12360
-5706
1206
8067
14569
20421
25359
29162
31656
32728
32328
30473
27244
22786
17298
11027
4255
-2711
-9557
-15974
-21669
-26383
-29901
-32062
-32766
-31979
-29736
-26137
-21345
-15577
-9095
-2195
4807
11593
17850
23291
27666
30771
32464
32665
31362
28614
24546
19345
13249
6538
-477
-7473
-14125
-20126
-25196
-29098
-31650
-32732
-32292
-30349
-26991
-22374
-16712
-10266
-3339
3746
10659
17076
22694
27251
30530
32377
32702
31489
28793
24740
19519
13375
6597
-494
-7565
-14281
-20323
-25404
-29282
-31772
-32753
-32178
-30072
-26533
-21729
-15887
-9285
-2238
4919
11843
18204
23695
28052
31066
32589
32548
30942
27847
23411
17845
11416
4435
-2763
-9830
-16425
-22227
-26955
-30378
-32330
-32713
-31507
-28769
-24631
-19293
-13013
-6096
1120
8285
15047
21076
26077
29802
32068
32763
31850
29372
25451
20276
14101
7230
0
-7232
-14111
-20295
-25478
-29402
-31872
-32764
-32033
-29711
-25913
-20827
-14703
-7845
-595
6688
13640
19914
25196
29220
31785
32759
32093
29819
26047
20967
14832
7950
664
-6656
-13645
-19948
-25247
-29273
-31822
-32763
-32046
-29706
-25861
-20703
-14492
-7543
-209
7138
14125
20396
25629
29557
31977
32766
31880
29363
25342
20022
13674
6622
-771
-8129
-15071
-21240
-26318
-30042
-32219
-32734
-31559
-28754
-24461
-18901
-12360
-5177
2276
9615
16457
22447
27271
30678
32489
32608
31026
27825
23169
17302
10527
3199
-4298
-11573
-18244
-23960
-28419
-31387
-32705
-32302
-30198
-26501
-21406
-15179
-8148
-684
6817
13962
20369
25700
29668
32064
32757
31710
28975
24698
19103
12488
5205
-2358
-9798
-16717
-22745
-27557
-30894
-32577
-32513
-30703
-27244
-22319
-16192
-9191
-1693
5898
13175
19743
25247
29388
31941
32765
31816
29141
24884
19276
12618
5272
-2362
-9871
-16845
-22903
-27714
-31014
-32621
-32445
-30495
-26875
-21781
-15492
-8351
-749
6896
14165
20658
26016
29942
32220
32721
31417
28377
23767
17841
10926
3403
-4310
-11787
-18613
-24407
-28847
-31684
-32759
-32010
-29476
-25298
-19707
-13013
-5590
2148
9769
16845
22980
27828
31116
32659
32366
30254
26438
21133
14635
7310
-430
-8148
-15409
-21801
-26962
-30598
-32502
-32563
-30778
-27244
-22162
-15818
-8572
-836
6950
14343
20920
26305
30190
32350
32661
31103
27762
22829
16586
9388
1649
-6187
-13670
-20369
-25898
-29936
-32249
-32702
-31267
-28024
-23161
-16955
-9766
-2009
5867
13405
20168
25762
29860
32222
32709
31291
28049
23169
16936
9711
1916
-5992
-13553
-20323
-25904
-29968
-32275
-32687
-31179
-27837
-22855
-16527
-9222
-1372
6562
14111
20829
26318
30252
32397
32623
30916
27374
22206
15718
8294
373
-7571
-15067
-21669
-26980
-30683
-32556
-32483
-30469
-26631
-21197
-14492
-6916
1077
9009
16402
22811
27851
31216
32702
32218
29790
25564
19793
12824
5078
-2978
-10856
-18080
-24210
-28873
-31785
-32766
-31757
-28816
-24119
-17952
-10689
-2772
5316
13083
20053
25799
29968
32304
32662
31017
27469
22233
15630
8064
0
-8067
-15639
-22251
-27492
-31038
-32669
-32282
-29899
-25665
-19840
-12785
-4935
3223
11185
18454
24578
29176
31960
32754
31507
28295
23317
16881
9388
1306
-6859
-14599
-21426
-26913
-30713
-32587
-32415
-30206
-26096
-20343
-13307
-5431
2789
10837
18204
24423
29100
31937
32755
31498
28244
23199
16679
9099
938
-7285
-15047
-21854
-27271
-30951
-32659
-32282
-29844
-25497
-19519
-12290
-4271
4023
12062
19330
25359
29762
32252
32670
30984
27303
21861
15008
7184
-1105
-9326
-16947
-23474
-28484
-31650
-32766
-31757
-28687
-23753
-17274
-9670
-1435
6896
14781
21705
27215
30951
32666
32248
29720
25247
19119
11737
3583
-4807
-12886
-20121
-26035
-30239
-32455
-32534
-30469
-26395
-20578
-13400
-5336
3083
11302
18775
25007
29584
32200
32681
30992
27244
21684
14679
6695
-1736
-10055
-17706
-24178
-29038
-31959
-32744
-31340
-27837
-22468
-15592
-7668
771
9163
16942
23583
28641
31772
32764
31548
28203
22955
16155
8261
-193
-8637
-16499
-23246
-28419
-31667
-32766
-31641
-28366
-23161
-16378
-8479
0
8482
16388
23178
28387
31659
32766
31633
28334
23092
16267
8323
-193
-8699
-16610
-23382
-28547
-31748
-32764
-31521
-28105
-22748
-15818
-7793
771
9287
17161
23850
28887
31923
32744
31292
27666
22114
15023
6884
-1736
-10238
-18030
-24565
-29387
-32158
-32681
-30919
-26991
-21173
-13868
-5590
3083
11543
19194
25499
30012
32414
32534
30361
26047
19895
12336
3903
-4807
-13181
-20625
-26610
-30711
-32637
-32248
-29569
-24790
-18247
-10405
-1820
6896
15124
22277
27843
31423
32760
31757
28483
23169
16196
8060
-655
-9326
-17331
-24094
-29127
-32068
-32703
-30984
-27033
-21133
-13707
-5289
3511
12062
19743
25999
30374
32552
32371
29844
25150
18630
10754
2094
-6719
-15047
-22282
-27896
-31478
-32765
-31661
-28244
-22763
-15616
-7324
1506
10228
18204
24847
29668
32313
32585
30461
26096
19809
12062
3423
-5469
-13962
-21426
-27310
-31178
-32740
-31881
-28661
-23317
-16242
-7961
912
9721
17811
24578
29519
32265
32608
30520
26157
19840
12041
3339
-5613
-14150
-21629
-27492
-31296
-32755
-31758
-28377
-22863
-15630
-7219
1736
10564
18599
25234
29968
32443
32468
30041
25342
18725
10689
1842
-7147
-15598
-22868
-28404
-31785
-32751
-31227
-27327
-21345
-13736
-5078
3969
12717
20496
26712
30887
32702
32014
28875
23522
16364
7950
-1077
-10024
-18204
-24986
-29848
-32414
-32483
-30050
-25298
-18593
-10451
-1499
7571
16058
23305
28750
31969
32711
30916
26720
20449
12587
3744
-5391
-14111
-21734
-27666
-31442
-32766
-31533
-27837
-21964
-14372
-5653
3510
12401
20323
26654
30894
32710
31957
28692
23169
15822
7226
-1941
-10958
-19113
-25762
-30378
-32596
-32237
-29328
-24096
-16955
-8469
691
9799
18132
25028
29936
32465
32412
29778
24772
17791
9388
234
-8940
-17404
-24479
-29598
-32350
-32513
-30072
-25219
-18342
-9991
-836
8388
16942
24135
29387
32275
32563
30226
25451
18620
10283
1113
-8148
-16754
-24006
-29316
-32252
-32574
-30254
-25477
-18630
-10266
-1066
8222
16845
24098
29390
32286
32549
30156
25298
18372
9941
695
-8610
-17213
-24407
-29603
-32371
-32482
-29925
-24908
-17841
-9305
0
9307
17850
24924
29942
32491
32356
29546
24293
17028
8351
-1019
-10308
-18745
-25629
-30386
-32621
-32145
-28995
-23432
-15917
-7073
2362
11603
19879
26497
30903
32728
31816
28241
22301
14491
5464
-4023
-13175
-21224
-27492
-31451
-32766
-31324
-27244
-20868
-12732
-3519
5992
15001
22745
28568
31977
32682
30619
25962
19103
10622
1238
-8253
-17047
-24394
-29668
-32420
-32412
-29643
-24347
-16973
-8148
1373
10781
19269
26112
30723
32705
31886
28334
22351
14449
5304
-4298
-13534
-21608
-27826
-31650
-32749
-31026
-26627
-19930
-11510
-2094
7504
16457
23989
29446
32355
32460
29752
24461
17046
8148
-1459
-10942
-19477
-26318
-30870
-32732
-31742
-27983
-21780
-13674
-4371
5316
14541
22496
28484
31977
32669
30495
25645
18541
9807
209
-9410
-18204
-25397
-30356
-32640
-32046
-28625
-22675
-14721
-5464
4278
13645
21806
28038
31787
32719
30748
26047
19032
10324
695
-8997
-17892
-25196
-30256
-32621
-32077
-28669
-22701
-14703
-5389
4409
13816
21989
28193
31872
32694
30582
25725
18555
9715
0
-9718
-18563
-25739
-30598
-32699
-31850
-28126
-21861
-13619
-4144
5708
15047
23026
28920
32194
32549
29951
24631
17073
7961
-1876
-11547
-20168
-26955
-31287
-32766
-31257
-26894
-20073
-11416
-1713
8148
17267
24807
30076
32589
32113
28690
22632
14492
5018
-4919
-14407
-22570
-28657
-32104
-32591
-30072
-24775
-17189
-8012
1907
11653
20323
27113
31393
32763
31094
26539
19519
10683
852
-9060
-18132
-25519
-30530
-32697
-31816
-27965
-21503
-13031
-3339
6667
16052
23938
29584
32459
32292
29097
23169
15065
5543
-4501
-14125
-22423
-28612
-32108
-32578
-29977
-24546
-16798
-7461
2582
12385
21019
27666
31694
32721
30647
25665
18247
9095
-923
-10856
-19760
-26786
-31264
-32766
-31146
-26556
-19431
-10451
-470
9557
18675
26008
30855
32749
31507
27244
20368
11537
1595
-8501
-17784
-25359
-30497
-32702
-31758
-27754
-21074
-12360
-2451
7696
17103
24860
30215
32648
31922
28105
21563
12929
3039
-7147
-16643
-24525
-30025
-32607
-32016
-28309
-21844
-13249
-3359
6859
16412
24364
29939
32588
32050
28377
21924
13322
3413
-6833
-16412
-24382
-29960
-32596
-32028
-28309
-21804
-13150
-3199
7069
16643
24578
30089
32630
31946
28105
21482
12732
2719
-7565
-17103
-24947
-30318
-32680
-31797
-27754
-20951
-12062
-1970
8320
17784
25478
30633
32732
31565
27244
20200
11134
952
-9326
-18675
-26154
-31014
-32765
-31228
-26556
-19215
-9941
333
10578
19760
26955
31436
32749
30759
25665
17979
8475
-1887
-12062
-21019
-27851
-31864
-32650
-30126
-24546
-16475
-6728
3703
13762
22423
28806
32258
32427
29291
23169
14683
4696
-5772
-15653
-23938
-29777
-32571
-32033
-28214
-21503
-12587
-2378
8077
17706
25519
30711
32748
31416
26850
19519
10175
-219
-10594
-19879
-27113
-31549
-32726
-30520
-25157
-17189
-7439
3083
13289
22119
28657
32222
32441
29289
23092
14492
4381
-6187
-16114
-24364
-30076
-32652
-31820
-27666
-20619
-11416
-1017
9491
19008
26537
31287
32757
30792
25595
17709
7961
-2625
-12939
-21894
-28547
-32194
-32451
-29286
-23032
-14346
-4144
6498
16457
24678
30291
32699
31644
27238
19943
10531
0
-10533
-19951
-27251
-31656
-32694
-30254
-24592
-16309
-6286
4409
14637
23305
29487
32519
32077
28203
21312
12137
1660
-8997
-18692
-26385
-31248
-32757
-30748
-25434
-17383
-7461
3266
13645
22556
29038
32390
32248
28625
21909
12824
2351
-8378
-18204
-26061
-31098
-32765
-30880
-25645
-17625
-7689
3083
13524
22496
29023
32393
32235
28565
21780
12618
2077
-8692
-18516
-26318
-31245
-32755
-30681
-25247
-17046
-6975
3863
14280
23132
29446
32527
32033
28015
20915
11510
836
-9932
-19609
-27125
-31650
-32682
-30103
-24198
-15616
-5304
5596
15880
24407
30232
32705
31550
26894
19250
9465
-1373
-12062
-21411
-28379
-32188
-32412
-29022
-22395
-13267
-2656
8253
18244
26197
31222
32754
30619
25054
16679
6433
-4537
-15001
-23783
-29895
-32648
-31731
-27244
-19690
-9916
976
11762
21224
28293
32170
32415
28997
22301
13080
2378
-8595
-18599
-26497
-31393
-32729
-30352
-24528
-15917
-5494
5554
15974
24578
30386
32734
31352
26395
18425
8351
-2679
-13405
-22602
-29217
-32491
-32046
-27932
-20616
-10936
0
10939
20625
27944
32055
32482
29173
22507
13249
2462
-8610
-18692
-26622
-31481
-32707
-30156
-24119
-15293
-4696
6446
16845
25296
30817
32766
30916
25477
17079
6695
-4468
-15115
-24006
-30106
-32702
-31489
-26606
-18620
-8460
2689
13528
22788
29387
32552
31909
27532
19930
9991
-1120
-12103
-21669
-28693
-32350
-32208
-28280
-21025
-11295
-234
10856
20671
28052
32127
32412
28871
21921
12379
1372
-9799
-19815
-27487
-31906
-32545
-29328
-22632
-13249
-2291
8940
19113
27016
31708
32629
29666
23169
13911
2992
-8285
-18577
-26654
-31549
-32677
-29899
-23544
-14372
-3477
7836
18214
26411
31442
32702
30037
23764
14635
3744
-7598
-18030
-26293
-31393
-32711
-30086
-23833
-14703
-3796
7571
18026
26305
31405
32707
30050
23753
14577
3632
-7754
-18204
-26446
-31479
-32688
-29925
-23522
-14256
-3253
8148
18560
26712
31608
32650
29706
23135
13736
2656
-8751
-19090
-27095
-31785
-32581
-29385
-22585
-13013
-1842
9557
19786
27585
31994
32468
28947
21861
12081
809
-10564
-20637
-28166
-32219
-32293
-28377
-20951
-10932
440
11762
21629
28819
32437
32033
27653
19840
9561
-1907
-13142
-22745
-29519
-32621
-31661
-26755
-18514
-7961
3586
14689
23960
30239
32740
31148
25658
16955
6128
-5469
-16384
-25247
-30944
-32759
-30461
-24336
-15151
-4058
7546
18204
26572
31595
32638
29565
22763
13087
1756
-9798
-20118
-27896
-32148
-32332
-28424
-20915
-10754
771
12203
22088
29171
32552
31797
27001
18769
8148
-3511
-14727
-24069
-30346
-32754
-30984
-25260
-16309
-5272
6439
17331
26008
31359
32696
29845
23169
13521
2137
-9523
-19964
-27843
-32146
-32318
-28334
-20703
-10405
1234
12717
22564
29503
32637
31559
26407
17841
6968
-4807
-15965
-25058
-30909
-32757
-30361
-24028
-14577
-3233
8533
19194
27364
31977
32433
28669
21173
10917
-762
-12345
-22321
-29387
-32619
-31592
-26438
-17828
-6884
4961
16161
25247
31028
32744
30168
23635
13998
2522
-9287
-19879
-27860
-32179
-32265
-28105
-20242
-9711
2101
13640
23382
30040
32733
31103
25362
16267
5018
-6896
-17901
-26537
-31659
-32585
-29190
-21921
-11741
0
11743
21929
29201
32589
31641
26480
17791
6728
-5233
-16499
-25566
-31222
-32709
-29826
-22955
-13013
-1327
10537
20994
28641
32450
31909
27088
18630
7668
-4324
-15739
-25041
-30976
-32744
-30105
-23411
-13561
-1880
10055
20637
28436
32397
31982
27244
18822
7852
-4182
-15653
-25007
-30974
-32743
-30072
-23319
-13400
-1660
10308
20879
28612
32455
31881
26966
18377
7282
-4807
-16245
-25468
-31216
-32702
-29720
-22675
-12528
-664
11292
21705
29147
32596
31576
26225
17274
5950
-6193
-17489
-26383
-31650
-32564
-28995
-21433
-10917
1105
12978
23064
29968
32737
30984
24950
15465
3839
-8320
-19330
-27666
-32170
-32217
-27796
-19519
-8531
3643
15314
24860
30951
32739
29972
23032
12884
938
-11141
-21669
-29176
-32613
-31498
-25982
-16835
-5332
6918
18204
26944
31912
32410
28366
20343
9465
-2743
-14569
-24351
-30713
-32759
-30198
-23387
-13283
-1306
10856
21492
29100
32604
31507
25962
16748
5166
-7147
-18454
-27152
-32008
-32332
-28076
-19840
-8789
3510
15314
24947
31038
32720
29752
22551
12140
0
-12143
-22559
-29762
-32723
-31017
-24884
-15198
-3339
8998
20053
28242
32393
31908
26854
17952
6476
-5930
-17489
-26541
-31785
-32465
-28481
-20402
-9388
2978
14918
24714
30951
32730
29790
22554
12062
-172
-12385
-22811
-29942
-32746
-30813
-24421
-14492
-2462
9926
20879
28806
32556
31581
26021
16679
4912
-7571
-18956
-27585
-32200
-32127
-27374
-18630
-7167
5342
17076
26318
31719
32485
28504
20353
9222
-3259
-15267
-25041
-31147
-32687
-29434
-21861
-11077
1334
13553
23783
30517
32764
30189
23169
12736
423
-11953
-22570
-29860
-32743
-30792
-24293
-14202
-2009
10483
21426
29201
32652
31267
25247
15482
3419
-9153
-20369
-28563
-32514
-31633
-26047
-16586
-4654
7973
19415
27967
32350
31910
26709
17520
5712
-6950
-18577
-27428
-32179
-32116
-27244
-18292
-6597
6088
17864
26962
32015
32263
27666
18910
7310
-5391
-17284
-26579
-31872
-32366
-27983
-19380
-7852
4862
16845
26287
31760
32433
28203
19707
8226
-4501
-16550
-26094
-31684
-32472
-28334
-19895
-8434
4310
16402
26003
31651
32486
28377
19946
8475
-4288
-16402
-26016
-31662
-32478
-28334
-19861
-8351
4437
16550
26133
31717
32445
28203
19638
8060
-4756
-16845
-26351
-31812
-32386
-27983
-19276
-7602
5243
17284
26666
31941
32293
27666
18769
6975
-5898
-17864
-27071
-32095
-32157
-27244
-18113
-6176
6719
18577
27557
32265
31968
26709
17302
5205
-7702
-19415
-28111
-32434
-31710
-26047
-16326
-4058
8843
20369
28719
32588
31368
25247
15179
2736
-10137
-21426
-29364
-32705
-30922
-24293
-13853
-1238
11573
22570
30025
32764
30353
23169
12339
-434
-13142
-23783
-30678
-32739
-29638
-21861
-10632
2276
14829
25041
31296
32604
28754
20353
8727
-4282
-16616
-26318
-31849
-32328
-27676
-18630
-6622
6439
18480
27585
32302
31880
26381
16679
4318
-8734
-20396
-28806
-32620
-31227
-24845
-14492
-1820
11144
22329
29942
32763
30335
23047
12062
-859
-13645
-24243
-30951
-32688
-29173
-20967
-9388
3703
16202
26094
31785
32354
27709
18593
6476
-6688
-18775
-27832
-32393
-31718
-25913
-15915
-3339
9779
21317
29402
32723
30737
23764
12933
0
-12935
-23772
-30745
-32720
-29372
-21243
-9654
3510
16105
26077
31798
32332
27590
18342
6096
-7147
-19226
-28162
-32493
-31507
-25362
-15061
-2291
10856
22227
29953
32765
30198
22670
11416
-1716
-14569
-25028
-31370
-32548
-28366
-19509
-7435
5867
18204
27539
32330
31782
25982
15887
3163
-10086
-21669
-29667
-32753
-30413
-23032
-11831
1334
14281
24860
31312
32563
28403
19519
7387
-5976
-18347
-27666
-32377
-31693
-25725
-15465
-2622
10659
22164
29968
32766
30086
22374
10917
-2369
-15261
-25599
-31650
-32396
-27709
-18372
-5950
7473
19643
28516
32596
31195
24546
13765
664
-12550
-23653
-30771
-32702
-29116
-20616
-8634
4807
17440
27128
32230
31881
26137
15968
3092
-10308
-21966
-29901
-32766
-30072
-22272
-10689
2711
15653
25937
31812
32275
27244
17574
4908
-8595
-20637
-29162
-32712
-30681
-23411
-12140
1206
14349
25041
31451
32480
27948
18630
6117
-7445
-19735
-28641
-32634
-31026
-24089
-13013
301
13567
24501
31222
32570
28309
19172
6728
-6876
-19298
-28393
-32589
-31159
-24347
-13326
0
13328
24354
31166
32585
28360
19220
6748
-6896
-19347
-28443
-32604
-31103
-24198
-13087
301
13640
24608
31294
32533
28105
18778
6176
-7504
-19879
-28786
-32669
-30847
-23635
-12290
1206
14493
25247
31583
32389
27520
17828
5008
-8692
-20870
-29387
-32745
-30352
-22624
-10917
2711
15865
26229
31977
32094
26556
16335
3233
-10442
-22277
-30182
-32757
-29546
-21112
-8944
4807
17712
27483
32390
31559
25136
14256
845
-12717
-24026
-31070
-32598
-28334
-19032
-6345
7473
19964
28903
32697
30666
23169
11540
-2148
-15456
-26008
-31918
-32127
-26596
-16309
-3103
10659
22517
30346
32741
29270
20553
8148
-5719
-18563
-28078
-32552
-31179
-24202
-12874
771
14281
25223
31625
32332
27214
17189
4062
-9798
-21894
-30040
-32762
-29565
-21025
-8682
5233
18204
27882
32514
31257
24336
13002
-691
-14262
-25247
-31650
-32307
-27094
-16955
-3732
10171
22227
30239
32747
29289
20494
7961
-6025
-18915
-28356
-32621
-30929
-23586
-11931
1907
15400
26077
31982
32033
26215
15592
2109
-11762
-23479
-30889
-32629
-28377
-18910
-5966
8077
20637
29402
32756
30080
21861
9613
-4409
-17621
-27585
-32459
-31342
-24435
-13013
816
14497
25499
31785
32188
26631
16140
2656
-11322
-23203
-30782
-32650
-28456
-18976
-5969
8148
20755
29503
32763
29925
21514
9095
-5021
-18204
-27995
-32564
-31058
-23753
-12011
1977
15598
26305
32095
31880
25698
14703
952
-12978
-24480
-31393
-32418
-27360
-17165
-3744
10381
22559
30497
32702
28754
19394
6380
-7836
-20580
-29446
-32762
-29899
-21393
-8847
5370
18577
28275
32630
30814
23169
11138
-3003
-16579
-27016
-32334
-31523
-24733
-13249
751
14612
25700
31906
32048
26096
15179
1372
-12698
-24354
-31371
-32412
-27273
-16932
-3359
10856
23003
30758
32638
28280
18514
5205
-9101
-21669
-30089
-32747
-29131
-19930
-6905
7445
20371
29387
32762
29844
21189
8460
-5898
-19125
-28673
-32702
-30433
-22301
-9868
4468
17946
27963
32585
30916
23274
11134
-3159
-16845
-27275
-32428
-31305
-24119
-12260
1977
15833
26622
32247
31615
24845
13249
-923
-14918
-26016
-32055
-31858
-25461
-14105
0
14107
25468
31864
32046
25975
14832
792
-13405
-24986
-31684
-32188
-26395
-15435
-1452
12817
24578
31525
32292
26727
15917
1981
-12345
-24250
-31393
-32366
-26976
-16280
-2378
11993
24006
31293
32415
27148
16527
2644
-11762
-23850
-31230
-32442
-27244
-16660
-2779
11653
23783
31206
32451
27267
16679
2783
-11667
-23806
-31222
-32441
-27217
-16586
-2656
11803
23919
31277
32412
27094
16378
2398
-12062
-24120
-31370
-32361
-26894
-16056
-2009
12441
24407
31496
32285
26615
15616
1488
-12939
-24777
-31650
-32178
-26251
-15055
-836
13553
25223
31826
32033
25797
14372
52
-14280
-25739
-32015
-31841
-25247
-13561
863
15115
26318
32208
31592
24592
12618
-1908
-16052
-26950
-32393
-31276
-23823
-11540
3083
17085
27622
32556
30880
22932
10324
-4384
-18204
-28323
-32682
-30389
-21909
-8965
5807
19399
29038
32755
29790
20744
7461
-7347
-20658
-29748
-32757
-29067
-19428
-5811
8997
21966
30436
32669
28203
17952
4016
-10746
-23305
-31079
-32468
-27184
-16309
-2077
12583
24657
31656
32135
25992
14491
0
-14493
-25999
-32139
-31644
-24613
-12494
2208
16457
27304
32503
30975
23032
10317
-4537
-18454
-28547
-32719
-30103
-21238
-7961
6971
20458
29694
32757
29007
19220
5431
-9491
-22439
-30713
-32587
-27666
-16973
-2736
12073
24364
31568
32177
26060
14492
-108
-14689
-26197
-32222
-31498
-24174
-11781
3083
17304
27896
32634
30520
21996
8847
-6162
-19879
-29416
-32766
-29219
-19519
-5706
9311
22368
30711
32578
27570
16743
2378
-12491
-24723
-31732
-32033
-25558
-13674
1105
15653
26888
32428
31095
23169
10328
-4707
-18745
-28806
-32750
-29736
-20402
-6728
8378
21705
30414
32650
27932
17262
2911
-12062
-24465
-31651
-32083
-25665
-13765
1077
15692
26955
32455
31012
22932
9941
-5180
-19194
-29098
-32765
-29406
-19738
-5832
9326
22486
30817
32526
27244
16102
1495
-13436
-25478
-32035
-31693
-24521
-12062
2999
17416
28078
32680
30226
21243
7668
-7565
-21167
-30192
-32685
-28105
-17438
-2992
12103
24578
31727
31995
25321
13150
-1876
-16499
-27539
-32596
-30567
-21889
-8448
6833
20630
29936
32722
28377
17845
3419
-11753
-24364
-31659
-32040
-25423
-13249
1823
16499
27568
32607
30508
21729
8189
-7147
-20920
-30108
-32693
-28105
-17347
-2779
12401
24860
31856
31850
24838
12360
-2839
-17416
-28160
-32702
-30037
-20749
-6884
8501
22013
30668
32552
27244
15915
1066
-14020
-26008
-32243
-31342
-23500
-10451
4915
19194
29220
32766
29042
18871
4509
-10856
-23813
-31479
-32147
-25665
-13473
1720
16533
27666
32637
30335
21271
7461
-8015
-21705
-30552
-32578
-27327
-15968
-1038
14125
26133
32294
31228
23169
9920
-5554
-19786
-29584
-32748
-28565
-17970
-3339
12043
24723
31849
31816
24627
11897
-3511
-18132
-28673
-32755
-29458
-19519
-5177
10334
23516
31393
32182
25702
13414
-1907
-16800
-27896
-32682
-30072
-20653
-6555
9029
22570
30997
32395
26445
14492
-751
-15827
-27310
-32589
-30461
-21406
-7481
8148
21926
30713
32507
26894
15151
-48
-15238
-26955
-32522
-30664
-21804
-7961
7702
21608
30575
32549
27076
15403
202
-15047
-26852
-32503
-30703
-21861
-8002
7696
21629
30598
32538
27001
15255
0
-15257
-27007
-32541
-30582
-21579
-7602
8129
21989
30779
32468
26664
14703
-655
-15865
-27411
-32621
-30288
-20948
-6758
8997
22672
31098
32318
26047
13736
-1763
-16855
-28038
-32713
-29790
-19946
-5464
10289
23653
31516
32046
25116
12336
-3319
-18204
-28847
-32766
-29042
-18541
-3711
11987
24889
31977
31593
23823
10480
-5316
-19871
-29777
-32711
-27983
-16697
-1495
14059
26318
32404
30885
22114
8148
-7733
-21801
-30745
-32460
-26539
-14372
1180
16457
27860
32699
29832
19930
5325
-10537
-23916
-31650
-31910
-24631
-11530
4298
19113
29409
32747
28334
17210
2009
-13670
-26112
-32365
-30942
-22178
-8148
7817
21929
30833
32412
26285
13907
-1780
-17047
-28259
-32743
-29429
-19103
-4222
11667
24777
31977
31548
23586
9991
-5992
-20546
-30192
-32619
-27244
-15350
219
15739
27492
32660
30001
20149
5464
-10533
-24006
-31719
-31816
-24270
-10892
5106
19879
29873
32681
27625
15917
373
-15261
-27221
-32621
-30156
-20416
-5748
10308
23879
31684
31836
24293
10875
-5173
-19973
-29942
-32665
-27477
-15633
0
15636
27483
32666
29925
19920
5078
-10999
-24407
-31886
-31615
-23656
-9941
6193
20824
30386
32549
26782
14487
-1341
-16845
-28242
-32749
-29262
-18630
-3445
12583
25539
32252
31078
22301
8064
-8148
-22368
-31111
-32231
-25451
-12429
3643
18824
29387
32737
28047
16465
836
-15001
-27152
-32625
-30072
-20115
-5205
10989
24479
31937
31523
23335
9388
-6876
-21447
-30723
-32412
-26092
-13322
2743
18132
29038
32759
28371
16955
1338
-14612
-26944
-32596
-30164
-20247
-5304
10958
24501
31960
31477
23169
9099
-7236
-21774
-30894
-32323
-25702
-12676
3510
18824
29446
32724
27837
16000
166
-15711
-27666
-32707
-29572
-19041
-3744
12491
25602
32304
30916
21780
7184
-9215
-23305
-31551
-31880
-24205
-10451
5930
20824
30486
32483
26311
13518
-2679
-18204
-29147
-32749
-28098
-16364
-502
15488
27574
32702
29574
18976
3583
-12717
-25806
-32371
-30748
-21345
-6538
9926
23879
31785
31636
23467
9346
-7147
-21830
-30974
-32254
-25342
-11991
4409
19692
29968
32623
26976
14462
-1736
-17495
-28798
-32764
-28377
-16752
-852
15267
27492
32699
29554
18857
3339
-13034
-26077
-32450
-30520
-20777
-5712
10817
24578
32042
31291
22515
7961
-8637
-23021
-31496
-31881
-24075
-10079
6509
21426
30833
32307
25463
12062
-4448
-19815
-30076
-32585
-26689
-13907
2465
18204
29244
32732
27762
15616
-569
-16610
-28356
-32765
-28692
-17189
-1231
15047
27428
32699
29490
18630
2932
-13528
-26478
-32552
-30168
-19943
-4530
12062
25519
32337
30737
21133
6022
-10659
-24565
-32068
-31208
-22206
-7407
9326
23628
31760
31593
23169
8686
-8070
-22719
-31423
-31903
-24028
-9858
6896
21846
31070
32147
24790
10926
-5807
-21019
-30711
-32336
-25461
-11891
4807
20244
30356
32478
26047
12755
-3899
-19528
-30012
-32581
-26556
-13521
3083
18877
29687
32654
26991
14192
-2362
-18294
-29387
-32703
-27360
-14769
1736
17784
29119
32734
27666
15255
-1206
-17349
-28887
-32752
-27913
-15652
771
16993
28695
32761
28105
15962
-434
-16717
-28547
-32765
-28244
-16186
193
16523
28443
32766
28334
16326
-48
-16412
-28387
-32766
-28374
-16382
0
0
0
0
0
0
0
0
0
0
0
0
0
0
0
0
0
0
0
0
0
0
0
0
0
0
0
0
0
0
0
0
0
0
0
0
0
0
0
0
0
0
0
0
0
0
0
0
0
0
0
0
0
0
0
0
0
0
0
0
0
0
0
0
0
0
0
0
0
0
0
0
0
0
0
0
0
0
0
0
0
0
0
0
0
0
0
0
0
0
0
0
0
0
0
0
0
0
0
0
0
0
0
0
0
0
0
0
0
0
0
0
0
0
0
0
0
0
0
0
0
0
0
0
0
0
0
0
0
0
0
0
0
0
0
0
0
0
0
0
0
0
0
0
0
0
0
0
0
0
0
0
0
0
0
0
0
0
0
0
0
0
0
0
0
0
0
0
0
0
0
0
0
0
0
0
0
0
0
0
0
0
0
0
0
0
0
0
0
0
0
0
0
0
0
0
0
0
0
0
0
0
0
0
0
0
0
0
0
0
0
0
0
0
0
0
0
0
0
0
0
0
0
0
0
0
0
0
0
0
0
0
0
0
0
0
0
0
0
0
0
0
0
0
0
0
0
0
0
0
0
0
0
0
0
0
0
0
0
0
0
0
0
0
0
0
0
0
0
0
0
0
0
0
0
0
0
0
0
0
0
0
0
0
0
0
0
0
0
0
0
0
0
0
0
0
0
0
0
0
0
0
0
0
0
0
0
0
0
0
0
0
0
0
0
0
0
0
0
0
0
0
0
0
0
0
0
0
0
0
0
0
0
0
0
0
0
0
0
0
0
0
0
0
0
0
0
0
0
0
0
0
0
0
0
0
0
0
0
0
0
0
0
0
0
0
0
0
0
0
0
0
0
0
0
0
0
0
0
0
0
0
0
0
0
0
0
0
0
0
0
0
0
0
0
0
0
0
0
0
0
0
0
0
0
0
0
0
0
0
0
0
0
0
0
0
0
0
0
0
0
0
0
0
0
0
0
0
0
0
0
0
0
0
0
0
0
0
0
0
0
0
0
0
0
0
0
0
0
0
0
0
0
0
0
0
0
0
0
0
0
0
0
0
0
0
0
0
0
0
0
0
0
0
0
0
0
0
0
0
0
0
0
0
0
0
0
0
0
0
0
0
0
0
0
0
0
0
0
0
0
0
0
0
0
0
0
0
0
0
0
0
0
0
0
0
0
0
0
0
0
0
0
0
0
0
0
0
0
0
0
0
0
0
0
0
0
0
0
0
0
0
0
0
0
0
0
0
0
0
0
0
0
0
0
0
0
0
0
0
0
0
0
0
0
0
0
0
0
0
0
0
0
0
0
0
0
0
0
0
0
0
0
0
0
0
0
0
0
0
0
0
0
0
0
0
0
0
0
0
0
0
0
0
0
0
0
0
0
0
0
0
0
0
0
0
0
0
0
0
0
0
0
0
0
0
0
0
0
0
0
0
0
0
0
0
0
0
0
0
0
0
0
0
0
0
0
0
0
0
0
0
0
0
0
0
0
0
0
0
0
0
0
0
0
0
0
0
0
0
0
0
0
0
0
0
0
0
0
0
0
0
0
0
0
0
0
0
0
0
0
0
0
0
0
0
0
0
0
0
0
0
0
0
0
0
0
0
0
0
0
0
0
0
0
0
0
0
0
0
0
0
0
0
0
0
0
0
0
0
0
0
0
0
0
0
0
0
0
0
0
0
0
0
0
0
0
0
0
0
0
0
0
0
0
0
0
0
0
0
0
0
0
0
0
0
0
0
0
0
0
0
0
0
0
0
0
0
0
0
0
0
0
0
0
0
0
0
0
0
0
0
0
0
0
0
0
0
0
0
0
0
0
0
0
0
0
0
0
0
0
0
0
0
0
0
0
0
0
0
0
0
0
0
0
0
0
0
0
0
0
0
0
0
0
0
0
0
0
0
0
0
0
0
0
0
0
0
0
0
0
0
0
0
0
0
0
0
0
0
0
0
0
0
0
0
0
0
0
0
0
0
0
0
0
0
0
0
0
0
0
0
0
0
0
0
0
0
0
0
0
0
0
0
0
0
0
0
0
0
0
0
0
0
0
0
0
0
0
0
0
0
0
0
0
0
0
0
0
0
0
0
0
0
0
0
0
0
0
0
0
0
0
0
0
0
0
0
0
0
0
0
0
0
0
0
0
0
0
0
0
0
0
0
0
0
0
0
0
0
10663
3756
-3599
-10499
-16097
-19705
-20883
-19491
-15704
-9992
-3062
4228
10981
16366
19719
20633
18998
15023
9202
2258
-4946
-11522
-16656
-19717
-20331
-18426
-14244
-8308
-1357
5744
12116
16969
19705
19988
17788
13384
7326
372
-6612
-12759
-17306
-19689
-19616
-17101
-12461
-6276
678
7536
13443
17663
19674
19226
16380
11493
5177
-1777
-8503
-14158
-18040
-19663
-18828
-15640
-10498
-4047
2907
9496
14895
19660
18430
14895
9496
2907
-4047
-10498
-15640
-18828
-19663
-18040
-14158
-8503
-1777
5177
11493
16380
19226
19674
17663
13443
7536
678
-6276
-12461
-17101
-19616
-19689
-17306
-12759
-6612
372
7326
13384
17788
19988
19705
16969
12116
5744
-1357
-8308
-14244
-18426
-20331
-19717
-16656
-11522
-4946
2258
9202
15023
18998
20633
19719
16366
10981
4228
-3062
-9992
-15704
-19491
-20883
-19705
-16097
-10499
-3599
3756
10663
16271
19889
21070
19665
15846
10077
3066
-4329
-11202
-16710
-20178
-21180
-19593
-15609
-9716
-2633
4772
11598
17009
20347
21204
19478
15380
9413
2303
-5080
-11841
-17157
-20382
-21130
-19312
-15154
-9165
-2076
5250
11926
17144
20276
20948
19085
14921
8968
1949
-5280
-11850
-16967
-20020
-20649
-18789
-14676
-8814
-1919
5173
11610
16620
19608
20227
18416
14408
8696
1978
-4933
-11210
-16104
-19039
-19677
-17959
-14110
-8606
-2119
4567
10655
15421
18309
18993
17411
13774
8534
2332
-4084
-9950
-14575
-17423
-18175
-16767
-13391
-8470
-2606
3494
9107
13574
16383
17224
16024
12954
8403
2928
-2812
-8137
-12429
-15197
-16141
-15180
-12458
-8323
-3285
2051
7056
11151
13874
14932
14235
11896
8221
3664
-1227
-5879
-9756
-12426
-13605
-13190
-11265
-8086
-4050
359
4625
8261
10866
12168
12049
10561
7910
4429
537
-3313
-6686
-9213
-10633
-10818
-9784
-7685
-4788
-1442
1963
5050
7482
9014
9504
8935
7404
5113
2339
-598
-3375
-5695
-7326
-8117
-8015
-7062
-5393
-3209
-762
1684
3873
5588
6669
7028
6656
5615
4036
2095
0
-2037
-3817
-5171
-5981
-6182
-5771
-4802
-3381
-1653
210
2032
3639
4880
5641
5851
5493
4599
3254
1582
-256
-2088
-3735
-5034
-5851
-6095
-5730
-4778
-3320
-1490
536
2557
4364
5763
6596
6756
6206
4980
3187
1000
-1357
-3636
-5587
-6986
-7661
-7516
-6538
-4811
-2503
148
2857
5321
7257
8432
8690
7976
6344
3953
1055
-2034
-4967
-7405
-9056
-9712
-9273
-7764
-5332
-2238
1177
4527
7424
9524
10567
10411
9052
6623
3387
-296
-4007
-7316
-9830
-11244
-11377
-10192
-7808
-4485
-595
3415
7080
9969
11734
12155
11168
8871
5517
1486
-2757
-6721
-9940
-12030
-12737
-11967
-9797
-6469
-2363
2045
6246
9745
12130
13115
12578
10573
7326
3213
-1291
-5662
-9388
-12033
-13284
-12992
-11187
-8077
-4022
505
4979
8876
11742
13243
13204
11630
8707
4776
296
-4209
-8217
-11262
-12992
-13211
-11897
-9209
-5464
-1102
3366
7425
10603
12538
13013
11981
9572
6073
1898
-2465
-6511
-9776
-11888
-12613
-11881
-9790
-6593
-2669
1520
5493
8794
11052
12019
11599
9859
7013
3402
-549
-4388
-7675
-10044
-11238
-11138
-9776
-7326
-4084
-430
3213
6436
8880
10282
10504
9542
7526
4702
1404
-1989
-5097
-7578
-9168
-9707
-9159
-7607
-5246
-2354
736
3681
6160
7910
8758
8631
7568
5705
3264
525
-2210
-4646
-6529
-7671
-7967
-7407
-6071
-4120
-1775
706
3062
5047
6462
7175
7126
6337
4906
2993
804
-1431
-3485
-5151
-6267
-6728
-6499
-5610
-4160
-2299
-220
1867
3756
5257
6221
6553
6221
5257
3756
1867
-220
-2299
-4160
-5610
-6499
-6728
-6267
-5151
-3485
-1431
804
2993
4906
6337
7126
7175
6462
5047
3062
706
-1775
-4120
-6071
-7407
-7967
-7671
-6529
-4646
-2210
525
3264
5705
7568
8631
8758
7910
6160
3681
736
-2354
-5246
-7607
-9159
-9707
-9168
-7578
-5097
-1989
1404
4702
7526
9542
10504
10282
8880
6436
3213
-430
-4084
-7326
-9776
-11138
-11238
-10044
-7675
-4388
-549
3402
7013
9859
11599
12019
11052
8794
5493
1520
-2669
-6593
-9790
-11881
-12613
-11888
-9776
-6511
-2465
1898
6073
9572
11981
13013
12538
10603
7425
3366
-1102
-5464
-9209
-11897
-13211
-12992
-11262
-8217
-4209
296
4776
8707
11630
13204
13243
11742
8876
4979
505
-4022
-8077
-11187
-12992
-13284
-12033
-9388
-5662
-1291
3213
7326
10573
12578
13115
12130
9745
6246
2045
-2363
-6469
-9797
-11967
-12737
-12030
-9940
-6721
-2757
1486
5517
8871
11168
12155
11734
9969
7080
3415
-595
-4485
-7808
-10192
-11377
-11244
-9830
-7316
-4007
-296
3387
6623
9052
10411
10567
9524
7424
4527
1177
-2238
-5332
-7764
-9273
-9712
-9056
-7405
-4967
-2034
1055
3953
6344
7976
8690
8432
7257
5321
2857
148
-2503
-4811
-6538
-7516
-7661
-6986
-5587
-3636
-1357
1000
3187
4980
6206
6756
6596
5763
4364
2557
536
-1490
-3320
-4778
-5730
-6095
-5851
-5034
-3735
-2088
-256
1582
3254
4599
5493
5851
5641
4880
3639
2032
210
-1653
-3381
-4802
-5771
-6182
-5981
-5171
-3817
-2037
0
2095
4036
5615
6656
7028
6669
5588
3873
1684
-762
-3209
-5393
-7062
-8015
-8117
-7326
-5695
-3375
-598
2339
5113
7404
8935
9504
9014
7482
5050
1963
-1442
-4788
-7685
-9784
-10818
-10633
-9213
-6686
-3313
537
4429
7910
10561
12049
12168
10866
8261
4625
359
-4050
-8086
-11265
-13190
-13605
-12426
-9756
-5879
-1227
3664
8221
11896
14235
14932
13874
11151
7056
2051
-3285
-8323
-12458
-15180
-16141
-15197
-12429
-8137
-2812
2928
8403
12954
16024
17224
16383
13574
9107
3494
-2606
-8470
-13391
-16767
-18175
-17423
-14575
-9950
-4084
2332
8534
13774
17411
18993
18309
15421
10655
4567
-2119
-8606
-14110
-17959
-19677
-19039
-16104
-11210
-4933
1978
8696
14408
18416
20227
19608
16620
11610
5173
-1919
-8814
-14676
-18789
-20649
-20020
-16967
-11850
-5280
1949
8968
14921
19085
20948
20276
17144
11926
5250
-2076
-9165
-15154
-19312
-21130
-20382
-17157
-11841
-5080
2303
9413
15380
19478
21204
20347
17009
11598
4772
-2633
-9716
-15609
-19593
-21180
-20178
-16710
-11202
-4329
3066
10077
15846
19665
21070
19889
16271
10663
3756
-3599
-10499
-16097
-19705
-20883
-19491
-15704
-9992
-3062
4228
10981
16366
19719
20633
18998
15023
9202
2258
-4946
-11522
-16656
-19717
-20331
-18426
-14244
-8308
-1357
5744
12116
16969
19705
19988
17788
13384
7326
372
-6612
-12759
-17306
-19689
-19616
-17101
-12461
-6276
678
7536
13443
17663
19674
19226
16380
11493
5177
-1777
-8503
-14158
-18040
-19663
-18828
-15640
-10498
-4047
2907
9496
14895
18430
-5685
-4705
-3096
-1082
1059
3041
4593
5511
5672
5061
3762
1955
-114
-2166
-3922
-5146
-5674
-5432
-4455
-2872
-896
1209
3160
4696
5609
5773
5165
3862
2035
-76
-2192
-4032
-5349
-5966
-5798
-4861
-3276
-1247
960
3058
4770
5868
6206
5734
4510
2690
507
-1755
-3803
-5369
-6246
-6319
-5574
-4103
-2095
191
2463
4425
5823
6476
6296
5306
3631
1486
-853
-3086
-4925
-6553
-6132
-4925
-3086
-853
1486
3631
5306
6296
6476
5823
4425
2463
191
-2095
-4103
-5574
-6319
-6246
-5369
-3803
-1755
507
2690
4510
5734
6206
5868
4770
3058
960
-1247
-3276
-4861
-5798
-5966
-5349
-4032
-2192
-76
2035
3862
5165
5773
5609
4696
3160
1209
-896
-2872
-4455
-5432
-5674
-5146
-3922
-2166
-114
1955
3762
5061
5672
5511
4593
3041
1059
-1082
-3096
-4705
-5685
-5895
-5298
-3964
-2067
144
2372
4313
5700
6332
6110
5049
3276
1018
-1429
-3740
-5599
-6744
-7005
-6327
-4778
-2546
87
2780
5173
6941
7833
7706
6553
4498
1790
-1230
-4175
-6654
-8330
-8961
-8437
-6796
-4223
-1027
2391
5596
8165
9750
10120
9195
7063
3964
274
-3549
-7021
-9687
-11187
-11301
-9980
-7357
-3734
451
4684
8429
11200
12625
12493
10785
7682
3543
-1135
-5777
-9798
-12683
-14046
-13684
-11607
-8040
-3398
1762
6807
11109
14116
15432
14860
12438
8431
3307
-2318
-7759
-12340
-15479
-16765
-16009
-13270
-8853
-3276
2792
8615
13471
16751
18027
17114
14093
9304
3308
-3175
-9360
-14487
-17913
-19200
-18162
-14897
-9778
-3405
3458
9983
15369
18948
20265
19136
15672
10269
3566
-3637
-10471
-16103
-19838
-21207
-20021
-16404
-10771
-3789
3708
10819
16679
20570
22009
20804
17081
11274
4070
-3670
-11018
-17085
-21131
-22659
-21469
-17693
-11770
-4404
3525
11068
17316
21511
23143
22005
18225
12248
4783
-3276
-10967
-17366
-21703
-23452
-22400
-18668
-12697
-5199
2929
10718
17236
21701
23579
22644
19009
13106
5642
-2492
-10326
-16925
-21503
-23517
-22730
-19239
-13465
-6101
1974
9798
16439
21112
23265
22650
19349
13763
6564
-1387
-9143
-15786
-20530
-22822
-22402
-19332
-13990
-7020
742
8375
14974
19765
22193
21984
19182
14135
7456
-55
-7506
-14017
-18826
-21381
-21398
-18896
-14192
-7860
-659
6553
12929
17727
20397
20646
18471
14153
8220
1388
-5532
-11728
-16481
-19250
-19736
-17909
-14011
-8526
-2114
4462
10432
15106
17956
18676
17211
13764
8766
2822
-3361
-9061
-13622
-16531
-17477
-16383
-13409
-8932
-3497
2250
7638
12049
14992
16153
15431
12945
9016
4124
-1147
-6184
-10412
-13361
-14719
-14365
-12374
-9011
-4690
72
4722
8732
11659
13194
13195
11699
8912
5182
955
-3276
-7036
-9909
-11595
-11935
-10926
-8718
-5590
-1919
1868
5347
8136
9945
10600
10062
8425
5903
2801
-520
-3691
-6365
-8265
-9207
-9116
-8036
-6115
-3587
-745
2092
4621
6578
7772
8100
7553
6218
4262
1910
-574
-2928
-4908
-6316
-7025
-6981
-6211
-4815
-2957
-839
1311
3276
4858
5906
6326
6090
5238
3868
2130
205
-1707
-3418
-4757
-5596
-5857
-5521
-4630
-3276
-1601
224
2016
3595
4801
5514
5662
5230
4262
2856
1153
-673
-2435
-3952
-5065
-5657
-5661
-5074
-3950
-2403
-592
1295
3062
4518
5506
5916
5698
4868
3509
1761
-192
-2143
-3880
-5212
-5991
-6127
-5597
-4454
-2815
-857
1210
3161
4780
5886
6353
6126
5223
3740
1837
-278
-2373
-4216
-5602
-6374
-6446
-5805
-4520
-2733
-639
1528
3530
5144
6191
6553
6191
5144
3530
1528
-639
-2733
-4520
-5805
-6446
-6374
-5602
-4216
-2373
-278
1837
3740
5223
6126
6353
5886
4780
3161
1210
-857
-2815
-4454
-5597
-6127
-5991
-5212
-3880
-2143
-192
1761
3509
4868
5698
5916
5506
4518
3062
1295
-592
-2403
-3950
-5074
-5661
-5657
-5065
-3952
-2435
-673
1153
2856
4262
5230
5662
5514
4801
3595
2016
224
-1601
-3276
-4630
-5521
-5857
-5596
-4757
-3418
-1707
205
2130
3868
5238
6090
6326
5906
4858
3276
1311
-839
-2957
-4815
-6211
-6981
-7025
-6316
-4908
-2928
-574
1910
4262
6218
7553
8100
7772
6578
4621
2092
-745
-3587
-6115
-8036
-9116
-9207
-8265
-6365
-3691
-520
2801
5903
8425
10062
10600
9945
8136
5347
1868
-1919
-5590
-8718
-10926
-11935
-11595
-9909
-7036
-3276
955
5182
8912
11699
13195
13194
11659
8732
4722
72
-4690
-9011
-12374
-14365
-14719
-13361
-10412
-6184
-1147
4124
9016
12945
15431
16153
14992
12049
7638
2250
-3497
-8932
-13409
-16383
-17477
-16531
-13622
-9061
-3361
2822
8766
13764
17211
18676
17956
15106
10432
4462
-2114
-8526
-14011
-17909
-19736
-19250
-16481
-11728
-5532
1388
8220
14153
18471
20646
20397
17727
12929
6553
-659
-7860
-14192
-18896
-21398
-21381
-18826
-14017
-7506
-55
7456
14135
19182
21984
22193
19765
14974
8375
742
-7020
-13990
-19332
-22402
-22822
-20530
-15786
-9143
-1387
6564
13763
19349
22650
23265
21112
16439
9798
1974
-6101
-13465
-19239
-22730
-23517
-21503
-16925
-10326
-2492
5642
13106
19009
22644
23579
21701
17236
10718
2929
-5199
-12697
-18668
-22400
-23452
-21703
-17366
-10967
-3276
4783
12248
18225
22005
23143
21511
17316
11068
3525
-4404
-11770
-17693
-21469
-22659
-21131
-17085
-11018
-3670
4070
11274
17081
20804
22009
20570
16679
10819
3708
-3789
-10771
-16404
-20021
-21207
-19838
-16103
-10471
-3637
3566
10269
15672
19136
20265
18948
15369
9983
3458
-3405
-9778
-14897
-18162
-19200
-17913
-14487
-9360
-3175
3308
9304
14093
17114
18027
16751
13471
8615
2792
-3276
-8853
-13270
-16009
-16765
-15479
-12340
-7759
-2318
3307
8431
12438
14860
15432
14116
11109
6807
1762
-3398
-8040
-11607
-13684
-14046
-12683
-9798
-5777
-1135
3543
7682
10785
12493
12625
11200
8429
4684
451
-3734
-7357
-9980
-11301
-11187
-9687
-7021
-3549
274
3964
7063
9195
10120
9750
8165
5596
2391
-1027
-4223
-6796
-8437
-8961
-8330
-6654
-4175
-1230
1790
4498
6553
7706
7833
6941
5173
2780
87
-2546
-4778
-6327
-7005
-6744
-5599
-3740
-1429
1018
3276
5049
6110
6332
5700
4313
2372
144
-2067
-3964
-5298
-5895
-5685
-4705
-3096
-1082
1059
3041
4593
5511
5672
5061
3762
1955
-114
-2166
-3922
-5146
-5674
-5432
-4455
-2872
-896
1209
3160
4696
5609
5773
5165
3862
2035
-76
-2192
-4032
-5349
-5966
-5798
-4861
-3276
-1247
960
3058
4770
5868
6206
5734
4510
2690
507
-1755
-3803
-5369
-6246
-6319
-5574
-4103
-2095
191
2463
4425
5823
6476
6296
5306
3631
1486
-853
-3086
-4925
-6132
-5596
-5857
-5521
-4630
-3276
-1601
224
2016
3595
4801
5514
5662
5230
4262
2856
1153
-673
-2435
-3952
-5065
-5657
-5661
-5074
-3950
-2403
-592
1295
3062
4518
5506
5916
5698
4868
3509
1761
-192
-2143
-3880
-5212
-5991
-6127
-5597
-4454
-2815
-857
1210
3161
4780
5886
6353
6126
5223
3740
1837
-278
-2373
-4216
-5602
-6374
-6446
-5805
-4520
-2733
-639
1528
3530
5144
6553
6191
5144
3530
1528
-639
-2733
-4520
-5805
-6446
-6374
-5602
-4216
-2373
-278
1837
3740
5223
6126
6353
5886
4780
3161
1210
-857
-2815
-4454
-5597
-6127
-5991
-5212
-3880
-2143
-192
1761
3509
4868
5698
5916
5506
4518
3062
1295
-592
-2403
-3950
-5074
-5661
-5657
-5065
-3952
-2435
-673
1153
2856
4262
5230
5662
5514
4801
3595
2016
224
-1601
-3276
-4630
-5521
-5857
-5596
-4757
-3418
-1707
205
2130
3868
5238
6090
6326
5906
4858
3276
1311
-839
-2957
-4815
-6211
-6981
-7025
-6316
-4908
-2928
-574
1910
4262
6218
7553
8100
7772
6578
4621
2092
-745
-3587
-6115
-8036
-9116
-9207
-8265
-6365
-3691
-520
2801
5903
8425
10062
10600
9945
8136
5347
1868
-1919
-5590
-8718
-10926
-11935
-11595
-9909
-7036
-3276
955
5182
8912
11699
13195
13194
11659
8732
4722
72
-4690
-9011
-12374
-14365
-14719
-13361
-10412
-6184
-1147
4124
9016
12945
15431
16153
14992
12049
7638
2250
-3497
-8932
-13409
-16383
-17477
-16531
-13622
-9061
-3361
2822
8766
13764
17211
18676
17956
15106
10432
4462
-2114
-8526
-14011
-17909
-19736
-19250
-16481
-11728
-5532
1388
8220
14153
18471
20646
20397
17727
12929
6553
-659
-7860
-14192
-18896
-21398
-21381
-18826
-14017
-7506
-55
7456
14135
19182
21984
22193
19765
14974
8375
742
-7020
-13990
-19332
-22402
-22822
-20530
-15786
-9143
-1387
6564
13763
19349
22650
23265
21112
16439
9798
1974
-6101
-13465
-19239
-22730
-23517
-21503
-16925
-10326
-2492
5642
13106
19009
22644
23579
21701
17236
10718
2929
-5199
-12697
-18668
-22400
-23452
-21703
-17366
-10967
-3276
4783
12248
18225
22005
23143
21511
17316
11068
3525
-4404
-11770
-17693
-21469
-22659
-21131
-17085
-11018
-3670
4070
11274
17081
20804
22009
20570
16679
10819
3708
-3789
-10771
-16404
-20021
-21207
-19838
-16103
-10471
-3637
3566
10269
15672
19136
20265
18948
15369
9983
3458
-3405
-9778
-14897
-18162
-19200
-17913
-14487
-9360
-3175
3308
9304
14093
17114
18027
16751
13471
8615
2792
-3276
-8853
-13270
-16009
-16765
-15479
-12340
-7759
-2318
3307
8431
12438
14860
15432
14116
11109
6807
1762
-3398
-8040
-11607
-13684
-14046
-12683
-9798
-5777
-1135
3543
7682
10785
12493
12625
11200
8429
4684
451
-3734
-7357
-9980
-11301
-11187
-9687
-7021
-3549
274
3964
7063
9195
10120
9750
8165
5596
2391
-1027
-4223
-6796
-8437
-8961
-8330
-6654
-4175
-1230
1790
4498
6553
7706
7833
6941
5173
2780
87
-2546
-4778
-6327
-7005
-6744
-5599
-3740
-1429
1018
3276
5049
6110
6332
5700
4313
2372
144
-2067
-3964
-5298
-5895
-5685
-4705
-3096
-1082
1059
3041
4593
5511
5672
5061
3762
1955
-114
-2166
-3922
-5146
-5674
-5432
-4455
-2872
-896
1209
3160
4696
5609
5773
5165
3862
2035
-76
-2192
-4032
-5349
-5966
-5798
-4861
-3276
-1247
960
3058
4770
5868
6206
5734
4510
2690
507
-1755
-3803
-5369
-6246
-6319
-5574
-4103
-2095
191
2463
4425
5823
6476
6296
5306
3631
1486
-853
-3086
-4925
-6132
-6553
-6132
-4925
-3086
-853
1486
3631
5306
6296
6476
5823
4425
2463
191
-2095
-4103
-5574
-6319
-6246
-5369
-3803
-1755
507
2690
4510
5734
6206
5868
4770
3058
960
-1247
-3276
-4861
-5798
-5966
-5349
-4032
-2192
-76
2035
3862
5165
5773
5609
4696
3160
1209
-896
-2872
-4455
-5432
-5674
-5146
-3922
-2166
-114
1955
3762
5061
5672
5511
4593
3041
1059
-1082
-3096
-4705
-5685
-5895
-5298
-3964
-2067
144
2372
4313
5700
6332
6110
5049
3276
1018
-1429
-3740
-5599
-6744
-7005
-6327
-4778
-2546
87
2780
5173
6941
7833
7706
6553
4498
1790
-1230
-4175
-6654
-8330
-8961
-8437
-6796
-4223
-1027
2391
5596
8165
9750
10120
9195
7063
3964
274
-3549
-7021
-9687
-11187
-11301
-9980
-7357
-3734
451
4684
8429
11200
12625
12493
10785
7682
3543
-1135
-5777
-9798
-12683
-14046
-13684
-11607
-8040
-3398
1762
6807
11109
14116
15432
14860
12438
8431
3307
-2318
-7759
-12340
-15479
-16765
-16009
-13270
-8853
-3276
2792
8615
13471
16751
18027
17114
14093
9304
3308
-3175
-9360
-14487
-17913
-19200
-18162
-14897
-9778
-3405
3458
9983
15369
18948
20265
19136
15672
10269
3566
-3637
-10471
-16103
-19838
-21207
-20021
-16404
-10771
-3789
3708
10819
16679
20570
22009
20804
17081
11274
4070
-3670
-11018
-17085
-21131
-22659
-21469
-17693
-11770
-4404
3525
11068
17316
21511
23143
22005
18225
12248
4783
-3276
-10967
-17366
-21703
-23452
-22400
-18668
-12697
-5199
2929
10718
17236
21701
23579
22644
19009
13106
5642
-2492
-10326
-16925
-21503
-23517
-22730
-19239
-13465
-6101
1974
9798
16439
21112
23265
22650
19349
13763
6564
-1387
-9143
-15786
-20530
-22822
-22402
-19332
-13990
-7020
742
8375
14974
19765
22193
21984
19182
14135
7456
-55
-7506
-14017
-18826
-21381
-21398
-18896
-14192
-7860
-659
6553
12929
17727
20397
20646
18471
14153
8220
1388
-5532
-11728
-16481
-19250
-19736
-17909
-14011
-8526
-2114
4462
10432
15106
17956
18676
17211
13764
8766
2822
-3361
-9061
-13622
-16531
-17477
-16383
-13409
-8932
-3497
2250
7638
12049
14992
16153
15431
12945
9016
4124
-1147
-6184
-10412
-13361
-14719
-14365
-12374
-9011
-4690
72
4722
8732
11659
13194
13195
11699
8912
5182
955
-3276
-7036
-9909
-11595
-11935
-10926
-8718
-5590
-1919
1868
5347
8136
9945
10600
10062
8425
5903
2801
-520
-3691
-6365
-8265
-9207
-9116
-8036
-6115
-3587
-745
2092
4621
6578
7772
8100
7553
6218
4262
1910
-574
-2928
-4908
-6316
-7025
-6981
-6211
-4815
-2957
-839
1311
3276
4858
5906
6326
6090
5238
3868
2130
205
-1707
-3418
-4757
-5596
-5857
-5521
-4630
-3276
-1601
224
2016
3595
4801
5514
5662
5230
4262
2856
1153
-673
-2435
-3952
-5065
-5657
-5661
-5074
-3950
-2403
-592
1295
3062
4518
5506
5916
5698
4868
3509
1761
-192
-2143
-3880
-5212
-5991
-6127
-5597
-4454
-2815
-857
1210
3161
4780
5886
6353
6126
5223
3740
1837
-278
-2373
-4216
-5602
-6374
-6446
-5805
-4520
-2733
-639
1528
3530
5144
6191
10663
3756
-3599
-10499
-16097
-19705
-20883
-19491
-15704
-9992
-3062
4228
10981
16366
19719
20633
18998
15023
9202
2258
-4946
-11522
-16656
-19717
-20331
-18426
-14244
-8308
-1357
5744
12116
16969
19705
19988
17788
13384
7326
372
-6612
-12759
-17306
-19689
-19616
-17101
-12461
-6276
678
7536
13443
17663
19674
19226
16380
11493
5177
-1777
-8503
-14158
-18040
-19663
-18828
-15640
-10498
-4047
2907
9496
14895
19660
18430
14895
9496
2907
-4047
-10498
-15640
-18828
-19663
-18040
-14158
-8503
-1777
5177
11493
16380
19226
19674
17663
13443
7536
678
-6276
-12461
-17101
-19616
-19689
-17306
-12759
-6612
372
7326
13384
17788
19988
19705
16969
12116
5744
-1357
-8308
-14244
-18426
-20331
-19717
-16656
-11522
-4946
2258
9202
15023
18998
20633
19719
16366
10981
4228
-3062
-9992
-15704
-19491
-20883
-19705
-16097
-10499
-3599
3756
10663
16271
19889
21070
19665
15846
10077
3066
-4329
-11202
-16710
-20178
-21180
-19593
-15609
-9716
-2633
4772
11598
17009
20347
21204
19478
15380
9413
2303
-5080
-11841
-17157
-20382
-21130
-19312
-15154
-9165
-2076
5250
11926
17144
20276
20948
19085
14921
8968
1949
-5280
-11850
-16967
-20020
-20649
-18789
-14676
-8814
-1919
5173
11610
16620
19608
20227
18416
14408
8696
1978
-4933
-11210
-16104
-19039
-19677
-17959
-14110
-8606
-2119
4567
10655
15421
18309
18993
17411
13774
8534
2332
-4084
-9950
-14575
-17423
-18175
-16767
-13391
-8470
-2606
3494
9107
13574
16383
17224
16024
12954
8403
2928
-2812
-8137
-12429
-15197
-16141
-15180
-12458
-8323
-3285
2051
7056
11151
13874
14932
14235
11896
8221
3664
-1227
-5879
-9756
-12426
-13605
-13190
-11265
-8086
-4050
359
4625
8261
10866
12168
12049
10561
7910
4429
537
-3313
-6686
-9213
-10633
-10818
-9784
-7685
-4788
-1442
1963
5050
7482
9014
9504
8935
7404
5113
2339
-598
-3375
-5695
-7326
-8117
-8015
-7062
-5393
-3209
-762
1684
3873
5588
6669
7028
6656
5615
4036
2095
0
-2037
-3817
-5171
-5981
-6182
-5771
-4802
-3381
-1653
210
2032
3639
4880
5641
5851
5493
4599
3254
1582
-256
-2088
-3735
-5034
-5851
-6095
-5730
-4778
-3320
-1490
536
2557
4364
5763
6596
6756
6206
4980
3187
1000
-1357
-3636
-5587
-6986
-7661
-7516
-6538
-4811
-2503
148
2857
5321
7257
8432
8690
7976
6344
3953
1055
-2034
-4967
-7405
-9056
-9712
-9273
-7764
-5332
-2238
1177
4527
7424
9524
10567
10411
9052
6623
3387
-296
-4007
-7316
-9830
-11244
-11377
-10192
-7808
-4485
-595
3415
7080
9969
11734
12155
11168
8871
5517
1486
-2757
-6721
-9940
-12030
-12737
-11967
-9797
-6469
-2363
2045
6246
9745
12130
13115
12578
10573
7326
3213
-1291
-5662
-9388
-12033
-13284
-12992
-11187
-8077
-4022
505
4979
8876
11742
13243
13204
11630
8707
4776
296
-4209
-8217
-11262
-12992
-13211
-11897
-9209
-5464
-1102
3366
7425
10603
12538
13013
11981
9572
6073
1898
-2465
-6511
-9776
-11888
-12613
-11881
-9790
-6593
-2669
1520
5493
8794
11052
12019
11599
9859
7013
3402
-549
-4388
-7675
-10044
-11238
-11138
-9776
-7326
-4084
-430
3213
6436
8880
10282
10504
9542
7526
4702
1404
-1989
-5097
-7578
-9168
-9707
-9159
-7607
-5246
-2354
736
3681
6160
7910
8758
8631
7568
5705
3264
525
-2210
-4646
-6529
-7671
-7967
-7407
-6071
-4120
-1775
706
3062
5047
6462
7175
7126
6337
4906
2993
804
-1431
-3485
-5151
-6267
-6728
-6499
-5610
-4160
-2299
-220
1867
3756
5257
6221
6553
6221
5257
3756
1867
-220
-2299
-4160
-5610
-6499
-6728
-6267
-5151
-3485
-1431
804
2993
4906
6337
7126
7175
6462
5047
3062
706
-1775
-4120
-6071
-7407
-7967
-7671
-6529
-4646
-2210
525
3264
5705
7568
8631
8758
7910
6160
3681
736
-2354
-5246
-7607
-9159
-9707
-9168
-7578
-5097
-1989
1404
4702
7526
9542
10504
10282
8880
6436
3213
-430
-4084
-7326
-9776
-11138
-11238
-10044
-7675
-4388
-549
3402
7013
9859
11599
12019
11052
8794
5493
1520
-2669
-6593
-9790
-11881
-12613
-11888
-9776
-6511
-2465
1898
6073
9572
11981
13013
12538
10603
7425
3366
-1102
-5464
-9209
-11897
-13211
-12992
-11262
-8217
-4209
296
4776
8707
11630
13204
13243
11742
8876
4979
505
-4022
-8077
-11187
-12992
-13284
-12033
-9388
-5662
-1291
3213
7326
10573
12578
13115
12130
9745
6246
2045
-2363
-6469
-9797
-11967
-12737
-12030
-9940
-6721
-2757
1486
5517
8871
11168
12155
11734
9969
7080
3415
-595
-4485
-7808
-10192
-11377
-11244
-9830
-7316
-4007
-296
3387
6623
9052
10411
10567
9524
7424
4527
1177
-2238
-5332
-7764
-9273
-9712
-9056
-7405
-4967
-2034
1055
3953
6344
7976
8690
8432
7257
5321
2857
148
-2503
-4811
-6538
-7516
-7661
-6986
-5587
-3636
-1357
1000
3187
4980
6206
6756
6596
5763
4364
2557
536
-1490
-3320
-4778
-5730
-6095
-5851
-5034
-3735
-2088
-256
1582
3254
4599
5493
5851
5641
4880
3639
2032
210
-1653
-3381
-4802
-5771
-6182
-5981
-5171
-3817
-2037
0
2095
4036
5615
6656
7028
6669
5588
3873
1684
-762
-3209
-5393
-7062
-8015
-8117
-7326
-5695
-3375
-598
2339
5113
7404
8935
9504
9014
7482
5050
1963
-1442
-4788
-7685
-9784
-10818
-10633
-9213
-6686
-3313
537
4429
7910
10561
12049
12168
10866
8261
4625
359
-4050
-8086
-11265
-13190
-13605
-12426
-9756
-5879
-1227
3664
8221
11896
14235
14932
13874
11151
7056
2051
-3285
-8323
-12458
-15180
-16141
-15197
-12429
-8137
-2812
2928
8403
12954
16024
17224
16383
13574
9107
3494
-2606
-8470
-13391
-16767
-18175
-17423
-14575
-9950
-4084
2332
8534
13774
17411
18993
18309
15421
10655
4567
-2119
-8606
-14110
-17959
-19677
-19039
-16104
-11210
-4933
1978
8696
14408
18416
20227
19608
16620
11610
5173
-1919
-8814
-14676
-18789
-20649
-20020
-16967
-11850
-5280
1949
8968
14921
19085
20948
20276
17144
11926
5250
-2076
-9165
-15154
-19312
-21130
-20382
-17157
-11841
-5080
2303
9413
15380
19478
21204
20347
17009
11598
4772
-2633
-9716
-15609
-19593
-21180
-20178
-16710
-11202
-4329
3066
10077
15846
19665
21070
19889
16271
10663
3756
-3599
-10499
-16097
-19705
-20883
-19491
-15704
-9992
-3062
4228
10981
16366
19719
20633
18998
15023
9202
2258
-4946
-11522
-16656
-19717
-20331
-18426
-14244
-8308
-1357
5744
12116
16969
19705
19988
17788
13384
7326
372
-6612
-12759
-17306
-19689
-19616
-17101
-12461
-6276
678
7536
13443
17663
19674
19226
16380
11493
5177
-1777
-8503
-14158
-18040
-19663
-18828
-15640
-10498
-4047
2907
9496
14895
18430
10663
3756
-3599
-10499
-16097
-19705
-20883
-19491
-15704
-9992
-3062
4228
10981
16366
19719
20633
18998
15023
9202
2258
-4946
-11522
-16656
-19717
-20331
-18426
-14244
-8308
-1357
5744
12116
16969
19705
19988
17788
13384
7326
372
-6612
-12759
-17306
-19689
-19616
-17101
-12461
-6276
678
7536
13443
17663
19674
19226
16380
11493
5177
-1777
-8503
-14158
-18040
-19663
-18828
-15640
-10498
-4047
2907
9496
14895
19660
18430
14895
9496
2907
-4047
-10498
-15640
-18828
-19663
-18040
-14158
-8503
-1777
5177
11493
16380
19226
19674
17663
13443
7536
678
-6276
-12461
-17101
-19616
-19689
-17306
-12759
-6612
372
7326
13384
17788
19988
19705
16969
12116
5744
-1357
-8308
-14244
-18426
-20331
-19717
-16656
-11522
-4946
2258
9202
15023
18998
20633
19719
16366
10981
4228
-3062
-9992
-15704
-19491
-20883
-19705
-16097
-10499
-3599
3756
10663
16271
19889
21070
19665
15846
10077
3066
-4329
-11202
-16710
-20178
-21180
-19593
-15609
-9716
-2633
4772
11598
17009
20347
21204
19478
15380
9413
2303
-5080
-11841
-17157
-20382
-21130
-19312
-15154
-9165
-2076
5250
11926
17144
20276
20948
19085
14921
8968
1949
-5280
-11850
-16967
-20020
-20649
-18789
-14676
-8814
-1919
5173
11610
16620
19608
20227
18416
14408
8696
1978
-4933
-11210
-16104
-19039
-19677
-17959
-14110
-8606
-2119
4567
10655
15421
18309
18993
17411
13774
8534
2332
-4084
-9950
-14575
-17423
-18175
-16767
-13391
-8470
-2606
3494
9107
13574
16383
17224
16024
12954
8403
2928
-2812
-8137
-12429
-15197
-16141
-15180
-12458
-8323
-3285
2051
7056
11151
13874
14932
14235
11896
8221
3664
-1227
-5879
-9756
-12426
-13605
-13190
-11265
-8086
-4050
359
4625
8261
10866
12168
12049
10561
7910
4429
537
-3313
-6686
-9213
-10633
-10818
-9784
-7685
-4788
-1442
1963
5050
7482
9014
9504
8935
7404
5113
2339
-598
-3375
-5695
-7326
-8117
-8015
-7062
-5393
-3209
-762
1684
3873
5588
6669
7028
6656
5615
4036
2095
0
-2037
-3817
-5171
-5981
-6182
-5771
-4802
-3381
-1653
210
2032
3639
4880
5641
5851
5493
4599
3254
1582
-256
-2088
-3735
-5034
-5851
-6095
-5730
-4778
-3320
-1490
536
2557
4364
5763
6596
6756
6206
4980
3187
1000
-1357
-3636
-5587
-6986
-7661
-7516
-6538
-4811
-2503
148
2857
5321
7257
8432
8690
7976
6344
3953
1055
-2034
-4967
-7405
-9056
-9712
-9273
-7764
-5332
-2238
1177
4527
7424
9524
10567
10411
9052
6623
3387
-296
-4007
-7316
-9830
-11244
-11377
-10192
-7808
-4485
-595
3415
7080
9969
11734
12155
11168
8871
5517
1486
-2757
-6721
-9940
-12030
-12737
-11967
-9797
-6469
-2363
2045
6246
9745
12130
13115
12578
10573
7326
3213
-1291
-5662
-9388
-12033
-13284
-12992
-11187
-8077
-4022
505
4979
8876
11742
13243
13204
11630
8707
4776
296
-4209
-8217
-11262
-12992
-13211
-11897
-9209
-5464
-1102
3366
7425
10603
12538
13013
11981
9572
6073
1898
-2465
-6511
-9776
-11888
-12613
-11881
-9790
-6593
-2669
1520
5493
8794
11052
12019
11599
9859
7013
3402
-549
-4388
-7675
-10044
-11238
-11138
-9776
-7326
-4084
-430
3213
6436
8880
10282
10504
9542
7526
4702
1404
-1989
-5097
-7578
-9168
-9707
-9159
-7607
-5246
-2354
736
3681
6160
7910
8758
8631
7568
5705
3264
525
-2210
-4646
-6529
-7671
-7967
-7407
-6071
-4120
-1775
706
3062
5047
6462
7175
7126
6337
4906
2993
804
-1431
-3485
-5151
-6267
-6728
-6499
-5610
-4160
-2299
-220
1867
3756
5257
6221
6553
6221
5257
3756
1867
-220
-2299
-4160
-5610
-6499
-6728
-6267
-5151
-3485
-1431
804
2993
4906
6337
7126
7175
6462
5047
3062
706
-1775
-4120
-6071
-7407
-7967
-7671
-6529
-4646
-2210
525
3264
5705
7568
8631
8758
7910
6160
3681
736
-2354
-5246
-7607
-9159
-9707
-9168
-7578
-5097
-1989
1404
4702
7526
9542
10504
10282
8880
6436
3213
-430
-4084
-7326
-9776
-11138
-11238
-10044
-7675
-4388
-549
3402
7013
9859
11599
12019
11052
8794
5493
1520
-2669
-6593
-9790
-11881
-12613
-11888
-9776
-6511
-2465
1898
6073
9572
11981
13013
12538
10603
7425
3366
-1102
-5464
-9209
-11897
-13211
-12992
-11262
-8217
-4209
296
4776
8707
11630
13204
13243
11742
8876
4979
505
-4022
-8077
-11187
-12992
-13284
-12033
-9388
-5662
-1291
3213
7326
10573
12578
13115
12130
9745
6246
2045
-2363
-6469
-9797
-11967
-12737
-12030
-9940
-6721
-2757
1486
5517
8871
11168
12155
11734
9969
7080
3415
-595
-4485
-7808
-10192
-11377
-11244
-9830
-7316
-4007
-296
3387
6623
9052
10411
10567
9524
7424
4527
1177
-2238
-5332
-7764
-9273
-9712
-9056
-7405
-4967
-2034
1055
3953
6344
7976
8690
8432
7257
5321
2857
148
-2503
-4811
-6538
-7516
-7661
-6986
-5587
-3636
-1357
1000
3187
4980
6206
6756
6596
5763
4364
2557
536
-1490
-3320
-4778
-5730
-6095
-5851
-5034
-3735
-2088
-256
1582
3254
4599
5493
5851
5641
4880
3639
2032
210
-1653
-3381
-4802
-5771
-6182
-5981
-5171
-3817
-2037
0
2095
4036
5615
6656
7028
6669
5588
3873
1684
-762
-3209
-5393
-7062
-8015
-8117
-7326
-5695
-3375
-598
2339
5113
7404
8935
9504
9014
7482
5050
1963
-1442
-4788
-7685
-9784
-10818
-10633
-9213
-6686
-3313
537
4429
7910
10561
12049
12168
10866
8261
4625
359
-4050
-8086
-11265
-13190
-13605
-12426
-9756
-5879
-1227
3664
8221
11896
14235
14932
13874
11151
7056
2051
-3285
-8323
-12458
-15180
-16141
-15197
-12429
-8137
-2812
2928
8403
12954
16024
17224
16383
13574
9107
3494
-2606
-8470
-13391
-16767
-18175
-17423
-14575
-9950
-4084
2332
8534
13774
17411
18993
18309
15421
10655
4567
-2119
-8606
-14110
-17959
-19677
-19039
-16104
-11210
-4933
1978
8696
14408
18416
20227
19608
16620
11610
5173
-1919
-8814
-14676
-18789
-20649
-20020
-16967
-11850
-5280
1949
8968
14921
19085
20948
20276
17144
11926
5250
-2076
-9165
-15154
-19312
-21130
-20382
-17157
-11841
-5080
2303
9413
15380
19478
21204
20347
17009
11598
4772
-2633
-9716
-15609
-19593
-21180
-20178
-16710
-11202
-4329
3066
10077
15846
19665
21070
19889
16271
10663
3756
-3599
-10499
-16097
-19705
-20883
-19491
-15704
-9992
-3062
4228
10981
16366
19719
20633
18998
15023
9202
2258
-4946
-11522
-16656
-19717
-20331
-18426
-14244
-8308
-1357
5744
12116
16969
19705
19988
17788
13384
7326
372
-6612
-12759
-17306
-19689
-19616
-17101
-12461
-6276
678
7536
13443
17663
19674
19226
16380
11493
5177
-1777
-8503
-14158
-18040
-19663
-18828
-15640
-10498
-4047
2907
9496
14895
18430
-4713
-2216
539
3217
5493
7090
7817
7588
6436
4505
2034
-670
-3277
-5468
-6975
-7617
-7320
-6126
-4186
-1744
896
3407
5481
6862
7385
6990
5731
3771
1357
-1208
-3604
-5534
-6759
-7133
-6613
-5269
-3276
-887
1596
3862
5627
6673
6872
6203
4757
2719
350
-2049
-4175
-5761
-6607
-6612
-5776
-4211
-2117
237
2552
4534
5931
6567
6363
5347
3650
1490
-857
-3091
-4928
-6553
-6133
-4928
-3091
-857
1490
3650
5347
6363
6567
5931
4534
2552
237
-2117
-4211
-5776
-6612
-6607
-5761
-4175
-2049
350
2719
4757
6203
6872
6673
5627
3862
1596
-887
-3276
-5269
-6613
-7133
-6759
-5534
-3604
-1208
1357
3771
5731
6990
7385
6862
5481
3407
896
-1744
-4186
-6126
-7320
-7617
-6975
-5468
-3277
-670
2034
4505
6436
7588
7817
7090
5493
3217
539
-2216
-4713
-6647
-7780
-7973
-7200
-5553
-3229
-509
2278
4798
6744
7882
8074
7296
5642
3311
583
-2215
-4749
-6716
-7881
-8107
-7369
-5756
-3462
-763
2021
4559
6553
7768
8063
7409
5886
3678
1048
-1692
-4222
-6246
-7531
-7932
-7407
-6024
-3952
-1435
1230
3735
5791
7165
7704
7354
6163
4278
1919
-637
-3098
-5185
-6663
-7372
-7241
-6294
-4646
-2493
-81
2314
4426
6023
6932
7061
6406
5049
3148
919
-1387
-3518
-5243
-6378
-6807
-6492
-5474
-3873
-1866
325
2466
4326
5710
6474
6543
5913
4656
2909
859
-1278
-3276
-4927
-6058
-6550
-6353
-5485
-4036
-2155
-36
2100
4032
5555
6508
6783
6345
5230
3547
1463
-807
-3029
-4967
-6409
-7193
-7221
-6476
-5018
-2987
-589
1926
4293
6249
7572
8100
7755
6549
4593
2078
-732
-3537
-6025
-7910
-8966
-9049
-8122
-6259
-3641
-542
2704
5734
8200
9804
10339
9714
7965
5261
1883
-1800
-5377
-8432
-10601
-11607
-11304
-9691
-6918
-3276
836
4955
8603
11343
12834
12871
11412
8591
4704
179
-4471
-8706
-12019
-14002
-14392
-13106
-10259
-6149
-1232
3930
8739
12619
15095
15847
14750
11898
7591
2310
-3340
-8701
-13133
-16097
-17214
-16320
-13485
-9011
-3398
2707
8592
13554
16993
18475
17794
14998
10387
4479
-2042
-8414
-13878
-17771
-19611
-19151
-16415
-11699
-5536
1357
8173
14099
18422
20607
20371
17714
12926
6553
-662
-7872
-14218
-18936
-21448
-21434
-18874
-14048
-7511
-26
7521
14235
19307
22122
22326
19876
15045
8392
698
-7127
-14152
-19533
-22621
-23032
-20704
-15900
-9180
-1336
6700
13974
19612
22936
23541
21343
16596
9858
1928
-6252
-13708
-19545
-23065
-23843
-21780
-17119
-10411
-2457
5795
13361
19336
23007
23933
22005
17454
10825
2911
-5340
-12943
-18991
-22761
-23808
-22012
-17594
-11087
-3276
4901
12466
18517
22333
23468
21796
17528
11187
3540
-4490
-11941
-17924
-21731
-22917
-21357
-17254
-11116
-3692
4120
11381
17225
20962
22160
20696
16768
10868
3721
-3803
-10799
-16433
-20039
-21207
-19820
-16073
-10440
-3621
3550
10210
15561
18977
20069
18736
15170
9831
3386
-3373
-9626
-14627
-17790
-18761
-17456
-14069
-9042
-3011
3279
9062
13646
16497
17299
15994
12778
8078
2494
-3276
-8529
-12635
-15116
-15704
-14367
-11311
-6947
-1838
3371
8041
11611
13667
13994
12594
9682
5657
1045
-3567
-7608
-10590
-12172
-12193
-10696
-7910
-4221
-119
3867
7240
9590
10650
10324
8696
6015
2655
-929
-4271
-6944
-8624
-9122
-8410
-6619
-4018
-975
2092
4776
6728
7708
7610
6477
4491
1944
-799
-3357
-5380
-6597
-6854
-6132
-4548
-2336
182
2647
4709
6075
6553
6075
4709
2647
182
-2336
-4548
-6132
-6854
-6597
-5380
-3357
-799
1944
4491
6477
7610
7708
6728
4776
2092
-975
-4018
-6619
-8410
-9122
-8624
-6944
-4271
-929
2655
6015
8696
10324
10650
9590
7240
3867
-119
-4221
-7910
-10696
-12193
-12172
-10590
-7608
-3567
1045
5657
9682
12594
13994
13667
11611
8041
3371
-1838
-6947
-11311
-14367
-15704
-15116
-12635
-8529
-3276
2494
8078
12778
15994
17299
16497
13646
9062
3279
-3011
-9042
-14069
-17456
-18761
-17790
-14627
-9626
-3373
3386
9831
15170
18736
20069
18977
15561
10210
3550
-3621
-10440
-16073
-19820
-21207
-20039
-16433
-10799
-3803
3721
10868
16768
20696
22160
20962
17225
11381
4120
-3692
-11116
-17254
-21357
-22917
-21731
-17924
-11941
-4490
3540
11187
17528
21796
23468
22333
18517
12466
4901
-3276
-11087
-17594
-22012
-23808
-22761
-18991
-12943
-5340
2911
10825
17454
22005
23933
23007
19336
13361
5795
-2457
-10411
-17119
-21780
-23843
-23065
-19545
-13708
-6252
1928
9858
16596
21343
23541
22936
19612
13974
6700
-1336
-9180
-15900
-20704
-23032
-22621
-19533
-14152
-7127
698
8392
15045
19876
22326
22122
19307
14235
7521
-26
-7511
-14048
-18874
-21434
-21448
-18936
-14218
-7872
-662
6553
12926
17714
20371
20607
18422
14099
8173
1357
-5536
-11699
-16415
-19151
-19611
-17771
-13878
-8414
-2042
4479
10387
14998
17794
18475
16993
13554
8592
2707
-3398
-9011
-13485
-16320
-17214
-16097
-13133
-8701
-3340
2310
7591
11898
14750
15847
15095
12619
8739
3930
-1232
-6149
-10259
-13106
-14392
-14002
-12019
-8706
-4471
179
4704
8591
11412
12871
12834
11343
8603
4955
836
-3276
-6918
-9691
-11304
-11607
-10601
-8432
-5377
-1800
1883
5261
7965
9714
10339
9804
8200
5734
2704
-542
-3641
-6259
-8122
-9049
-8966
-7910
-6025
-3537
-732
2078
4593
6549
7755
8100
7572
6249
4293
1926
-589
-2987
-5018
-6476
-7221
-7193
-6409
-4967
-3029
-807
1463
3547
5230
6345
6783
6508
5555
4032
2100
-36
-2155
-4036
-5485
-6353
-6550
-6058
-4927
-3276
-1278
859
2909
4656
5913
6543
6474
5710
4326
2466
325
-1866
-3873
-5474
-6492
-6807
-6378
-5243
-3518
-1387
919
3148
5049
6406
7061
6932
6023
4426
2314
-81
-2493
-4646
-6294
-7241
-7372
-6663
-5185
-3098
-637
1919
4278
6163
7354
7704
7165
5791
3735
1230
-1435
-3952
-6024
-7407
-7932
-7531
-6246
-4222
-1692
1048
3678
5886
7409
8063
7768
6553
4559
2021
-763
-3462
-5756
-7369
-8107
-7881
-6716
-4749
-2215
583
3311
5642
7296
8074
7882
6744
4798
2278
-509
-3229
-5553
-7200
-7973
-7780
-6647
-4713
-2216
539
3217
5493
7090
7817
7588
6436
4505
2034
-670
-3277
-5468
-6975
-7617
-7320
-6126
-4186
-1744
896
3407
5481
6862
7385
6990
5731
3771
1357
-1208
-3604
-5534
-6759
-7133
-6613
-5269
-3276
-887
1596
3862
5627
6673
6872
6203
4757
2719
350
-2049
-4175
-5761
-6607
-6612
-5776
-4211
-2117
237
2552
4534
5931
6567
6363
5347
3650
1490
-857
-3091
-4928
-6133
15994
12778
8078
2494
-3276
-8529
-12635
-15116
-15704
-14367
-11311
-6947
-1838
3371
8041
11611
13667
13994
12594
9682
5657
1045
-3567
-7608
-10590
-12172
-12193
-10696
-7910
-4221
-119
3867
7240
9590
10650
10324
8696
6015
2655
-929
-4271
-6944
-8624
-9122
-8410
-6619
-4018
-975
2092
4776
6728
7708
7610
6477
4491
1944
-799
-3357
-5380
-6597
-6854
-6132
-4548
-2336
182
2647
4709
6553
6075
4709
2647
182
-2336
-4548
-6132
-6854
-6597
-5380
-3357
-799
1944
4491
6477
7610
7708
6728
4776
2092
-975
-4018
-6619
-8410
-9122
-8624
-6944
-4271
-929
2655
6015
8696
10324
10650
9590
7240
3867
-119
-4221
-7910
-10696
-12193
-12172
-10590
-7608
-3567
1045
5657
9682
12594
13994
13667
11611
8041
3371
-1838
-6947
-11311
-14367
-15704
-15116
-12635
-8529
-3276
2494
8078
12778
15994
17299
16497
13646
9062
3279
-3011
-9042
-14069
-17456
-18761
-17790
-14627
-9626
-3373
3386
9831
15170
18736
20069
18977
15561
10210
3550
-3621
-10440
-16073
-19820
-21207
-20039
-16433
-10799
-3803
3721
10868
16768
20696
22160
20962
17225
11381
4120
-3692
-11116
-17254
-21357
-22917
-21731
-17924
-11941
-4490
3540
11187
17528
21796
23468
22333
18517
12466
4901
-3276
-11087
-17594
-22012
-23808
-22761
-18991
-12943
-5340
2911
10825
17454
22005
23933
23007
19336
13361
5795
-2457
-10411
-17119
-21780
-23843
-23065
-19545
-13708
-6252
1928
9858
16596
21343
23541
22936
19612
13974
6700
-1336
-9180
-15900
-20704
-23032
-22621
-19533
-14152
-7127
698
8392
15045
19876
22326
22122
19307
14235
7521
-26
-7511
-14048
-18874
-21434
-21448
-18936
-14218
-7872
-662
6553
12926
17714
20371
20607
18422
14099
8173
1357
-5536
-11699
-16415
-19151
-19611
-17771
-13878
-8414
-2042
4479
10387
14998
17794
18475
16993
13554
8592
2707
-3398
-9011
-13485
-16320
-17214
-16097
-13133
-8701
-3340
2310
7591
11898
14750
15847
15095
12619
8739
3930
-1232
-6149
-10259
-13106
-14392
-14002
-12019
-8706
-4471
179
4704
8591
11412
12871
12834
11343
8603
4955
836
-3276
-6918
-9691
-11304
-11607
-10601
-8432
-5377
-1800
1883
5261
7965
9714
10339
9804
8200
5734
2704
-542
-3641
-6259
-8122
-9049
-8966
-7910
-6025
-3537
-732
2078
4593
6549
7755
8100
7572
6249
4293
1926
-589
-2987
-5018
-6476
-7221
-7193
-6409
-4967
-3029
-807
1463
3547
5230
6345
6783
6508
5555
4032
2100
-36
-2155
-4036
-5485
-6353
-6550
-6058
-4927
-3276
-1278
859
2909
4656
5913
6543
6474
5710
4326
2466
325
-1866
-3873
-5474
-6492
-6807
-6378
-5243
-3518
-1387
919
3148
5049
6406
7061
6932
6023
4426
2314
-81
-2493
-4646
-6294
-7241
-7372
-6663
-5185
-3098
-637
1919
4278
6163
7354
7704
7165
5791
3735
1230
-1435
-3952
-6024
-7407
-7932
-7531
-6246
-4222
-1692
1048
3678
5886
7409
8063
7768
6553
4559
2021
-763
-3462
-5756
-7369
-8107
-7881
-6716
-4749
-2215
583
3311
5642
7296
8074
7882
6744
4798
2278
-509
-3229
-5553
-7200
-7973
-7780
-6647
-4713
-2216
539
3217
5493
7090
7817
7588
6436
4505
2034
-670
-3277
-5468
-6975
-7617
-7320
-6126
-4186
-1744
896
3407
5481
6862
7385
6990
5731
3771
1357
-1208
-3604
-5534
-6759
-7133
-6613
-5269
-3276
-887
1596
3862
5627
6673
6872
6203
4757
2719
350
-2049
-4175
-5761
-6607
-6612
-5776
-4211
-2117
237
2552
4534
5931
6567
6363
5347
3650
1490
-857
-3091
-4928
-6133
-6553
-6133
-4928
-3091
-857
1490
3650
5347
6363
6567
5931
4534
2552
237
-2117
-4211
-5776
-6612
-6607
-5761
-4175
-2049
350
2719
4757
6203
6872
6673
5627
3862
1596
-887
-3276
-5269
-6613
-7133
-6759
-5534
-3604
-1208
1357
3771
5731
6990
7385
6862
5481
3407
896
-1744
-4186
-6126
-7320
-7617
-6975
-5468
-3277
-670
2034
4505
6436
7588
7817
7090
5493
3217
539
-2216
-4713
-6647
-7780
-7973
-7200
-5553
-3229
-509
2278
4798
6744
7882
8074
7296
5642
3311
583
-2215
-4749
-6716
-7881
-8107
-7369
-5756
-3462
-763
2021
4559
6553
7768
8063
7409
5886
3678
1048
-1692
-4222
-6246
-7531
-7932
-7407
-6024
-3952
-1435
1230
3735
5791
7165
7704
7354
6163
4278
1919
-637
-3098
-5185
-6663
-7372
-7241
-6294
-4646
-2493
-81
2314
4426
6023
6932
7061
6406
5049
3148
919
-1387
-3518
-5243
-6378
-6807
-6492
-5474
-3873
-1866
325
2466
4326
5710
6474
6543
5913
4656
2909
859
-1278
-3276
-4927
-6058
-6550
-6353
-5485
-4036
-2155
-36
2100
4032
5555
6508
6783
6345
5230
3547
1463
-807
-3029
-4967
-6409
-7193
-7221
-6476
-5018
-2987
-589
1926
4293
6249
7572
8100
7755
6549
4593
2078
-732
-3537
-6025
-7910
-8966
-9049
-8122
-6259
-3641
-542
2704
5734
8200
9804
10339
9714
7965
5261
1883
-1800
-5377
-8432
-10601
-11607
-11304
-9691
-6918
-3276
836
4955
8603
11343
12834
12871
11412
8591
4704
179
-4471
-8706
-12019
-14002
-14392
-13106
-10259
-6149
-1232
3930
8739
12619
15095
15847
14750
11898
7591
2310
-3340
-8701
-13133
-16097
-17214
-16320
-13485
-9011
-3398
2707
8592
13554
16993
18475
17794
14998
10387
4479
-2042
-8414
-13878
-17771
-19611
-19151
-16415
-11699
-5536
1357
8173
14099
18422
20607
20371
17714
12926
6553
-662
-7872
-14218
-18936
-21448
-21434
-18874
-14048
-7511
-26
7521
14235
19307
22122
22326
19876
15045
8392
698
-7127
-14152
-19533
-22621
-23032
-20704
-15900
-9180
-1336
6700
13974
19612
22936
23541
21343
16596
9858
1928
-6252
-13708
-19545
-23065
-23843
-21780
-17119
-10411
-2457
5795
13361
19336
23007
23933
22005
17454
10825
2911
-5340
-12943
-18991
-22761
-23808
-22012
-17594
-11087
-3276
4901
12466
18517
22333
23468
21796
17528
11187
3540
-4490
-11941
-17924
-21731
-22917
-21357
-17254
-11116
-3692
4120
11381
17225
20962
22160
20696
16768
10868
3721
-3803
-10799
-16433
-20039
-21207
-19820
-16073
-10440
-3621
3550
10210
15561
18977
20069
18736
15170
9831
3386
-3373
-9626
-14627
-17790
-18761
-17456
-14069
-9042
-3011
3279
9062
13646
16497
17299
15994
12778
8078
2494
-3276
-8529
-12635
-15116
-15704
-14367
-11311
-6947
-1838
3371
8041
11611
13667
13994
12594
9682
5657
1045
-3567
-7608
-10590
-12172
-12193
-10696
-7910
-4221
-119
3867
7240
9590
10650
10324
8696
6015
2655
-929
-4271
-6944
-8624
-9122
-8410
-6619
-4018
-975
2092
4776
6728
7708
7610
6477
4491
1944
-799
-3357
-5380
-6597
-6854
-6132
-4548
-2336
182
2647
4709
6075
6028
573
-5017
-10047
-13880
-16024
-16193
-14344
-10688
-5661
124
5955
11106
14930
16938
16863
14696
10685
5312
-767
-6807
-12059
-15864
-17740
-17439
-14980
-10653
-4976
1357
7570
12896
16669
18415
17904
15186
10581
4646
-1895
-8242
-13611
-17337
-18953
-18249
-15301
-10461
-4315
2385
8821
14201
17860
19343
18461
15314
10282
3976
-2832
-9311
-14665
-18235
-19580
-18533
-15217
-10035
-3621
3242
9714
15002
19660
18458
15002
9714
3242
-3621
-10035
-15217
-18533
-19580
-18235
-14665
-9311
-2832
3976
10282
15314
18461
19343
17860
14201
8821
2385
-4315
-10461
-15301
-18249
-18953
-17337
-13611
-8242
-1895
4646
10581
15186
17904
18415
16669
12896
7570
1357
-4976
-10653
-14980
-17439
-17740
-15864
-12059
-6807
-767
5312
10685
14696
16863
16938
14930
11106
5955
124
-5661
-10688
-14344
-16193
-16024
-13880
-10047
-5017
573
6028
10672
13940
15442
15012
12727
8891
4000
-1324
-6417
-10646
-13496
-14627
-13920
-11487
-7652
-2913
2127
6833
10621
13026
13766
12767
10178
6344
1764
-2976
-7278
-10603
-12545
-12875
-11571
-8819
-4984
-566
3866
7751
10601
12065
11972
10353
7429
3589
-666
-4789
-8253
-10620
-11599
-11076
-9132
-6030
-2179
1919
5736
8780
10666
11158
10202
7930
4643
773
-3176
-6696
-9330
-10742
-10753
-9366
-6765
-3290
607
4421
7657
9896
10849
10392
8583
5657
1990
-1943
-5634
-8606
-10472
-10988
-10082
-7867
-4623
-765
3212
6799
9530
11050
11157
9830
7229
3681
-365
-4396
-7896
-10413
-11620
-11354
-9637
-6678
-2844
1384
5475
8907
11241
12172
11573
9507
6223
2126
-2275
-6431
-9815
-11997
-12695
-11810
-9439
-5869
-1536
3024
7247
10603
12668
13177
12056
9431
5619
1083
-3619
-7910
-11256
-13239
-13606
-12303
-9479
-5474
-773
4050
8407
11761
13696
13970
12542
9578
5434
609
-4310
-8728
-12104
-14026
-14257
-12762
-9720
-5493
-591
4395
8865
12277
14219
14455
12954
9896
5647
716
-4304
-8813
-12271
-14263
-14553
-13106
-10098
-5888
-981
4038
8572
12081
14152
14542
13208
10314
6207
1377
-3602
-8141
-11706
-13880
-14413
-13248
-10532
-6591
-1894
3002
7525
11144
13442
14158
13218
10742
7030
2522
-2250
-6730
-10400
-12838
-13773
-13107
-10931
-7508
-3246
1357
5767
9478
12069
13253
12907
11086
8012
4050
-338
-4648
-8388
-11139
-12598
-12612
-11196
-8526
-4917
-788
3388
7141
10054
11806
12216
11251
9035
5830
2006
-2004
-5751
-8822
-10882
-11714
-11239
-9523
-6770
-3293
515
4234
7455
9830
11105
11152
9976
7716
4628
1055
-2609
-5967
-8656
-10388
-10981
-10378
-8650
-5989
-2687
896
4373
7371
9565
10721
10717
9552
7353
4356
883
-2692
-5985
-8639
-10368
-10979
-10404
-8696
-6036
-2705
941
4511
7617
9917
11155
11187
9997
7704
4545
855
-2966
-6504
-9368
-11234
-11885
-11234
-9334
-6378
-2679
1365
5312
8722
11209
12483
12384
10902
8180
4505
273
-4050
-7982
-11075
-12968
-13429
-12383
-9926
-6311
-1931
2731
7153
10828
13328
14350
13757
11590
8074
3588
-1369
-6240
-10465
-13552
-15132
-15001
-13151
-9769
-5223
-19
5253
9989
13636
15760
16097
14584
11375
6817
1420
-4201
-9401
-13573
-16223
-17027
-15872
-12870
-8348
-2816
3095
8705
13361
16511
17777
16994
14233
9799
4191
-1948
-7910
-13000
-16620
-18336
-17935
-15448
-11149
-5527
773
7023
12494
16544
18694
18681
16496
12382
6807
415
-6054
-11846
-16284
-18845
-19222
-17365
-13480
-8016
-1602
5014
11064
15842
18786
19550
18041
14431
9137
2774
-3916
-10158
-15221
-18517
-19660
-18517
-15221
-10158
-3916
2774
9137
14431
18041
19550
18786
15842
11064
5014
-1602
-8016
-13480
-17365
-19222
-18845
-16284
-11846
-6054
415
6807
12382
16496
18681
18694
16544
12494
7023
773
-5527
-11149
-15448
-17935
-18336
-16620
-13000
-7910
-1948
4191
9799
14233
16994
17777
16511
13361
8705
3095
-2816
-8348
-12870
-15872
-17027
-16223
-13573
-9401
-4201
1420
6817
11375
14584
16097
15760
13636
9989
5253
-19
-5223
-9769
-13151
-15001
-15132
-13552
-10465
-6240
-1369
3588
8074
11590
13757
14350
13328
10828
7153
2731
-1931
-6311
-9926
-12383
-13429
-12968
-11075
-7982
-4050
273
4505
8180
10902
12384
12483
11209
8722
5312
1365
-2679
-6378
-9334
-11234
-11885
-11234
-9368
-6504
-2966
855
4545
7704
9997
11187
11155
9917
7617
4511
941
-2705
-6036
-8696
-10404
-10979
-10368
-8639
-5985
-2692
883
4356
7353
9552
10717
10721
9565
7371
4373
896
-2687
-5989
-8650
-10378
-10981
-10388
-8656
-5967
-2609
1055
4628
7716
9976
11152
11105
9830
7455
4234
515
-3293
-6770
-9523
-11239
-11714
-10882
-8822
-5751
-2004
2006
5830
9035
11251
12216
11806
10054
7141
3388
-788
-4917
-8526
-11196
-12612
-12598
-11139
-8388
-4648
-338
4050
8012
11086
12907
13253
12069
9478
5767
1357
-3246
-7508
-10931
-13107
-13773
-12838
-10400
-6730
-2250
2522
7030
10742
13218
14158
13442
11144
7525
3002
-1894
-6591
-10532
-13248
-14413
-13880
-11706
-8141
-3602
1377
6207
10314
13208
14542
14152
12081
8572
4038
-981
-5888
-10098
-13106
-14553
-14263
-12271
-8813
-4304
716
5647
9896
12954
14455
14219
12277
8865
4395
-591
-5493
-9720
-12762
-14257
-14026
-12104
-8728
-4310
609
5434
9578
12542
13970
13696
11761
8407
4050
-773
-5474
-9479
-12303
-13606
-13239
-11256
-7910
-3619
1083
5619
9431
12056
13177
12668
10603
7247
3024
-1536
-5869
-9439
-11810
-12695
-11997
-9815
-6431
-2275
2126
6223
9507
11573
12172
11241
8907
5475
1384
-2844
-6678
-9637
-11354
-11620
-10413
-7896
-4396
-365
3681
7229
9830
11157
11050
9530
6799
3212
-765
-4623
-7867
-10082
-10988
-10472
-8606
-5634
-1943
1990
5657
8583
10392
10849
9896
7657
4421
607
-3290
-6765
-9366
-10753
-10742
-9330
-6696
-3176
773
4643
7930
10202
11158
10666
8780
5736
1919
-2179
-6030
-9132
-11076
-11599
-10620
-8253
-4789
-666
3589
7429
10353
11972
12065
10601
7751
3866
-566
-4984
-8819
-11571
-12875
-12545
-10603
-7278
-2976
1764
6344
10178
12767
13766
13026
10621
6833
2127
-2913
-7652
-11487
-13920
-14627
-13496
-10646
-6417
-1324
4000
8891
12727
15012
15442
13940
10672
6028
573
-5017
-10047
-13880
-16024
-16193
-14344
-10688
-5661
124
5955
11106
14930
16938
16863
14696
10685
5312
-767
-6807
-12059
-15864
-17740
-17439
-14980
-10653
-4976
1357
7570
12896
16669
18415
17904
15186
10581
4646
-1895
-8242
-13611
-17337
-18953
-18249
-15301
-10461
-4315
2385
8821
14201
17860
19343
18461
15314
10282
3976
-2832
-9311
-14665
-18235
-19580
-18533
-15217
-10035
-3621
3242
9714
15002
18458
5253
9989
13636
15760
16097
14584
11375
6817
1420
-4201
-9401
-13573
-16223
-17027
-15872
-12870
-8348
-2816
3095
8705
13361
16511
17777
16994
14233
9799
4191
-1948
-7910
-13000
-16620
-18336
-17935
-15448
-11149
-5527
773
7023
12494
16544
18694
18681
16496
12382
6807
415
-6054
-11846
-16284
-18845
-19222
-17365
-13480
-8016
-1602
5014
11064
15842
18786
19550
18041
14431
9137
2774
-3916
-10158
-15221
-19660
-18517
-15221
-10158
-3916
2774
9137
14431
18041
19550
18786
15842
11064
5014
-1602
-8016
-13480
-17365
-19222
-18845
-16284
-11846
-6054
415
6807
12382
16496
18681
18694
16544
12494
7023
773
-5527
-11149
-15448
-17935
-18336
-16620
-13000
-7910
-1948
4191
9799
14233
16994
17777
16511
13361
8705
3095
-2816
-8348
-12870
-15872
-17027
-16223
-13573
-9401
-4201
1420
6817
11375
14584
16097
15760
13636
9989
5253
-19
-5223
-9769
-13151
-15001
-15132
-13552
-10465
-6240
-1369
3588
8074
11590
13757
14350
13328
10828
7153
2731
-1931
-6311
-9926
-12383
-13429
-12968
-11075
-7982
-4050
273
4505
8180
10902
12384
12483
11209
8722
5312
1365
-2679
-6378
-9334
-11234
-11885
-11234
-9368
-6504
-2966
855
4545
7704
9997
11187
11155
9917
7617
4511
941
-2705
-6036
-8696
-10404
-10979
-10368
-8639
-5985
-2692
883
4356
7353
9552
10717
10721
9565
7371
4373
896
-2687
-5989
-8650
-10378
-10981
-10388
-8656
-5967
-2609
1055
4628
7716
9976
11152
11105
9830
7455
4234
515
-3293
-6770
-9523
-11239
-11714
-10882
-8822
-5751
-2004
2006
5830
9035
11251
12216
11806
10054
7141
3388
-788
-4917
-8526
-11196
-12612
-12598
-11139
-8388
-4648
-338
4050
8012
11086
12907
13253
12069
9478
5767
1357
-3246
-7508
-10931
-13107
-13773
-12838
-10400
-6730
-2250
2522
7030
10742
13218
14158
13442
11144
7525
3002
-1894
-6591
-10532
-13248
-14413
-13880
-11706
-8141
-3602
1377
6207
10314
13208
14542
14152
12081
8572
4038
-981
-5888
-10098
-13106
-14553
-14263
-12271
-8813
-4304
716
5647
9896
12954
14455
14219
12277
8865
4395
-591
-5493
-9720
-12762
-14257
-14026
-12104
-8728
-4310
609
5434
9578
12542
13970
13696
11761
8407
4050
-773
-5474
-9479
-12303
-13606
-13239
-11256
-7910
-3619
1083
5619
9431
12056
13177
12668
10603
7247
3024
-1536
-5869
-9439
-11810
-12695
-11997
-9815
-6431
-2275
2126
6223
9507
11573
12172
11241
8907
5475
1384
-2844
-6678
-9637
-11354
-11620
-10413
-7896
-4396
-365
3681
7229
9830
11157
11050
9530
6799
3212
-765
-4623
-7867
-10082
-10988
-10472
-8606
-5634
-1943
1990
5657
8583
10392
10849
9896
7657
4421
607
-3290
-6765
-9366
-10753
-10742
-9330
-6696
-3176
773
4643
7930
10202
11158
10666
8780
5736
1919
-2179
-6030
-9132
-11076
-11599
-10620
-8253
-4789
-666
3589
7429
10353
11972
12065
10601
7751
3866
-566
-4984
-8819
-11571
-12875
-12545
-10603
-7278
-2976
1764
6344
10178
12767
13766
13026
10621
6833
2127
-2913
-7652
-11487
-13920
-14627
-13496
-10646
-6417
-1324
4000
8891
12727
15012
15442
13940
10672
6028
573
-5017
-10047
-13880
-16024
-16193
-14344
-10688
-5661
124
5955
11106
14930
16938
16863
14696
10685
5312
-767
-6807
-12059
-15864
-17740
-17439
-14980
-10653
-4976
1357
7570
12896
16669
18415
17904
15186
10581
4646
-1895
-8242
-13611
-17337
-18953
-18249
-15301
-10461
-4315
2385
8821
14201
17860
19343
18461
15314
10282
3976
-2832
-9311
-14665
-18235
-19580
-18533
-15217
-10035
-3621
3242
9714
15002
18458
19660
18458
15002
9714
3242
-3621
-10035
-15217
-18533
-19580
-18235
-14665
-9311
-2832
3976
10282
15314
18461
19343
17860
14201
8821
2385
-4315
-10461
-15301
-18249
-18953
-17337
-13611
-8242
-1895
4646
10581
15186
17904
18415
16669
12896
7570
1357
-4976
-10653
-14980
-17439
-17740
-15864
-12059
-6807
-767
5312
10685
14696
16863
16938
14930
11106
5955
124
-5661
-10688
-14344
-16193
-16024
-13880
-10047
-5017
573
6028
10672
13940
15442
15012
12727
8891
4000
-1324
-6417
-10646
-13496
-14627
-13920
-11487
-7652
-2913
2127
6833
10621
13026
13766
12767
10178
6344
1764
-2976
-7278
-10603
-12545
-12875
-11571
-8819
-4984
-566
3866
7751
10601
12065
11972
10353
7429
3589
-666
-4789
-8253
-10620
-11599
-11076
-9132
-6030
-2179
1919
5736
8780
10666
11158
10202
7930
4643
773
-3176
-6696
-9330
-10742
-10753
-9366
-6765
-3290
607
4421
7657
9896
10849
10392
8583
5657
1990
-1943
-5634
-8606
-10472
-10988
-10082
-7867
-4623
-765
3212
6799
9530
11050
11157
9830
7229
3681
-365
-4396
-7896
-10413
-11620
-11354
-9637
-6678
-2844
1384
5475
8907
11241
12172
11573
9507
6223
2126
-2275
-6431
-9815
-11997
-12695
-11810
-9439
-5869
-1536
3024
7247
10603
12668
13177
12056
9431
5619
1083
-3619
-7910
-11256
-13239
-13606
-12303
-9479
-5474
-773
4050
8407
11761
13696
13970
12542
9578
5434
609
-4310
-8728
-12104
-14026
-14257
-12762
-9720
-5493
-591
4395
8865
12277
14219
14455
12954
9896
5647
716
-4304
-8813
-12271
-14263
-14553
-13106
-10098
-5888
-981
4038
8572
12081
14152
14542
13208
10314
6207
1377
-3602
-8141
-11706
-13880
-14413
-13248
-10532
-6591
-1894
3002
7525
11144
13442
14158
13218
10742
7030
2522
-2250
-6730
-10400
-12838
-13773
-13107
-10931
-7508
-3246
1357
5767
9478
12069
13253
12907
11086
8012
4050
-338
-4648
-8388
-11139
-12598
-12612
-11196
-8526
-4917
-788
3388
7141
10054
11806
12216
11251
9035
5830
2006
-2004
-5751
-8822
-10882
-11714
-11239
-9523
-6770
-3293
515
4234
7455
9830
11105
11152
9976
7716
4628
1055
-2609
-5967
-8656
-10388
-10981
-10378
-8650
-5989
-2687
896
4373
7371
9565
10721
10717
9552
7353
4356
883
-2692
-5985
-8639
-10368
-10979
-10404
-8696
-6036
-2705
941
4511
7617
9917
11155
11187
9997
7704
4545
855
-2966
-6504
-9368
-11234
-11885
-11234
-9334
-6378
-2679
1365
5312
8722
11209
12483
12384
10902
8180
4505
273
-4050
-7982
-11075
-12968
-13429
-12383
-9926
-6311
-1931
2731
7153
10828
13328
14350
13757
11590
8074
3588
-1369
-6240
-10465
-13552
-15132
-15001
-13151
-9769
-5223
-19
5253
9989
13636
15760
16097
14584
11375
6817
1420
-4201
-9401
-13573
-16223
-17027
-15872
-12870
-8348
-2816
3095
8705
13361
16511
17777
16994
14233
9799
4191
-1948
-7910
-13000
-16620
-18336
-17935
-15448
-11149
-5527
773
7023
12494
16544
18694
18681
16496
12382
6807
415
-6054
-11846
-16284
-18845
-19222
-17365
-13480
-8016
-1602
5014
11064
15842
18786
19550
18041
14431
9137
2774
-3916
-10158
-15221
-18517
10044
11238
11138
9776
7326
4084
430
-3213
-6436
-8880
-10282
-10504
-9542
-7526
-4702
-1404
1989
5097
7578
9168
9707
9159
7607
5246
2354
-736
-3681
-6160
-7910
-8758
-8631
-7568
-5705
-3264
-525
2210
4646
6529
7671
7967
7407
6071
4120
1775
-706
-3062
-5047
-6462
-7175
-7126
-6337
-4906
-2993
-804
1431
3485
5151
6267
6728
6499
5610
4160
2299
220
-1867
-3756
-5257
-6553
-6221
-5257
-3756
-1867
220
2299
4160
5610
6499
6728
6267
5151
3485
1431
-804
-2993
-4906
-6337
-7126
-7175
-6462
-5047
-3062
-706
1775
4120
6071
7407
7967
7671
6529
4646
2210
-525
-3264
-5705
-7568
-8631
-8758
-7910
-6160
-3681
-736
2354
5246
7607
9159
9707
9168
7578
5097
1989
-1404
-4702
-7526
-9542
-10504
-10282
-8880
-6436
-3213
430
4084
7326
9776
11138
11238
10044
7675
4388
549
-3402
-7013
-9859
-11599
-12019
-11052
-8794
-5493
-1520
2669
6593
9790
11881
12613
11888
9776
6511
2465
-1898
-6073
-9572
-11981
-13013
-12538
-10603
-7425
-3366
1102
5464
9209
11897
13211
12992
11262
8217
4209
-296
-4776
-8707
-11630
-13204
-13243
-11742
-8876
-4979
-505
4022
8077
11187
12992
13284
12033
9388
5662
1291
-3213
-7326
-10573
-12578
-13115
-12130
-9745
-6246
-2045
2363
6469
9797
11967
12737
12030
9940
6721
2757
-1486
-5517
-8871
-11168
-12155
-11734
-9969
-7080
-3415
595
4485
7808
10192
11377
11244
9830
7316
4007
296
-3387
-6623
-9052
-10411
-10567
-9524
-7424
-4527
-1177
2238
5332
7764
9273
9712
9056
7405
4967
2034
-1055
-3953
-6344
-7976
-8690
-8432
-7257
-5321
-2857
-148
2503
4811
6538
7516
7661
6986
5587
3636
1357
-1000
-3187
-4980
-6206
-6756
-6596
-5763
-4364
-2557
-536
1490
3320
4778
5730
6095
5851
5034
3735
2088
256
-1582
-3254
-4599
-5493
-5851
-5641
-4880
-3639
-2032
-210
1653
3381
4802
5771
6182
5981
5171
3817
2037
0
-2095
-4036
-5615
-6656
-7028
-6669
-5588
-3873
-1684
762
3209
5393
7062
8015
8117
7326
5695
3375
598
-2339
-5113
-7404
-8935
-9504
-9014
-7482
-5050
-1963
1442
4788
7685
9784
10818
10633
9213
6686
3313
-537
-4429
-7910
-10561
-12049
-12168
-10866
-8261
-4625
-359
4050
8086
11265
13190
13605
12426
9756
5879
1227
-3664
-8221
-11896
-14235
-14932
-13874
-11151
-7056
-2051
3285
8323
12458
15180
16141
15197
12429
8137
2812
-2928
-8403
-12954
-16024
-17224
-16383
-13574
-9107
-3494
2606
8470
13391
16767
18175
17423
14575
9950
4084
-2332
-8534
-13774
-17411
-18993
-18309
-15421
-10655
-4567
2119
8606
14110
17959
19677
19039
16104
11210
4933
-1978
-8696
-14408
-18416
-20227
-19608
-16620
-11610
-5173
1919
8814
14676
18789
20649
20020
16967
11850
5280
-1949
-8968
-14921
-19085
-20948
-20276
-17144
-11926
-5250
2076
9165
15154
19312
21130
20382
17157
11841
5080
-2303
-9413
-15380
-19478
-21204
-20347
-17009
-11598
-4772
2633
9716
15609
19593
21180
20178
16710
11202
4329
-3066
-10077
-15846
-19665
-21070
-19889
-16271
-10663
-3756
3599
10499
16097
19705
20883
19491
15704
9992
3062
-4228
-10981
-16366
-19719
-20633
-18998
-15023
-9202
-2258
4946
11522
16656
19717
20331
18426
14244
8308
1357
-5744
-12116
-16969
-19705
-19988
-17788
-13384
-7326
-372
6612
12759
17306
19689
19616
17101
12461
6276
-678
-7536
-13443
-17663
-19674
-19226
-16380
-11493
-5177
1777
8503
14158
18040
19663
18828
15640
10498
4047
-2907
-9496
-14895
-18430
-19660
-18430
-14895
-9496
-2907
4047
10498
15640
18828
19663
18040
14158
8503
1777
-5177
-11493
-16380
-19226
-19674
-17663
-13443
-7536
-678
6276
12461
17101
19616
19689
17306
12759
6612
-372
-7326
-13384
-17788
-19988
-19705
-16969
-12116
-5744
1357
8308
14244
18426
20331
19717
16656
11522
4946
-2258
-9202
-15023
-18998
-20633
-19719
-16366
-10981
-4228
3062
9992
15704
19491
20883
19705
16097
10499
3599
-3756
-10663
-16271
-19889
-21070
-19665
-15846
-10077
-3066
4329
11202
16710
20178
21180
19593
15609
9716
2633
-4772
-11598
-17009
-20347
-21204
-19478
-15380
-9413
-2303
5080
11841
17157
20382
21130
19312
15154
9165
2076
-5250
-11926
-17144
-20276
-20948
-19085
-14921
-8968
-1949
5280
11850
16967
20020
20649
18789
14676
8814
1919
-5173
-11610
-16620
-19608
-20227
-18416
-14408
-8696
-1978
4933
11210
16104
19039
19677
17959
14110
8606
2119
-4567
-10655
-15421
-18309
-18993
-17411
-13774
-8534
-2332
4084
9950
14575
17423
18175
16767
13391
8470
2606
-3494
-9107
-13574
-16383
-17224
-16024
-12954
-8403
-2928
2812
8137
12429
15197
16141
15180
12458
8323
3285
-2051
-7056
-11151
-13874
-14932
-14235
-11896
-8221
-3664
1227
5879
9756
12426
13605
13190
11265
8086
4050
-359
-4625
-8261
-10866
-12168
-12049
-10561
-7910
-4429
-537
3313
6686
9213
10633
10818
9784
7685
4788
1442
-1963
-5050
-7482
-9014
-9504
-8935
-7404
-5113
-2339
598
3375
5695
7326
8117
8015
7062
5393
3209
762
-1684
-3873
-5588
-6669
-7028
-6656
-5615
-4036
-2095
0
2037
3817
5171
5981
6182
5771
4802
3381
1653
-210
-2032
-3639
-4880
-5641
-5851
-5493
-4599
-3254
-1582
256
2088
3735
5034
5851
6095
5730
4778
3320
1490
-536
-2557
-4364
-5763
-6596
-6756
-6206
-4980
-3187
-1000
1357
3636
5587
6986
7661
7516
6538
4811
2503
-148
-2857
-5321
-7257
-8432
-8690
-7976
-6344
-3953
-1055
2034
4967
7405
9056
9712
9273
7764
5332
2238
-1177
-4527
-7424
-9524
-10567
-10411
-9052
-6623
-3387
296
4007
7316
9830
11244
11377
10192
7808
4485
595
-3415
-7080
-9969
-11734
-12155
-11168
-8871
-5517
-1486
2757
6721
9940
12030
12737
11967
9797
6469
2363
-2045
-6246
-9745
-12130
-13115
-12578
-10573
-7326
-3213
1291
5662
9388
12033
13284
12992
11187
8077
4022
-505
-4979
-8876
-11742
-13243
-13204
-11630
-8707
-4776
-296
4209
8217
11262
12992
13211
11897
9209
5464
1102
-3366
-7425
-10603
-12538
-13013
-11981
-9572
-6073
-1898
2465
6511
9776
11888
12613
11881
9790
6593
2669
-1520
-5493
-8794
-11052
-12019
-11599
-9859
-7013
-3402
549
4388
7675
10044
11238
11138
9776
7326
4084
430
-3213
-6436
-8880
-10282
-10504
-9542
-7526
-4702
-1404
1989
5097
7578
9168
9707
9159
7607
5246
2354
-736
-3681
-6160
-7910
-8758
-8631
-7568
-5705
-3264
-525
2210
4646
6529
7671
7967
7407
6071
4120
1775
-706
-3062
-5047
-6462
-7175
-7126
-6337
-4906
-2993
-804
1431
3485
5151
6267
6728
6499
5610
4160
2299
220
-1867
-3756
-5257
-6221
4370
6347
7574
7912
7326
5892
3781
1245
-1420
-3904
-5921
-7240
-7714
-7296
-6040
-4099
-1701
873
3329
5384
6807
7442
7222
6181
4444
2216
-244
-2657
-4749
-6286
-7099
-7103
-6306
-4805
-2775
-450
1906
4030
5685
6690
6939
6410
5170
3362
1193
-1093
-3242
-5017
-6222
-6730
-6488
-5529
-3963
-1967
236
2403
4295
5705
6479
6537
5872
4563
2753
644
-1531
-3535
-5148
-6553
-6192
-5148
-3535
-1531
644
2753
4563
5872
6537
6479
5705
4295
2403
236
-1967
-3963
-5529
-6488
-6730
-6222
-5017
-3242
-1093
1193
3362
5170
6410
6939
6690
5685
4030
1906
-450
-2775
-4805
-6306
-7103
-7099
-6286
-4749
-2657
-244
2216
4444
6181
7222
7442
6807
5384
3329
873
-1701
-4099
-6040
-7296
-7714
-7240
-5921
-3904
-1420
1245
3781
5892
7326
7912
7574
6347
4370
1869
-861
-3503
-5744
-7318
-8034
-7805
-6654
-4712
-2207
564
3276
5606
7274
8081
7928
6832
4921
2422
-366
-3112
-5485
-7202
-8055
-7942
-6877
-4988
-2503
278
3021
5393
7108
7960
7848
6787
4908
2442
-310
-3013
-5337
-7000
-7802
-7648
-6561
-4678
-2234
469
3097
5327
6887
7588
7348
6202
4297
1875
-760
-3280
-5373
-6778
-7326
-6954
-5715
-3769
-1366
1187
3569
5480
6682
7026
6476
5106
3097
709
-1750
-3966
-5657
-6607
-6698
-5924
-4387
-2291
90
2448
4475
5908
6562
6353
5309
3569
1360
-1026
-3276
-5094
-6238
-6555
-6001
-4646
-2665
-317
2086
4228
5821
6649
6594
5655
3947
1690
-822
-3259
-5294
-6652
-7141
-6683
-5324
-3228
-662
2042
4528
6463
7580
7714
6829
5018
2503
-402
-3323
-5877
-7721
-8595
-8365
-7034
-4749
-1786
1484
4647
7287
9051
9688
9088
7300
4524
1093
-2566
-5991
-8737
-10435
-10843
-9877
-7628
-4350
-437
3628
7335
10205
11855
12046
10722
8015
4234
-168
-4653
-8658
-11669
-13288
-13281
-11614
-8460
-4180
712
5621
9936
13106
14715
14530
12540
8956
4192
-1183
-6518
-11149
-14493
-16111
-15773
-13486
-9497
-4270
1574
7326
12278
15805
17454
16990
14437
10076
4413
-1876
-8033
-13301
-17023
-18721
-18160
-15377
-10681
-4620
2085
8625
14202
18123
19890
19263
16289
11302
4886
-2196
-9093
-14964
-19086
-20940
-20279
-17157
-11928
-5205
2210
9428
15574
19894
21850
21186
17961
12544
5571
-2126
-9625
-16019
-20531
-22601
-21967
-18685
-13136
-5974
1947
9679
16291
20982
23177
22602
19312
13691
6405
-1677
-9590
-16383
-21237
-23563
-23075
-19825
-14194
-6852
1324
9359
16290
21286
23746
23373
20209
14631
7304
-896
-8990
-16013
-21124
-23716
-23481
-20450
-14987
-7748
401
8489
15551
20749
23467
23391
20535
15250
8171
148
-7863
-14910
-20159
-22996
-23093
-20455
-15407
-8561
-740
7122
14096
19359
22300
22585
20200
15447
8905
1363
-6280
-13120
-18355
-21382
-21863
-19765
-15360
-9191
-2002
5348
11992
17157
20249
20929
19147
15140
9407
2644
-4341
-10728
-15775
-18908
-19787
-18343
-14779
-9544
-3275
3276
9343
14224
17370
18444
17357
14275
9592
3883
-2169
-7855
-12522
-15651
-16910
-16193
-13625
-9543
-4453
1036
6282
10688
13767
15198
14857
12830
9392
4974
105
-4645
-8742
-11737
-13322
-13361
-11895
-9135
-5435
-1239
2965
6706
9582
11302
11716
10823
8770
5826
2348
-1261
-4604
-7326
-9158
-9937
-9623
-8295
-6139
-3417
-443
2460
4994
6911
8042
8305
7714
6367
4433
2129
-298
-2610
-4585
-6049
-6882
-7031
-6506
-5381
-3777
-1855
201
2206
3979
5367
6250
6553
6250
5367
3979
2206
201
-1855
-3777
-5381
-6506
-7031
-6882
-6049
-4585
-2610
-298
2129
4433
6367
7714
8305
8042
6911
4994
2460
-443
-3417
-6139
-8295
-9623
-9937
-9158
-7326
-4604
-1261
2348
5826
8770
10823
11716
11302
9582
6706
2965
-1239
-5435
-9135
-11895
-13361
-13322
-11737
-8742
-4645
105
4974
9392
12830
14857
15198
13767
10688
6282
1036
-4453
-9543
-13625
-16193
-16910
-15651
-12522
-7855
-2169
3883
9592
14275
17357
18444
17370
14224
9343
3276
-3275
-9544
-14779
-18343
-19787
-18908
-15775
-10728
-4341
2644
9407
15140
19147
20929
20249
17157
11992
5348
-2002
-9191
-15360
-19765
-21863
-21382
-18355
-13120
-6280
1363
8905
15447
20200
22585
22300
19359
14096
7122
-740
-8561
-15407
-20455
-23093
-22996
-20159
-14910
-7863
148
8171
15250
20535
23391
23467
20749
15551
8489
401
-7748
-14987
-20450
-23481
-23716
-21124
-16013
-8990
-896
7304
14631
20209
23373
23746
21286
16290
9359
1324
-6852
-14194
-19825
-23075
-23563
-21237
-16383
-9590
-1677
6405
13691
19312
22602
23177
20982
16291
9679
1947
-5974
-13136
-18685
-21967
-22601
-20531
-16019
-9625
-2126
5571
12544
17961
21186
21850
19894
15574
9428
2210
-5205
-11928
-17157
-20279
-20940
-19086
-14964
-9093
-2196
4886
11302
16289
19263
19890
18123
14202
8625
2085
-4620
-10681
-15377
-18160
-18721
-17023
-13301
-8033
-1876
4413
10076
14437
16990
17454
15805
12278
7326
1574
-4270
-9497
-13486
-15773
-16111
-14493
-11149
-6518
-1183
4192
8956
12540
14530
14715
13106
9936
5621
712
-4180
-8460
-11614
-13281
-13288
-11669
-8658
-4653
-168
4234
8015
10722
12046
11855
10205
7335
3628
-437
-4350
-7628
-9877
-10843
-10435
-8737
-5991
-2566
1093
4524
7300
9088
9688
9051
7287
4647
1484
-1786
-4749
-7034
-8365
-8595
-7721
-5877
-3323
-402
2503
5018
6829
7714
7580
6463
4528
2042
-662
-3228
-5324
-6683
-7141
-6652
-5294
-3259
-822
1690
3947
5655
6594
6649
5821
4228
2086
-317
-2665
-4646
-6001
-6555
-6238
-5094
-3276
-1026
1360
3569
5309
6353
6562
5908
4475
2448
90
-2291
-4387
-5924
-6698
-6607
-5657
-3966
-1750
709
3097
5106
6476
7026
6682
5480
3569
1187
-1366
-3769
-5715
-6954
-7326
-6778
-5373
-3280
-760
1875
4297
6202
7348
7588
6887
5327
3097
469
-2234
-4678
-6561
-7648
-7802
-7000
-5337
-3013
-310
2442
4908
6787
7848
7960
7108
5393
3021
278
-2503
-4988
-6877
-7942
-8055
-7202
-5485
-3112
-366
2422
4921
6832
7928
8081
7274
5606
3276
564
-2207
-4712
-6654
-7805
-8034
-7318
-5744
-3503
-861
1869
4370
6347
7574
7912
7326
5892
3781
1245
-1420
-3904
-5921
-7240
-7714
-7296
-6040
-4099
-1701
873
3329
5384
6807
7442
7222
6181
4444
2216
-244
-2657
-4749
-6286
-7099
-7103
-6306
-4805
-2775
-450
1906
4030
5685
6690
6939
6410
5170
3362
1193
-1093
-3242
-5017
-6222
-6730
-6488
-5529
-3963
-1967
236
2403
4295
5705
6479
6537
5872
4563
2753
644
-1531
-3535
-5148
-6192
