17269
10860
2323
-6503
-13675
-17624
-17552
-13646
-7044
438
6748
10116
9502
4874
-2766
-11612
-19489
-24393
-24992
-20975
-13146
-3247
6453
13713
16874
15271
9419
894
-8039
-14981
-17991
-16075
-9452
484
11483
20977
26708
27284
22529
13547
2464
-8071
-15531
-18124
-15240
-7608
2863
13539
21694
25174
22923
15258
3804
-8879
-19903
-26744
-27847
-23008
-13430
-1444
10040
18230
21115
17953
9452
-2389
-14751
-24660
-29696
-28562
-21402
-9768
3740
16081
24488
27110
23450
14470
2370
-9933
-19489
-23995
-22337
-14836
-3174
10002
21698
29260
30980
26482
16796
4110
-8737
-18907
-24204
-23562
-17269
-6882
5141
16010
23227
25144
21317
12579
836
-11371
-21439
-27272
-27724
-22829
-13764
-2566
8328
16611
20598
19566
13876
4870
-5444
-14830
-21300
-23513
-21037
-14409
-4991
5321
14505
20812
23111
21086
15278
6950
-2178
-10279
-15767
-17601
-15467
-9822
-1797
7032
14943
20394
22308
20275
14624
6366
-2997
-11743
-18255
-21326
-20385
-15618
-7946
1143
9863
16470
19603
18552
13416
5102
-4831
-14468
-21899
-25605
-24765
-19436
-10561
202
10793
19159
23661
23411
18457
9790
-852
-11321
-19489
-23676
-22989
-17506
-8259
2970
14002
22701
27390
27185
22159
13316
2383
-8538
-17386
-22537
-23111
-19117
-11435
-1619
8414
16757
21866
22839
19557
12675
3479
-6373
-15156
-21389
-24077
-22861
-18059
-10579
-1745
6935
14023
18380
19340
16806
11247
3621
-4785
-12557
-18379
-21238
-20593
-16466
-9452
-634
8577
16669
22278
24419
22671
17266
9070
-547
-9934
-17446
-21735
-21998
-18136
-10784
-1216
8878
17691
23626
25585
23172
16768
7458
-3158
-13264
-21146
-25502
-25659
-21680
-14337
-4956
4831
13373
19282
21658
20214
15302
7819
-962
-9610
-16770
-21364
-22742
-20752
-15744
-8489
-60
8328
15489
20425
22454
21302
17139
10562
2517
-5819
-13200
-18490
-20833
-19793
-15444
-8376
370
9452
17427
22985
25167
23534
18256
10098
306
-9595
-18051
-23738
-25781
-23899
-18445
-10342
-916
8328
15950
20809
22233
20100
14836
7317
-1280
-9676
-16676
-21335
-23071
-21720
-17531
-11107
-3316
4831
12303
18167
21692
22436
20294
15522
8715
749
-7315
-14367
-19391
-21614
-20635
-16499
-9718
-1216
7793
15984
22118
25243
24846
20941
14071
5225
-4317
-13185
-20136
-24233
-24981
-22385
-16923
-9452
-1064
7079
13917
18615
20664
19908
16541
11055
4160
-3299
-10441
-16433
-20571
-22346
-21500
-18059
-12350
-4978
3219
11256
18121
22898
24907
23810
19683
13021
4692
-4186
-12397
-18810
-22546
-23111
-20461
-15010
-7549
873
9116
16108
20992
23227
22631
19380
13947
7025
-575
-8021
-14540
-19489
-22393
-22979
-21192
-17198
-11380
-4318
3252
10500
16581
20738
22403
21287
17441
11278
3530
-4831
-12726
-19119
-23164
-24330
-22475
-17858
-11093
-3053
5263
12871
18928
22826
24245
23158
19803
14624
8203
1193
-5740
-11965
-16925
-20162
-21356
-20348
-17173
-12078
-5526
1827
9185
15695
20553
23111
22980
20099
14756
7561
-632
-8844
-16108
-21593
-24718
-25209
-23119
-18786
-12774
-5772
1491
8328
14156
18525
21131
21815
20554
17456
12759
6829
157
-6661
-12962
-18074
-21393
-22467
-21073
-17269
-11407
-4108
3815
11459
17953
22575
24845
24580
21894
17166
10967
3970
-3141
-9741
-15316
-19489
-22014
-22770
-21741
-19008
-14749
-9242
-2876
3856
10372
16048
20279
22562
22571
20219
15695
9452
2160
-5382
-12349
-18005
-21791
-23390
-22743
-20034
-15633
-10027
-3752
2675
8791
14203
18591
21694
23307
23278
21529
18082
13090
6866
-124
-7279
-13920
-19371
-23050
-24552
-23716
-20646
-15704
-9452
-2566
4252
10371
15295
18702
20448
20539
19094
16300
12377
7562
2112
-3683
-9486
-14901
-19489
-22805
-24451
-24142
-21768
-17438
-11484
-4439
3027
10196
16398
21097
23949
24833
23833
21195
17269
12441
7082
1521
-3964
-9127
-13732
-17535
-20273
-21685
-21548
-19726
-16225
-11226
-5098
1631
8328
14339
19077
22108
23198
22340
19731
15719
10741
5241
-379
-5798
-10778
-15145
-18756
-21466
-23111
-23512
-22505
-19986
-15959
-10586
-4196
2727
9595
15790
20750
24052
25465
24976
22770
19180
14624
9523
4248
-917
-5776
-10197
-14077
-17297
-19700
-21088
-21249
-20007
-17276
-13115
-7755
-1596
4831
10938
16157
20031
22272
22793
21697
19237
15748
11578
7027
2319
-2403
-7049
-11537
-15747
-19489
-22499
-24467
-25085
-24121
-21478
-17245
-11701
-5294
1425
7882
13568
18106
21295
23105
23647
23111
21701
19579
16838
13498
9548
4992
-89
-5505
-10937
-15966
-20131
-23004
-24269
-23789
-21632
-18059
-13479
-8369
-3188
1692
6031
9732
12810
15333
17361
18889
19825
19992
19174
17181
13920
9452
4016
-1983
-8031
-13586
-18168
-21437
-23239
-23614
-22759
-20961
-18517
-15660
-12521
-9114
-5374
-1216
3394
8381
13521
18461
22755
25952
27680
27728
26088
22961
18716
13812
8707
3772
-764
-4831
-8490
-11867
-15078
-18157
-21005
-23396
-25007
-25498
-24600
-22191
-18354
-13373
-7699
-1865
3613
8328
12050
14744
16547
17693
18431
18934
19241
19243
18710
17367
14982
11457
6883
1553
-4073
-9452
-14062
-17506
-19582
-20313
-19919
-18745
-17163
-15467
-13805
-12147
-10313
-8037
-5073
-1287
3267
8328
13456
18116
21785
24065
24768
23951
21896
19028
15815
12647
9751
7146
4666
2023
-1077
-4831
-9250
-14115
-19011
-23395
-26721
-28561
-28704
-27204
-24367
-20675
-16664
-12802
-9378
-6445
-3833
-1216
1772
5409
9781
14721
19828
24540
28256
30482
30944
29657
26921
23245
19226
15398
12111
9452
7239
5094
2565
-728
-4965
-10045
-15584
-20986
-25578
-28767
-30179
-29755
-27760
-24720
-21282
-18059
-15470
-13644
-12393
-11282
-9753
-7294
-3603
1312
7104
13150
18690
23005
25590
26278
25276
23111
20490
18120
16519
15885
16045
16506
16589
15621
13129
8982
3453
-2828
-9013
-14239
-17836
-19489
-19316
-17833
-15814
-14091
-13329
-13846
-15527
-17844
-19995
-21112
-20496
-17815
-13207
-7266
-912
4831
9088
11343
11577
10263
8243
6510
5936
7044
9852
13860
18163
21681
23433
22803
19704
14624
8515
2563
-2101
-4690
-4961
-3277
-517
2150
3571
2915
-95
-5096
-11155
-16996
-21313
-23111
-21957
-18111
-12473
-6364
-1202
1858
2218
0
-3978
-8403
-11804
-12923
-11061
-6263
661
8328
15110
19547
20709
18446
13439
7038
933
-3268
-4451
-2288
2670
9109
15281
19436
20270
-17269
-10860
-2323
6503
13675
17624
17552
13646
7044
-438
-6748
-10116
-9502
-4874
2766
11612
19489
24393
24992
20975
13146
3247
-6453
-13713
-16874
-15271
-9419
-894
8039
14981
17991
16075
9452
-484
-11483
-20977
-26708
-27284
-22529
-13547
-2464
8071
15531
18124
15240
7608
-2863
-13539
-21694
-25174
-22923
-15258
-3804
8879
19903
26744
27847
23008
13430
1444
-10040
-18230
-21115
-17953
-9452
2389
14751
24660
29696
28562
21402
9768
-3740
-16081
-24488
-27110
-23450
-14470
-2370
9933
19489
23995
22337
14836
3174
-10002
-21698
-29260
-30980
-26482
-16796
-4110
8737
18907
24204
23562
17269
6882
-5141
-16010
-23227
-25144
-21317
-12579
-836
11371
21439
27272
27724
22829
13764
2566
-8328
-16611
-20598
-19566
-13876
-4870
5444
14830
21300
23513
21037
14409
4991
-5321
-14505
-20812
-23111
-21086
-15278
-6950
2178
10279
15767
17601
15467
9822
1797
-7032
-14943
-20394
-22308
-20275
-14624
-6366
2997
11743
18255
21326
20385
15618
7946
-1143
-9863
-16470
-19603
-18552
-13416
-5102
4831
14468
21899
25605
24765
19436
10561
-202
-10793
-19159
-23661
-23411
-18457
-9790
852
11321
19489
23676
22989
17506
8259
-2970
-14002
-22701
-27390
-27185
-22159
-13316
-2383
8538
17386
22537
23111
19117
11435
1619
-8414
-16757
-21866
-22839
-19557
-12675
-3479
6373
15156
21389
24077
22861
18059
10579
1745
-6935
-14023
-18380
-19340
-16806
-11247
-3621
4785
12557
18379
21238
20593
16466
9452
634
-8577
-16669
-22278
-24419
-22671
-17266
-9070
547
9934
17446
21735
21998
18136
10784
1216
-8878
-17691
-23626
-25585
-23172
-16768
-7458
3158
13264
21146
25502
25659
21680
14337
4956
-4831
-13373
-19282
-21658
-20214
-15302
-7819
962
9610
16770
21364
22742
20752
15744
8489
60
-8328
-15489
-20425
-22454
-21302
-17139
-10562
-2517
5819
13200
18490
20833
19793
15444
8376
-370
-9452
-17427
-22985
-25167
-23534
-18256
-10098
-306
9595
18051
23738
25781
23899
18445
10342
916
-8328
-15950
-20809
-22233
-20100
-14836
-7317
1280
9676
16676
21335
23071
21720
17531
11107
3316
-4831
-12303
-18167
-21692
-22436
-20294
-15522
-8715
-749
7315
14367
19391
21614
20635
16499
9718
1216
-7793
-15984
-22118
-25243
-24846
-20941
-14071
-5225
4317
13185
20136
24233
24981
22385
16923
9452
1064
-7079
-13917
-18615
-20664
-19908
-16541
-11055
-4160
3299
10441
16433
20571
22346
21500
18059
12350
4978
-3219
-11256
-18121
-22898
-24907
-23810
-19683
-13021
-4692
4186
12397
18810
22546
23111
20461
15010
7549
-873
-9116
-16108
-20992
-23227
-22631
-19380
-13947
-7025
575
8021
14540
19489
22393
22979
21192
17198
11380
4318
-3252
-10500
-16581
-20738
-22403
-21287
-17441
-11278
-3530
4831
12726
19119
23164
24330
22475
17858
11093
3053
-5263
-12871
-18928
-22826
-24245
-23158
-19803
-14624
-8203
-1193
5740
11965
16925
20162
21356
20348
17173
12078
5526
-1827
-9185
-15695
-20553
-23111
-22980
-20099
-14756
-7561
632
8844
16108
21593
24718
25209
23119
18786
12774
5772
-1491
-8328
-14156
-18525
-21131
-21815
-20554
-17456
-12759
-6829
-157
6661
12962
18074
21393
22467
21073
17269
11407
4108
-3815
-11459
-17953
-22575
-24845
-24580
-21894
-17166
-10967
-3970
3141
9741
15316
19489
22014
22770
21741
19008
14749
9242
2876
-3856
-10372
-16048
-20279
-22562
-22571
-20219
-15695
-9452
-2160
5382
12349
18005
21791
23390
22743
20034
15633
10027
3752
-2675
-8791
-14203
-18591
-21694
-23307
-23278
-21529
-18082
-13090
-6866
124
7279
13920
19371
23050
24552
23716
20646
15704
9452
2566
-4252
-10371
-15295
-18702
-20448
-20539
-19094
-16300
-12377
-7562
-2112
3683
9486
14901
19489
22805
24451
24142
21768
17438
11484
4439
-3027
-10196
-16398
-21097
-23949
-24833
-23833
-21195
-17269
-12441
-7082
-1521
3964
9127
13732
17535
20273
21685
21548
19726
16225
11226
5098
-1631
-8328
-14339
-19077
-22108
-23198
-22340
-19731
-15719
-10741
-5241
379
5798
10778
15145
18756
21466
23111
23512
22505
19986
15959
10586
4196
-2727
-9595
-15790
-20750
-24052
-25465
-24976
-22770
-19180
-14624
-9523
-4248
917
5776
10197
14077
17297
19700
21088
21249
20007
17276
13115
7755
1596
-4831
-10938
-16157
-20031
-22272
-22793
-21697
-19237
-15748
-11578
-7027
-2319
2403
7049
11537
15747
19489
22499
24467
25085
24121
21478
17245
11701
5294
-1425
-7882
-13568
-18106
-21295
-23105
-23647
-23111
-21701
-19579
-16838
-13498
-9548
-4992
89
5505
10937
15966
20131
23004
24269
23789
21632
18059
13479
8369
3188
-1692
-6031
-9732
-12810
-15333
-17361
-18889
-19825
-19992
-19174
-17181
-13920
-9452
-4016
1983
8031
13586
18168
21437
23239
23614
22759
20961
18517
15660
12521
9114
5374
1216
-3394
-8381
-13521
-18461
-22755
-25952
-27680
-27728
-26088
-22961
-18716
-13812
-8707
-3772
764
4831
8490
11867
15078
18157
21005
23396
25007
25498
24600
22191
18354
13373
7699
1865
-3613
-8328
-12050
-14744
-16547
-17693
-18431
-18934
-19241
-19243
-18710
-17367
-14982
-11457
-6883
-1553
4073
9452
14062
17506
19582
20313
19919
18745
17163
15467
13805
12147
10313
8037
5073
1287
-3267
-8328
-13456
-18116
-21785
-24065
-24768
-23951
-21896
-19028
-15815
-12647
-9751
-7146
-4666
-2023
1077
4831
9250
14115
19011
23395
26721
28561
28704
27204
24367
20675
16664
12802
9378
6445
3833
1216
-1772
-5409
-9781
-14721
-19828
-24540
-28256
-30482
-30944
-29657
-26921
-23245
-19226
-15398
-12111
-9452
-7239
-5094
-2565
728
4965
10045
15584
20986
25578
28767
30179
29755
27760
24720
21282
18059
15470
13644
12393
11282
9753
7294
3603
-1312
-7104
-13150
-18690
-23005
-25590
-26278
-25276
-23111
-20490
-18120
-16519
-15885
-16045
-16506
-16589
-15621
-13129
-8982
-3453
2828
9013
14239
17836
19489
19316
17833
15814
14091
13329
13846
15527
17844
19995
21112
20496
17815
13207
7266
912
-4831
-9088
-11343
-11577
-10263
-8243
-6510
-5936
-7044
-9852
-13860
-18163
-21681
-23433
-22803
-19704
-14624
-8515
-2563
2101
4690
4961
3277
517
-2150
-3571
-2915
95
5096
11155
16996
21313
23111
21957
18111
12473
6364
1202
-1858
-2218
0
3978
8403
11804
12923
11061
6263
-661
-8328
-15110
-19547
-20709
-18446
-13439
-7038
-933
3268
4451
2288
-2670
-9109
-15281
-19436
-20270
-17269
-10860
-2323
6503
13675
17624
17552
13646
7044
-438
-6748
-10116
-9502
-4874
2766
11612
19489
24393
24992
20975
13146
3247
-6453
-13713
-16874
-15271
-9419
-894
8039
14981
17991
16075
9452
-484
-11483
-20977
-26708
-27284
-22529
-13547
-2464
8071
15531
18124
15240
7608
-2863
-13539
-21694
-25174
-22923
-15258
-3804
8879
19903
26744
27847
23008
13430
1444
-10040
-18230
-21115
-17953
-9452
2389
14751
24660
29696
28562
21402
9768
-3740
-16081
-24488
-27110
-23450
-14470
-2370
9933
19489
23995
22337
14836
3174
-10002
-21698
-29260
-30980
-26482
-16796
-4110
8737
18907
24204
23562
17269
6882
-5141
-16010
-23227
-25144
-21317
-12579
-836
11371
21439
27272
27724
22829
13764
2566
-8328
-16611
-20598
-19566
-13876
-4870
5444
14830
21300
23513
21037
14409
4991
-5321
-14505
-20812
-23111
-21086
-15278
-6950
2178
10279
15767
17601
15467
9822
1797
-7032
-14943
-20394
-22308
-20275
-14624
-6366
2997
11743
18255
21326
20385
15618
7946
-1143
-9863
-16470
-19603
-18552
-13416
-5102
4831
14468
21899
25605
24765
19436
10561
-202
-10793
-19159
-23661
-23411
-18457
-9790
852
11321
19489
23676
22989
17506
8259
-2970
-14002
-22701
-27390
-27185
-22159
-13316
-2383
8538
17386
22537
23111
19117
11435
1619
-8414
-16757
-21866
-22839
-19557
-12675
-3479
6373
15156
21389
24077
22861
18059
10579
1745
-6935
-14023
-18380
-19340
-16806
-11247
-3621
4785
12557
18379
21238
20593
16466
9452
634
-8577
-16669
-22278
-24419
-22671
-17266
-9070
547
9934
17446
21735
21998
18136
10784
1216
-8878
-17691
-23626
-25585
-23172
-16768
-7458
3158
13264
21146
25502
25659
21680
14337
4956
-4831
-13373
-19282
-21658
-20214
-15302
-7819
962
9610
16770
21364
22742
20752
15744
8489
60
-8328
-15489
-20425
-22454
-21302
-17139
-10562
-2517
5819
13200
18490
20833
19793
15444
8376
-370
-9452
-17427
-22985
-25167
-23534
-18256
-10098
-306
9595
18051
23738
25781
23899
18445
10342
916
-8328
-15950
-20809
-22233
-20100
-14836
-7317
1280
9676
16676
21335
23071
21720
17531
11107
3316
-4831
-12303
-18167
-21692
-22436
-20294
-15522
-8715
-749
7315
14367
19391
21614
20635
16499
9718
1216
-7793
-15984
-22118
-25243
-24846
-20941
-14071
-5225
4317
13185
20136
24233
24981
22385
16923
9452
1064
-7079
-13917
-18615
-20664
-19908
-16541
-11055
-4160
3299
10441
16433
20571
22346
21500
18059
12350
4978
-3219
-11256
-18121
-22898
-24907
-23810
-19683
-13021
-4692
4186
12397
18810
22546
23111
20461
15010
7549
-873
-9116
-16108
-20992
-23227
-22631
-19380
-13947
-7025
575
8021
14540
19489
22393
22979
21192
17198
11380
4318
-3252
-10500
-16581
-20738
-22403
-21287
-17441
-11278
-3530
4831
12726
19119
23164
24330
22475
17858
11093
3053
-5263
-12871
-18928
-22826
-24245
-23158
-19803
-14624
-8203
-1193
5740
11965
16925
20162
21356
20348
17173
12078
5526
-1827
-9185
-15695
-20553
-23111
-22980
-20099
-14756
-7561
632
8844
16108
21593
24718
25209
23119
18786
12774
5772
-1491
-8328
-14156
-18525
-21131
-21815
-20554
-17456
-12759
-6829
-157
6661
12962
18074
21393
22467
21073
17269
11407
4108
-3815
-11459
-17953
-22575
-24845
-24580
-21894
-17166
-10967
-3970
3141
9741
15316
19489
22014
22770
21741
19008
14749
9242
2876
-3856
-10372
-16048
-20279
-22562
-22571
-20219
-15695
-9452
-2160
5382
12349
18005
21791
23390
22743
20034
15633
10027
3752
-2675
-8791
-14203
-18591
-21694
-23307
-23278
-21529
-18082
-13090
-6866
124
7279
13920
19371
23050
24552
23716
20646
15704
9452
2566
-4252
-10371
-15295
-18702
-20448
-20539
-19094
-16300
-12377
-7562
-2112
3683
9486
14901
19489
22805
24451
24142
21768
17438
11484
4439
-3027
-10196
-16398
-21097
-23949
-24833
-23833
-21195
-17269
-12441
-7082
-1521
3964
9127
13732
17535
20273
21685
21548
19726
16225
11226
5098
-1631
-8328
-14339
-19077
-22108
-23198
-22340
-19731
-15719
-10741
-5241
379
5798
10778
15145
18756
21466
23111
23512
22505
19986
15959
10586
4196
-2727
-9595
-15790
-20750
-24052
-25465
-24976
-22770
-19180
-14624
-9523
-4248
917
5776
10197
14077
17297
19700
21088
21249
20007
17276
13115
7755
1596
-4831
-10938
-16157
-20031
-22272
-22793
-21697
-19237
-15748
-11578
-7027
-2319
2403
7049
11537
15747
19489
22499
24467
25085
24121
21478
17245
11701
5294
-1425
-7882
-13568
-18106
-21295
-23105
-23647
-23111
-21701
-19579
-16838
-13498
-9548
-4992
89
5505
10937
15966
20131
23004
24269
23789
21632
18059
13479
8369
3188
-1692
-6031
-9732
-12810
-15333
-17361
-18889
-19825
-19992
-19174
-17181
-13920
-9452
-4016
1983
8031
13586
18168
21437
23239
23614
22759
20961
18517
15660
12521
9114
5374
1216
-3394
-8381
-13521
-18461
-22755
-25952
-27680
-27728
-26088
-22961
-18716
-13812
-8707
-3772
764
4831
8490
11867
15078
18157
21005
23396
25007
25498
24600
22191
18354
13373
7699
1865
-3613
-8328
-12050
-14744
-16547
-17693
-18431
-18934
-19241
-19243
-18710
-17367
-14982
-11457
-6883
-1553
4073
9452
14062
17506
19582
20313
19919
18745
17163
15467
13805
12147
10313
8037
5073
1287
-3267
-8328
-13456
-18116
-21785
-24065
-24768
-23951
-21896
-19028
-15815
-12647
-9751
-7146
-4666
-2023
1077
4831
9250
14115
19011
23395
26721
28561
28704
27204
24367
20675
16664
12802
9378
6445
3833
1216
-1772
-5409
-9781
-14721
-19828
-24540
-28256
-30482
-30944
-29657
-26921
-23245
-19226
-15398
-12111
-9452
-7239
-5094
-2565
728
4965
10045
15584
20986
25578
28767
30179
29755
27760
24720
21282
18059
15470
13644
12393
11282
9753
7294
3603
-1312
-7104
-13150
-18690
-23005
-25590
-26278
-25276
-23111
-20490
-18120
-16519
-15885
-16045
-16506
-16589
-15621
-13129
-8982
-3453
2828
9013
14239
17836
19489
19316
17833
15814
14091
13329
13846
15527
17844
19995
21112
20496
17815
13207
7266
912
-4831
-9088
-11343
-11577
-10263
-8243
-6510
-5936
-7044
-9852
-13860
-18163
-21681
-23433
-22803
-19704
-14624
-8515
-2563
2101
4690
4961
3277
517
-2150
-3571
-2915
95
5096
11155
16996
21313
23111
21957
18111
12473
6364
1202
-1858
-2218
0
3978
8403
11804
12923
11061
6263
-661
-8328
-15110
-19547
-20709
-18446
-13439
-7038
-933
3268
4451
2288
-2670
-9109
-15281
-19436
-20270
-17269
-10860
-2323
6503
13675
17624
17552
13646
7044
-438
-6748
-10116
-9502
-4874
2766
11612
19489
24393
24992
20975
13146
3247
-6453
-13713
-16874
-15271
-9419
-894
8039
14981
17991
16075
9452
-484
-11483
-20977
-26708
-27284
-22529
-13547
-2464
8071
15531
18124
15240
7608
-2863
-13539
-21694
-25174
-22923
-15258
-3804
8879
19903
26744
27847
23008
13430
1444
-10040
-18230
-21115
-17953
-9452
2389
14751
24660
29696
28562
21402
9768
-3740
-16081
-24488
-27110
-23450
-14470
-2370
9933
19489
23995
22337
14836
3174
-10002
-21698
-29260
-30980
-26482
-16796
-4110
8737
18907
24204
23562
17269
6882
-5141
-16010
-23227
-25144
-21317
-12579
-836
11371
21439
27272
27724
22829
13764
2566
-8328
-16611
-20598
-19566
-13876
-4870
5444
14830
21300
23513
21037
14409
4991
-5321
-14505
-20812
-23111
-21086
-15278
-6950
2178
10279
15767
17601
15467
9822
1797
-7032
-14943
-20394
-22308
-20275
-14624
-6366
2997
11743
18255
21326
20385
15618
7946
-1143
-9863
-16470
-19603
-18552
-13416
-5102
4831
14468
21899
25605
24765
19436
10561
-202
-10793
-19159
-23661
-23411
-18457
-9790
852
11321
19489
23676
22989
17506
8259
-2970
-14002
-22701
-27390
-27185
-22159
-13316
-2383
8538
17386
22537
23111
19117
11435
1619
-8414
-16757
-21866
-22839
-19557
-12675
-3479
6373
15156
21389
24077
22861
18059
10579
1745
-6935
-14023
-18380
-19340
-16806
-11247
-3621
4785
12557
18379
21238
20593
16466
9452
634
-8577
-16669
-22278
-24419
-22671
-17266
-9070
547
9934
17446
21735
21998
18136
10784
1216
-8878
-17691
-23626
-25585
-23172
-16768
-7458
3158
13264
21146
25502
25659
21680
14337
4956
-4831
-13373
-19282
-21658
-20214
-15302
-7819
962
9610
16770
21364
22742
20752
15744
8489
60
-8328
-15489
-20425
-22454
-21302
-17139
-10562
-2517
5819
13200
18490
20833
19793
15444
8376
-370
-9452
-17427
-22985
-25167
-23534
-18256
-10098
-306
9595
18051
23738
25781
23899
18445
10342
916
-8328
-15950
-20809
-22233
-20100
-14836
-7317
1280
9676
16676
21335
23071
21720
17531
11107
3316
-4831
-12303
-18167
-21692
-22436
-20294
-15522
-8715
-749
7315
14367
19391
21614
20635
16499
9718
1216
-7793
-15984
-22118
-25243
-24846
-20941
-14071
-5225
4317
13185
20136
24233
24981
22385
16923
9452
1064
-7079
-13917
-18615
-20664
-19908
-16541
-11055
-4160
3299
10441
16433
20571
22346
21500
18059
12350
4978
-3219
-11256
-18121
-22898
-24907
-23810
-19683
-13021
-4692
4186
12397
18810
22546
23111
20461
15010
7549
-873
-9116
-16108
-20992
-23227
-22631
-19380
-13947
-7025
575
8021
14540
19489
22393
22979
21192
17198
11380
4318
-3252
-10500
-16581
-20738
-22403
-21287
-17441
-11278
-3530
4831
12726
19119
23164
24330
22475
17858
11093
3053
-5263
-12871
-18928
-22826
-24245
-23158
-19803
-14624
-8203
-1193
5740
11965
16925
20162
21356
20348
17173
12078
5526
-1827
-9185
-15695
-20553
-23111
-22980
-20099
-14756
-7561
632
8844
16108
21593
24718
25209
23119
18786
12774
5772
-1491
-8328
-14156
-18525
-21131
-21815
-20554
-17456
-12759
-6829
-157
6661
12962
18074
21393
22467
21073
17269
11407
4108
-3815
-11459
-17953
-22575
-24845
-24580
-21894
-17166
-10967
-3970
3141
9741
15316
19489
22014
22770
21741
19008
14749
9242
2876
-3856
-10372
-16048
-20279
-22562
-22571
-20219
-15695
-9452
-2160
5382
12349
18005
21791
23390
22743
20034
15633
10027
3752
-2675
-8791
-14203
-18591
-21694
-23307
-23278
-21529
-18082
-13090
-6866
124
7279
13920
19371
23050
24552
23716
20646
15704
9452
2566
-4252
-10371
-15295
-18702
-20448
-20539
-19094
-16300
-12377
-7562
-2112
3683
9486
14901
19489
22805
24451
24142
21768
17438
11484
4439
-3027
-10196
-16398
-21097
-23949
-24833
-23833
-21195
-17269
-12441
-7082
-1521
3964
9127
13732
17535
20273
21685
21548
19726
16225
11226
5098
-1631
-8328
-14339
-19077
-22108
-23198
-22340
-19731
-15719
-10741
-5241
379
5798
10778
15145
18756
21466
23111
23512
22505
19986
15959
10586
4196
-2727
-9595
-15790
-20750
-24052
-25465
-24976
-22770
-19180
-14624
-9523
-4248
917
5776
10197
14077
17297
19700
21088
21249
20007
17276
13115
7755
1596
-4831
-10938
-16157
-20031
-22272
-22793
-21697
-19237
-15748
-11578
-7027
-2319
2403
7049
11537
15747
19489
22499
24467
25085
24121
21478
17245
11701
5294
-1425
-7882
-13568
-18106
-21295
-23105
-23647
-23111
-21701
-19579
-16838
-13498
-9548
-4992
89
5505
10937
15966
20131
23004
24269
23789
21632
18059
13479
8369
3188
-1692
-6031
-9732
-12810
-15333
-17361
-18889
-19825
-19992
-19174
-17181
-13920
-9452
-4016
1983
8031
13586
18168
21437
23239
23614
22759
20961
18517
15660
12521
9114
5374
1216
-3394
-8381
-13521
-18461
-22755
-25952
-27680
-27728
-26088
-22961
-18716
-13812
-8707
-3772
764
4831
8490
11867
15078
18157
21005
23396
25007
25498
24600
22191
18354
13373
7699
1865
-3613
-8328
-12050
-14744
-16547
-17693
-18431
-18934
-19241
-19243
-18710
-17367
-14982
-11457
-6883
-1553
4073
9452
14062
17506
19582
20313
19919
18745
17163
15467
13805
12147
10313
8037
5073
1287
-3267
-8328
-13456
-18116
-21785
-24065
-24768
-23951
-21896
-19028
-15815
-12647
-9751
-7146
-4666
-2023
1077
4831
9250
14115
19011
23395
26721
28561
28704
27204
24367
20675
16664
12802
9378
6445
3833
1216
-1772
-5409
-9781
-14721
-19828
-24540
-28256
-30482
-30944
-29657
-26921
-23245
-19226
-15398
-12111
-9452
-7239
-5094
-2565
728
4965
10045
15584
20986
25578
28767
30179
29755
27760
24720
21282
18059
15470
13644
12393
11282
9753
7294
3603
-1312
-7104
-13150
-18690
-23005
-25590
-26278
-25276
-23111
-20490
-18120
-16519
-15885
-16045
-16506
-16589
-15621
-13129
-8982
-3453
2828
9013
14239
17836
19489
19316
17833
15814
14091
13329
13846
15527
17844
19995
21112
20496
17815
13207
7266
912
-4831
-9088
-11343
-11577
-10263
-8243
-6510
-5936
-7044
-9852
-13860
-18163
-21681
-23433
-22803
-19704
-14624
-8515
-2563
2101
4690
4961
3277
517
-2150
-3571
-2915
95
5096
11155
16996
21313
23111
21957
18111
12473
6364
1202
-1858
-2218
0
3978
8403
11804
12923
11061
6263
-661
-8328
-15110
-19547
-20709
-18446
-13439
-7038
-933
3268
4451
2288
-2670
-9109
-15281
-19436
-20270
-17269
-10860
-2323
6503
13675
17624
17552
13646
7044
-438
-6748
-10116
-9502
-4874
2766
11612
19489
24393
24992
20975
13146
3247
-6453
-13713
-16874
-15271
-9419
-894
8039
14981
17991
16075
9452
-484
-11483
-20977
-26708
-27284
-22529
-13547
-2464
8071
15531
18124
15240
7608
-2863
-13539
-21694
-25174
-22923
-15258
-3804
8879
19903
26744
27847
23008
13430
1444
-10040
-18230
-21115
-17953
-9452
2389
14751
24660
29696
28562
21402
9768
-3740
-16081
-24488
-27110
-23450
-14470
-2370
9933
19489
23995
22337
14836
3174
-10002
-21698
-29260
-30980
-26482
-16796
-4110
8737
18907
24204
23562
17269
6882
-5141
-16010
-23227
-25144
-21317
-12579
-836
11371
21439
27272
27724
22829
13764
2566
-8328
-16611
-20598
-19566
-13876
-4870
5444
14830
21300
23513
21037
14409
4991
-5321
-14505
-20812
-23111
-21086
-15278
-6950
2178
10279
15767
17601
15467
9822
1797
-7032
-14943
-20394
-22308
-20275
-14624
-6366
2997
11743
18255
21326
20385
15618
7946
-1143
-9863
-16470
-19603
-18552
-13416
-5102
4831
14468
21899
25605
24765
19436
10561
-202
-10793
-19159
-23661
-23411
-18457
-9790
852
11321
19489
23676
22989
17506
8259
-2970
-14002
-22701
-27390
-27185
-22159
-13316
-2383
8538
17386
22537
23111
19117
11435
1619
-8414
-16757
-21866
-22839
-19557
-12675
-3479
6373
15156
21389
24077
22861
18059
10579
1745
-6935
-14023
-18380
-19340
-16806
-11247
-3621
4785
12557
18379
21238
20593
16466
9452
634
-8577
-16669
-22278
-24419
-22671
-17266
-9070
547
9934
17446
21735
21998
18136
10784
1216
-8878
-17691
-23626
-25585
-23172
-16768
-7458
3158
13264
21146
25502
25659
21680
14337
4956
-4831
-13373
-19282
-21658
-20214
-15302
-7819
962
9610
16770
21364
22742
20752
15744
8489
60
-8328
-15489
-20425
-22454
-21302
-17139
-10562
-2517
5819
13200
18490
20833
19793
15444
8376
-370
-9452
-17427
-22985
-25167
-23534
-18256
-10098
-306
9595
18051
23738
25781
23899
18445
10342
916
-8328
-15950
-20809
-22233
-20100
-14836
-7317
1280
9676
16676
21335
23071
21720
17531
11107
3316
-4831
-12303
-18167
-21692
-22436
-20294
-15522
-8715
-749
7315
14367
19391
21614
20635
16499
9718
1216
-7793
-15984
-22118
-25243
-24846
-20941
-14071
-5225
4317
13185
20136
24233
24981
22385
16923
9452
1064
-7079
-13917
-18615
-20664
-19908
-16541
-11055
-4160
3299
10441
16433
20571
22346
21500
18059
12350
4978
-3219
-11256
-18121
-22898
-24907
-23810
-19683
-13021
-4692
4186
12397
18810
22546
23111
20461
15010
7549
-873
-9116
-16108
-20992
-23227
-22631
-19380
-13947
-7025
575
8021
14540
19489
22393
22979
21192
17198
11380
4318
-3252
-10500
-16581
-20738
-22403
-21287
-17441
-11278
-3530
4831
12726
19119
23164
24330
22475
17858
11093
3053
-5263
-12871
-18928
-22826
-24245
-23158
-19803
-14624
-8203
-1193
5740
11965
16925
20162
21356
20348
17173
12078
5526
-1827
-9185
-15695
-20553
-23111
-22980
-20099
-14756
-7561
632
8844
16108
21593
24718
25209
23119
18786
12774
5772
-1491
-8328
-14156
-18525
-21131
-21815
-20554
-17456
-12759
-6829
-157
6661
12962
18074
21393
22467
21073
17269
11407
4108
-3815
-11459
-17953
-22575
-24845
-24580
-21894
-17166
-10967
-3970
3141
9741
15316
19489
22014
22770
21741
19008
14749
9242
2876
-3856
-10372
-16048
-20279
-22562
-22571
-20219
-15695
-9452
-2160
5382
12349
18005
21791
23390
22743
20034
15633
10027
3752
-2675
-8791
-14203
-18591
-21694
-23307
-23278
-21529
-18082
-13090
-6866
124
7279
13920
19371
23050
24552
23716
20646
15704
9452
2566
-4252
-10371
-15295
-18702
-20448
-20539
-19094
-16300
-12377
-7562
-2112
3683
9486
14901
19489
22805
24451
24142
21768
17438
11484
4439
-3027
-10196
-16398
-21097
-23949
-24833
-23833
-21195
-17269
-12441
-7082
-1521
3964
9127
13732
17535
20273
21685
21548
19726
16225
11226
5098
-1631
-8328
-14339
-19077
-22108
-23198
-22340
-19731
-15719
-10741
-5241
379
5798
10778
15145
18756
21466
23111
23512
22505
19986
15959
10586
4196
-2727
-9595
-15790
-20750
-24052
-25465
-24976
-22770
-19180
-14624
-9523
-4248
917
5776
10197
14077
17297
19700
21088
21249
20007
17276
13115
7755
1596
-4831
-10938
-16157
-20031
-22272
-22793
-21697
-19237
-15748
-11578
-7027
-2319
2403
7049
11537
15747
19489
22499
24467
25085
24121
21478
17245
11701
5294
-1425
-7882
-13568
-18106
-21295
-23105
-23647
-23111
-21701
-19579
-16838
-13498
-9548
-4992
89
5505
10937
15966
20131
23004
24269
23789
21632
18059
13479
8369
3188
-1692
-6031
-9732
-12810
-15333
-17361
-18889
-19825
-19992
-19174
-17181
-13920
-9452
-4016
1983
8031
13586
18168
21437
23239
23614
22759
20961
18517
15660
12521
9114
5374
1216
-3394
-8381
-13521
-18461
-22755
-25952
-27680
-27728
-26088
-22961
-18716
-13812
-8707
-3772
764
4831
8490
11867
15078
18157
21005
23396
25007
25498
24600
22191
18354
13373
7699
1865
-3613
-8328
-12050
-14744
-16547
-17693
-18431
-18934
-19241
-19243
-18710
-17367
-14982
-11457
-6883
-1553
4073
9452
14062
17506
19582
20313
19919
18745
17163
15467
13805
12147
10313
8037
5073
1287
-3267
-8328
-13456
-18116
-21785
-24065
-24768
-23951
-21896
-19028
-15815
-12647
-9751
-7146
-4666
-2023
1077
4831
9250
14115
19011
23395
26721
28561
28704
27204
24367
20675
16664
12802
9378
6445
3833
1216
-1772
-5409
-9781
-14721
-19828
-24540
-28256
-30482
-30944
-29657
-26921
-23245
-19226
-15398
-12111
-9452
-7239
-5094
-2565
728
4965
10045
15584
20986
25578
28767
30179
29755
27760
24720
21282
18059
15470
13644
12393
11282
9753
7294
3603
-1312
-7104
-13150
-18690
-23005
-25590
-26278
-25276
-23111
-20490
-18120
-16519
-15885
-16045
-16506
-16589
-15621
-13129
-8982
-3453
2828
9013
14239
17836
19489
19316
17833
15814
14091
13329
13846
15527
17844
19995
21112
20496
17815
13207
7266
912
-4831
-9088
-11343
-11577
-10263
-8243
-6510
-5936
-7044
-9852
-13860
-18163
-21681
-23433
-22803
-19704
-14624
-8515
-2563
2101
4690
4961
3277
517
-2150
-3571
-2915
95
5096
11155
16996
21313
23111
21957
18111
12473
6364
1202
-1858
-2218
0
3978
8403
11804
12923
11061
6263
-661
-8328
-15110
-19547
-20709
-18446
-13439
-7038
-933
3268
4451
2288
-2670
-9109
-15281
-19436
-20270
-17269
-10860
-2323
6503
13675
17624
17552
13646
7044
-438
-6748
-10116
-9502
-4874
2766
11612
19489
24393
24992
20975
13146
3247
-6453
-13713
-16874
-15271
-9419
-894
8039
14981
17991
16075
9452
-484
-11483
-20977
-26708
-27284
-22529
-13547
-2464
8071
15531
18124
15240
7608
-2863
-13539
-21694
-25174
-22923
-15258
-3804
8879
19903
26744
27847
23008
13430
1444
-10040
-18230
-21115
-17953
-9452
2389
14751
24660
29696
28562
21402
9768
-3740
-16081
-24488
-27110
-23450
-14470
-2370
9933
19489
23995
22337
14836
3174
-10002
-21698
-29260
-30980
-26482
-16796
-4110
8737
18907
24204
23562
17269
6882
-5141
-16010
-23227
-25144
-21317
-12579
-836
11371
21439
27272
27724
22829
13764
2566
-8328
-16611
-20598
-19566
-13876
-4870
5444
14830
21300
23513
21037
14409
4991
-5321
-14505
-20812
-23111
-21086
-15278
-6950
2178
10279
15767
17601
15467
9822
1797
-7032
-14943
-20394
-22308
-20275
-14624
-6366
2997
11743
18255
21326
20385
15618
7946
-1143
-9863
-16470
-19603
-18552
-13416
-5102
4831
14468
21899
25605
24765
19436
10561
-202
-10793
-19159
-23661
-23411
-18457
-9790
852
11321
19489
23676
22989
17506
8259
-2970
-14002
-22701
-27390
-27185
-22159
-13316
-2383
8538
17386
22537
23111
19117
11435
1619
-8414
-16757
-21866
-22839
-19557
-12675
-3479
6373
15156
21389
24077
22861
18059
10579
1745
-6935
-14023
-18380
-19340
-16806
-11247
-3621
4785
12557
18379
21238
20593
16466
9452
634
-8577
-16669
-22278
-24419
-22671
-17266
-9070
547
9934
17446
21735
21998
18136
10784
1216
-8878
-17691
-23626
-25585
-23172
-16768
-7458
3158
13264
21146
25502
25659
21680
14337
4956
-4831
-13373
-19282
-21658
-20214
-15302
-7819
962
9610
16770
21364
22742
20752
15744
8489
60
-8328
-15489
-20425
-22454
-21302
-17139
-10562
-2517
5819
13200
18490
20833
19793
15444
8376
-370
-9452
-17427
-22985
-25167
-23534
-18256
-10098
-306
9595
18051
23738
25781
23899
18445
10342
916
-8328
-15950
-20809
-22233
-20100
-14836
-7317
1280
9676
16676
21335
23071
21720
17531
11107
3316
-4831
-12303
-18167
-21692
-22436
-20294
-15522
-8715
-749
7315
14367
19391
21614
20635
16499
9718
1216
-7793
-15984
-22118
-25243
-24846
-20941
-14071
-5225
4317
13185
20136
24233
24981
22385
16923
9452
1064
-7079
-13917
-18615
-20664
-19908
-16541
-11055
-4160
3299
10441
16433
20571
22346
21500
18059
12350
4978
-3219
-11256
-18121
-22898
-24907
-23810
-19683
-13021
-4692
4186
12397
18810
22546
23111
20461
15010
7549
-873
-9116
-16108
-20992
-23227
-22631
-19380
-13947
-7025
575
8021
14540
19489
22393
22979
21192
17198
11380
4318
-3252
-10500
-16581
-20738
-22403
-21287
-17441
-11278
-3530
4831
12726
19119
23164
24330
22475
17858
11093
3053
-5263
-12871
-18928
-22826
-24245
-23158
-19803
-14624
-8203
-1193
5740
11965
16925
20162
21356
20348
17173
12078
5526
-1827
-9185
-15695
-20553
-23111
-22980
-20099
-14756
-7561
632
8844
16108
21593
24718
25209
23119
18786
12774
5772
-1491
-8328
-14156
-18525
-21131
-21815
-20554
-17456
-12759
-6829
-157
6661
12962
18074
21393
22467
21073
17269
11407
4108
-3815
-11459
-17953
-22575
-24845
-24580
-21894
-17166
-10967
-3970
3141
9741
15316
19489
22014
22770
21741
19008
14749
9242
2876
-3856
-10372
-16048
-20279
-22562
-22571
-20219
-15695
-9452
-2160
5382
12349
18005
21791
23390
22743
20034
15633
10027
3752
-2675
-8791
-14203
-18591
-21694
-23307
-23278
-21529
-18082
-13090
-6866
124
7279
13920
19371
23050
24552
23716
20646
15704
9452
2566
-4252
-10371
-15295
-18702
-20448
-20539
-19094
-16300
-12377
-7562
-2112
3683
9486
14901
19489
22805
24451
24142
21768
17438
11484
4439
-3027
-10196
-16398
-21097
-23949
-24833
-23833
-21195
-17269
-12441
-7082
-1521
3964
9127
13732
17535
20273
21685
21548
19726
16225
11226
5098
-1631
-8328
-14339
-19077
-22108
-23198
-22340
-19731
-15719
-10741
-5241
379
5798
10778
15145
18756
21466
23111
23512
22505
19986
15959
10586
4196
-2727
-9595
-15790
-20750
-24052
-25465
-24976
-22770
-19180
-14624
-9523
-4248
917
5776
10197
14077
17297
19700
21088
21249
20007
17276
13115
7755
1596
-4831
-10938
-16157
-20031
-22272
-22793
-21697
-19237
-15748
-11578
-7027
-2319
2403
7049
11537
15747
19489
22499
24467
25085
24121
21478
17245
11701
5294
-1425
-7882
-13568
-18106
-21295
-23105
-23647
-23111
-21701
-19579
-16838
-13498
-9548
-4992
89
5505
10937
15966
20131
23004
24269
23789
21632
18059
13479
8369
3188
-1692
-6031
-9732
-12810
-15333
-17361
-18889
-19825
-19992
-19174
-17181
-13920
-9452
-4016
1983
8031
13586
18168
21437
23239
23614
22759
20961
18517
15660
12521
9114
5374
1216
-3394
-8381
-13521
-18461
-22755
-25952
-27680
-27728
-26088
-22961
-18716
-13812
-8707
-3772
764
4831
8490
11867
15078
18157
21005
23396
25007
25498
24600
22191
18354
13373
7699
1865
-3613
-8328
-12050
-14744
-16547
-17693
-18431
-18934
-19241
-19243
-18710
-17367
-14982
-11457
-6883
-1553
4073
9452
14062
17506
19582
20313
19919
18745
17163
15467
13805
12147
10313
8037
5073
1287
-3267
-8328
-13456
-18116
-21785
-24065
-24768
-23951
-21896
-19028
-15815
-12647
-9751
-7146
-4666
-2023
1077
4831
9250
14115
19011
23395
26721
28561
28704
27204
24367
20675
16664
12802
9378
6445
3833
1216
-1772
-5409
-9781
-14721
-19828
-24540
-28256
-30482
-30944
-29657
-26921
-23245
-19226
-15398
-12111
-9452
-7239
-5094
-2565
728
4965
10045
15584
20986
25578
28767
30179
29755
27760
24720
21282
18059
15470
13644
12393
11282
9753
7294
3603
-1312
-7104
-13150
-18690
-23005
-25590
-26278
-25276
-23111
-20490
-18120
-16519
-15885
-16045
-16506
-16589
-15621
-13129
-8982
-3453
2828
9013
14239
17836
19489
19316
17833
15814
14091
13329
13846
15527
17844
19995
21112
20496
17815
13207
7266
912
-4831
-9088
-11343
-11577
-10263
-8243
-6510
-5936
-7044
-9852
-13860
-18163
-21681
-23433
-22803
-19704
-14624
-8515
-2563
2101
4690
4961
3277
517
-2150
-3571
-2915
95
5096
11155
16996
21313
23111
21957
18111
12473
6364
1202
-1858
-2218
0
3978
8403
11804
12923
11061
6263
-661
-8328
-15110
-19547
-20709
-18446
-13439
-7038
-933
3268
4451
2288
-2670
-9109
-15281
-19436
-20270
17269
10860
2323
-6503
-13675
-17624
-17552
-13646
-7044
438
6748
10116
9502
4874
-2766
-11612
-19489
-24393
-24992
-20975
-13146
-3247
6453
13713
16874
15271
9419
894
-8039
-14981
-17991
-16075
-9452
484
11483
20977
26708
27284
22529
13547
2464
-8071
-15531
-18124
-15240
-7608
2863
13539
21694
25174
22923
15258
3804
-8879
-19903
-26744
-27847
-23008
-13430
-1444
10040
18230
21115
17953
9452
-2389
-14751
-24660
-29696
-28562
-21402
-9768
3740
16081
24488
27110
23450
14470
2370
-9933
-19489
-23995
-22337
-14836
-3174
10002
21698
29260
30980
26482
16796
4110
-8737
-18907
-24204
-23562
-17269
-6882
5141
16010
23227
25144
21317
12579
836
-11371
-21439
-27272
-27724
-22829
-13764
-2566
8328
16611
20598
19566
13876
4870
-5444
-14830
-21300
-23513
-21037
-14409
-4991
5321
14505
20812
23111
21086
15278
6950
-2178
-10279
-15767
-17601
-15467
-9822
-1797
7032
14943
20394
22308
20275
14624
6366
-2997
-11743
-18255
-21326
-20385
-15618
-7946
1143
9863
16470
19603
18552
13416
5102
-4831
-14468
-21899
-25605
-24765
-19436
-10561
202
10793
19159
23661
23411
18457
9790
-852
-11321
-19489
-23676
-22989
-17506
-8259
2970
14002
22701
27390
27185
22159
13316
2383
-8538
-17386
-22537
-23111
-19117
-11435
-1619
8414
16757
21866
22839
19557
12675
3479
-6373
-15156
-21389
-24077
-22861
-18059
-10579
-1745
6935
14023
18380
19340
16806
11247
3621
-4785
-12557
-18379
-21238
-20593
-16466
-9452
-634
8577
16669
22278
24419
22671
17266
9070
-547
-9934
-17446
-21735
-21998
-18136
-10784
-1216
8878
17691
23626
25585
23172
16768
7458
-3158
-13264
-21146
-25502
-25659
-21680
-14337
-4956
4831
13373
19282
21658
20214
15302
7819
-962
-9610
-16770
-21364
-22742
-20752
-15744
-8489
-60
8328
15489
20425
22454
21302
17139
10562
2517
-5819
-13200
-18490
-20833
-19793
-15444
-8376
370
9452
17427
22985
25167
23534
18256
10098
306
-9595
-18051
-23738
-25781
-23899
-18445
-10342
-916
8328
15950
20809
22233
20100
14836
7317
-1280
-9676
-16676
-21335
-23071
-21720
-17531
-11107
-3316
4831
12303
18167
21692
22436
20294
15522
8715
749
-7315
-14367
-19391
-21614
-20635
-16499
-9718
-1216
7793
15984
22118
25243
24846
20941
14071
5225
-4317
-13185
-20136
-24233
-24981
-22385
-16923
-9452
-1064
7079
13917
18615
20664
19908
16541
11055
4160
-3299
-10441
-16433
-20571
-22346
-21500
-18059
-12350
-4978
3219
11256
18121
22898
24907
23810
19683
13021
4692
-4186
-12397
-18810
-22546
-23111
-20461
-15010
-7549
873
9116
16108
20992
23227
22631
19380
13947
7025
-575
-8021
-14540
-19489
-22393
-22979
-21192
-17198
-11380
-4318
3252
10500
16581
20738
22403
21287
17441
11278
3530
-4831
-12726
-19119
-23164
-24330
-22475
-17858
-11093
-3053
5263
12871
18928
22826
24245
23158
19803
14624
8203
1193
-5740
-11965
-16925
-20162
-21356
-20348
-17173
-12078
-5526
1827
9185
15695
20553
23111
22980
20099
14756
7561
-632
-8844
-16108
-21593
-24718
-25209
-23119
-18786
-12774
-5772
1491
8328
14156
18525
21131
21815
20554
17456
12759
6829
157
-6661
-12962
-18074
-21393
-22467
-21073
-17269
-11407
-4108
3815
11459
17953
22575
24845
24580
21894
17166
10967
3970
-3141
-9741
-15316
-19489
-22014
-22770
-21741
-19008
-14749
-9242
-2876
3856
10372
16048
20279
22562
22571
20219
15695
9452
2160
-5382
-12349
-18005
-21791
-23390
-22743
-20034
-15633
-10027
-3752
2675
8791
14203
18591
21694
23307
23278
21529
18082
13090
6866
-124
-7279
-13920
-19371
-23050
-24552
-23716
-20646
-15704
-9452
-2566
4252
10371
15295
18702
20448
20539
19094
16300
12377
7562
2112
-3683
-9486
-14901
-19489
-22805
-24451
-24142
-21768
-17438
-11484
-4439
3027
10196
16398
21097
23949
24833
23833
21195
17269
12441
7082
1521
-3964
-9127
-13732
-17535
-20273
-21685
-21548
-19726
-16225
-11226
-5098
1631
8328
14339
19077
22108
23198
22340
19731
15719
10741
5241
-379
-5798
-10778
-15145
-18756
-21466
-23111
-23512
-22505
-19986
-15959
-10586
-4196
2727
9595
15790
20750
24052
25465
24976
22770
19180
14624
9523
4248
-917
-5776
-10197
-14077
-17297
-19700
-21088
-21249
-20007
-17276
-13115
-7755
-1596
4831
10938
16157
20031
22272
22793
21697
19237
15748
11578
7027
2319
-2403
-7049
-11537
-15747
-19489
-22499
-24467
-25085
-24121
-21478
-17245
-11701
-5294
1425
7882
13568
18106
21295
23105
23647
23111
21701
19579
16838
13498
9548
4992
-89
-5505
-10937
-15966
-20131
-23004
-24269
-23789
-21632
-18059
-13479
-8369
-3188
1692
6031
9732
12810
15333
17361
18889
19825
19992
19174
17181
13920
9452
4016
-1983
-8031
-13586
-18168
-21437
-23239
-23614
-22759
-20961
-18517
-15660
-12521
-9114
-5374
-1216
3394
8381
13521
18461
22755
25952
27680
27728
26088
22961
18716
13812
8707
3772
-764
-4831
-8490
-11867
-15078
-18157
-21005
-23396
-25007
-25498
-24600
-22191
-18354
-13373
-7699
-1865
3613
8328
12050
14744
16547
17693
18431
18934
19241
19243
18710
17367
14982
11457
6883
1553
-4073
-9452
-14062
-17506
-19582
-20313
-19919
-18745
-17163
-15467
-13805
-12147
-10313
-8037
-5073
-1287
3267
8328
13456
18116
21785
24065
24768
23951
21896
19028
15815
12647
9751
7146
4666
2023
-1077
-4831
-9250
-14115
-19011
-23395
-26721
-28561
-28704
-27204
-24367
-20675
-16664
-12802
-9378
-6445
-3833
-1216
1772
5409
9781
14721
19828
24540
28256
30482
30944
29657
26921
23245
19226
15398
12111
9452
7239
5094
2565
-728
-4965
-10045
-15584
-20986
-25578
-28767
-30179
-29755
-27760
-24720
-21282
-18059
-15470
-13644
-12393
-11282
-9753
-7294
-3603
1312
7104
13150
18690
23005
25590
26278
25276
23111
20490
18120
16519
15885
16045
16506
16589
15621
13129
8982
3453
-2828
-9013
-14239
-17836
-19489
-19316
-17833
-15814
-14091
-13329
-13846
-15527
-17844
-19995
-21112
-20496
-17815
-13207
-7266
-912
4831
9088
11343
11577
10263
8243
6510
5936
7044
9852
13860
18163
21681
23433
22803
19704
14624
8515
2563
-2101
-4690
-4961
-3277
-517
2150
3571
2915
-95
-5096
-11155
-16996
-21313
-23111
-21957
-18111
-12473
-6364
-1202
1858
2218
0
-3978
-8403
-11804
-12923
-11061
-6263
661
8328
15110
19547
20709
18446
13439
7038
933
-3268
-4451
-2288
2670
9109
15281
19436
20270
-17269
-10860
-2323
6503
13675
17624
17552
13646
7044
-438
-6748
-10116
-9502
-4874
2766
11612
19489
24393
24992
20975
13146
3247
-6453
-13713
-16874
-15271
-9419
-894
8039
14981
17991
16075
9452
-484
-11483
-20977
-26708
-27284
-22529
-13547
-2464
8071
15531
18124
15240
7608
-2863
-13539
-21694
-25174
-22923
-15258
-3804
8879
19903
26744
27847
23008
13430
1444
-10040
-18230
-21115
-17953
-9452
2389
14751
24660
29696
28562
21402
9768
-3740
-16081
-24488
-27110
-23450
-14470
-2370
9933
19489
23995
22337
14836
3174
-10002
-21698
-29260
-30980
-26482
-16796
-4110
8737
18907
24204
23562
17269
6882
-5141
-16010
-23227
-25144
-21317
-12579
-836
11371
21439
27272
27724
22829
13764
2566
-8328
-16611
-20598
-19566
-13876
-4870
5444
14830
21300
23513
21037
14409
4991
-5321
-14505
-20812
-23111
-21086
-15278
-6950
2178
10279
15767
17601
15467
9822
1797
-7032
-14943
-20394
-22308
-20275
-14624
-6366
2997
11743
18255
21326
20385
15618
7946
-1143
-9863
-16470
-19603
-18552
-13416
-5102
4831
14468
21899
25605
24765
19436
10561
-202
-10793
-19159
-23661
-23411
-18457
-9790
852
11321
19489
23676
22989
17506
8259
-2970
-14002
-22701
-27390
-27185
-22159
-13316
-2383
8538
17386
22537
23111
19117
11435
1619
-8414
-16757
-21866
-22839
-19557
-12675
-3479
6373
15156
21389
24077
22861
18059
10579
1745
-6935
-14023
-18380
-19340
-16806
-11247
-3621
4785
12557
18379
21238
20593
16466
9452
634
-8577
-16669
-22278
-24419
-22671
-17266
-9070
547
9934
17446
21735
21998
18136
10784
1216
-8878
-17691
-23626
-25585
-23172
-16768
-7458
3158
13264
21146
25502
25659
21680
14337
4956
-4831
-13373
-19282
-21658
-20214
-15302
-7819
962
9610
16770
21364
22742
20752
15744
8489
60
-8328
-15489
-20425
-22454
-21302
-17139
-10562
-2517
5819
13200
18490
20833
19793
15444
8376
-370
-9452
-17427
-22985
-25167
-23534
-18256
-10098
-306
9595
18051
23738
25781
23899
18445
10342
916
-8328
-15950
-20809
-22233
-20100
-14836
-7317
1280
9676
16676
21335
23071
21720
17531
11107
3316
-4831
-12303
-18167
-21692
-22436
-20294
-15522
-8715
-749
7315
14367
19391
21614
20635
16499
9718
1216
-7793
-15984
-22118
-25243
-24846
-20941
-14071
-5225
4317
13185
20136
24233
24981
22385
16923
9452
1064
-7079
-13917
-18615
-20664
-19908
-16541
-11055
-4160
3299
10441
16433
20571
22346
21500
18059
12350
4978
-3219
-11256
-18121
-22898
-24907
-23810
-19683
-13021
-4692
4186
12397
18810
22546
23111
20461
15010
7549
-873
-9116
-16108
-20992
-23227
-22631
-19380
-13947
-7025
575
8021
14540
19489
22393
22979
21192
17198
11380
4318
-3252
-10500
-16581
-20738
-22403
-21287
-17441
-11278
-3530
4831
12726
19119
23164
24330
22475
17858
11093
3053
-5263
-12871
-18928
-22826
-24245
-23158
-19803
-14624
-8203
-1193
5740
11965
16925
20162
21356
20348
17173
12078
5526
-1827
-9185
-15695
-20553
-23111
-22980
-20099
-14756
-7561
632
8844
16108
21593
24718
25209
23119
18786
12774
5772
-1491
-8328
-14156
-18525
-21131
-21815
-20554
-17456
-12759
-6829
-157
6661
12962
18074
21393
22467
21073
17269
11407
4108
-3815
-11459
-17953
-22575
-24845
-24580
-21894
-17166
-10967
-3970
3141
9741
15316
19489
22014
22770
21741
19008
14749
9242
2876
-3856
-10372
-16048
-20279
-22562
-22571
-20219
-15695
-9452
-2160
5382
12349
18005
21791
23390
22743
20034
15633
10027
3752
-2675
-8791
-14203
-18591
-21694
-23307
-23278
-21529
-18082
-13090
-6866
124
7279
13920
19371
23050
24552
23716
20646
15704
9452
2566
-4252
-10371
-15295
-18702
-20448
-20539
-19094
-16300
-12377
-7562
-2112
3683
9486
14901
19489
22805
24451
24142
21768
17438
11484
4439
-3027
-10196
-16398
-21097
-23949
-24833
-23833
-21195
-17269
-12441
-7082
-1521
3964
9127
13732
17535
20273
21685
21548
19726
16225
11226
5098
-1631
-8328
-14339
-19077
-22108
-23198
-22340
-19731
-15719
-10741
-5241
379
5798
10778
15145
18756
21466
23111
23512
22505
19986
15959
10586
4196
-2727
-9595
-15790
-20750
-24052
-25465
-24976
-22770
-19180
-14624
-9523
-4248
917
5776
10197
14077
17297
19700
21088
21249
20007
17276
13115
7755
1596
-4831
-10938
-16157
-20031
-22272
-22793
-21697
-19237
-15748
-11578
-7027
-2319
2403
7049
11537
15747
19489
22499
24467
25085
24121
21478
17245
11701
5294
-1425
-7882
-13568
-18106
-21295
-23105
-23647
-23111
-21701
-19579
-16838
-13498
-9548
-4992
89
5505
10937
15966
20131
23004
24269
23789
21632
18059
13479
8369
3188
-1692
-6031
-9732
-12810
-15333
-17361
-18889
-19825
-19992
-19174
-17181
-13920
-9452
-4016
1983
8031
13586
18168
21437
23239
23614
22759
20961
18517
15660
12521
9114
5374
1216
-3394
-8381
-13521
-18461
-22755
-25952
-27680
-27728
-26088
-22961
-18716
-13812
-8707
-3772
764
4831
8490
11867
15078
18157
21005
23396
25007
25498
24600
22191
18354
13373
7699
1865
-3613
-8328
-12050
-14744
-16547
-17693
-18431
-18934
-19241
-19243
-18710
-17367
-14982
-11457
-6883
-1553
4073
9452
14062
17506
19582
20313
19919
18745
17163
15467
13805
12147
10313
8037
5073
1287
-3267
-8328
-13456
-18116
-21785
-24065
-24768
-23951
-21896
-19028
-15815
-12647
-9751
-7146
-4666
-2023
1077
4831
9250
14115
19011
23395
26721
28561
28704
27204
24367
20675
16664
12802
9378
6445
3833
1216
-1772
-5409
-9781
-14721
-19828
-24540
-28256
-30482
-30944
-29657
-26921
-23245
-19226
-15398
-12111
-9452
-7239
-5094
-2565
728
4965
10045
15584
20986
25578
28767
30179
29755
27760
24720
21282
18059
15470
13644
12393
11282
9753
7294
3603
-1312
-7104
-13150
-18690
-23005
-25590
-26278
-25276
-23111
-20490
-18120
-16519
-15885
-16045
-16506
-16589
-15621
-13129
-8982
-3453
2828
9013
14239
17836
19489
19316
17833
15814
14091
13329
13846
15527
17844
19995
21112
20496
17815
13207
7266
912
-4831
-9088
-11343
-11577
-10263
-8243
-6510
-5936
-7044
-9852
-13860
-18163
-21681
-23433
-22803
-19704
-14624
-8515
-2563
2101
4690
4961
3277
517
-2150
-3571
-2915
95
5096
11155
16996
21313
23111
21957
18111
12473
6364
1202
-1858
-2218
0
3978
8403
11804
12923
11061
6263
-661
-8328
-15110
-19547
-20709
-18446
-13439
-7038
-933
3268
4451
2288
-2670
-9109
-15281
-19436
-20270
0
0
0
0
0
0
0
0
0
0
0
0
0
0
0
0
0
0
0
0
0
0
0
0
0
0
0
0
0
0
0
0
0
0
0
0
0
0
0
0
0
0
0
0
0
0
0
0
0
0
0
0
0
0
0
0
0
0
0
0
0
0
0
0
0
0
0
0
0
0
0
0
0
0
0
0
0
0
0
0
0
0
0
0
0
0
0
0
0
0
0
0
0
0
0
0
0
0
0
0
0
0
0
0
0
0
0
0
0
0
0
0
0
0
0
0
0
0
0
0
0
0
0
0
0
0
0
0
0
0
0
0
0
0
0
0
0
0
0
0
0
0
0
0
0
0
0
0
0
0
0
0
0
0
0
0
0
0
0
0
0
0
0
0
0
0
0
0
0
0
0
0
0
0
0
0
0
0
0
0
0
0
0
0
0
0
0
0
0
0
0
0
0
0
0
0
0
0
0
0
0
0
0
0
0
0
0
0
0
0
0
0
0
0
0
0
0
0
0
0
0
0
0
0
0
0
0
0
0
0
0
0
0
0
0
0
0
0
0
0
0
0
0
0
0
0
0
0
0
0
0
0
0
0
0
0
0
0
0
0
0
0
0
0
0
0
0
0
0
0
0
0
0
0
0
0
0
0
0
0
0
0
0
0
0
0
0
0
0
0
0
0
0
0
0
0
0
0
0
0
0
0
0
0
0
0
0
0
0
0
0
0
0
0
0
0
0
0
0
0
0
0
0
0
0
0
0
0
0
0
0
0
0
0
0
0
0
0
0
0
0
0
0
0
0
0
0
0
0
0
0
0
0
0
0
0
0
0
0
0
0
0
0
0
0
0
0
0
0
0
0
0
0
0
0
0
0
0
0
0
0
0
0
0
0
0
0
0
0
0
0
0
0
0
0
0
0
0
0
0
0
0
0
0
0
0
0
0
0
0
0
0
0
0
0
0
0
0
0
0
0
0
0
0
0
0
0
0
0
0
0
0
0
0
0
0
0
0
0
0
0
0
0
0
0
0
0
0
0
0
0
0
0
0
0
0
0
0
0
0
0
0
0
0
0
0
0
0
0
0
0
0
0
0
0
0
0
0
0
0
0
0
0
0
0
0
0
0
0
0
0
0
0
0
0
0
0
0
0
0
0
0
0
0
0
0
0
0
0
0
0
0
0
0
0
0
0
0
0
0
0
0
0
0
0
0
0
0
0
0
0
0
0
0
0
0
0
0
0
0
0
0
0
0
0
0
0
0
0
0
0
0
0
0
0
0
0
0
0
0
0
0
0
0
0
0
0
0
0
0
0
0
0
0
0
0
0
0
0
0
0
0
0
0
0
0
0
0
0
0
0
0
0
0
0
0
0
0
0
0
0
0
0
0
0
0
0
0
0
0
0
0
0
0
0
0
0
0
0
0
0
0
0
0
0
0
0
0
0
0
0
0
0
0
0
0
0
0
0
0
0
0
0
0
0
0
0
0
0
0
0
0
0
0
0
0
0
0
0
0
0
0
0
0
0
0
0
0
0
0
0
0
0
0
0
0
0
0
0
0
0
0
0
0
0
0
0
0
0
0
0
0
0
0
0
0
0
0
0
0
0
0
0
0
0
0
0
0
0
0
0
0
0
0
0
0
0
0
0
0
0
0
0
0
0
0
0
0
0
0
0
0
0
0
0
0
0
0
0
0
0
0
0
0
0
0
0
0
0
0
0
0
0
0
0
0
0
0
0
0
0
0
0
0
0
0
0
0
0
0
0
0
0
0
0
0
0
0
0
0
0
0
0
0
0
0
0
0
0
0
0
0
0
0
0
0
0
0
0
0
0
0
0
0
0
0
0
0
0
0
0
0
0
0
0
0
0
0
0
0
0
0
0
0
0
0
0
0
0
0
0
0
0
0
0
0
0
0
0
0
0
0
0
0
0
0
0
0
0
0
0
0
0
0
0
0
0
0
0
0
0
0
0
0
0
0
0
0
0
0
0
0
0
0
0
0
0
0
0
0
0
0
0
0
0
0
0
0
0
0
0
0
0
0
0
0
0
0
0
0
0
0
0
0
0
0
0
0
0
0
0
0
0
0
0
0
0
0
0
0
0
0
0
0
0
0
0
0
0
0
0
0
0
0
0
0
0
0
0
0
0
0
0
0
0
0
0
0
0
0
0
0
0
0
0
0
0
0
0
0
-2337
-2189
-1670
-858
134
1178
2142
2910
3396
3555
3380
2901
2182
1305
359
-567
-1400
-2082
-2577
-2868
-2956
-2854
-2583
-2170
-1645
-1038
-383
281
914
1468
1896
2151
2195
2005
1576
930
116
-792
-1704
-2517
-3131
-3461
-3450
-3079
-2369
-1385
-225
985
2115
3042
3664
3922
3803
3341
2617
1742
846
57
-517
-808
-789
-486
27
643
1234
1669
1839
1672
1142
279
-836
-2081
-3308
-4363
-5109
-5440
-5303
-4698
-3686
-2374
-907
553
1851
2853
3466
3651
3421
2842
2025
1101
215
-501
-948
-1061
-825
-275
513
1434
2361
3169
3749
4019
3933
3488
2719
1699
520
-709
-1882
-2904
-3699
-4222
-4455
-4410
-4122
-3644
-3042
-2379
-1716
-1101
-570
-139
188
422
581
690
773
851
941
1049
1177
1319
1464
1597
1705
1800
1776
1705
1597
1464
1319
1177
1049
941
851
773
690
581
422
188
-139
-570
-1101
-1716
-2379
-3042
-3644
-4122
-4410
-4455
-4222
-3699
-2904
-1882
-709
520
1699
2719
3488
3933
4019
3749
3169
2361
1434
513
-275
-825
-1061
-948
-501
215
1101
2025
2842
3421
3651
3466
2853
1851
553
-907
-2374
-3686
-4698
-5303
-5440
-5109
-4363
-3308
-2081
-836
279
1142
1672
1839
1669
1234
643
27
-486
-789
-808
-517
57
846
1742
2617
3341
3803
3922
3664
3042
2115
985
-225
-1385
-2369
-3079
-3450
-3461
-3131
-2517
-1704
-792
116
930
1576
2005
2195
2151
1896
1468
914
281
-383
-1038
-1645
-2170
-2583
-2854
-2956
-2868
-2577
-2082
-1400
-567
359
1305
2182
2901
3380
3555
3396
2910
2142
1178
134
-858
-1670
-2189
-2337
-2085
-1458
-533
566
1690
2678
3381
3687
3531
2911
1886
568
-888
-2312
-3534
-4415
-4859
-4831
-4356
-3517
-2439
-1274
-172
733
1349
1633
1596
1301
847
355
-52
-276
-249
48
588
1298
2073
2792
3340
3620
3571
3176
2465
1506
400
-737
-1792
-2666
-3288
-3620
-3660
-3438
-3008
-2434
-1782
-1112
-466
129
666
1144
1569
1943
2260
2503
2642
2642
2470
2100
1525
763
-138
-1110
-2060
-2890
-3503
-3824
-3806
-3440
-2763
-1846
-795
269
1228
1976
2442
2593
2443
2049
1502
908
379
10
-134
-30
301
802
1379
1921
2321
2485
2351
1902
1160
192
-900
-2002
-2990
-3755
-4217
-4329
-4086
-3522
-2703
-1717
-665
356
1265
1997
2512
2796
2856
2712
2398
1950
1404
795
155
-485
-1096
-1643
-2089
-2398
-2532
-2464
-2178
-1677
-984
-149
760
1662
2467
3091
3468
3560
3358
2895
2230
1451
656
-57
-611
-956
-1078
-1004
-796
-541
-336
-274
-421
-808
-1423
-2205
-3058
-3855
-4465
-4768
-4676
-4149
-3203
-1912
-398
1180
2654
3865
4687
5045
4929
4389
3534
2511
1488
622
40
-180
-26
448
1137
1891
2541
2930
2933
2481
1572
274
-1283
-2923
-4449
-5670
-6429
-6626
-6230
-5288
-3917
-2287
-598
943
2161
2925
3174
2919
2243
1288
232
-737
-1449
-1772
-1637
-1042
-56
1195
2545
3810
4815
5421
5537
5138
4265
3016
1533
-16
-1467
-2675
-3536
-3996
-4060
-3782
-3258
-2609
-1956
-1410
-1049
-908
-978
-1210
-1519
-1805
-1966
-1917
-1605
-1017
-181
830
1917
2961
3842
4458
4733
4635
4173
3399
2400
1284
165
-846
-1667
-2240
-2547
-2605
-2459
-2178
-1838
-1509
-1249
-1089
-1036
-1065
-1135
-1189
-1166
-1018
-711
-239
377
1090
1831
2521
3076
3425
3515
3321
2846
2126
1223
216
-803
-1747
-2536
-3108
-3426
-3477
-3272
-2845
-2242
-1523
-746
28
750
1379
1883
2242
2445
2489
2378
2121
1734
1238
658
27
-616
-1233
-1781
-2218
-2508
-2626
-2555
-2296
-1862
-1282
-597
144
890
1589
2193
2666
2980
3122
3087
2883
2524
2032
1433
753
24
-720
-1445
-2113
-2684
-3118
-3381
-3443
-3286
-2909
-2328
-1582
-727
163
1009
1726
2241
2499
2471
2162
1610
885
79
-700
-1347
-1768
-1897
-1704
-1201
-440
489
1474
2390
3116
3555
3639
3344
2692
1747
605
-611
-1778
-2775
-3506
-3909
-3957
-3667
-3086
-2291
-1373
-426
462
1222
1805
2186
2363
2353
2181
1882
1488
1030
532
14
-503
-1004
-1465
-1858
-2150
-2308
-2299
-2100
-1700
-1112
-366
479
1352
2165
2828
3260
3402
3219
2717
1936
949
-139
-1216
-2163
-2875
-3272
-3313
-2994
-2355
-1470
-441
617
1592
2383
2913
3140
3056
2690
2095
1345
524
-287
-1022
-1630
-2083
-2375
-2518
-2539
-2471
-2344
-2182
-2001
-1800
-1571
-1295
-952
-525
-5
602
1277
1982
2668
3277
3746
4021
4057
3831
3342
2614
1697
662
-404
-1410
-2265
-2889
-3226
-3246
-2954
-2385
-1607
-710
197
1008
1620
1954
1962
1631
992
110
-915
-1965
-2916
-3650
-4073
-4124
-3786
-3085
-2089
-900
361
1570
2609
3389
3856
3997
3841
3450
2913
2325
1777
1340
1054
924
920
982
1032
991
791
387
-226
-1023
-1934
-2865
-3707
-4351
-4706
-4710
-4344
-3634
-2645
-1479
-253
908
1898
2635
3072
3204
3063
2711
2224
1687
1169
722
370
112
-77
-238
-409
-623
-893
-1208
-1532
-1810
-1978
-1973
-1749
-1284
-592
276
1240
2195
3029
3636
3934
3878
3464
2734
1765
664
-452
-1475
-2313
-2907
-3238
-3324
-3212
-2967
-2661
-2353
-2081
-1856
-1659
-1450
-1175
-785
-246
445
1259
2129
2959
3639
4063
4143
3835
3144
2131
911
-366
-1534
-2429
-2924
-2943
-2480
-1598
-428
852
2044
2955
3427
3364
2747
1638
172
-1458
-3037
-4350
-5218
-5522
-5225
-4368
-3071
-1510
110
1587
2747
3472
3718
3511
2948
2170
1344
628
149
-20
128
542
1110
1691
2135
2310
2124
1547
612
-586
-1906
-3181
-4241
-4944
-5194
-4955
-4257
-3190
-1887
-505
798
1890
2676
3118
3227
3065
2724
2310
1923
1638
1494
1486
1571
1676
1714
1601
1277
716
-65
-1006
-2009
-2957
-3726
-4207
-4324
-4045
-3390
-2424
-1257
-20
1143
2107
2767
3065
2984
2560
1863
996
73
-789
-1494
-1967
-2166
-2084
-1742
-1190
-492
278
1048
1750
2327
2735
2946
2944
2726
2305
1704
959
119
-756
-1601
-2344
-2915
-3255
-3321
-3094
-2585
-1835
-914
83
1051
1881
2477
2766
2713
2321
1635
736
-267
-1256
-2114
-2740
-3064
-3053
-2717
-2101
-1281
-350
590
1449
2150
2645
2911
2950
2786
2456
2003
1468
887
287
-308
-883
-1416
-1883
-2255
-2494
-2564
-2430
-2072
-1490
-710
211
1190
2125
2904
3422
3596
3380
2775
1833
650
-637
-1878
-2922
-3642
-3952
-3826
-3295
-2451
-1428
-385
518
1151
1426
1316
859
157
-647
-1389
-1906
-2068
-1799
-1089
-1
1341
2769
4091
5125
5724
5799
5332
4377
3054
1526
-22
-1415
-2513
-3227
-3536
-3482
-3161
-2704
-2249
-1920
-1800
-1920
-2249
-2704
-3161
-3482
-3536
-3227
-2513
-1415
-22
1526
3054
4377
5332
5799
5724
5125
4091
2769
1341
-1
-1089
-1799
-2068
-1906
-1389
-647
157
859
1316
1426
1151
518
-385
-1428
-2451
-3295
-3826
-3952
-3642
-2922
-1878
-637
650
1833
2775
3380
3596
3422
2904
2125
1190
211
-710
-1490
-2072
-2430
-2564
-2494
-2255
-1883
-1416
-883
-308
287
887
1468
2003
2456
2786
2950
2911
2645
2150
1449
590
-350
-1281
-2101
-2717
-3053
-3064
-2740
-2114
-1256
-267
736
1635
2321
2713
2766
2477
1881
1051
83
-914
-1835
-2585
-3094
-3321
-3255
-2915
-2344
-1601
-756
119
959
1704
2305
2726
2944
2946
2735
2327
1750
1048
278
-492
-1190
-1742
-2084
-2166
-1967
-1494
-789
73
996
1863
2560
2984
3065
2767
2107
1143
-20
-1257
-2424
-3390
-4045
-4324
-4207
-3726
-2957
-2009
-1006
-65
716
1277
1601
1714
1676
1571
1486
1494
1638
1923
2310
2724
3065
3227
3118
2676
1890
798
-505
-1887
-3190
-4257
-4955
-5194
-4944
-4241
-3181
-1906
-586
612
1547
2124
2310
2135
1691
1110
542
128
-20
149
628
1344
2170
2948
3511
3718
3472
2747
1587
110
-1510
-3071
-4368
-5225
-5522
-5218
-4350
-3037
-1458
172
1638
2747
3364
3427
2955
2044
852
-428
-1598
-2480
-2943
-2924
-2429
-1534
-366
911
2131
3144
3835
4143
4063
3639
2959
2129
1259
445
-246
-785
-1175
-1450
-1659
-1856
-2081
-2353
-2661
-2967
-3212
-3324
-3238
-2907
-2313
-1475
-452
664
1765
2734
3464
3878
3934
3636
3029
2195
1240
276
-592
-1284
-1749
-1973
-1978
-1810
-1532
-1208
-893
-623
-409
-238
-77
112
370
722
1169
1687
2224
2711
3063
3204
3072
2635
1898
908
-253
-1479
-2645
-3634
-4344
-4710
-4706
-4351
-3707
-2865
-1934
-1023
-226
387
791
991
1032
982
920
924
1054
1340
1777
2325
2913
3450
3841
3997
3856
3389
2609
1570
361
-900
-2089
-3085
-3786
-4124
-4073
-3650
-2916
-1965
-915
110
992
1631
1962
1954
1620
1008
197
-710
-1607
-2385
-2954
-3246
-3226
-2889
-2265
-1410
-404
662
1697
2614
3342
3831
4057
4021
3746
3277
2668
1982
1277
602
-5
-525
-952
-1295
-1571
-1800
-2001
-2182
-2344
-2471
-2539
-2518
-2375
-2083
-1630
-1022
-287
524
1345
2095
2690
3056
3140
2913
2383
1592
617
-441
-1470
-2355
-2994
-3313
-3272
-2875
-2163
-1216
-139
949
1936
2717
3219
3402
3260
2828
2165
1352
479
-366
-1112
-1700
-2100
-2299
-2308
-2150
-1858
-1465
-1004
-503
14
532
1030
1488
1882
2181
2353
2363
2186
1805
1222
462
-426
-1373
-2291
-3086
-3667
-3957
-3909
-3506
-2775
-1778
-611
605
1747
2692
3344
3639
3555
3116
2390
1474
489
-440
-1201
-1704
-1897
-1768
-1347
-700
79
885
1610
2162
2471
2499
2241
1726
1009
163
-727
-1582
-2328
-2909
-3286
-3443
-3381
-3118
-2684
-2113
-1445
-720
24
753
1433
2032
2524
2883
3087
3122
2980
2666
2193
1589
890
144
-597
-1282
-1862
-2296
-2555
-2626
-2508
-2218
-1781
-1233
-616
27
658
1238
1734
2121
2378
2489
2445
2242
1883
1379
750
28
-746
-1523
-2242
-2845
-3272
-3477
-3426
-3108
-2536
-1747
-803
216
1223
2126
2846
3321
3515
3425
3076
2521
1831
1090
377
-239
-711
-1018
-1166
-1189
-1135
-1065
-1036
-1089
-1249
-1509
-1838
-2178
-2459
-2605
-2547
-2240
-1667
-846
165
1284
2400
3399
4173
4635
4733
4458
3842
2961
1917
830
-181
-1017
-1605
-1917
-1966
-1805
-1519
-1210
-978
-908
-1049
-1410
-1956
-2609
-3258
-3782
-4060
-3996
-3536
-2675
-1467
-16
1533
3016
4265
5138
5537
5421
4815
3810
2545
1195
-56
-1042
-1637
-1772
-1449
-737
232
1288
2243
2919
3174
2925
2161
943
-598
-2287
-3917
-5288
-6230
-6626
-6429
-5670
-4449
-2923
-1283
274
1572
2481
2933
2930
2541
1891
1137
448
-26
-180
40
622
1488
2511
3534
4389
4929
5045
4687
3865
2654
1180
-398
-1912
-3203
-4149
-4676
-4768
-4465
-3855
-3058
-2205
-1423
-808
-421
-274
-336
-541
-796
-1004
-1078
-956
-611
-57
656
1451
2230
2895
3358
3560
3468
3091
2467
1662
760
-149
-984
-1677
-2178
-2464
-2532
-2398
-2089
-1643
-1096
-485
155
795
1404
1950
2398
2712
2856
2796
2512
1997
1265
356
-665
-1717
-2703
-3522
-4086
-4329
-4217
-3755
-2990
-2002
-900
192
1160
1902
2351
2485
2321
1921
1379
802
301
-30
-134
10
379
908
1502
2049
2443
2593
2442
1976
1228
269
-795
-1846
-2763
-3440
-3806
-3824
-3503
-2890
-2060
-1110
-138
763
1525
2100
2470
2642
2642
2503
2260
1943
1569
1144
666
129
-466
-1112
-1782
-2434
-3008
-3438
-3660
-3620
-3288
-2666
-1792
-737
400
1506
2465
3176
3571
3620
3340
2792
2073
1298
588
48
-249
-276
-52
355
847
1301
1596
1633
1349
733
-172
-1274
-2439
-3517
-4356
-4831
-4859
-4415
-3534
-2312
-888
568
1886
2911
3531
3687
3381
2678
1690
566
-533
-1458
-2085
-2337
-2189
-1670
-858
134
1178
2142
2910
3396
3555
3380
2901
2182
1305
359
-567
-1400
-2082
-2577
-2868
-2956
-2854
-2583
-2170
-1645
-1038
-383
281
914
1468
1896
2151
2195
2005
1576
930
116
-792
-1704
-2517
-3131
-3461
-3450
-3079
-2369
-1385
-225
985
2115
3042
3664
3922
3803
3341
2617
1742
846
57
-517
-808
-789
-486
27
643
1234
1669
1839
1672
1142
279
-836
-2081
-3308
-4363
-5109
-5440
-5303
-4698
-3686
-2374
-907
553
1851
2853
3466
3651
3421
2842
2025
1101
215
-501
-948
-1061
-825
-275
513
1434
2361
3169
3749
4019
3933
3488
2719
1699
520
-709
-1882
-2904
-3699
-4222
-4455
-4410
-4122
-3644
-3042
-2379
-1716
-1101
-570
-139
188
422
581
690
773
851
941
1049
1177
1319
1464
1597
1705
1776
-231
-520
-618
-498
-168
324
903
1473
1931
2184
2162
1830
1191
291
-789
-1946
-3060
-4012
-4702
-5052
-5023
-4612
-3851
-2805
-1562
-220
1119
2362
3430
4262
4822
5091
5072
4782
4251
3521
2640
1661
643
-354
-1270
-2049
-2640
-3004
-3120
-2986
-2623
-2073
-1401
-684
-5
553
925
1064
951
600
56
-611
-1316
-1962
-2463
-2745
-2762
-2500
-1976
-1237
-354
588
1505
2316
2957
3390
3596
3583
3377
3018
2550
2018
1460
904
370
-130
-592
-1013
-1385
-1700
-1944
-2102
-2158
-2103
-1936
-1667
-1320
-931
-543
-202
51
186
191
72
-144
-416
-688
-905
-1018
-991
-811
-489
-57
433
923
1350
1663
1831
1842
1713
1483
1204
937
736
641
670
811
1030
1268
1456
1526
1418
1100
567
-149
-991
-1873
-2697
-3369
-3960
-3808
-3369
-2697
-1873
-991
-149
567
1100
1418
1526
1456
1268
1030
811
670
641
736
937
1204
1483
1713
1842
1831
1663
1350
923
433
-57
-489
-811
-991
-1018
-905
-688
-416
-144
72
191
186
51
-202
-543
-931
-1320
-1667
-1936
-2103
-2158
-2102
-1944
-1700
-1385
-1013
-592
-130
370
904
1460
2018
2550
3018
3377
3583
3596
3390
2957
2316
1505
588
-354
-1237
-1976
-2500
-2762
-2745
-2463
-1962
-1316
-611
56
600
951
1064
925
553
-5
-684
-1401
-2073
-2623
-2986
-3120
-3004
-2640
-2049
-1270
-354
643
1661
2640
3521
4251
4782
5072
5091
4822
4262
3430
2362
1119
-220
-1562
-2805
-3851
-4612
-5023
-5052
-4702
-4012
-3060
-1946
-789
291
1191
1830
2162
2184
1931
1473
903
324
-168
-498
-618
-520
-231
187
653
1074
1364
1458
1319
952
396
-274
-962
-1562
-1972
-2114
-1939
-1443
-664
318
1396
2439
3316
3907
4124
3914
3272
2242
911
-599
-2147
-3579
-4755
-5556
-5902
-5755
-5125
-4071
-2693
-1119
500
2016
3290
4209
4699
4732
4327
3549
2502
1316
133
-909
-1694
-2139
-2206
-1909
-1305
-495
392
1220
1858
2201
2187
1802
1087
135
-927
-1951
-2787
-3307
-3421
-3097
-2361
-1296
-37
1252
2398
3242
3664
3596
3039
2057
773
-649
-2025
-3178
-3957
-4266
-4066
-3389
-2325
-1015
376
1678
2739
3445
3736
3609
3113
2344
1424
482
-363
-1021
-1438
-1604
-1545
-1319
-999
-657
-355
-131
5
73
112
168
290
507
824
1217
1631
1990
2208
2202
1910
1304
400
-743
-2024
-3310
-4457
-5322
-5789
-5781
-5275
-4301
-2945
-1333
378
2031
3475
4590
5301
5580
5449
4973
4246
3378
2476
1634
918
362
-29
-283
-445
-568
-704
-893
-1154
-1489
-1875
-2274
-2639
-2922
-3080
-3083
-2918
-2591
-2125
-1555
-925
-281
330
872
1315
1639
1834
1901
1844
1678
1420
1092
722
339
-21
-325
-540
-635
-591
-400
-71
372
889
1423
1911
2289
2501
2505
2281
1837
1206
444
-374
-1167
-1855
-2371
-2673
-2744
-2599
-2280
-1851
-1387
-963
-644
-473
-467
-611
-863
-1162
-1433
-1602
-1605
-1400
-975
-346
441
1317
2197
2995
3631
4041
4186
4057
3670
3064
2300
1445
569
-262
-1000
-1606
-2060
-2356
-2503
-2515
-2412
-2215
-1944
-1617
-1250
-857
-455
-60
307
629
882
1048
1112
1063
904
642
296
-105
-530
-942
-1305
-1585
-1755
-1793
-1688
-1438
-1049
-539
69
741
1438
2112
2714
3192
3496
3585
3428
3013
2349
1471
437
-671
-1759
-2723
-3463
-3896
-3965
-3652
-2979
-2012
-851
373
1520
2454
3059
3258
3024
2381
1407
223
-1023
-2172
-3076
-3619
-3730
-3392
-2648
-1592
-357
903
2034
2900
3403
3495
3182
2520
1609
577
-439
-1314
-1946
-2270
-2267
-1961
-1414
-715
36
741
1315
1702
1872
1829
1605
1248
819
378
-22
-346
-573
-701
-742
-720
-659
-586
-519
-471
-446
-443
-454
-472
-492
-511
-528
-545
-563
-581
-594
-593
-565
-493
-367
-177
72
368
685
988
1234
1385
1407
1285
1020
640
189
-268
-663
-928
-1008
-873
-524
5
652
1329
1936
2376
2569
2465
2052
1361
462
-540
-1530
-2383
-2996
-3294
-3246
-2865
-2212
-1382
-496
323
962
1337
1403
1160
652
-36
-801
-1526
-2101
-2441
-2493
-2240
-1708
-954
-58
888
1795
2586
3205
3621
3829
3842
3690
3406
3023
2568
2058
1502
901
258
-418
-1114
-1801
-2439
-2985
-3390
-3614
-3633
-3442
-3061
-2536
-1929
-1316
-774
-366
-138
-101
-239
-500
-812
-1085
-1234
-1184
-889
-337
443
1389
2409
3395
4236
4836
5128
5076
4689
4011
3114
2092
1042
51
-813
-1514
-2040
-2411
-2664
-2846
-3001
-3157
-3325
-3486
-3604
-3623
-3485
-3139
-2552
-1726
-692
478
1687
2816
3746
4368
4604
4415
3811
2852
1641
309
-992
-2119
-2950
-3396
-3420
-3034
-2298
-1314
-209
879
1825
2523
2907
2951
2676
2139
1429
651
-89
-699
-1111
-1289
-1232
-974
-579
-126
295
606
742
665
368
-122
-752
-1443
-2105
-2646
-2985
-3061
-2842
-2331
-1563
-606
450
1503
2446
3183
3641
3776
3580
3080
2337
1434
470
-451
-1241
-1830
-2175
-2269
-2134
-1821
-1396
-935
-506
-165
57
157
157
98
37
27
113
320
646
1060
1508
1917
2211
2320
2197
1824
1219
437
-437
-1303
-2054
-2600
-2876
-2857
-2563
-2054
-1425
-785
-247
98
198
42
-327
-822
-1322
-1695
-1815
-1592
-982
-6
1252
2655
4026
5173
5922
6137
5748
4763
3269
1423
-564
-2464
-4055
-5156
-5651
-5509
-4782
-3602
-2157
-663
664
1650
2177
2205
1775
1001
46
-901
-1662
-2096
-2122
-1733
-994
-34
979
1871
2483
2708
2506
1911
1032
28
-913
-1610
-1915
-1747
-1105
-71
1194
2483
3564
4220
4291
3692
2438
644
-1486
-3691
-5678
-7173
-7953
-7883
-6935
-5191
-2836
-135
2608
5088
7033
8246
8624
8168
6978
5234
3169
1033
-940
-2561
-3710
-4340
-4479
-4218
-3686
-3026
-2375
-1836
-1471
-1292
-1268
-1334
-1410
-1418
-1296
-1013
-572
-11
611
1221
1750
2144
2376
2449
2396
2271
2137
2053
2058
2166
2354
2572
2743
2780
2603
2153
1405
376
-871
-2235
-3590
-4799
-5733
-6293
-6419
-6101
-5380
-4337
-3086
-1755
-465
680
1613
2303
2758
3018
3141
3191
3224
3272
3344
3417
3447
3377
3149
2722
2078
1235
242
-816
-1841
-2728
-3382
-3735
-3757
-3460
-2899
-2160
-1350
-580
53
483
682
662
474
198
-75
-261
-294
-143
182
634
1129
1569
1855
1905
1672
1156
405
-490
-1406
-2205
-2757
-2960
-2757
-2149
-1194
-4
1274
2475
3440
4040
4192
3876
3130
2049
772
-543
-1741
-2685
-3282
-3489
-3320
-2835
-2134
-1334
-555
102
569
814
848
715
484
231
27
-75
-52
91
323
593
843
1017
1080
1017
843
593
323
91
-52
-75
27
231
484
715
848
814
569
102
-555
-1334
-2134
-2835
-3320
-3489
-3282
-2685
-1741
-543
772
2049
3130
3876
4192
4040
3440
2475
1274
-4
-1194
-2149
-2757
-2960
-2757
-2205
-1406
-490
405
1156
1672
1905
1855
1569
1129
634
182
-143
-294
-261
-75
198
474
662
682
483
53
-580
-1350
-2160
-2899
-3460
-3757
-3735
-3382
-2728
-1841
-816
242
1235
2078
2722
3149
3377
3447
3417
3344
3272
3224
3191
3141
3018
2758
2303
1613
680
-465
-1755
-3086
-4337
-5380
-6101
-6419
-6293
-5733
-4799
-3590
-2235
-871
376
1405
2153
2603
2780
2743
2572
2354
2166
2058
2053
2137
2271
2396
2449
2376
2144
1750
1221
611
-11
-572
-1013
-1296
-1418
-1410
-1334
-1268
-1292
-1471
-1836
-2375
-3026
-3686
-4218
-4479
-4340
-3710
-2561
-940
1033
3169
5234
6978
8168
8624
8246
7033
5088
2608
-135
-2836
-5191
-6935
-7883
-7953
-7173
-5678
-3691
-1486
644
2438
3692
4291
4220
3564
2483
1194
-71
-1105
-1747
-1915
-1610
-913
28
1032
1911
2506
2708
2483
1871
979
-34
-994
-1733
-2122
-2096
-1662
-901
46
1001
1775
2205
2177
1650
664
-663
-2157
-3602
-4782
-5509
-5651
-5156
-4055
-2464
-564
1423
3269
4763
5748
6137
5922
5173
4026
2655
1252
-6
-982
-1592
-1815
-1695
-1322
-822
-327
42
198
98
-247
-785
-1425
-2054
-2563
-2857
-2876
-2600
-2054
-1303
-437
437
1219
1824
2197
2320
2211
1917
1508
1060
646
320
113
27
37
98
157
157
57
-165
-506
-935
-1396
-1821
-2134
-2269
-2175
-1830
-1241
-451
470
1434
2337
3080
3580
3776
3641
3183
2446
1503
450
-606
-1563
-2331
-2842
-3061
-2985
-2646
-2105
-1443
-752
-122
368
665
742
606
295
-126
-579
-974
-1232
-1289
-1111
-699
-89
651
1429
2139
2676
2951
2907
2523
1825
879
-209
-1314
-2298
-3034
-3420
-3396
-2950
-2119
-992
309
1641
2852
3811
4415
4604
4368
3746
2816
1687
478
-692
-1726
-2552
-3139
-3485
-3623
-3604
-3486
-3325
-3157
-3001
-2846
-2664
-2411
-2040
-1514
-813
51
1042
2092
3114
4011
4689
5076
5128
4836
4236
3395
2409
1389
443
-337
-889
-1184
-1234
-1085
-812
-500
-239
-101
-138
-366
-774
-1316
-1929
-2536
-3061
-3442
-3633
-3614
-3390
-2985
-2439
-1801
-1114
-418
258
901
1502
2058
2568
3023
3406
3690
3842
3829
3621
3205
2586
1795
888
-58
-954
-1708
-2240
-2493
-2441
-2101
-1526
-801
-36
652
1160
1403
1337
962
323
-496
-1382
-2212
-2865
-3246
-3294
-2996
-2383
-1530
-540
462
1361
2052
2465
2569
2376
1936
1329
652
5
-524
-873
-1008
-928
-663
-268
189
640
1020
1285
1407
1385
1234
988
685
368
72
-177
-367
-493
-565
-593
-594
-581
-563
-545
-528
-511
-492
-472
-454
-443
-446
-471
-519
-586
-659
-720
-742
-701
-573
-346
-22
378
819
1248
1605
1829
1872
1702
1315
741
36
-715
-1414
-1961
-2267
-2270
-1946
-1314
-439
577
1609
2520
3182
3495
3403
2900
2034
903
-357
-1592
-2648
-3392
-3730
-3619
-3076
-2172
-1023
223
1407
2381
3024
3258
3059
2454
1520
373
-851
-2012
-2979
-3652
-3965
-3896
-3463
-2723
-1759
-671
437
1471
2349
3013
3428
3585
3496
3192
2714
2112
1438
741
69
-539
-1049
-1438
-1688
-1793
-1755
-1585
-1305
-942
-530
-105
296
642
904
1063
1112
1048
882
629
307
-60
-455
-857
-1250
-1617
-1944
-2215
-2412
-2515
-2503
-2356
-2060
-1606
-1000
-262
569
1445
2300
3064
3670
4057
4186
4041
3631
2995
2197
1317
441
-346
-975
-1400
-1605
-1602
-1433
-1162
-863
-611
-467
-473
-644
-963
-1387
-1851
-2280
-2599
-2744
-2673
-2371
-1855
-1167
-374
444
1206
1837
2281
2505
2501
2289
1911
1423
889
372
-71
-400
-591
-635
-540
-325
-21
339
722
1092
1420
1678
1844
1901
1834
1639
1315
872
330
-281
-925
-1555
-2125
-2591
-2918
-3083
-3080
-2922
-2639
-2274
-1875
-1489
-1154
-893
-704
-568
-445
-283
-29
362
918
1634
2476
3378
4246
4973
5449
5580
5301
4590
3475
2031
378
-1333
-2945
-4301
-5275
-5781
-5789
-5322
-4457
-3310
-2024
-743
400
1304
1910
2202
2208
1990
1631
1217
824
507
290
168
112
73
5
-131
-355
-657
-999
-1319
-1545
-1604
-1438
-1021
-363
482
1424
2344
3113
3609
3736
3445
2739
1678
376
-1015
-2325
-3389
-4066
-4266
-3957
-3178
-2025
-649
773
2057
3039
3596
3664
3242
2398
1252
-37
-1296
-2361
-3097
-3421
-3307
-2787
-1951
-927
135
1087
1802
2187
2201
1858
1220
392
-495
-1305
-1909
-2206
-2139
-1694
-909
133
1316
2502
3549
4327
4732
4699
4209
3290
2016
500
-1119
-2693
-4071
-5125
-5755
-5902
-5556
-4755
-3579
-2147
-599
911
2242
3272
3914
4124
3907
3316
2439
1396
318
-664
-1443
-1939
-2114
-1972
-1562
-962
-274
396
952
1319
1458
1364
1074
653
187
-231
-520
-618
-498
-168
324
903
1473
1931
2184
2162
1830
1191
291
-789
-1946
-3060
-4012
-4702
-5052
-5023
-4612
-3851
-2805
-1562
-220
1119
2362
3430
4262
4822
5091
5072
4782
4251
3521
2640
1661
643
-354
-1270
-2049
-2640
-3004
-3120
-2986
-2623
-2073
-1401
-684
-5
553
925
1064
951
600
56
-611
-1316
-1962
-2463
-2745
-2762
-2500
-1976
-1237
-354
588
1505
2316
2957
3390
3596
3583
3377
3018
2550
2018
1460
904
370
-130
-592
-1013
-1385
-1700
-1944
-2102
-2158
-2103
-1936
-1667
-1320
-931
-543
-202
51
186
191
72
-144
-416
-688
-905
-1018
-991
-811
-489
-57
433
923
1350
1663
1831
1842
1713
1483
1204
937
736
641
670
811
1030
1268
1456
1526
1418
1100
567
-149
-991
-1873
-2697
-3369
-3808
