17269
10860
2323
-6503
-13675
-17624
-17552
-13646
-7044
438
6748
10116
9502
4874
-2766
-11612
-19489
-24393
-24992
-20975
-13146
-3247
6453
13713
16874
15271
9419
894
-8039
-14981
-17991
-16075
-9452
484
11483
20977
26708
27284
22529
13547
2464
-8071
-15531
-18124
-15240
-7608
2863
13539
21694
25174
22923
15258
3804
-8879
-19903
-26744
-27847
-23008
-13430
-1444
10040
18230
21115
17953
9452
-2389
-14751
-24660
-29696
-28562
-21402
-9768
3740
16081
24488
27110
23450
14470
2370
-9933
-19489
-23995
-22337
-14836
-3174
10002
21698
29260
30980
26482
16796
4110
-8737
-18907
-24204
-23562
-17269
-6882
5141
16010
23227
25144
21317
12579
836
-11371
-21439
-27272
-27724
-22829
-13764
-2566
8328
16611
20598
19566
13876
4870
-5444
-14830
-21300
-23513
-21037
-14409
-4991
5321
14505
20812
23111
21086
15278
6950
-2178
-10279
-15767
-17601
-15467
-9822
-1797
7032
14943
20394
22308
20275
14624
6366
-2997
-11743
-18255
-21326
-20385
-15618
-7946
1143
9863
16470
19603
18552
13416
5102
-4831
-14468
-21899
-25605
-24765
-19436
-10561
202
10793
19159
23661
23411
18457
9790
-852
-11321
-19489
-23676
-22989
-17506
-8259
2970
14002
22701
27390
27185
22159
13316
2383
-8538
-17386
-22537
-23111
-19117
-11435
-1619
8414
16757
21866
22839
19557
12675
3479
-6373
-15156
-21389
-24077
-22861
-18059
-10579
-1745
6935
14023
18380
19340
16806
11247
3621
-4785
-12557
-18379
-21238
-20593
-16466
-9452
-634
8577
16669
22278
24419
22671
17266
9070
-547
-9934
-17446
-21735
-21998
-18136
-10784
-1216
8878
17691
23626
25585
23172
16768
7458
-3158
-13264
-21146
-25502
-25659
-21680
-14337
-4956
4831
13373
19282
21658
20214
15302
7819
-962
-9610
-16770
-21364
-22742
-20752
-15744
-8489
-60
8328
15489
20425
22454
21302
17139
10562
2517
-5819
-13200
-18490
-20833
-19793
-15444
-8376
370
9452
17427
22985
25167
23534
18256
10098
306
-9595
-18051
-23738
-25781
-23899
-18445
-10342
-916
8328
15950
20809
22233
20100
14836
7317
-1280
-9676
-16676
-21335
-23071
-21720
-17531
-11107
-3316
4831
12303
18167
21692
22436
20294
15522
8715
749
-7315
-14367
-19391
-21614
-20635
-16499
-9718
-1216
7793
15984
22118
25243
24846
20941
14071
5225
-4317
-13185
-20136
-24233
-24981
-22385
-16923
-9452
-1064
7079
13917
18615
20664
19908
16541
11055
4160
-3299
-10441
-16433
-20571
-22346
-21500
-18059
-12350
-4978
3219
11256
18121
22898
24907
23810
19683
13021
4692
-4186
-12397
-18810
-22546
-23111
-20461
-15010
-7549
873
9116
16108
20992
23227
22631
19380
13947
7025
-575
-8021
-14540
-19489
-22393
-22979
-21192
-17198
-11380
-4318
3252
10500
16581
20738
22403
21287
17441
11278
3530
-4831
-12726
-19119
-23164
-24330
-22475
-17858
-11093
-3053
5263
12871
18928
22826
24245
23158
19803
14624
8203
1193
-5740
-11965
-16925
-20162
-21356
-20348
-17173
-12078
-5526
1827
9185
15695
20553
23111
22980
20099
14756
7561
-632
-8844
-16108
-21593
-24718
-25209
-23119
-18786
-12774
-5772
1491
8328
14156
18525
21131
21815
20554
17456
12759
6829
157
-6661
-12962
-18074
-21393
-22467
-21073
-17269
-11407
-4108
3815
11459
17953
22575
24845
24580
21894
17166
10967
3970
-3141
-9741
-15316
-19489
-22014
-22770
-21741
-19008
-14749
-9242
-2876
3856
10372
16048
20279
22562
22571
20219
15695
9452
2160
-5382
-12349
-18005
-21791
-23390
-22743
-20034
-15633
-10027
-3752
2675
8791
14203
18591
21694
23307
23278
21529
18082
13090
6866
-124
-7279
-13920
-19371
-23050
-24552
-23716
-20646
-15704
-9452
-2566
4252
10371
15295
18702
20448
20539
19094
16300
12377
7562
2112
-3683
-9486
-14901
-19489
-22805
-24451
-24142
-21768
-17438
-11484
-4439
3027
10196
16398
21097
23949
24833
23833
21195
17269
12441
7082
1521
-3964
-9127
-13732
-17535
-20273
-21685
-21548
-19726
-16225
-11226
-5098
1631
8328
14339
19077
22108
23198
22340
19731
15719
10741
5241
-379
-5798
-10778
-15145
-18756
-21466
-23111
-23512
-22505
-19986
-15959
-10586
-4196
2727
9595
15790
20750
24052
25465
24976
22770
19180
14624
9523
4248
-917
-5776
-10197
-14077
-17297
-19700
-21088
-21249
-20007
-17276
-13115
-7755
-1596
4831
10938
16157
20031
22272
22793
21697
19237
15748
11578
7027
2319
-2403
-7049
-11537
-15747
-19489
-22499
-24467
-25085
-24121
-21478
-17245
-11701
-5294
1425
7882
13568
18106
21295
23105
23647
23111
21701
19579
16838
13498
9548
4992
-89
-5505
-10937
-15966
-20131
-23004
-24269
-23789
-21632
-18059
-13479
-8369
-3188
1692
6031
9732
12810
15333
17361
18889
19825
19992
19174
17181
13920
9452
4016
-1983
-8031
-13586
-18168
-21437
-23239
-23614
-22759
-20961
-18517
-15660
-12521
-9114
-5374
-1216
3394
8381
13521
18461
22755
25952
27680
27728
26088
22961
18716
13812
8707
3772
-764
-4831
-8490
-11867
-15078
-18157
-21005
-23396
-25007
-25498
-24600
-22191
-18354
-13373
-7699
-1865
3613
8328
12050
14744
16547
17693
18431
18934
19241
19243
18710
17367
14982
11457
6883
1553
-4073
-9452
-14062
-17506
-19582
-20313
-19919
-18745
-17163
-15467
-13805
-12147
-10313
-8037
-5073
-1287
3267
8328
13456
18116
21785
24065
24768
23951
21896
19028
15815
12647
9751
7146
4666
2023
-1077
-4831
-9250
-14115
-19011
-23395
-26721
-28561
-28704
-27204
-24367
-20675
-16664
-12802
-9378
-6445
-3833
-1216
1772
5409
9781
14721
19828
24540
28256
30482
30944
29657
26921
23245
19226
15398
12111
9452
7239
5094
2565
-728
-4965
-10045
-15584
-20986
-25578
-28767
-30179
-29755
-27760
-24720
-21282
-18059
-15470
-13644
-12393
-11282
-9753
-7294
-3603
1312
7104
13150
18690
23005
25590
26278
25276
23111
20490
18120
16519
15885
16045
16506
16589
15621
13129
8982
3453
-2828
-9013
-14239
-17836
-19489
-19316
-17833
-15814
-14091
-13329
-13846
-15527
-17844
-19995
-21112
-20496
-17815
-13207
-7266
-912
4831
9088
11343
11577
10263
8243
6510
5936
7044
9852
13860
18163
21681
23433
22803
19704
14624
8515
2563
-2101
-4690
-4961
-3277
-517
2150
3571
2915
-95
-5096
-11155
-16996
-21313
-23111
-21957
-18111
-12473
-6364
-1202
1858
2218
0
-3978
-8403
-11804
-12923
-11061
-6263
661
8328
15110
19547
20709
18446
13439
7038
933
-3268
-4451
-2288
2670
9109
15281
19436
20270
-17269
-10860
-2323
6503
13675
17624
17552
13646
7044
-438
-6748
-10116
-9502
-4874
2766
11612
19489
24393
24992
20975
13146
3247
-6453
-13713
-16874
-15271
-9419
-894
8039
14981
17991
16075
9452
-484
-11483
-20977
-26708
-27284
-22529
-13547
-2464
8071
15531
18124
15240
7608
-2863
-13539
-21694
-25174
-22923
-15258
-3804
8879
19903
26744
27847
23008
13430
1444
-10040
-18230
-21115
-17953
-9452
2389
14751
24660
29696
28562
21402
9768
-3740
-16081
-24488
-27110
-23450
-14470
-2370
9933
19489
23995
22337
14836
3174
-10002
-21698
-29260
-30980
-26482
-16796
-4110
8737
18907
24204
23562
17269
6882
-5141
-16010
-23227
-25144
-21317
-12579
-836
11371
21439
27272
27724
22829
13764
2566
-8328
-16611
-20598
-19566
-13876
-4870
5444
14830
21300
23513
21037
14409
4991
-5321
-14505
-20812
-23111
-21086
-15278
-6950
2178
10279
15767
17601
15467
9822
1797
-7032
-14943
-20394
-22308
-20275
-14624
-6366
2997
11743
18255
21326
20385
15618
7946
-1143
-9863
-16470
-19603
-18552
-13416
-5102
4831
14468
21899
25605
24765
19436
10561
-202
-10793
-19159
-23661
-23411
-18457
-9790
852
11321
19489
23676
22989
17506
8259
-2970
-14002
-22701
-27390
-27185
-22159
-13316
-2383
8538
17386
22537
23111
19117
11435
1619
-8414
-16757
-21866
-22839
-19557
-12675
-3479
6373
15156
21389
24077
22861
18059
10579
1745
-6935
-14023
-18380
-19340
-16806
-11247
-3621
4785
12557
18379
21238
20593
16466
9452
634
-8577
-16669
-22278
-24419
-22671
-17266
-9070
547
9934
17446
21735
21998
18136
10784
1216
-8878
-17691
-23626
-25585
-23172
-16768
-7458
3158
13264
21146
25502
25659
21680
14337
4956
-4831
-13373
-19282
-21658
-20214
-15302
-7819
962
9610
16770
21364
22742
20752
15744
8489
60
-8328
-15489
-20425
-22454
-21302
-17139
-10562
-2517
5819
13200
18490
20833
19793
15444
8376
-370
-9452
-17427
-22985
-25167
-23534
-18256
-10098
-306
9595
18051
23738
25781
23899
18445
10342
916
-8328
-15950
-20809
-22233
-20100
-14836
-7317
1280
9676
16676
21335
23071
21720
17531
11107
3316
-4831
-12303
-18167
-21692
-22436
-20294
-15522
-8715
-749
7315
14367
19391
21614
20635
16499
9718
1216
-7793
-15984
-22118
-25243
-24846
-20941
-14071
-5225
4317
13185
20136
24233
24981
22385
16923
9452
1064
-7079
-13917
-18615
-20664
-19908
-16541
-11055
-4160
3299
10441
16433
20571
22346
21500
18059
12350
4978
-3219
-11256
-18121
-22898
-24907
-23810
-19683
-13021
-4692
4186
12397
18810
22546
23111
20461
15010
7549
-873
-9116
-16108
-20992
-23227
-22631
-19380
-13947
-7025
575
8021
14540
19489
22393
22979
21192
17198
11380
4318
-3252
-10500
-16581
-20738
-22403
-21287
-17441
-11278
-3530
4831
12726
19119
23164
24330
22475
17858
11093
3053
-5263
-12871
-18928
-22826
-24245
-23158
-19803
-14624
-8203
-1193
5740
11965
16925
20162
21356
20348
17173
12078
5526
-1827
-9185
-15695
-20553
-23111
-22980
-20099
-14756
-7561
632
8844
16108
21593
24718
25209
23119
18786
12774
5772
-1491
-8328
-14156
-18525
-21131
-21815
-20554
-17456
-12759
-6829
-157
6661
12962
18074
21393
22467
21073
17269
11407
4108
-3815
-11459
-17953
-22575
-24845
-24580
-21894
-17166
-10967
-3970
3141
9741
15316
19489
22014
22770
21741
19008
14749
9242
2876
-3856
-10372
-16048
-20279
-22562
-22571
-20219
-15695
-9452
-2160
5382
12349
18005
21791
23390
22743
20034
15633
10027
3752
-2675
-8791
-14203
-18591
-21694
-23307
-23278
-21529
-18082
-13090
-6866
124
7279
13920
19371
23050
24552
23716
20646
15704
9452
2566
-4252
-10371
-15295
-18702
-20448
-20539
-19094
-16300
-12377
-7562
-2112
3683
9486
14901
19489
22805
24451
24142
21768
17438
11484
4439
-3027
-10196
-16398
-21097
-23949
-24833
-23833
-21195
-17269
-12441
-7082
-1521
3964
9127
13732
17535
20273
21685
21548
19726
16225
11226
5098
-1631
-8328
-14339
-19077
-22108
-23198
-22340
-19731
-15719
-10741
-5241
379
5798
10778
15145
18756
21466
23111
23512
22505
19986
15959
10586
4196
-2727
-9595
-15790
-20750
-24052
-25465
-24976
-22770
-19180
-14624
-9523
-4248
917
5776
10197
14077
17297
19700
21088
21249
20007
17276
13115
7755
1596
-4831
-10938
-16157
-20031
-22272
-22793
-21697
-19237
-15748
-11578
-7027
-2319
2403
7049
11537
15747
19489
22499
24467
25085
24121
21478
17245
11701
5294
-1425
-7882
-13568
-18106
-21295
-23105
-23647
-23111
-21701
-19579
-16838
-13498
-9548
-4992
89
5505
10937
15966
20131
23004
24269
23789
21632
18059
13479
8369
3188
-1692
-6031
-9732
-12810
-15333
-17361
-18889
-19825
-19992
-19174
-17181
-13920
-9452
-4016
1983
8031
13586
18168
21437
23239
23614
22759
20961
18517
15660
12521
9114
5374
1216
-3394
-8381
-13521
-18461
-22755
-25952
-27680
-27728
-26088
-22961
-18716
-13812
-8707
-3772
764
4831
8490
11867
15078
18157
21005
23396
25007
25498
24600
22191
18354
13373
7699
1865
-3613
-8328
-12050
-14744
-16547
-17693
-18431
-18934
-19241
-19243
-18710
-17367
-14982
-11457
-6883
-1553
4073
9452
14062
17506
19582
20313
19919
18745
17163
15467
13805
12147
10313
8037
5073
1287
-3267
-8328
-13456
-18116
-21785
-24065
-24768
-23951
-21896
-19028
-15815
-12647
-9751
-7146
-4666
-2023
1077
4831
9250
14115
19011
23395
26721
28561
28704
27204
24367
20675
16664
12802
9378
6445
3833
1216
-1772
-5409
-9781
-14721
-19828
-24540
-28256
-30482
-30944
-29657
-26921
-23245
-19226
-15398
-12111
-9452
-7239
-5094
-2565
728
4965
10045
15584
20986
25578
28767
30179
29755
27760
24720
21282
18059
15470
13644
12393
11282
9753
7294
3603
-1312
-7104
-13150
-18690
-23005
-25590
-26278
-25276
-23111
-20490
-18120
-16519
-15885
-16045
-16506
-16589
-15621
-13129
-8982
-3453
2828
9013
14239
17836
19489
19316
17833
15814
14091
13329
13846
15527
17844
19995
21112
20496
17815
13207
7266
912
-4831
-9088
-11343
-11577
-10263
-8243
-6510
-5936
-7044
-9852
-13860
-18163
-21681
-23433
-22803
-19704
-14624
-8515
-2563
2101
4690
4961
3277
517
-2150
-3571
-2915
95
5096
11155
16996
21313
23111
21957
18111
12473
6364
1202
-1858
-2218
0
3978
8403
11804
12923
11061
6263
-661
-8328
-15110
-19547
-20709
-18446
-13439
-7038
-933
3268
4451
2288
-2670
-9109
-15281
-19436
-20270
-17269
-10860
-2323
6503
13675
17624
17552
13646
7044
-438
-6748
-10116
-9502
-4874
2766
11612
19489
24393
24992
20975
13146
3247
-6453
-13713
-16874
-15271
-9419
-894
8039
14981
17991
16075
9452
-484
-11483
-20977
-26708
-27284
-22529
-13547
-2464
8071
15531
18124
15240
7608
-2863
-13539
-21694
-25174
-22923
-15258
-3804
8879
19903
26744
27847
23008
13430
1444
-10040
-18230
-21115
-17953
-9452
2389
14751
24660
29696
28562
21402
9768
-3740
-16081
-24488
-27110
-23450
-14470
-2370
9933
19489
23995
22337
14836
3174
-10002
-21698
-29260
-30980
-26482
-16796
-4110
8737
18907
24204
23562
17269
6882
-5141
-16010
-23227
-25144
-21317
-12579
-836
11371
21439
27272
27724
22829
13764
2566
-8328
-16611
-20598
-19566
-13876
-4870
5444
14830
21300
23513
21037
14409
4991
-5321
-14505
-20812
-23111
-21086
-15278
-6950
2178
10279
15767
17601
15467
9822
1797
-7032
-14943
-20394
-22308
-20275
-14624
-6366
2997
11743
18255
21326
20385
15618
7946
-1143
-9863
-16470
-19603
-18552
-13416
-5102
4831
14468
21899
25605
24765
19436
10561
-202
-10793
-19159
-23661
-23411
-18457
-9790
852
11321
19489
23676
22989
17506
8259
-2970
-14002
-22701
-27390
-27185
-22159
-13316
-2383
8538
17386
22537
23111
19117
11435
1619
-8414
-16757
-21866
-22839
-19557
-12675
-3479
6373
15156
21389
24077
22861
18059
10579
1745
-6935
-14023
-18380
-19340
-16806
-11247
-3621
4785
12557
18379
21238
20593
16466
9452
634
-8577
-16669
-22278
-24419
-22671
-17266
-9070
547
9934
17446
21735
21998
18136
10784
1216
-8878
-17691
-23626
-25585
-23172
-16768
-7458
3158
13264
21146
25502
25659
21680
14337
4956
-4831
-13373
-19282
-21658
-20214
-15302
-7819
962
9610
16770
21364
22742
20752
15744
8489
60
-8328
-15489
-20425
-22454
-21302
-17139
-10562
-2517
5819
13200
18490
20833
19793
15444
8376
-370
-9452
-17427
-22985
-25167
-23534
-18256
-10098
-306
9595
18051
23738
25781
23899
18445
10342
916
-8328
-15950
-20809
-22233
-20100
-14836
-7317
1280
9676
16676
21335
23071
21720
17531
11107
3316
-4831
-12303
-18167
-21692
-22436
-20294
-15522
-8715
-749
7315
14367
19391
21614
20635
16499
9718
1216
-7793
-15984
-22118
-25243
-24846
-20941
-14071
-5225
4317
13185
20136
24233
24981
22385
16923
9452
1064
-7079
-13917
-18615
-20664
-19908
-16541
-11055
-4160
3299
10441
16433
20571
22346
21500
18059
12350
4978
-3219
-11256
-18121
-22898
-24907
-23810
-19683
-13021
-4692
4186
12397
18810
22546
23111
20461
15010
7549
-873
-9116
-16108
-20992
-23227
-22631
-19380
-13947
-7025
575
8021
14540
19489
22393
22979
21192
17198
11380
4318
-3252
-10500
-16581
-20738
-22403
-21287
-17441
-11278
-3530
4831
12726
19119
23164
24330
22475
17858
11093
3053
-5263
-12871
-18928
-22826
-24245
-23158
-19803
-14624
-8203
-1193
5740
11965
16925
20162
21356
20348
17173
12078
5526
-1827
-9185
-15695
-20553
-23111
-22980
-20099
-14756
-7561
632
8844
16108
21593
24718
25209
23119
18786
12774
5772
-1491
-8328
-14156
-18525
-21131
-21815
-20554
-17456
-12759
-6829
-157
6661
12962
18074
21393
22467
21073
17269
11407
4108
-3815
-11459
-17953
-22575
-24845
-24580
-21894
-17166
-10967
-3970
3141
9741
15316
19489
22014
22770
21741
19008
14749
9242
2876
-3856
-10372
-16048
-20279
-22562
-22571
-20219
-15695
-9452
-2160
5382
12349
18005
21791
23390
22743
20034
15633
10027
3752
-2675
-8791
-14203
-18591
-21694
-23307
-23278
-21529
-18082
-13090
-6866
124
7279
13920
19371
23050
24552
23716
20646
15704
9452
2566
-4252
-10371
-15295
-18702
-20448
-20539
-19094
-16300
-12377
-7562
-2112
3683
9486
14901
19489
22805
24451
24142
21768
17438
11484
4439
-3027
-10196
-16398
-21097
-23949
-24833
-23833
-21195
-17269
-12441
-7082
-1521
3964
9127
13732
17535
20273
21685
21548
19726
16225
11226
5098
-1631
-8328
-14339
-19077
-22108
-23198
-22340
-19731
-15719
-10741
-5241
379
5798
10778
15145
18756
21466
23111
23512
22505
19986
15959
10586
4196
-2727
-9595
-15790
-20750
-24052
-25465
-24976
-22770
-19180
-14624
-9523
-4248
917
5776
10197
14077
17297
19700
21088
21249
20007
17276
13115
7755
1596
-4831
-10938
-16157
-20031
-22272
-22793
-21697
-19237
-15748
-11578
-7027
-2319
2403
7049
11537
15747
19489
22499
24467
25085
24121
21478
17245
11701
5294
-1425
-7882
-13568
-18106
-21295
-23105
-23647
-23111
-21701
-19579
-16838
-13498
-9548
-4992
89
5505
10937
15966
20131
23004
24269
23789
21632
18059
13479
8369
3188
-1692
-6031
-9732
-12810
-15333
-17361
-18889
-19825
-19992
-19174
-17181
-13920
-9452
-4016
1983
8031
13586
18168
21437
23239
23614
22759
20961
18517
15660
12521
9114
5374
1216
-3394
-8381
-13521
-18461
-22755
-25952
-27680
-27728
-26088
-22961
-18716
-13812
-8707
-3772
764
4831
8490
11867
15078
18157
21005
23396
25007
25498
24600
22191
18354
13373
7699
1865
-3613
-8328
-12050
-14744
-16547
-17693
-18431
-18934
-19241
-19243
-18710
-17367
-14982
-11457
-6883
-1553
4073
9452
14062
17506
19582
20313
19919
18745
17163
15467
13805
12147
10313
8037
5073
1287
-3267
-8328
-13456
-18116
-21785
-24065
-24768
-23951
-21896
-19028
-15815
-12647
-9751
-7146
-4666
-2023
1077
4831
9250
14115
19011
23395
26721
28561
28704
27204
24367
20675
16664
12802
9378
6445
3833
1216
-1772
-5409
-9781
-14721
-19828
-24540
-28256
-30482
-30944
-29657
-26921
-23245
-19226
-15398
-12111
-9452
-7239
-5094
-2565
728
4965
10045
15584
20986
25578
28767
30179
29755
27760
24720
21282
18059
15470
13644
12393
11282
9753
7294
3603
-1312
-7104
-13150
-18690
-23005
-25590
-26278
-25276
-23111
-20490
-18120
-16519
-15885
-16045
-16506
-16589
-15621
-13129
-8982
-3453
2828
9013
14239
17836
19489
19316
17833
15814
14091
13329
13846
15527
17844
19995
21112
20496
17815
13207
7266
912
-4831
-9088
-11343
-11577
-10263
-8243
-6510
-5936
-7044
-9852
-13860
-18163
-21681
-23433
-22803
-19704
-14624
-8515
-2563
2101
4690
4961
3277
517
-2150
-3571
-2915
95
5096
11155
16996
21313
23111
21957
18111
12473
6364
1202
-1858
-2218
0
3978
8403
11804
12923
11061
6263
-661
-8328
-15110
-19547
-20709
-18446
-13439
-7038
-933
3268
4451
2288
-2670
-9109
-15281
-19436
-20270
-17269
-10860
-2323
6503
13675
17624
17552
13646
7044
-438
-6748
-10116
-9502
-4874
2766
11612
19489
24393
24992
20975
13146
3247
-6453
-13713
-16874
-15271
-9419
-894
8039
14981
17991
16075
9452
-484
-11483
-20977
-26708
-27284
-22529
-13547
-2464
8071
15531
18124
15240
7608
-2863
-13539
-21694
-25174
-22923
-15258
-3804
8879
19903
26744
27847
23008
13430
1444
-10040
-18230
-21115
-17953
-9452
2389
14751
24660
29696
28562
21402
9768
-3740
-16081
-24488
-27110
-23450
-14470
-2370
9933
19489
23995
22337
14836
3174
-10002
-21698
-29260
-30980
-26482
-16796
-4110
8737
18907
24204
23562
17269
6882
-5141
-16010
-23227
-25144
-21317
-12579
-836
11371
21439
27272
27724
22829
13764
2566
-8328
-16611
-20598
-19566
-13876
-4870
5444
14830
21300
23513
21037
14409
4991
-5321
-14505
-20812
-23111
-21086
-15278
-6950
2178
10279
15767
17601
15467
9822
1797
-7032
-14943
-20394
-22308
-20275
-14624
-6366
2997
11743
18255
21326
20385
15618
7946
-1143
-9863
-16470
-19603
-18552
-13416
-5102
4831
14468
21899
25605
24765
19436
10561
-202
-10793
-19159
-23661
-23411
-18457
-9790
852
11321
19489
23676
22989
17506
8259
-2970
-14002
-22701
-27390
-27185
-22159
-13316
-2383
8538
17386
22537
23111
19117
11435
1619
-8414
-16757
-21866
-22839
-19557
-12675
-3479
6373
15156
21389
24077
22861
18059
10579
1745
-6935
-14023
-18380
-19340
-16806
-11247
-3621
4785
12557
18379
21238
20593
16466
9452
634
-8577
-16669
-22278
-24419
-22671
-17266
-9070
547
9934
17446
21735
21998
18136
10784
1216
-8878
-17691
-23626
-25585
-23172
-16768
-7458
3158
13264
21146
25502
25659
21680
14337
4956
-4831
-13373
-19282
-21658
-20214
-15302
-7819
962
9610
16770
21364
22742
20752
15744
8489
60
-8328
-15489
-20425
-22454
-21302
-17139
-10562
-2517
5819
13200
18490
20833
19793
15444
8376
-370
-9452
-17427
-22985
-25167
-23534
-18256
-10098
-306
9595
18051
23738
25781
23899
18445
10342
916
-8328
-15950
-20809
-22233
-20100
-14836
-7317
1280
9676
16676
21335
23071
21720
17531
11107
3316
-4831
-12303
-18167
-21692
-22436
-20294
-15522
-8715
-749
7315
14367
19391
21614
20635
16499
9718
1216
-7793
-15984
-22118
-25243
-24846
-20941
-14071
-5225
4317
13185
20136
24233
24981
22385
16923
9452
1064
-7079
-13917
-18615
-20664
-19908
-16541
-11055
-4160
3299
10441
16433
20571
22346
21500
18059
12350
4978
-3219
-11256
-18121
-22898
-24907
-23810
-19683
-13021
-4692
4186
12397
18810
22546
23111
20461
15010
7549
-873
-9116
-16108
-20992
-23227
-22631
-19380
-13947
-7025
575
8021
14540
19489
22393
22979
21192
17198
11380
4318
-3252
-10500
-16581
-20738
-22403
-21287
-17441
-11278
-3530
4831
12726
19119
23164
24330
22475
17858
11093
3053
-5263
-12871
-18928
-22826
-24245
-23158
-19803
-14624
-8203
-1193
5740
11965
16925
20162
21356
20348
17173
12078
5526
-1827
-9185
-15695
-20553
-23111
-22980
-20099
-14756
-7561
632
8844
16108
21593
24718
25209
23119
18786
12774
5772
-1491
-8328
-14156
-18525
-21131
-21815
-20554
-17456
-12759
-6829
-157
6661
12962
18074
21393
22467
21073
17269
11407
4108
-3815
-11459
-17953
-22575
-24845
-24580
-21894
-17166
-10967
-3970
3141
9741
15316
19489
22014
22770
21741
19008
14749
9242
2876
-3856
-10372
-16048
-20279
-22562
-22571
-20219
-15695
-9452
-2160
5382
12349
18005
21791
23390
22743
20034
15633
10027
3752
-2675
-8791
-14203
-18591
-21694
-23307
-23278
-21529
-18082
-13090
-6866
124
7279
13920
19371
23050
24552
23716
20646
15704
9452
2566
-4252
-10371
-15295
-18702
-20448
-20539
-19094
-16300
-12377
-7562
-2112
3683
9486
14901
19489
22805
24451
24142
21768
17438
11484
4439
-3027
-10196
-16398
-21097
-23949
-24833
-23833
-21195
-17269
-12441
-7082
-1521
3964
9127
13732
17535
20273
21685
21548
19726
16225
11226
5098
-1631
-8328
-14339
-19077
-22108
-23198
-22340
-19731
-15719
-10741
-5241
379
5798
10778
15145
18756
21466
23111
23512
22505
19986
15959
10586
4196
-2727
-9595
-15790
-20750
-24052
-25465
-24976
-22770
-19180
-14624
-9523
-4248
917
5776
10197
14077
17297
19700
21088
21249
20007
17276
13115
7755
1596
-4831
-10938
-16157
-20031
-22272
-22793
-21697
-19237
-15748
-11578
-7027
-2319
2403
7049
11537
15747
19489
22499
24467
25085
24121
21478
17245
11701
5294
-1425
-7882
-13568
-18106
-21295
-23105
-23647
-23111
-21701
-19579
-16838
-13498
-9548
-4992
89
5505
10937
15966
20131
23004
24269
23789
21632
18059
13479
8369
3188
-1692
-6031
-9732
-12810
-15333
-17361
-18889
-19825
-19992
-19174
-17181
-13920
-9452
-4016
1983
8031
13586
18168
21437
23239
23614
22759
20961
18517
15660
12521
9114
5374
1216
-3394
-8381
-13521
-18461
-22755
-25952
-27680
-27728
-26088
-22961
-18716
-13812
-8707
-3772
764
4831
8490
11867
15078
18157
21005
23396
25007
25498
24600
22191
18354
13373
7699
1865
-3613
-8328
-12050
-14744
-16547
-17693
-18431
-18934
-19241
-19243
-18710
-17367
-14982
-11457
-6883
-1553
4073
9452
14062
17506
19582
20313
19919
18745
17163
15467
13805
12147
10313
8037
5073
1287
-3267
-8328
-13456
-18116
-21785
-24065
-24768
-23951
-21896
-19028
-15815
-12647
-9751
-7146
-4666
-2023
1077
4831
9250
14115
19011
23395
26721
28561
28704
27204
24367
20675
16664
12802
9378
6445
3833
1216
-1772
-5409
-9781
-14721
-19828
-24540
-28256
-30482
-30944
-29657
-26921
-23245
-19226
-15398
-12111
-9452
-7239
-5094
-2565
728
4965
10045
15584
20986
25578
28767
30179
29755
27760
24720
21282
18059
15470
13644
12393
11282
9753
7294
3603
-1312
-7104
-13150
-18690
-23005
-25590
-26278
-25276
-23111
-20490
-18120
-16519
-15885
-16045
-16506
-16589
-15621
-13129
-8982
-3453
2828
9013
14239
17836
19489
19316
17833
15814
14091
13329
13846
15527
17844
19995
21112
20496
17815
13207
7266
912
-4831
-9088
-11343
-11577
-10263
-8243
-6510
-5936
-7044
-9852
-13860
-18163
-21681
-23433
-22803
-19704
-14624
-8515
-2563
2101
4690
4961
3277
517
-2150
-3571
-2915
95
5096
11155
16996
21313
23111
21957
18111
12473
6364
1202
-1858
-2218
0
3978
8403
11804
12923
11061
6263
-661
-8328
-15110
-19547
-20709
-18446
-13439
-7038
-933
3268
4451
2288
-2670
-9109
-15281
-19436
-20270
-17269
-10860
-2323
6503
13675
17624
17552
13646
7044
-438
-6748
-10116
-9502
-4874
2766
11612
19489
24393
24992
20975
13146
3247
-6453
-13713
-16874
-15271
-9419
-894
8039
14981
17991
16075
9452
-484
-11483
-20977
-26708
-27284
-22529
-13547
-2464
8071
15531
18124
15240
7608
-2863
-13539
-21694
-25174
-22923
-15258
-3804
8879
19903
26744
27847
23008
13430
1444
-10040
-18230
-21115
-17953
-9452
2389
14751
24660
29696
28562
21402
9768
-3740
-16081
-24488
-27110
-23450
-14470
-2370
9933
19489
23995
22337
14836
3174
-10002
-21698
-29260
-30980
-26482
-16796
-4110
8737
18907
24204
23562
17269
6882
-5141
-16010
-23227
-25144
-21317
-12579
-836
11371
21439
27272
27724
22829
13764
2566
-8328
-16611
-20598
-19566
-13876
-4870
5444
14830
21300
23513
21037
14409
4991
-5321
-14505
-20812
-23111
-21086
-15278
-6950
2178
10279
15767
17601
15467
9822
1797
-7032
-14943
-20394
-22308
-20275
-14624
-6366
2997
11743
18255
21326
20385
15618
7946
-1143
-9863
-16470
-19603
-18552
-13416
-5102
4831
14468
21899
25605
24765
19436
10561
-202
-10793
-19159
-23661
-23411
-18457
-9790
852
11321
19489
23676
22989
17506
8259
-2970
-14002
-22701
-27390
-27185
-22159
-13316
-2383
8538
17386
22537
23111
19117
11435
1619
-8414
-16757
-21866
-22839
-19557
-12675
-3479
6373
15156
21389
24077
22861
18059
10579
1745
-6935
-14023
-18380
-19340
-16806
-11247
-3621
4785
12557
18379
21238
20593
16466
9452
634
-8577
-16669
-22278
-24419
-22671
-17266
-9070
547
9934
17446
21735
21998
18136
10784
1216
-8878
-17691
-23626
-25585
-23172
-16768
-7458
3158
13264
21146
25502
25659
21680
14337
4956
-4831
-13373
-19282
-21658
-20214
-15302
-7819
962
9610
16770
21364
22742
20752
15744
8489
60
-8328
-15489
-20425
-22454
-21302
-17139
-10562
-2517
5819
13200
18490
20833
19793
15444
8376
-370
-9452
-17427
-22985
-25167
-23534
-18256
-10098
-306
9595
18051
23738
25781
23899
18445
10342
916
-8328
-15950
-20809
-22233
-20100
-14836
-7317
1280
9676
16676
21335
23071
21720
17531
11107
3316
-4831
-12303
-18167
-21692
-22436
-20294
-15522
-8715
-749
7315
14367
19391
21614
20635
16499
9718
1216
-7793
-15984
-22118
-25243
-24846
-20941
-14071
-5225
4317
13185
20136
24233
24981
22385
16923
9452
1064
-7079
-13917
-18615
-20664
-19908
-16541
-11055
-4160
3299
10441
16433
20571
22346
21500
18059
12350
4978
-3219
-11256
-18121
-22898
-24907
-23810
-19683
-13021
-4692
4186
12397
18810
22546
23111
20461
15010
7549
-873
-9116
-16108
-20992
-23227
-22631
-19380
-13947
-7025
575
8021
14540
19489
22393
22979
21192
17198
11380
4318
-3252
-10500
-16581
-20738
-22403
-21287
-17441
-11278
-3530
4831
12726
19119
23164
24330
22475
17858
11093
3053
-5263
-12871
-18928
-22826
-24245
-23158
-19803
-14624
-8203
-1193
5740
11965
16925
20162
21356
20348
17173
12078
5526
-1827
-9185
-15695
-20553
-23111
-22980
-20099
-14756
-7561
632
8844
16108
21593
24718
25209
23119
18786
12774
5772
-1491
-8328
-14156
-18525
-21131
-21815
-20554
-17456
-12759
-6829
-157
6661
12962
18074
21393
22467
21073
17269
11407
4108
-3815
-11459
-17953
-22575
-24845
-24580
-21894
-17166
-10967
-3970
3141
9741
15316
19489
22014
22770
21741
19008
14749
9242
2876
-3856
-10372
-16048
-20279
-22562
-22571
-20219
-15695
-9452
-2160
5382
12349
18005
21791
23390
22743
20034
15633
10027
3752
-2675
-8791
-14203
-18591
-21694
-23307
-23278
-21529
-18082
-13090
-6866
124
7279
13920
19371
23050
24552
23716
20646
15704
9452
2566
-4252
-10371
-15295
-18702
-20448
-20539
-19094
-16300
-12377
-7562
-2112
3683
9486
14901
19489
22805
24451
24142
21768
17438
11484
4439
-3027
-10196
-16398
-21097
-23949
-24833
-23833
-21195
-17269
-12441
-7082
-1521
3964
9127
13732
17535
20273
21685
21548
19726
16225
11226
5098
-1631
-8328
-14339
-19077
-22108
-23198
-22340
-19731
-15719
-10741
-5241
379
5798
10778
15145
18756
21466
23111
23512
22505
19986
15959
10586
4196
-2727
-9595
-15790
-20750
-24052
-25465
-24976
-22770
-19180
-14624
-9523
-4248
917
5776
10197
14077
17297
19700
21088
21249
20007
17276
13115
7755
1596
-4831
-10938
-16157
-20031
-22272
-22793
-21697
-19237
-15748
-11578
-7027
-2319
2403
7049
11537
15747
19489
22499
24467
25085
24121
21478
17245
11701
5294
-1425
-7882
-13568
-18106
-21295
-23105
-23647
-23111
-21701
-19579
-16838
-13498
-9548
-4992
89
5505
10937
15966
20131
23004
24269
23789
21632
18059
13479
8369
3188
-1692
-6031
-9732
-12810
-15333
-17361
-18889
-19825
-19992
-19174
-17181
-13920
-9452
-4016
1983
8031
13586
18168
21437
23239
23614
22759
20961
18517
15660
12521
9114
5374
1216
-3394
-8381
-13521
-18461
-22755
-25952
-27680
-27728
-26088
-22961
-18716
-13812
-8707
-3772
764
4831
8490
11867
15078
18157
21005
23396
25007
25498
24600
22191
18354
13373
7699
1865
-3613
-8328
-12050
-14744
-16547
-17693
-18431
-18934
-19241
-19243
-18710
-17367
-14982
-11457
-6883
-1553
4073
9452
14062
17506
19582
20313
19919
18745
17163
15467
13805
12147
10313
8037
5073
1287
-3267
-8328
-13456
-18116
-21785
-24065
-24768
-23951
-21896
-19028
-15815
-12647
-9751
-7146
-4666
-2023
1077
4831
9250
14115
19011
23395
26721
28561
28704
27204
24367
20675
16664
12802
9378
6445
3833
1216
-1772
-5409
-9781
-14721
-19828
-24540
-28256
-30482
-30944
-29657
-26921
-23245
-19226
-15398
-12111
-9452
-7239
-5094
-2565
728
4965
10045
15584
20986
25578
28767
30179
29755
27760
24720
21282
18059
15470
13644
12393
11282
9753
7294
3603
-1312
-7104
-13150
-18690
-23005
-25590
-26278
-25276
-23111
-20490
-18120
-16519
-15885
-16045
-16506
-16589
-15621
-13129
-8982
-3453
2828
9013
14239
17836
19489
19316
17833
15814
14091
13329
13846
15527
17844
19995
21112
20496
17815
13207
7266
912
-4831
-9088
-11343
-11577
-10263
-8243
-6510
-5936
-7044
-9852
-13860
-18163
-21681
-23433
-22803
-19704
-14624
-8515
-2563
2101
4690
4961
3277
517
-2150
-3571
-2915
95
5096
11155
16996
21313
23111
21957
18111
12473
6364
1202
-1858
-2218
0
3978
8403
11804
12923
11061
6263
-661
-8328
-15110
-19547
-20709
-18446
-13439
-7038
-933
3268
4451
2288
-2670
-9109
-15281
-19436
-20270
-17269
-10860
-2323
6503
13675
17624
17552
13646
7044
-438
-6748
-10116
-9502
-4874
2766
11612
19489
24393
24992
20975
13146
3247
-6453
-13713
-16874
-15271
-9419
-894
8039
14981
17991
16075
9452
-484
-11483
-20977
-26708
-27284
-22529
-13547
-2464
8071
15531
18124
15240
7608
-2863
-13539
-21694
-25174
-22923
-15258
-3804
8879
19903
26744
27847
23008
13430
1444
-10040
-18230
-21115
-17953
-9452
2389
14751
24660
29696
28562
21402
9768
-3740
-16081
-24488
-27110
-23450
-14470
-2370
9933
19489
23995
22337
14836
3174
-10002
-21698
-29260
-30980
-26482
-16796
-4110
8737
18907
24204
23562
17269
6882
-5141
-16010
-23227
-25144
-21317
-12579
-836
11371
21439
27272
27724
22829
13764
2566
-8328
-16611
-20598
-19566
-13876
-4870
5444
14830
21300
23513
21037
14409
4991
-5321
-14505
-20812
-23111
-21086
-15278
-6950
2178
10279
15767
17601
15467
9822
1797
-7032
-14943
-20394
-22308
-20275
-14624
-6366
2997
11743
18255
21326
20385
15618
7946
-1143
-9863
-16470
-19603
-18552
-13416
-5102
4831
14468
21899
25605
24765
19436
10561
-202
-10793
-19159
-23661
-23411
-18457
-9790
852
11321
19489
23676
22989
17506
8259
-2970
-14002
-22701
-27390
-27185
-22159
-13316
-2383
8538
17386
22537
23111
19117
11435
1619
-8414
-16757
-21866
-22839
-19557
-12675
-3479
6373
15156
21389
24077
22861
18059
10579
1745
-6935
-14023
-18380
-19340
-16806
-11247
-3621
4785
12557
18379
21238
20593
16466
9452
634
-8577
-16669
-22278
-24419
-22671
-17266
-9070
547
9934
17446
21735
21998
18136
10784
1216
-8878
-17691
-23626
-25585
-23172
-16768
-7458
3158
13264
21146
25502
25659
21680
14337
4956
-4831
-13373
-19282
-21658
-20214
-15302
-7819
962
9610
16770
21364
22742
20752
15744
8489
60
-8328
-15489
-20425
-22454
-21302
-17139
-10562
-2517
5819
13200
18490
20833
19793
15444
8376
-370
-9452
-17427
-22985
-25167
-23534
-18256
-10098
-306
9595
18051
23738
25781
23899
18445
10342
916
-8328
-15950
-20809
-22233
-20100
-14836
-7317
1280
9676
16676
21335
23071
21720
17531
11107
3316
-4831
-12303
-18167
-21692
-22436
-20294
-15522
-8715
-749
7315
14367
19391
21614
20635
16499
9718
1216
-7793
-15984
-22118
-25243
-24846
-20941
-14071
-5225
4317
13185
20136
24233
24981
22385
16923
9452
1064
-7079
-13917
-18615
-20664
-19908
-16541
-11055
-4160
3299
10441
16433
20571
22346
21500
18059
12350
4978
-3219
-11256
-18121
-22898
-24907
-23810
-19683
-13021
-4692
4186
12397
18810
22546
23111
20461
15010
7549
-873
-9116
-16108
-20992
-23227
-22631
-19380
-13947
-7025
575
8021
14540
19489
22393
22979
21192
17198
11380
4318
-3252
-10500
-16581
-20738
-22403
-21287
-17441
-11278
-3530
4831
12726
19119
23164
24330
22475
17858
11093
3053
-5263
-12871
-18928
-22826
-24245
-23158
-19803
-14624
-8203
-1193
5740
11965
16925
20162
21356
20348
17173
12078
5526
-1827
-9185
-15695
-20553
-23111
-22980
-20099
-14756
-7561
632
8844
16108
21593
24718
25209
23119
18786
12774
5772
-1491
-8328
-14156
-18525
-21131
-21815
-20554
-17456
-12759
-6829
-157
6661
12962
18074
21393
22467
21073
17269
11407
4108
-3815
-11459
-17953
-22575
-24845
-24580
-21894
-17166
-10967
-3970
3141
9741
15316
19489
22014
22770
21741
19008
14749
9242
2876
-3856
-10372
-16048
-20279
-22562
-22571
-20219
-15695
-9452
-2160
5382
12349
18005
21791
23390
22743
20034
15633
10027
3752
-2675
-8791
-14203
-18591
-21694
-23307
-23278
-21529
-18082
-13090
-6866
124
7279
13920
19371
23050
24552
23716
20646
15704
9452
2566
-4252
-10371
-15295
-18702
-20448
-20539
-19094
-16300
-12377
-7562
-2112
3683
9486
14901
19489
22805
24451
24142
21768
17438
11484
4439
-3027
-10196
-16398
-21097
-23949
-24833
-23833
-21195
-17269
-12441
-7082
-1521
3964
9127
13732
17535
20273
21685
21548
19726
16225
11226
5098
-1631
-8328
-14339
-19077
-22108
-23198
-22340
-19731
-15719
-10741
-5241
379
5798
10778
15145
18756
21466
23111
23512
22505
19986
15959
10586
4196
-2727
-9595
-15790
-20750
-24052
-25465
-24976
-22770
-19180
-14624
-9523
-4248
917
5776
10197
14077
17297
19700
21088
21249
20007
17276
13115
7755
1596
-4831
-10938
-16157
-20031
-22272
-22793
-21697
-19237
-15748
-11578
-7027
-2319
2403
7049
11537
15747
19489
22499
24467
25085
24121
21478
17245
11701
5294
-1425
-7882
-13568
-18106
-21295
-23105
-23647
-23111
-21701
-19579
-16838
-13498
-9548
-4992
89
5505
10937
15966
20131
23004
24269
23789
21632
18059
13479
8369
3188
-1692
-6031
-9732
-12810
-15333
-17361
-18889
-19825
-19992
-19174
-17181
-13920
-9452
-4016
1983
8031
13586
18168
21437
23239
23614
22759
20961
18517
15660
12521
9114
5374
1216
-3394
-8381
-13521
-18461
-22755
-25952
-27680
-27728
-26088
-22961
-18716
-13812
-8707
-3772
764
4831
8490
11867
15078
18157
21005
23396
25007
25498
24600
22191
18354
13373
7699
1865
-3613
-8328
-12050
-14744
-16547
-17693
-18431
-18934
-19241
-19243
-18710
-17367
-14982
-11457
-6883
-1553
4073
9452
14062
17506
19582
20313
19919
18745
17163
15467
13805
12147
10313
8037
5073
1287
-3267
-8328
-13456
-18116
-21785
-24065
-24768
-23951
-21896
-19028
-15815
-12647
-9751
-7146
-4666
-2023
1077
4831
9250
14115
19011
23395
26721
28561
28704
27204
24367
20675
16664
12802
9378
6445
3833
1216
-1772
-5409
-9781
-14721
-19828
-24540
-28256
-30482
-30944
-29657
-26921
-23245
-19226
-15398
-12111
-9452
-7239
-5094
-2565
728
4965
10045
15584
20986
25578
28767
30179
29755
27760
24720
21282
18059
15470
13644
12393
11282
9753
7294
3603
-1312
-7104
-13150
-18690
-23005
-25590
-26278
-25276
-23111
-20490
-18120
-16519
-15885
-16045
-16506
-16589
-15621
-13129
-8982
-3453
2828
9013
14239
17836
19489
19316
17833
15814
14091
13329
13846
15527
17844
19995
21112
20496
17815
13207
7266
912
-4831
-9088
-11343
-11577
-10263
-8243
-6510
-5936
-7044
-9852
-13860
-18163
-21681
-23433
-22803
-19704
-14624
-8515
-2563
2101
4690
4961
3277
517
-2150
-3571
-2915
95
5096
11155
16996
21313
23111
21957
18111
12473
6364
1202
-1858
-2218
0
3978
8403
11804
12923
11061
6263
-661
-8328
-15110
-19547
-20709
-18446
-13439
-7038
-933
3268
4451
2288
-2670
-9109
-15281
-19436
-20270
17269
10860
2323
-6503
-13675
-17624
-17552
-13646
-7044
438
6748
10116
9502
4874
-2766
-11612
-19489
-24393
-24992
-20975
-13146
-3247
6453
13713
16874
15271
9419
894
-8039
-14981
-17991
-16075
-9452
484
11483
20977
26708
27284
22529
13547
2464
-8071
-15531
-18124
-15240
-7608
2863
13539
21694
25174
22923
15258
3804
-8879
-19903
-26744
-27847
-23008
-13430
-1444
10040
18230
21115
17953
9452
-2389
-14751
-24660
-29696
-28562
-21402
-9768
3740
16081
24488
27110
23450
14470
2370
-9933
-19489
-23995
-22337
-14836
-3174
10002
21698
29260
30980
26482
16796
4110
-8737
-18907
-24204
-23562
-17269
-6882
5141
16010
23227
25144
21317
12579
836
-11371
-21439
-27272
-27724
-22829
-13764
-2566
8328
16611
20598
19566
13876
4870
-5444
-14830
-21300
-23513
-21037
-14409
-4991
5321
14505
20812
23111
21086
15278
6950
-2178
-10279
-15767
-17601
-15467
-9822
-1797
7032
14943
20394
22308
20275
14624
6366
-2997
-11743
-18255
-21326
-20385
-15618
-7946
1143
9863
16470
19603
18552
13416
5102
-4831
-14468
-21899
-25605
-24765
-19436
-10561
202
10793
19159
23661
23411
18457
9790
-852
-11321
-19489
-23676
-22989
-17506
-8259
2970
14002
22701
27390
27185
22159
13316
2383
-8538
-17386
-22537
-23111
-19117
-11435
-1619
8414
16757
21866
22839
19557
12675
3479
-6373
-15156
-21389
-24077
-22861
-18059
-10579
-1745
6935
14023
18380
19340
16806
11247
3621
-4785
-12557
-18379
-21238
-20593
-16466
-9452
-634
8577
16669
22278
24419
22671
17266
9070
-547
-9934
-17446
-21735
-21998
-18136
-10784
-1216
8878
17691
23626
25585
23172
16768
7458
-3158
-13264
-21146
-25502
-25659
-21680
-14337
-4956
4831
13373
19282
21658
20214
15302
7819
-962
-9610
-16770
-21364
-22742
-20752
-15744
-8489
-60
8328
15489
20425
22454
21302
17139
10562
2517
-5819
-13200
-18490
-20833
-19793
-15444
-8376
370
9452
17427
22985
25167
23534
18256
10098
306
-9595
-18051
-23738
-25781
-23899
-18445
-10342
-916
8328
15950
20809
22233
20100
14836
7317
-1280
-9676
-16676
-21335
-23071
-21720
-17531
-11107
-3316
4831
12303
18167
21692
22436
20294
15522
8715
749
-7315
-14367
-19391
-21614
-20635
-16499
-9718
-1216
7793
15984
22118
25243
24846
20941
14071
5225
-4317
-13185
-20136
-24233
-24981
-22385
-16923
-9452
-1064
7079
13917
18615
20664
19908
16541
11055
4160
-3299
-10441
-16433
-20571
-22346
-21500
-18059
-12350
-4978
3219
11256
18121
22898
24907
23810
19683
13021
4692
-4186
-12397
-18810
-22546
-23111
-20461
-15010
-7549
873
9116
16108
20992
23227
22631
19380
13947
7025
-575
-8021
-14540
-19489
-22393
-22979
-21192
-17198
-11380
-4318
3252
10500
16581
20738
22403
21287
17441
11278
3530
-4831
-12726
-19119
-23164
-24330
-22475
-17858
-11093
-3053
5263
12871
18928
22826
24245
23158
19803
14624
8203
1193
-5740
-11965
-16925
-20162
-21356
-20348
-17173
-12078
-5526
1827
9185
15695
20553
23111
22980
20099
14756
7561
-632
-8844
-16108
-21593
-24718
-25209
-23119
-18786
-12774
-5772
1491
8328
14156
18525
21131
21815
20554
17456
12759
6829
157
-6661
-12962
-18074
-21393
-22467
-21073
-17269
-11407
-4108
3815
11459
17953
22575
24845
24580
21894
17166
10967
3970
-3141
-9741
-15316
-19489
-22014
-22770
-21741
-19008
-14749
-9242
-2876
3856
10372
16048
20279
22562
22571
20219
15695
9452
2160
-5382
-12349
-18005
-21791
-23390
-22743
-20034
-15633
-10027
-3752
2675
8791
14203
18591
21694
23307
23278
21529
18082
13090
6866
-124
-7279
-13920
-19371
-23050
-24552
-23716
-20646
-15704
-9452
-2566
4252
10371
15295
18702
20448
20539
19094
16300
12377
7562
2112
-3683
-9486
-14901
-19489
-22805
-24451
-24142
-21768
-17438
-11484
-4439
3027
10196
16398
21097
23949
24833
23833
21195
17269
12441
7082
1521
-3964
-9127
-13732
-17535
-20273
-21685
-21548
-19726
-16225
-11226
-5098
1631
8328
14339
19077
22108
23198
22340
19731
15719
10741
5241
-379
-5798
-10778
-15145
-18756
-21466
-23111
-23512
-22505
-19986
-15959
-10586
-4196
2727
9595
15790
20750
24052
25465
24976
22770
19180
14624
9523
4248
-917
-5776
-10197
-14077
-17297
-19700
-21088
-21249
-20007
-17276
-13115
-7755
-1596
4831
10938
16157
20031
22272
22793
21697
19237
15748
11578
7027
2319
-2403
-7049
-11537
-15747
-19489
-22499
-24467
-25085
-24121
-21478
-17245
-11701
-5294
1425
7882
13568
18106
21295
23105
23647
23111
21701
19579
16838
13498
9548
4992
-89
-5505
-10937
-15966
-20131
-23004
-24269
-23789
-21632
-18059
-13479
-8369
-3188
1692
6031
9732
12810
15333
17361
18889
19825
19992
19174
17181
13920
9452
4016
-1983
-8031
-13586
-18168
-21437
-23239
-23614
-22759
-20961
-18517
-15660
-12521
-9114
-5374
-1216
3394
8381
13521
18461
22755
25952
27680
27728
26088
22961
18716
13812
8707
3772
-764
-4831
-8490
-11867
-15078
-18157
-21005
-23396
-25007
-25498
-24600
-22191
-18354
-13373
-7699
-1865
3613
8328
12050
14744
16547
17693
18431
18934
19241
19243
18710
17367
14982
11457
6883
1553
-4073
-9452
-14062
-17506
-19582
-20313
-19919
-18745
-17163
-15467
-13805
-12147
-10313
-8037
-5073
-1287
3267
8328
13456
18116
21785
24065
24768
23951
21896
19028
15815
12647
9751
7146
4666
2023
-1077
-4831
-9250
-14115
-19011
-23395
-26721
-28561
-28704
-27204
-24367
-20675
-16664
-12802
-9378
-6445
-3833
-1216
1772
5409
9781
14721
19828
24540
28256
30482
30944
29657
26921
23245
19226
15398
12111
9452
7239
5094
2565
-728
-4965
-10045
-15584
-20986
-25578
-28767
-30179
-29755
-27760
-24720
-21282
-18059
-15470
-13644
-12393
-11282
-9753
-7294
-3603
1312
7104
13150
18690
23005
25590
26278
25276
23111
20490
18120
16519
15885
16045
16506
16589
15621
13129
8982
3453
-2828
-9013
-14239
-17836
-19489
-19316
-17833
-15814
-14091
-13329
-13846
-15527
-17844
-19995
-21112
-20496
-17815
-13207
-7266
-912
4831
9088
11343
11577
10263
8243
6510
5936
7044
9852
13860
18163
21681
23433
22803
19704
14624
8515
2563
-2101
-4690
-4961
-3277
-517
2150
3571
2915
-95
-5096
-11155
-16996
-21313
-23111
-21957
-18111
-12473
-6364
-1202
1858
2218
0
-3978
-8403
-11804
-12923
-11061
-6263
661
8328
15110
19547
20709
18446
13439
7038
933
-3268
-4451
-2288
2670
9109
15281
19436
20270
-17269
-10860
-2323
6503
13675
17624
17552
13646
7044
-438
-6748
-10116
-9502
-4874
2766
11612
19489
24393
24992
20975
13146
3247
-6453
-13713
-16874
-15271
-9419
-894
8039
14981
17991
16075
9452
-484
-11483
-20977
-26708
-27284
-22529
-13547
-2464
8071
15531
18124
15240
7608
-2863
-13539
-21694
-25174
-22923
-15258
-3804
8879
19903
26744
27847
23008
13430
1444
-10040
-18230
-21115
-17953
-9452
2389
14751
24660
29696
28562
21402
9768
-3740
-16081
-24488
-27110
-23450
-14470
-2370
9933
19489
23995
22337
14836
3174
-10002
-21698
-29260
-30980
-26482
-16796
-4110
8737
18907
24204
23562
17269
6882
-5141
-16010
-23227
-25144
-21317
-12579
-836
11371
21439
27272
27724
22829
13764
2566
-8328
-16611
-20598
-19566
-13876
-4870
5444
14830
21300
23513
21037
14409
4991
-5321
-14505
-20812
-23111
-21086
-15278
-6950
2178
10279
15767
17601
15467
9822
1797
-7032
-14943
-20394
-22308
-20275
-14624
-6366
2997
11743
18255
21326
20385
15618
7946
-1143
-9863
-16470
-19603
-18552
-13416
-5102
4831
14468
21899
25605
24765
19436
10561
-202
-10793
-19159
-23661
-23411
-18457
-9790
852
11321
19489
23676
22989
17506
8259
-2970
-14002
-22701
-27390
-27185
-22159
-13316
-2383
8538
17386
22537
23111
19117
11435
1619
-8414
-16757
-21866
-22839
-19557
-12675
-3479
6373
15156
21389
24077
22861
18059
10579
1745
-6935
-14023
-18380
-19340
-16806
-11247
-3621
4785
12557
18379
21238
20593
16466
9452
634
-8577
-16669
-22278
-24419
-22671
-17266
-9070
547
9934
17446
21735
21998
18136
10784
1216
-8878
-17691
-23626
-25585
-23172
-16768
-7458
3158
13264
21146
25502
25659
21680
14337
4956
-4831
-13373
-19282
-21658
-20214
-15302
-7819
962
9610
16770
21364
22742
20752
15744
8489
60
-8328
-15489
-20425
-22454
-21302
-17139
-10562
-2517
5819
13200
18490
20833
19793
15444
8376
-370
-9452
-17427
-22985
-25167
-23534
-18256
-10098
-306
9595
18051
23738
25781
23899
18445
10342
916
-8328
-15950
-20809
-22233
-20100
-14836
-7317
1280
9676
16676
21335
23071
21720
17531
11107
3316
-4831
-12303
-18167
-21692
-22436
-20294
-15522
-8715
-749
7315
14367
19391
21614
20635
16499
9718
1216
-7793
-15984
-22118
-25243
-24846
-20941
-14071
-5225
4317
13185
20136
24233
24981
22385
16923
9452
1064
-7079
-13917
-18615
-20664
-19908
-16541
-11055
-4160
3299
10441
16433
20571
22346
21500
18059
12350
4978
-3219
-11256
-18121
-22898
-24907
-23810
-19683
-13021
-4692
4186
12397
18810
22546
23111
20461
15010
7549
-873
-9116
-16108
-20992
-23227
-22631
-19380
-13947
-7025
575
8021
14540
19489
22393
22979
21192
17198
11380
4318
-3252
-10500
-16581
-20738
-22403
-21287
-17441
-11278
-3530
4831
12726
19119
23164
24330
22475
17858
11093
3053
-5263
-12871
-18928
-22826
-24245
-23158
-19803
-14624
-8203
-1193
5740
11965
16925
20162
21356
20348
17173
12078
5526
-1827
-9185
-15695
-20553
-23111
-22980
-20099
-14756
-7561
632
8844
16108
21593
24718
25209
23119
18786
12774
5772
-1491
-8328
-14156
-18525
-21131
-21815
-20554
-17456
-12759
-6829
-157
6661
12962
18074
21393
22467
21073
17269
11407
4108
-3815
-11459
-17953
-22575
-24845
-24580
-21894
-17166
-10967
-3970
3141
9741
15316
19489
22014
22770
21741
19008
14749
9242
2876
-3856
-10372
-16048
-20279
-22562
-22571
-20219
-15695
-9452
-2160
5382
12349
18005
21791
23390
22743
20034
15633
10027
3752
-2675
-8791
-14203
-18591
-21694
-23307
-23278
-21529
-18082
-13090
-6866
124
7279
13920
19371
23050
24552
23716
20646
15704
9452
2566
-4252
-10371
-15295
-18702
-20448
-20539
-19094
-16300
-12377
-7562
-2112
3683
9486
14901
19489
22805
24451
24142
21768
17438
11484
4439
-3027
-10196
-16398
-21097
-23949
-24833
-23833
-21195
-17269
-12441
-7082
-1521
3964
9127
13732
17535
20273
21685
21548
19726
16225
11226
5098
-1631
-8328
-14339
-19077
-22108
-23198
-22340
-19731
-15719
-10741
-5241
379
5798
10778
15145
18756
21466
23111
23512
22505
19986
15959
10586
4196
-2727
-9595
-15790
-20750
-24052
-25465
-24976
-22770
-19180
-14624
-9523
-4248
917
5776
10197
14077
17297
19700
21088
21249
20007
17276
13115
7755
1596
-4831
-10938
-16157
-20031
-22272
-22793
-21697
-19237
-15748
-11578
-7027
-2319
2403
7049
11537
15747
19489
22499
24467
25085
24121
21478
17245
11701
5294
-1425
-7882
-13568
-18106
-21295
-23105
-23647
-23111
-21701
-19579
-16838
-13498
-9548
-4992
89
5505
10937
15966
20131
23004
24269
23789
21632
18059
13479
8369
3188
-1692
-6031
-9732
-12810
-15333
-17361
-18889
-19825
-19992
-19174
-17181
-13920
-9452
-4016
1983
8031
13586
18168
21437
23239
23614
22759
20961
18517
15660
12521
9114
5374
1216
-3394
-8381
-13521
-18461
-22755
-25952
-27680
-27728
-26088
-22961
-18716
-13812
-8707
-3772
764
4831
8490
11867
15078
18157
21005
23396
25007
25498
24600
22191
18354
13373
7699
1865
-3613
-8328
-12050
-14744
-16547
-17693
-18431
-18934
-19241
-19243
-18710
-17367
-14982
-11457
-6883
-1553
4073
9452
14062
17506
19582
20313
19919
18745
17163
15467
13805
12147
10313
8037
5073
1287
-3267
-8328
-13456
-18116
-21785
-24065
-24768
-23951
-21896
-19028
-15815
-12647
-9751
-7146
-4666
-2023
1077
4831
9250
14115
19011
23395
26721
28561
28704
27204
24367
20675
16664
12802
9378
6445
3833
1216
-1772
-5409
-9781
-14721
-19828
-24540
-28256
-30482
-30944
-29657
-26921
-23245
-19226
-15398
-12111
-9452
-7239
-5094
-2565
728
4965
10045
15584
20986
25578
28767
30179
29755
27760
24720
21282
18059
15470
13644
12393
11282
9753
7294
3603
-1312
-7104
-13150
-18690
-23005
-25590
-26278
-25276
-23111
-20490
-18120
-16519
-15885
-16045
-16506
-16589
-15621
-13129
-8982
-3453
2828
9013
14239
17836
19489
19316
17833
15814
14091
13329
13846
15527
17844
19995
21112
20496
17815
13207
7266
912
-4831
-9088
-11343
-11577
-10263
-8243
-6510
-5936
-7044
-9852
-13860
-18163
-21681
-23433
-22803
-19704
-14624
-8515
-2563
2101
4690
4961
3277
517
-2150
-3571
-2915
95
5096
11155
16996
21313
23111
21957
18111
12473
6364
1202
-1858
-2218
0
3978
8403
11804
12923
11061
6263
-661
-8328
-15110
-19547
-20709
-18446
-13439
-7038
-933
3268
4451
2288
-2670
-9109
-15281
-19436
-20270
0
0
0
0
0
0
0
0
0
0
0
0
0
0
0
0
0
0
0
0
0
0
0
0
0
0
0
0
0
0
0
0
0
0
0
0
0
0
0
0
0
0
0
0
0
0
0
0
0
0
0
0
0
0
0
0
0
0
0
0
0
0
0
0
0
0
0
0
0
0
0
0
0
0
0
0
0
0
0
0
0
0
0
0
0
0
0
0
0
0
0
0
0
0
0
0
0
0
0
0
0
0
0
0
0
0
0
0
0
0
0
0
0
0
0
0
0
0
0
0
0
0
0
0
0
0
0
0
0
0
0
0
0
0
0
0
0
0
0
0
0
0
0
0
0
0
0
0
0
0
0
0
0
0
0
0
0
0
0
0
0
0
0
0
0
0
0
0
0
0
0
0
0
0
0
0
0
0
0
0
0
0
0
0
0
0
0
0
0
0
0
0
0
0
0
0
0
0
0
0
0
0
0
0
0
0
0
0
0
0
0
0
0
0
0
0
0
0
0
0
0
0
0
0
0
0
0
0
0
0
0
0
0
0
0
0
0
0
0
0
0
0
0
0
0
0
0
0
0
0
0
0
0
0
0
0
0
0
0
0
0
0
0
0
0
0
0
0
0
0
0
0
0
0
0
0
0
0
0
0
0
0
0
0
0
0
0
0
0
0
0
0
0
0
0
0
0
0
0
0
0
0
0
0
0
0
0
0
0
0
0
0
0
0
0
0
0
0
0
0
0
0
0
0
0
0
0
0
0
0
0
0
0
0
0
0
0
0
0
0
0
0
0
0
0
0
0
0
0
0
0
0
0
0
0
0
0
0
0
0
0
0
0
0
0
0
0
0
0
0
0
0
0
0
0
0
0
0
0
0
0
0
0
0
0
0
0
0
0
0
0
0
0
0
0
0
0
0
0
0
0
0
0
0
0
0
0
0
0
0
0
0
0
0
0
0
0
0
0
0
0
0
0
0
0
0
0
0
0
0
0
0
0
0
0
0
0
0
0
0
0
0
0
0
0
0
0
0
0
0
0
0
0
0
0
0
0
0
0
0
0
0
0
0
0
0
0
0
0
0
0
0
0
0
0
0
0
0
0
0
0
0
0
0
0
0
0
0
0
0
0
0
0
0
0
0
0
0
0
0
0
0
0
0
0
0
0
0
0
0
0
0
0
0
0
0
0
0
0
0
0
0
0
0
0
0
0
0
0
0
0
0
0
0
0
0
0
0
0
0
0
0
0
0
0
0
0
0
0
0
0
0
0
0
0
0
0
0
0
0
0
0
0
0
0
0
0
0
0
0
0
0
0
0
0
0
0
0
0
0
0
0
0
0
0
0
0
0
0
0
0
0
0
0
0
0
0
0
0
0
0
0
0
0
0
0
0
0
0
0
0
0
0
0
0
0
0
0
0
0
0
0
0
0
0
0
0
0
0
0
0
0
0
0
0
0
0
0
0
0
0
0
0
0
0
0
0
0
0
0
0
0
0
0
0
0
0
0
0
0
0
0
0
0
0
0
0
0
0
0
0
0
0
0
0
0
0
0
0
0
0
0
0
0
0
0
0
0
0
0
0
0
0
0
0
0
0
0
0
0
0
0
0
0
0
0
0
0
0
0
0
0
0
0
0
0
0
0
0
0
0
0
0
0
0
0
0
0
0
0
0
0
0
0
0
0
0
0
0
0
0
0
0
0
0
0
0
0
0
0
0
0
0
0
0
0
0
0
0
0
0
0
0
0
0
0
0
0
0
0
0
0
0
0
0
0
0
0
0
0
0
0
0
0
0
0
0
0
0
0
0
0
0
0
0
0
0
0
0
0
0
0
0
0
0
0
0
0
0
0
0
0
0
0
0
0
0
0
0
0
0
0
0
0
0
0
0
0
0
0
0
0
0
0
0
0
0
0
0
0
0
0
0
0
0
0
0
0
0
0
0
0
0
0
0
0
0
0
0
0
0
0
0
0
0
0
0
0
0
0
0
0
0
0
0
0
0
0
0
0
0
0
0
0
0
0
0
0
0
0
0
0
0
0
0
0
0
0
0
0
0
0
0
0
0
0
0
0
0
0
0
0
0
0
0
0
0
0
0
0
0
0
0
0
0
0
0
0
0
0
0
0
0
0
0
0
0
0
0
0
0
0
0
0
0
0
0
0
0
0
0
0
0
0
0
0
0
0
0
0
0
5654
11138
16289
20949
24981
28262
30694
32205
32749
32310
30902
28565
25372
21419
16823
11725
6276
641
-5010
-10509
-15690
-20399
-24493
-27851
-30370
-31977
-32623
-32290
-30988
-28756
-25664
-21803
-17291
-12264
-6871
-1276
4350
9843
15037
19775
23915
27335
29931
31626
32372
32144
30953
28835
25852
22098
17685
12746
7431
1898
-3684
-9149
-14335
-19083
-23253
-26719
-29381
-31157
-31995
-31874
-30795
-28795
-25934
-22299
-18001
-13169
-7949
-2499
3017
8433
13589
18328
22510
26009
28722
30571
31497
31478
30515
28638
25906
22402
18232
13524
8420
3072
-2356
-7703
-12807
-17518
-21694
-25210
-27963
-29871
-30880
-30959
-30112
-28362
-25766
-22403
-18376
-13808
-8837
-3612
1707
6963
11997
16660
20810
24327
27106
29063
30146
30321
29586
27967
25513
22301
18430
14016
9196
4112
-1079
-6223
-11166
-15759
-19867
-23367
-26156
-28152
-29298
-29563
-28940
-27452
-25146
-22093
-18389
-14144
-9490
-4566
476
5489
10321
14825
18871
22337
25121
27143
28343
28691
28177
26820
24665
21778
18250
14187
9714
4968
91
-4768
-9468
-13866
-17828
-21243
-24007
-26041
-27286
-27707
-27298
-26072
-24069
-21355
-18011
-14143
-9867
-5314
-622
4067
8615
12885
16748
20093
22821
24852
26129
26618
26307
25210
23362
20824
17673
14008
9942
5598
1107
-3393
-7770
-11893
-15638
-18894
-21570
-23584
-24882
-25428
-25209
-24236
-22544
-20184
-17233
-13782
-9937
-5816
-1542
2751
6940
10895
14503
17655
20260
22244
23549
24142
24008
23157
21617
19438
16691
13461
9848
5962
1923
-2147
-6129
-9902
-13353
-16383
-18901
-20838
-22139
-22767
-22710
-21973
-20583
-18586
-16048
-13045
-9674
-6036
-2243
1588
5347
8918
12196
15085
17501
19375
20656
21309
21319
20691
19448
17633
15304
12535
9413
6033
2500
-1080
-4598
-7950
-11038
-13770
-16066
-17863
-19110
-19775
-19842
-19315
-18215
-16579
-14462
-11929
-9063
-5951
-2688
624
3889
7008
9887
12445
14606
16309
17509
18173
18287
17853
16890
15430
13522
11230
8624
5787
2805
-229
-3226
-6095
-8751
-11119
-13128
-14722
-15860
-16510
-16660
-16309
-15475
-14187
-12489
-10437
-8096
-5541
-2848
-102
2613
5219
7637
9799
11641
13111
14171
14795
14968
14691
13979
12857
11366
9554
7481
5211
2815
368
-2056
-4386
-6552
-8493
-10151
-11483
-12452
-13035
-13219
-13007
-12407
-11445
-10157
-8584
-6778
-4798
-2705
-564
1558
3601
5502
7207
8670
9848
10711
11239
11423
11261
10766
9957
8865
7528
5989
4301
2515
688
-1124
-2869
-4493
-5952
-7202
-8212
-8957
-9417
-9586
-9465
-9063
-8399
-7497
-6391
-5119
-3723
-2246
-737
757
2195
3532
4731
5758
6586
7197
7577
7717
7624
7306
6776
6058
5178
4169
3064
1898
711
-461
-1583
-2623
-3551
-4343
-4977
-5441
-5725
-5826
-5749
-5502
-5097
-4554
-3895
-3143
-2326
-1472
-609
236
1038
1773
2421
2965
3393
3697
3873
3922
3847
3660
3369
2992
2544
2045
1513
969
429
-85
-561
-984
-1343
-1631
-1841
-1974
-2029
-2012
-1928
-1787
-1600
-1378
-1134
-879
-628
-389
-173
9
157
262
326
347
329
279
202
106
0
-106
-202
-279
-329
-347
-326
-262
-157
-9
173
389
628
879
1134
1378
1600
1787
1928
2012
2029
1974
1841
1631
1343
984
561
85
-429
-969
-1513
-2045
-2544
-2992
-3369
-3660
-3847
-3922
-3873
-3697
-3393
-2965
-2421
-1773
-1038
-236
609
1472
2326
3143
3895
4554
5097
5502
5749
5826
5725
5441
4977
4343
3551
2623
1583
461
-711
-1898
-3064
-4169
-5178
-6058
-6776
-7306
-7624
-7717
-7577
-7197
-6586
-5758
-4731
-3532
-2195
-757
737
2246
3723
5119
6391
7497
8399
9063
9465
9586
9417
8957
8212
7202
5952
4493
2869
1124
-688
-2515
-4301
-5989
-7528
-8865
-9957
-10766
-11261
-11423
-11239
-10711
-9848
-8670
-7207
-5502
-3601
-1558
564
2705
4798
6778
8584
10157
11445
12407
13007
13219
13035
12452
11483
10151
8493
6552
4386
2056
-368
-2815
-5211
-7481
-9554
-11366
-12857
-13979
-14691
-14968
-14795
-14171
-13111
-11641
-9799
-7637
-5219
-2613
102
2848
5541
8096
10437
12489
14188
15475
16309
16660
16510
15860
14722
13128
11119
8751
6095
3226
229
-2805
-5787
-8624
-11230
-13522
-15430
-16890
-17853
-18287
-18173
-17509
-16309
-14606
-12445
-9887
-7008
-3889
-624
2688
5951
9063
11929
14462
16579
18215
19315
19842
19775
19110
17863
16066
13770
11038
7950
4598
1080
-2500
-6033
-9413
-12535
-15304
-17633
-19448
-20691
-21319
-21309
-20656
-19375
-17501
-15085
-12196
-8918
-5347
-1588
2243
6036
9674
13045
16048
18586
20583
21973
22710
22767
22139
20838
18901
16383
13353
9902
6129
2147
-1923
-5962
-9848
-13461
-16691
-19438
-21617
-23157
-24008
-24142
-23549
-22244
-20260
-17655
-14503
-10895
-6940
-2751
1542
5816
9937
13782
17233
20184
22544
24236
25209
25428
24882
23584
21570
18894
15638
11893
7770
3393
-1107
-5598
-9942
-14008
-17673
-20824
-23362
-25210
-26307
-26618
-26129
-24852
-22821
-20093
-16748
-12885
-8615
-4067
622
5314
9867
14143
18011
21355
24069
26072
27298
27707
27286
26041
24007
21243
17828
13866
9468
4768
-91
-4968
-9714
-14188
-18250
-21778
-24665
-26820
-28177
-28691
-28343
-27143
-25121
-22337
-18871
-14825
-10321
-5489
-476
4566
9490
14144
18389
22093
25146
27452
28940
29563
29298
28152
26156
23367
19867
15759
11166
6223
1079
-4112
-9196
-14016
-18430
-22301
-25513
-27967
-29586
-30321
-30146
-29063
-27106
-24327
-20810
-16660
-11997
-6963
-1707
3612
8837
13808
18376
22403
25766
28362
30112
30959
30880
29871
27963
25210
21694
17518
12807
7703
2356
-3072
-8420
-13524
-18232
-22402
-25906
-28638
-30515
-31478
-31497
-30571
-28722
-26009
-22510
-18328
-13589
-8433
-3017
2499
7949
13169
18001
22299
25934
28795
30795
31874
31995
31157
29381
26719
23253
19083
14335
9149
3684
-1898
-7431
-12746
-17685
-22098
-25852
-28835
-30953
-32144
-32372
-31626
-29931
-27335
-23915
-19775
-15037
-9843
-4350
1276
6871
12264
17291
21803
25664
28756
30988
32290
32623
31977
30370
27851
24493
20399
15690
10509
5010
-641
-6276
-11725
-16823
-21419
-25372
-28565
-30902
-32310
-32749
-32205
-30694
-28262
-24981
-20949
-16289
-11138
-5654
0
5654
11138
16289
20949
24981
28262
30694
32205
32749
32310
30902
28565
25372
21419
16823
11725
6276
641
-5010
-10509
-15690
-20399
-24493
-27851
-30370
-31977
-32623
-32290
-30988
-28756
-25664
-21803
-17291
-12264
-6871
-1276
4350
9843
15037
19775
23915
27335
29931
31626
32372
32144
30953
28835
25852
22098
17685
12746
7431
1898
-3684
-9149
-14335
-19083
-23253
-26719
-29381
-31157
-31995
-31874
-30795
-28795
-25934
-22299
-18001
-13169
-7949
-2499
3017
8433
13589
18328
22510
26009
28722
30571
31497
31478
30515
28638
25906
22402
18232
13524
8420
3072
-2356
-7703
-12807
-17518
-21694
-25210
-27963
-29871
-30880
-30959
-30112
-28362
-25766
-22403
-18376
-13808
-8837
-3612
1707
6963
11997
16660
20810
24327
27106
29063
30146
30321
29586
27967
25513
22301
18430
14016
9196
4112
-1079
-6223
-11166
-15759
-19867
-23367
-26156
-28152
-29298
-29563
-28940
-27452
-25146
-22093
-18389
-14144
-9490
-4566
476
5489
10321
14825
18871
22337
25121
27143
28343
28691
28177
26820
24665
21778
18250
14187
9714
4968
91
-4768
-9468
-13866
-17828
-21243
-24007
-26041
-27286
-27707
-27298
-26072
-24069
-21355
-18011
-14143
-9867
-5314
-622
4067
8615
12885
16748
20093
22821
24852
26129
26618
26307
25210
23362
20824
17673
14008
9942
5598
1107
-3393
-7770
-11893
-15638
-18894
-21570
-23584
-24882
-25428
-25209
-24236
-22544
-20184
-17233
-13782
-9937
-5816
-1542
2751
6940
10895
14503
17655
20260
22244
23549
24142
24008
23157
21617
19438
16691
13461
9848
5962
1923
-2147
-6129
-9902
-13353
-16383
-18901
-20838
-22139
-22767
-22710
-21973
-20583
-18586
-16048
-13045
-9674
-6036
-2243
1588
5347
8918
12196
15085
17501
19375
20656
21309
21319
20691
19448
17633
15304
12535
9413
6033
2500
-1080
-4598
-7950
-11038
-13770
-16066
-17863
-19110
-19775
-19842
-19315
-18215
-16579
-14462
-11929
-9063
-5951
-2688
624
3889
7008
9887
12445
14606
16309
17509
18173
18287
17853
16890
15430
13522
11230
8624
5787
2805
-229
-3226
-6095
-8751
-11119
-13128
-14722
-15860
-16510
-16660
-16309
-15475
-14187
-12489
-10437
-8096
-5541
-2848
-102
2613
5219
7637
9799
11641
13111
14171
14795
14968
14691
13979
12857
11366
9554
7481
5211
2815
368
-2056
-4386
-6552
-8493
-10151
-11483
-12452
-13035
-13219
-13007
-12407
-11445
-10157
-8584
-6778
-4798
-2705
-564
1558
3601
5502
7207
8670
9848
10711
11239
11423
11261
10766
9957
8865
7528
5989
4301
2515
688
-1124
-2869
-4493
-5952
-7202
-8212
-8957
-9417
-9586
-9465
-9063
-8399
-7497
-6391
-5119
-3723
-2246
-737
757
2195
3532
4731
5758
6586
7197
7577
7717
7624
7306
6776
6058
5178
4169
3064
1898
711
-461
-1583
-2623
-3551
-4343
-4977
-5441
-5725
-5826
-5749
-5502
-5097
-4554
-3895
-3143
-2326
-1472
-609
236
1038
1773
2421
2965
3393
3697
3873
3922
3847
3660
3369
2992
2544
2045
1513
969
429
-85
-561
-984
-1343
-1631
-1841
-1974
-2029
-2012
-1928
-1787
-1600
-1378
-1134
-879
-628
-389
-173
9
157
262
326
347
329
279
202
106
0
-106
-202
-279
-329
-347
-326
-262
-157
-9
173
389
628
879
1134
1378
1600
1787
1928
2012
2029
1974
1841
1631
1343
984
561
85
-429
-969
-1513
-2045
-2544
-2992
-3369
-3660
-3847
-3922
-3873
-3697
-3393
-2965
-2421
-1773
-1038
-236
609
1472
2326
3143
3895
4554
5097
5502
5749
5826
5725
5441
4977
4343
3551
2623
1583
461
-711
-1898
-3064
-4169
-5178
-6058
-6776
-7306
-7624
-7717
-7577
-7197
-6586
-5758
-4731
-3532
-2195
-757
737
2246
3723
5119
6391
7497
8399
9063
9465
9586
9417
8957
8212
7202
5952
4493
2869
1124
-688
-2515
-4301
-5989
-7528
-8865
-9957
-10766
-11261
-11423
-11239
-10711
-9848
-8670
-7207
-5502
-3601
-1558
564
2705
4798
6778
8584
10157
11445
12407
13007
13219
13035
12452
11483
10151
8493
6552
4386
2056
-368
-2815
-5211
-7481
-9554
-11366
-12857
-13979
-14691
-14968
-14795
-14171
-13111
-11641
-9799
-7637
-5219
-2613
102
2848
5541
8096
10437
12489
14188
15475
16309
16660
16510
15860
14722
13128
11119
8751
6095
3226
229
-2805
-5787
-8624
-11230
-13522
-15430
-16890
-17853
-18287
-18173
-17509
-16309
-14606
-12445
-9887
-7008
-3889
-624
2688
5951
9063
11929
14462
16579
18215
19315
19842
19775
19110
17863
16066
13770
11038
7950
4598
1080
-2500
-6033
-9413
-12535
-15304
-17633
-19448
-20691
-21319
-21309
-20656
-19375
-17501
-15085
-12196
-8918
-5347
-1588
2243
6036
9674
13045
16048
18586
20583
21973
22710
22767
22139
20838
18901
16383
13353
9902
6129
2147
-1923
-5962
-9848
-13461
-16691
-19438
-21617
-23157
-24008
-24142
-23549
-22244
-20260
-17655
-14503
-10895
-6940
-2751
1542
5816
9937
13782
17233
20184
22544
24236
25209
25428
24882
23584
21570
18894
15638
11893
7770
3393
-1107
-5598
-9942
-14008
-17673
-20824
-23362
-25210
-26307
-26618
-26129
-24852
-22821
-20093
-16748
-12885
-8615
-4067
622
5314
9867
14143
18011
21355
24069
26072
27298
27707
27286
26041
24007
21243
17828
13866
9468
4768
-91
-4968
-9714
-14188
-18250
-21778
-24665
-26820
-28177
-28691
-28343
-27143
-25121
-22337
-18871
-14825
-10321
-5489
-476
4566
9490
14144
18389
22093
25146
27452
28940
29563
29298
28152
26156
23367
19867
15759
11166
6223
1079
-4112
-9196
-14016
-18430
-22301
-25513
-27967
-29586
-30321
-30146
-29063
-27106
-24327
-20810
-16660
-11997
-6963
-1707
3612
8837
13808
18376
22403
25766
28362
30112
30959
30880
29871
27963
25210
21694
17518
12807
7703
2356
-3072
-8420
-13524
-18232
-22402
-25906
-28638
-30515
-31478
-31497
-30571
-28722
-26009
-22510
-18328
-13589
-8433
-3017
2499
7949
13169
18001
22299
25934
28795
30795
31874
31995
31157
29381
26719
23253
19083
14335
9149
3684
-1898
-7431
-12746
-17685
-22098
-25852
-28835
-30953
-32144
-32372
-31626
-29931
-27335
-23915
-19775
-15037
-9843
-4350
1276
6871
12264
17291
21803
25664
28756
30988
32290
32623
31977
30370
27851
24493
20399
15690
10509
5010
-641
-6276
-11725
-16823
-21419
-25372
-28565
-30902
-32310
-32749
-32205
-30694
-28262
-24981
-20949
-16289
-11138
-5654
0
5654
11138
16289
20949
24981
28262
30694
32205
32749
32310
30902
28565
25372
21419
16823
11725
6276
641
-5010
-10509
-15690
-20399
-24493
-27851
-30370
-31977
-32623
-32290
-30988
-28756
-25664
-21803
-17291
-12264
-6871
-1276
4350
9843
15037
19775
23915
27335
29931
31626
32372
32144
30953
28835
25852
22098
17685
12746
7431
1898
-3684
-9149
-14335
-19083
-23253
-26719
-29381
-31157
-31995
-31874
-30795
-28795
-25934
-22299
-18001
-13169
-7949
-2499
3017
8433
13589
18328
22510
26009
28722
30571
31497
31478
30515
28638
25906
22402
18232
13524
8420
3072
-2356
-7703
-12807
-17518
-21694
-25210
-27963
-29871
-30880
-30959
-30112
-28362
-25766
-22403
-18376
-13808
-8837
-3612
1707
6963
11997
16660
20810
24327
27106
29063
30146
30321
29586
27967
25513
22301
18430
14016
9196
4112
-1079
-6223
-11166
-15759
-19867
-23367
-26156
-28152
-29298
-29563
-28940
-27452
-25146
-22093
-18389
-14144
-9490
-4566
476
5489
10321
14825
18871
22337
25121
27143
28343
28691
28177
26820
24665
21778
18250
14188
9714
4968
91
-4768
-9468
-13866
-17828
-21243
-24007
-26041
-27286
-27707
-27298
-26072
-24069
-21355
-18011
-14143
-9867
-5314
-622
4067
8615
12885
16748
20093
22821
24852
26129
26618
26307
25210
23362
20824
17673
14008
9942
5598
1107
-3393
-7770
-11893
-15638
-18894
-21570
-23584
-24882
-25428
-25209
-24236
-22544
-20184
-17233
-13782
-9937
-5816
-1542
2751
6940
10895
14503
17655
20260
22244
23549
24142
24008
23157
21617
19438
16691
13461
9848
5962
1923
-2147
-6129
-9902
-13353
-16383
-18901
-20838
-22139
-22767
-22710
-21973
-20583
-18586
-16048
-13045
-9674
-6036
-2243
1588
5347
8918
12196
15085
17501
19375
20656
21309
21319
20691
19448
17633
15304
12535
9413
6033
2500
-1080
-4598
-7950
-11038
-13770
-16066
-17863
-19110
-19775
-19842
-19315
-18215
-16579
-14462
-11929
-9063
-5951
-2688
624
3889
7008
9887
12445
14606
16309
17509
18173
18287
17853
16890
15430
13522
11230
8624
5787
2805
-229
-3226
-6095
-8751
-11119
-13128
-14722
-15860
-16510
-16660
-16309
-15475
-14188
-12489
-10437
-8096
-5541
-2848
-102
2613
5219
7637
9799
11641
13111
14171
14795
14968
14691
13979
12857
11366
9554
7481
5211
2815
368
-2056
-4386
-6552
-8493
-10151
-11483
-12452
-13035
-13219
-13007
-12407
-11445
-10157
-8584
-6778
-4798
-2705
-564
1558
3601
5502
7207
8670
9848
10711
11239
11423
11261
10766
9957
8865
7528
5989
4301
2515
688
-1124
-2869
-4493
-5952
-7202
-8212
-8957
-9417
-9586
-9465
-9063
-8399
-7497
-6391
-5119
-3723
-2246
-737
757
2195
3532
4731
5758
6586
7197
7577
7717
7624
7306
6776
6058
5178
4169
3064
1898
711
-461
-1583
-2623
-3551
-4343
-4977
-5441
-5725
-5826
-5749
-5502
-5097
-4554
-3895
-3143
-2326
-1472
-609
236
1038
1773
2421
2965
3393
3697
3873
3922
3847
3660
3369
2992
2544
2045
1513
969
429
-85
-561
-984
-1343
-1631
-1841
-1974
-2029
-2012
-1928
-1787
-1600
-1378
-1134
-879
-628
-389
-173
9
157
262
326
347
329
279
202
106
0
-106
-202
-279
-329
-347
-326
-262
-157
-9
173
389
628
879
1134
1378
1600
1787
1928
2012
2029
1974
1841
1631
1343
984
561
85
-429
-969
-1513
-2045
-2544
-2992
-3369
-3660
-3847
-3922
-3873
-3697
-3393
-2965
-2421
-1773
-1038
-236
609
1472
2326
3143
3895
4554
5097
5502
5749
5826
5725
5441
4977
4343
3551
2623
1583
461
-711
-1898
-3064
-4169
-5178
-6058
-6776
-7306
-7624
-7717
-7577
-7197
-6586
-5758
-4731
-3532
-2195
-757
737
2246
3723
5119
6391
7497
8399
9063
9465
9586
9417
8957
8212
7202
5952
4493
2869
1124
-688
-2515
-4301
-5989
-7528
-8865
-9957
-10766
-11261
-11423
-11239
-10711
-9848
-8670
-7207
-5502
-3601
-1558
564
2705
4798
6778
8584
10157
11445
12407
13007
13219
13035
12452
11483
10151
8493
6552
4386
2056
-368
-2815
-5211
-7481
-9554
-11366
-12857
-13979
-14691
-14968
-14795
-14171
-13111
-11641
-9799
-7637
-5219
-2613
102
2848
5541
8096
10437
12489
14188
15475
16309
16660
16510
15860
14722
13128
11119
8751
6095
3226
229
-2805
-5787
-8624
-11230
-13522
-15430
-16890
-17853
-18287
-18173
-17509
-16309
-14606
-12445
-9887
-7008
-3889
-624
2688
5951
9063
11929
14462
16579
18215
19315
19842
19775
19110
17863
16066
13770
11038
7950
4598
1080
-2500
-6033
-9413
-12535
-15304
-17633
-19448
-20691
-21319
-21309
-20656
-19375
-17501
-15085
-12196
-8918
-5347
-1588
2243
6036
9674
13045
16048
18586
20583
21973
22710
22767
22139
20838
18901
16383
13353
9902
6129
2147
-1923
-5962
-9848
-13461
-16691
-19438
-21617
-23157
-24008
-24142
-23549
-22244
-20260
-17655
-14503
-10895
-6940
-2751
1542
5816
9937
13782
17233
20184
22544
24236
25209
25428
24882
23584
21570
18894
15638
11893
7770
3393
-1107
-5598
-9942
-14008
-17673
-20824
-23362
-25210
-26307
-26618
-26129
-24852
-22821
-20093
-16748
-12885
-8615
-4067
622
5314
9867
14143
18011
21355
24069
26072
27298
27707
27286
26041
24007
21243
17828
13866
9468
4768
-91
-4968
-9714
-14188
-18250
-21778
-24665
-26820
-28177
-28691
-28343
-27143
-25121
-22337
-18871
-14825
-10321
-5489
-476
4566
9490
14144
18389
22093
25146
27452
28940
29563
29298
28152
26156
23367
19867
15759
11166
6223
1079
-4112
-9196
-14016
-18430
-22301
-25513
-27967
-29586
-30321
-30146
-29063
-27106
-24327
-20810
-16660
-11997
-6963
-1707
3612
8837
13808
18376
22403
25766
28362
30112
30959
30880
29871
27963
25210
21694
17518
12807
7703
2356
-3072
-8420
-13524
-18232
-22402
-25906
-28638
-30515
-31478
-31497
-30571
-28722
-26009
-22510
-18328
-13589
-8433
-3017
2499
7949
13169
18001
22299
25934
28795
30795
31874
31995
31157
29381
26719
23253
19083
14335
9149
3684
-1898
-7431
-12746
-17685
-22098
-25852
-28835
-30953
-32144
-32372
-31626
-29931
-27335
-23915
-19775
-15037
-9843
-4350
1276
6871
12264
17291
21803
25664
28756
30988
32290
32623
31977
30370
27851
24493
20399
15690
10509
5010
-641
-6276
-11725
-16823
-21419
-25372
-28565
-30902
-32310
-32749
-32205
-30694
-28262
-24981
-20949
-16289
-11138
-5654
0
5654
11138
16289
20949
24981
28262
30694
32205
32749
32310
30902
28565
25372
21419
16823
11725
6276
641
-5010
-10509
-15690
-20399
-24493
-27851
-30370
-31977
-32623
-32290
-30988
-28756
-25664
-21803
-17291
-12264
-6871
-1276
4350
9843
15037
19775
23915
27335
29931
31626
32372
32144
30953
28835
25852
22098
17685
12746
7431
1898
-3684
-9149
-14335
-19083
-23253
-26719
-29381
-31157
-31995
-31874
-30795
-28795
-25934
-22299
-18001
-13169
-7949
-2499
3017
8433
13589
18328
22510
26009
28722
30571
31497
31478
30515
28638
25906
22402
18232
13524
8420
3072
-2356
-7703
-12807
-17518
-21694
-25210
-27963
-29871
-30880
-30959
-30112
-28362
-25766
-22403
-18376
-13808
-8837
-3612
1707
6963
11997
16660
20810
24327
27106
29063
30146
30321
29586
27967
25513
22301
18430
14016
9196
4112
-1079
-6223
-11166
-15759
-19867
-23367
-26156
-28152
-29298
-29563
-28940
-27452
-25146
-22093
-18389
-14144
-9490
-4566
476
5489
10321
14825
18871
22337
25121
27143
28343
28691
28177
26820
24665
21778
18250
14187
9714
4968
91
-4768
-9468
-13866
-17828
-21243
-24007
-26041
-27286
-27707
-27298
-26072
-24069
-21355
-18011
-14143
-9867
-5314
-622
4067
8615
12885
16748
20093
22821
24852
26129
26618
26307
25210
23362
20824
17673
14008
9942
5598
1107
-3393
-7770
-11893
-15638
-18894
-21570
-23584
-24882
-25428
-25209
-24236
-22544
-20184
-17233
-13782
-9937
-5816
-1542
2751
6940
10895
14503
17655
20260
22244
23549
24142
24008
23157
21617
19438
16691
13461
9848
5962
1923
-2147
-6129
-9902
-13353
-16383
-18901
-20838
-22139
-22767
-22710
-21973
-20583
-18586
-16048
-13045
-9674
-6036
-2243
1588
5347
8918
12196
15085
17501
19375
20656
21309
21319
20691
19448
17633
15304
12535
9413
6033
2500
-1080
-4598
-7950
-11038
-13770
-16066
-17863
-19110
-19775
-19842
-19315
-18215
-16579
-14462
-11929
-9063
-5951
-2688
624
3889
7008
9887
12445
14606
16309
17509
18173
18287
17853
16890
15430
13522
11230
8624
5787
2805
-229
-3226
-6095
-8751
-11119
-13128
-14722
-15860
-16510
-16660
-16309
-15475
-14187
-12489
-10437
-8096
-5541
-2848
-102
2613
5219
7637
9799
11641
13111
14171
14795
14968
14691
13979
12857
11366
9554
7481
5211
2815
368
-2056
-4386
-6552
-8493
-10151
-11483
-12452
-13035
-13219
-13007
-12407
-11445
-10157
-8584
-6778
-4798
-2705
-564
1558
3601
5502
7207
8670
9848
10711
11239
11423
11261
10766
9957
8865
7528
5989
4301
2515
688
-1124
-2869
-4493
-5952
-7202
-8212
-8957
-9417
-9586
-9465
-9063
-8399
-7497
-6391
-5119
-3723
-2246
-737
757
2195
3532
4731
5758
6586
7197
7577
7717
7624
7306
6776
6058
5178
4169
3064
1898
711
-461
-1583
-2623
-3551
-4343
-4977
-5441
-5725
-5826
-5749
-5502
-5097
-4554
-3895
-3143
-2326
-1472
-609
236
1038
1773
2421
2965
3393
3697
3873
3922
3847
3660
3369
2992
2544
2045
1513
969
429
-85
-561
-984
-1343
-1631
-1841
-1974
-2029
-2012
-1928
-1787
-1600
-1378
-1134
-879
-628
-389
-173
9
157
262
326
347
329
279
202
106
0
-106
-202
-279
-329
-347
-326
-262
-157
-9
173
389
628
879
1134
1378
1600
1787
1928
2012
2029
1974
1841
1631
1343
984
561
85
-429
-969
-1513
-2045
-2544
-2992
-3369
-3660
-3847
-3922
-3873
-3697
-3393
-2965
-2421
-1773
-1038
-236
609
1472
2326
3143
3895
4554
5097
5502
5749
5826
5725
5441
4977
4343
3551
2623
1583
461
-711
-1898
-3064
-4169
-5178
-6058
-6776
-7306
-7624
-7717
-7577
-7197
-6586
-5758
-4731
-3532
-2195
-757
737
2246
3723
5119
6391
7497
8399
9063
9465
9586
9417
8957
8212
7202
5952
4493
2869
1124
-688
-2515
-4301
-5989
-7528
-8865
-9957
-10766
-11261
-11423
-11239
-10711
-9848
-8670
-7207
-5502
-3601
-1558
564
2705
4798
6778
8584
10157
11445
12407
13007
13219
13035
12452
11483
10151
8493
6552
4386
2056
-368
-2815
-5211
-7481
-9554
-11366
-12857
-13979
-14691
-14968
-14795
-14171
-13111
-11641
-9799
-7637
-5219
-2613
102
2848
5541
8096
10437
12489
14188
15475
16309
16660
16510
15860
14722
13128
11119
8751
6095
3226
229
-2805
-5787
-8624
-11230
-13522
-15430
-16890
-17853
-18287
-18173
-17509
-16309
-14606
-12445
-9887
-7008
-3889
-624
2688
5951
9063
11929
14462
16579
18215
19315
19842
19775
19110
17863
16066
13770
11038
7950
4598
1080
-2500
-6033
-9413
-12535
-15304
-17633
-19448
-20691
-21319
-21309
-20656
-19375
-17501
-15085
-12196
-8918
-5347
-1588
2243
6036
9674
13045
16048
18586
20583
21973
22710
22767
22139
20838
18901
16383
13353
9902
6129
2147
-1923
-5962
-9848
-13461
-16691
-19438
-21617
-23157
-24008
-24142
-23549
-22244
-20260
-17655
-14503
-10895
-6940
-2751
1542
5816
9937
13782
17233
20184
22544
24236
25209
25428
24882
23584
21570
18894
15638
11893
7770
3393
-1107
-5598
-9942
-14008
-17673
-20824
-23362
-25210
-26307
-26618
-26129
-24852
-22821
-20093
-16748
-12885
-8615
-4067
622
5314
9867
14143
18011
21355
24069
26072
27298
27707
27286
26041
24007
21243
17828
13866
9468
4768
-91
-4968
-9714
-14188
-18250
-21778
-24665
-26820
-28177
-28691
-28343
-27143
-25121
-22337
-18871
-14825
-10321
-5489
-476
4566
9490
14144
18389
22093
25146
27452
28940
29563
29298
28152
26156
23367
19867
15759
11166
6223
1079
-4112
-9196
-14016
-18430
-22301
-25513
-27967
-29586
-30321
-30146
-29063
-27106
-24327
-20810
-16660
-11997
-6963
-1707
3612
8837
13808
18376
22403
25766
28362
30112
30959
30880
29871
27963
25210
21694
17518
12807
7703
2356
-3072
-8420
-13524
-18232
-22402
-25906
-28638
-30515
-31478
-31497
-30571
-28722
-26009
-22510
-18328
-13589
-8433
-3017
2499
7949
13169
18001
22299
25934
28795
30795
31874
31995
31157
29381
26719
23253
19083
14335
9149
3684
-1898
-7431
-12746
-17685
-22098
-25852
-28835
-30953
-32144
-32372
-31626
-29931
-27335
-23915
-19775
-15037
-9843
-4350
1276
6871
12264
17291
21803
25664
28756
30988
32290
32623
31977
30370
27851
24493
20399
15690
10509
5010
-641
-6276
-11725
-16823
-21419
-25372
-28565
-30902
-32310
-32749
-32205
-30694
-28262
-24981
-20949
-16289
-11138
-5654
0
5654
11138
16289
20949
24981
28262
30694
32205
32749
32310
30902
28565
25372
21419
16823
11725
6276
641
-5010
-10509
-15690
-20399
-24493
-27851
-30370
-31977
-32623
-32290
-30988
-28756
-25664
-21803
-17291
-12264
-6871
-1276
4350
9843
15037
19775
23915
27335
29931
31626
32372
32144
30953
28835
25852
22098
17685
12746
7431
1898
-3684
-9149
-14335
-19083
-23253
-26719
-29381
-31157
-31995
-31874
-30795
-28795
-25934
-22299
-18001
-13169
-7949
-2499
3017
8433
13589
18328
22510
26009
28722
30571
31497
31478
30515
28638
25906
22402
18232
13524
8420
3072
-2356
-7703
-12807
-17518
-21694
-25210
-27963
-29871
-30880
-30959
-30112
-28362
-25766
-22403
-18376
-13808
-8837
-3612
1707
6963
11997
16660
20810
24327
27106
29063
30146
30321
29586
27967
25513
22301
18430
14016
9196
4112
-1079
-6223
-11166
-15759
-19867
-23367
-26156
-28152
-29298
-29563
-28940
-27452
-25146
-22093
-18389
-14144
-9490
-4566
476
5489
10321
14825
18871
22337
25121
27143
28343
28691
28177
26820
24665
21778
18250
14188
9714
4968
91
-4768
-9468
-13866
-17828
-21243
-24007
-26041
-27286
-27707
-27298
-26072
-24069
-21355
-18011
-14143
-9867
-5314
-622
4067
8615
12885
16748
20093
22821
24852
26129
26618
26307
25210
23362
20824
17673
14008
9942
5598
1107
-3393
-7770
-11893
-15638
-18894
-21570
-23584
-24882
-25428
-25209
-24236
-22544
-20184
-17233
-13782
-9937
-5816
-1542
2751
6940
10895
14503
17655
20260
22244
23549
24142
24008
23157
21617
19438
16691
13461
9848
5962
1923
-2147
-6129
-9902
-13353
-16383
-18901
-20838
-22139
-22767
-22710
-21973
-20583
-18586
-16048
-13045
-9674
-6036
-2243
1588
5347
8918
12196
15085
17501
19375
20656
21309
21319
20691
19448
17633
15304
12535
9413
6033
2500
-1080
-4598
-7950
-11038
-13770
-16066
-17863
-19110
-19775
-19842
-19315
-18215
-16579
-14462
-11929
-9063
-5951
-2688
624
3889
7008
9887
12445
14606
16309
17509
18173
18287
17853
16890
15430
13522
11230
8624
5787
2805
-229
-3226
-6095
-8751
-11119
-13128
-14722
-15860
-16510
-16660
-16309
-15475
-14188
-12489
-10437
-8096
-5541
-2848
-102
2613
5219
7637
9799
11641
13111
14171
14795
14968
14691
13979
12857
11366
9554
7481
5211
2815
368
-2056
-4386
-6552
-8493
-10151
-11483
-12452
-13035
-13219
-13007
-12407
-11445
-10157
-8584
-6778
-4798
-2705
-564
1558
3601
5502
7207
8670
9848
10711
11239
11423
11261
10766
9957
8865
7528
5989
4301
2515
688
-1124
-2869
-4493
-5952
-7202
-8212
-8957
-9417
-9586
-9465
-9063
-8399
-7497
-6391
-5119
-3723
-2246
-737
757
2195
3532
4731
5758
6586
7197
7577
7717
7624
7306
6776
6058
5178
4169
3064
1898
711
-461
-1583
-2623
-3551
-4343
-4977
-5441
-5725
-5826
-5749
-5502
-5097
-4554
-3895
-3143
-2326
-1472
-609
236
1038
1773
2421
2965
3393
3697
3873
3922
3847
3660
3369
2992
2544
2045
1513
969
429
-85
-561
-984
-1343
-1631
-1841
-1974
-2029
-2012
-1928
-1787
-1600
-1378
-1134
-879
-628
-389
-173
9
157
262
326
347
329
279
202
106
0
-106
-202
-279
-329
-347
-326
-262
-157
-9
173
389
628
879
1134
1378
1600
1787
1928
2012
2029
1974
1841
1631
1343
984
561
85
-429
-969
-1513
-2045
-2544
-2992
-3369
-3660
-3847
-3922
-3873
-3697
-3393
-2965
-2421
-1773
-1038
-236
609
1472
2326
3143
3895
4554
5097
5502
5749
5826
5725
5441
4977
4343
3551
2623
1583
461
-711
-1898
-3064
-4169
-5178
-6058
-6776
-7306
-7624
-7717
-7577
-7197
-6586
-5758
-4731
-3532
-2195
-757
737
2246
3723
5119
6391
7497
8399
9063
9465
9586
9417
8957
8212
7202
5952
4493
2869
1124
-688
-2515
-4301
-5989
-7528
-8865
-9957
-10766
-11261
-11423
-11239
-10711
-9848
-8670
-7207
-5502
-3601
-1558
564
2705
4798
6778
8584
10157
11445
12407
13007
13219
13035
12452
11483
10151
8493
6552
4386
2056
-368
-2815
-5211
-7481
-9554
-11366
-12857
-13979
-14691
-14968
-14795
-14171
-13111
-11641
-9799
-7637
-5219
-2613
102
2848
5541
8096
10437
12489
14188
15475
16309
16660
16510
15860
14722
13128
11119
8751
6095
3226
229
-2805
-5787
-8624
-11230
-13522
-15430
-16890
-17853
-18287
-18173
-17509
-16309
-14606
-12445
-9887
-7008
-3889
-624
2688
5951
9063
11929
14462
16579
18215
19315
19842
19775
19110
17863
16066
13770
11038
7950
4598
1080
-2500
-6033
-9413
-12535
-15304
-17633
-19448
-20691
-21319
-21309
-20656
-19375
-17501
-15085
-12196
-8918
-5347
-1588
2243
6036
9674
13045
16048
18586
20583
21973
22710
22767
22139
20838
18901
16383
13353
9902
6129
2147
-1923
-5962
-9848
-13461
-16691
-19438
-21617
-23157
-24008
-24142
-23549
-22244
-20260
-17655
-14503
-10895
-6940
-2751
1542
5816
9937
13782
17233
20184
22544
24236
25209
25428
24882
23584
21570
18894
15638
11893
7770
3393
-1107
-5598
-9942
-14008
-17673
-20824
-23362
-25210
-26307
-26618
-26129
-24852
-22821
-20093
-16748
-12885
-8615
-4067
622
5314
9867
14143
18011
21355
24069
26072
27298
27707
27286
26041
24007
21243
17828
13866
9468
4768
-91
-4968
-9714
-14188
-18250
-21778
-24665
-26820
-28177
-28691
-28343
-27143
-25121
-22337
-18871
-14825
-10321
-5489
-476
4566
9490
14144
18389
22093
25146
27452
28940
29563
29298
28152
26156
23367
19867
15759
11166
6223
1079
-4112
-9196
-14016
-18430
-22301
-25513
-27967
-29586
-30321
-30146
-29063
-27106
-24327
-20810
-16660
-11997
-6963
-1707
3612
8837
13808
18376
22403
25766
28362
30112
30959
30880
29871
27963
25210
21694
17518
12807
7703
2356
-3072
-8420
-13524
-18232
-22402
-25906
-28638
-30515
-31478
-31497
-30571
-28722
-26009
-22510
-18328
-13589
-8433
-3017
2499
7949
13169
18001
22299
25934
28795
30795
31874
31995
31157
29381
26719
23253
19083
14335
9149
3684
-1898
-7431
-12746
-17685
-22098
-25852
-28835
-30953
-32144
-32372
-31626
-29931
-27335
-23915
-19775
-15037
-9843
-4350
1276
6871
12264
17291
21803
25664
28756
30988
32290
32623
31977
30370
27851
24493
20399
15690
10509
5010
-641
-6276
-11725
-16823
-21419
-25372
-28565
-30902
-32310
-32749
-32205
-30694
-28262
-24981
-20949
-16289
-11138
-5654
