0
4278
8485
12550
16402
19973
23203
26035
28419
30314
31684
32507
32766
32456
31581
30156
28203
25758
22860
19561
15917
11991
7852
3573
-771
-5106
-9352
-13436
-17284
-20829
-24006
-26759
-29038
-30801
-32015
-32660
-32720
-32196
-31094
-29434
-27244
-24563
-21439
-17925
-14087
-9991
-5712
-1327
3083
7441
11667
15683
19415
22796
25762
28259
30239
31667
32514
32764
32412
31462
29931
27847
25247
22178
18696
14865
10755
6443
2009
-2465
-6896
-11201
-15299
-19113
-22570
-25606
-28162
-30190
-31650
-32514
-32764
-32394
-31411
-29832
-27686
-25012
-21861
-18292
-14372
-10175
-5781
-1274
3259
7733
12062
16161
19951
23359
26318
28771
30668
31973
32659
32711
32127
30919
29107
26727
23823
20452
16679
12577
8226
3711
-879
-5455
-9926
-14204
-18204
-21846
-25058
-27775
-29942
-31516
-32464
-32766
-32415
-31417
-29790
-27567
-24790
-21514
-17805
-13736
-9388
-4849
-209
4437
8997
13377
17489
21248
24578
27411
29687
31359
32393
32765
32468
31507
29899
27676
24884
21579
17828
13707
9301
4700
0
-4703
-9311
-13729
-17864
-21629
-24947
-27746
-29968
-31566
-32503
-32761
-32332
-31225
-29460
-27076
-24119
-20653
-16748
-12488
-7961
-3263
1506
6246
10856
15238
19298
22949
26112
28719
30713
32051
32702
32651
31900
30461
28366
25658
22395
18646
14492
10022
5332
524
-4298
-9029
-13567
-17811
-21669
-25055
-27896
-30127
-31699
-32577
-32739
-32182
-30916
-28967
-26379
-23206
-19519
-15397
-10932
-6222
-1372
3511
8320
12945
17284
21240
24723
27655
29968
31611
32545
32748
32214
30954
28995
26381
23169
19431
15252
10724
5950
1038
-3899
-8751
-13405
-17757
-21705
-25159
-28038
-30277
-31822
-32637
-32702
-32014
-30588
-28456
-25665
-22280
-18377
-14047
-9388
-4509
477
5455
10308
14924
19194
23018
26305
28979
30974
32243
32756
32498
31476
29711
27244
24133
20449
16280
11722
6884
1880
-3170
-8148
-12935
-17416
-21484
-25041
-28000
-30291
-31856
-32659
-32677
-31909
-30373
-28105
-25157
-21600
-17520
-13013
-8189
-3163
1941
7001
11893
16499
20705
24407
27516
29953
31659
32589
32721
32049
30590
28377
25463
21921
17836
13307
8448
3377
-1780
-6896
-11843
-16499
-20746
-24479
-27603
-30040
-31727
-32621
-32699
-31957
-30413
-28105
-25088
-21439
-17247
-12618
-7668
-2522
2689
7836
12787
17416
21605
25247
28248
30530
32035
32723
32574
31592
29801
27244
23987
20112
15718
10917
5832
595
-4660
-9798
-14685
-19194
-23208
-26622
-29345
-31307
-32455
-32757
-32206
-30813
-28614
-25665
-22043
-17841
-13169
-8148
-2911
2405
7661
12717
17440
21705
25397
28419
30689
32146
32750
32483
31352
29385
26633
23169
19084
14487
9500
4255
-1105
-6439
-11603
-16457
-20870
-24723
-27911
-30346
-31961
-32712
-32578
-31559
-29684
-27001
-23582
-19519
-14922
-9916
-4636
771
6162
11386
16301
20770
24671
27896
30354
31977
32719
32558
31498
29565
26813
23317
19172
14492
9407
4058
-1405
-6833
-12073
-16978
-21411
-25247
-28377
-30713
-32188
-32760
-32410
-31148
-29007
-26047
-22351
-18021
-13179
-7961
-2516
3003
8440
13640
18454
22745
26389
29282
31340
32503
32737
32033
30409
27913
24613
20604
16000
10932
5547
0
-5550
-10942
-16021
-20637
-24657
-27963
-30458
-32068
-32745
-32468
-31244
-29107
-26118
-22364
-17952
-13013
-7689
-2137
3479
8997
14252
19090
23367
26955
29748
31662
32640
32650
31691
29790
27003
23411
19119
14256
8965
3403
-2262
-7862
-13230
-18204
-22633
-26385
-29345
-31423
-32556
-32707
-31871
-30072
-27362
-23823
-19561
-14703
-9397
-3803
1908
7565
12994
18030
22517
26318
29316
31419
32559
32702
31841
30001
27238
23635
19302
14372
8996
3339
-2422
-8112
-13553
-18577
-23026
-26761
-29667
-31650
-32648
-32629
-31591
-29565
-26615
-22829
-18327
-13249
-7752
-2009
3799
9491
14886
19815
24120
27666
30338
32052
32751
32412
31044
28690
25423
21345
16586
11295
5642
-193
-6025
-11667
-16938
-21669
-25706
-28920
-31206
-32489
-32726
-31909
-30063
-27244
-23544
-19081
-13998
-8460
-2644
3259
9060
14569
19606
24006
27626
30346
32075
32756
32366
30916
28451
25051
20827
15917
10480
4696
-1244
-7147
-12817
-18065
-22719
-26622
-29644
-31684
-32674
-32578
-31398
-29173
-25975
-21909
-17110
-11737
-5969
0
5972
11747
17130
21941
26016
29217
31436
32596
32657
31615
29504
26395
22390
17625
12260
6476
470
-5554
-11392
-16845
-21726
-25867
-29127
-31393
-32585
-32662
-31619
-29491
-26349
-22301
-17483
-12062
-6222
-166
5898
11762
17222
22088
26191
29387
31566
32648
32597
31411
29131
25835
21636
16679
11138
5205
-912
-7001
-12847
-18244
-23003
-26955
-29960
-31912
-32739
-32412
-30940
-28374
-24803
-20353
-15179
-9465
-3413
2763
8843
14612
19863
24407
28083
30758
32334
32755
32003
30103
27124
23169
18381
12929
7010
836
-5370
-11386
-16993
-21989
-26191
-29446
-31636
-32680
-32538
-31214
-28754
-25247
-20819
-15630
-9868
-3744
2518
8692
14551
19879
24480
28184
30855
32393
32739
31880
29845
26709
22585
17625
12011
5950
-333
-6607
-12639
-18204
-23094
-27128
-30152
-32055
-32763
-32248
-30528
-27666
-23767
-18976
-13473
-7461
-1167
5173
11322
17047
22132
26385
29644
31785
32724
32427
30901
28203
24435
19738
14288
8294
1981
-4409
-10635
-16457
-21654
-26025
-29402
-31656
-32697
-32485
-31027
-28377
-24634
-19943
-14481
-8460
-2109
4324
10594
16457
21686
26077
29459
31699
32710
32451
30929
28203
24378
19601
14056
7961
1552
-4919
-11201
-17047
-22227
-26537
-29806
-31906
-32751
-32307
-30590
-27666
-23648
-18696
-13002
-6791
-309
6187
12441
18204
23246
27366
30398
32222
32762
31995
29951
26709
22398
17189
11289
4935
-1619
-8112
-14281
-19879
-24678
-28486
-31147
-32552
-32643
-31416
-28917
-25247
-20553
-15023
-8882
-2378
4225
10659
16662
21989
26421
29777
31918
32756
32254
30432
27362
23169
18024
12137
5748
-879
-7473
-13762
-19485
-24407
-28323
-31070
-32533
-32650
-31414
-28875
-25136
-20353
-14721
-8475
-1874
4807
11292
17307
22602
26955
30182
32146
32765
32010
29911
26556
22083
16679
10571
4016
-2711
-9326
-15551
-21121
-25799
-29387
-31732
-32732
-32344
-30582
-27520
-23286
-18060
-12062
-5547
1206
7911
14280
20041
24947
28786
31393
32653
32513
30975
28105
24024
18906
12972
6476
-301
-7069
-13534
-19415
-24458
-28443
-31196
-32596
-32580
-31148
-28360
-24336
-19250
-13322
-6811
0
6813
13332
19269
24364
28393
31178
32594
32578
31129
28309
24241
19103
13120
6555
-301
-7147
-13680
-19609
-24671
-28641
-31340
-32648
-32505
-30916
-27948
-23735
-18460
-12360
-5706
1206
8067
14569
20421
25359
29162
31656
32728
32328
30473
27244
22786
17298
11027
4255
-2711
-9557
-15974
-21669
-26383
-29901
-32062
-32766
-31979
-29736
-26137
-21345
-15577
-9095
-2195
4807
11593
17850
23291
27666
30771
32464
32665
31362
28614
24546
19345
13249
6538
-477
-7473
-14125
-20126
-25196
-29098
-31650
-32732
-32292
-30349
-26991
-22374
-16712
-10266
-3339
3746
10659
17076
22694
27251
30530
32377
32702
31489
28793
24740
19519
13375
6597
-494
-7565
-14281
-20323
-25404
-29282
-31772
-32753
-32178
-30072
-26533
-21729
-15887
-9285
-2238
4919
11843
18204
23695
28052
31066
32589
32548
30942
27847
23411
17845
11416
4435
-2763
-9830
-16425
-22227
-26955
-30378
-32330
-32713
-31507
-28769
-24631
-19293
-13013
-6096
1120
8285
15047
21076
26077
29802
32068
32763
31850
29372
25451
20276
14101
7230
0
-7232
-14111
-20295
-25478
-29402
-31872
-32764
-32033
-29711
-25913
-20827
-14703
-7845
-595
6688
13640
19914
25196
29220
31785
32759
32093
29819
26047
20967
14832
7950
664
-6656
-13645
-19948
-25247
-29273
-31822
-32763
-32046
-29706
-25861
-20703
-14492
-7543
-209
7138
14125
20396
25629
29557
31977
32766
31880
29363
25342
20022
13674
6622
-771
-8129
-15071
-21240
-26318
-30042
-32219
-32734
-31559
-28754
-24461
-18901
-12360
-5177
2276
9615
16457
22447
27271
30678
32489
32608
31026
27825
23169
17302
10527
3199
-4298
-11573
-18244
-23960
-28419
-31387
-32705
-32302
-30198
-26501
-21406
-15179
-8148
-684
6817
13962
20369
25700
29668
32064
32757
31710
28975
24698
19103
12488
5205
-2358
-9798
-16717
-22745
-27557
-30894
-32577
-32513
-30703
-27244
-22319
-16192
-9191
-1693
5898
13175
19743
25247
29388
31941
32765
31816
29141
24884
19276
12618
5272
-2362
-9871
-16845
-22903
-27714
-31014
-32621
-32445
-30495
-26875
-21781
-15492
-8351
-749
6896
14165
20658
26016
29942
32220
32721
31417
28377
23767
17841
10926
3403
-4310
-11787
-18613
-24407
-28847
-31684
-32759
-32010
-29476
-25298
-19707
-13013
-5590
2148
9769
16845
22980
27828
31116
32659
32366
30254
26438
21133
14635
7310
-430
-8148
-15409
-21801
-26962
-30598
-32502
-32563
-30778
-27244
-22162
-15818
-8572
-836
6950
14343
20920
26305
30190
32350
32661
31103
27762
22829
16586
9388
1649
-6187
-13670
-20369
-25898
-29936
-32249
-32702
-31267
-28024
-23161
-16955
-9766
-2009
5867
13405
20168
25762
29860
32222
32709
31291
28049
23169
16936
9711
1916
-5992
-13553
-20323
-25904
-29968
-32275
-32687
-31179
-27837
-22855
-16527
-9222
-1372
6562
14111
20829
26318
30252
32397
32623
30916
27374
22206
15718
8294
373
-7571
-15067
-21669
-26980
-30683
-32556
-32483
-30469
-26631
-21197
-14492
-6916
1077
9009
16402
22811
27851
31216
32702
32218
29790
25564
19793
12824
5078
-2978
-10856
-18080
-24210
-28873
-31785
-32766
-31757
-28816
-24119
-17952
-10689
-2772
5316
13083
20053
25799
29968
32304
32662
31017
27469
22233
15630
8064
0
-8067
-15639
-22251
-27492
-31038
-32669
-32282
-29899
-25665
-19840
-12785
-4935
3223
11185
18454
24578
29176
31960
32754
31507
28295
23317
16881
9388
1306
-6859
-14599
-21426
-26913
-30713
-32587
-32415
-30206
-26096
-20343
-13307
-5431
2789
10837
18204
24423
29100
31937
32755
31498
28244
23199
16679
9099
938
-7285
-15047
-21854
-27271
-30951
-32659
-32282
-29844
-25497
-19519
-12290
-4271
4023
12062
19330
25359
29762
32252
32670
30984
27303
21861
15008
7184
-1105
-9326
-16947
-23474
-28484
-31650
-32766
-31757
-28687
-23753
-17274
-9670
-1435
6896
14781
21705
27215
30951
32666
32248
29720
25247
19119
11737
3583
-4807
-12886
-20121
-26035
-30239
-32455
-32534
-30469
-26395
-20578
-13400
-5336
3083
11302
18775
25007
29584
32200
32681
30992
27244
21684
14679
6695
-1736
-10055
-17706
-24178
-29038
-31959
-32744
-31340
-27837
-22468
-15592
-7668
771
9163
16942
23583
28641
31772
32764
31548
28203
22955
16155
8261
-193
-8637
-16499
-23246
-28419
-31667
-32766
-31641
-28366
-23161
-16378
-8479
0
8482
16388
23178
28387
31659
32766
31633
28334
23092
16267
8323
-193
-8699
-16610
-23382
-28547
-31748
-32764
-31521
-28105
-22748
-15818
-7793
771
9287
17161
23850
28887
31923
32744
31292
27666
22114
15023
6884
-1736
-10238
-18030
-24565
-29387
-32158
-32681
-30919
-26991
-21173
-13868
-5590
3083
11543
19194
25499
30012
32414
32534
30361
26047
19895
12336
3903
-4807
-13181
-20625
-26610
-30711
-32637
-32248
-29569
-24790
-18247
-10405
-1820
6896
15124
22277
27843
31423
32760
31757
28483
23169
16196
8060
-655
-9326
-17331
-24094
-29127
-32068
-32703
-30984
-27033
-21133
-13707
-5289
3511
12062
19743
25999
30374
32552
32371
29844
25150
18630
10754
2094
-6719
-15047
-22282
-27896
-31478
-32765
-31661
-28244
-22763
-15616
-7324
1506
10228
18204
24847
29668
32313
32585
30461
26096
19809
12062
3423
-5469
-13962
-21426
-27310
-31178
-32740
-31881
-28661
-23317
-16242
-7961
912
9721
17811
24578
29519
32265
32608
30520
26157
19840
12041
3339
-5613
-14150
-21629
-27492
-31296
-32755
-31758
-28377
-22863
-15630
-7219
1736
10564
18599
25234
29968
32443
32468
30041
25342
18725
10689
1842
-7147
-15598
-22868
-28404
-31785
-32751
-31227
-27327
-21345
-13736
-5078
3969
12717
20496
26712
30887
32702
32014
28875
23522
16364
7950
-1077
-10024
-18204
-24986
-29848
-32414
-32483
-30050
-25298
-18593
-10451
-1499
7571
16058
23305
28750
31969
32711
30916
26720
20449
12587
3744
-5391
-14111
-21734
-27666
-31442
-32766
-31533
-27837
-21964
-14372
-5653
3510
12401
20323
26654
30894
32710
31957
28692
23169
15822
7226
-1941
-10958
-19113
-25762
-30378
-32596
-32237
-29328
-24096
-16955
-8469
691
9799
18132
25028
29936
32465
32412
29778
24772
17791
9388
234
-8940
-17404
-24479
-29598
-32350
-32513
-30072
-25219
-18342
-9991
-836
8388
16942
24135
29387
32275
32563
30226
25451
18620
10283
1113
-8148
-16754
-24006
-29316
-32252
-32574
-30254
-25477
-18630
-10266
-1066
8222
16845
24098
29390
32286
32549
30156
25298
18372
9941
695
-8610
-17213
-24407
-29603
-32371
-32482
-29925
-24908
-17841
-9305
0
9307
17850
24924
29942
32491
32356
29546
24293
17028
8351
-1019
-10308
-18745
-25629
-30386
-32621
-32145
-28995
-23432
-15917
-7073
2362
11603
19879
26497
30903
32728
31816
28241
22301
14491
5464
-4023
-13175
-21224
-27492
-31451
-32766
-31324
-27244
-20868
-12732
-3519
5992
15001
22745
28568
31977
32682
30619
25962
19103
10622
1238
-8253
-17047
-24394
-29668
-32420
-32412
-29643
-24347
-16973
-8148
1373
10781
19269
26112
30723
32705
31886
28334
22351
14449
5304
-4298
-13534
-21608
-27826
-31650
-32749
-31026
-26627
-19930
-11510
-2094
7504
16457
23989
29446
32355
32460
29752
24461
17046
8148
-1459
-10942
-19477
-26318
-30870
-32732
-31742
-27983
-21780
-13674
-4371
5316
14541
22496
28484
31977
32669
30495
25645
18541
9807
209
-9410
-18204
-25397
-30356
-32640
-32046
-28625
-22675
-14721
-5464
4278
13645
21806
28038
31787
32719
30748
26047
19032
10324
695
-8997
-17892
-25196
-30256
-32621
-32077
-28669
-22701
-14703
-5389
4409
13816
21989
28193
31872
32694
30582
25725
18555
9715
0
-9718
-18563
-25739
-30598
-32699
-31850
-28126
-21861
-13619
-4144
5708
15047
23026
28920
32194
32549
29951
24631
17073
7961
-1876
-11547
-20168
-26955
-31287
-32766
-31257
-26894
-20073
-11416
-1713
8148
17267
24807
30076
32589
32113
28690
22632
14492
5018
-4919
-14407
-22570
-28657
-32104
-32591
-30072
-24775
-17189
-8012
1907
11653
20323
27113
31393
32763
31094
26539
19519
10683
852
-9060
-18132
-25519
-30530
-32697
-31816
-27965
-21503
-13031
-3339
6667
16052
23938
29584
32459
32292
29097
23169
15065
5543
-4501
-14125
-22423
-28612
-32108
-32578
-29977
-24546
-16798
-7461
2582
12385
21019
27666
31694
32721
30647
25665
18247
9095
-923
-10856
-19760
-26786
-31264
-32766
-31146
-26556
-19431
-10451
-470
9557
18675
26008
30855
32749
31507
27244
20368
11537
1595
-8501
-17784
-25359
-30497
-32702
-31758
-27754
-21074
-12360
-2451
7696
17103
24860
30215
32648
31922
28105
21563
12929
3039
-7147
-16643
-24525
-30025
-32607
-32016
-28309
-21844
-13249
-3359
6859
16412
24364
29939
32588
32050
28377
21924
13322
3413
-6833
-16412
-24382
-29960
-32596
-32028
-28309
-21804
-13150
-3199
7069
16643
24578
30089
32630
31946
28105
21482
12732
2719
-7565
-17103
-24947
-30318
-32680
-31797
-27754
-20951
-12062
-1970
8320
17784
25478
30633
32732
31565
27244
20200
11134
952
-9326
-18675
-26154
-31014
-32765
-31228
-26556
-19215
-9941
333
10578
19760
26955
31436
32749
30759
25665
17979
8475
-1887
-12062
-21019
-27851
-31864
-32650
-30126
-24546
-16475
-6728
3703
13762
22423
28806
32258
32427
29291
23169
14683
4696
-5772
-15653
-23938
-29777
-32571
-32033
-28214
-21503
-12587
-2378
8077
17706
25519
30711
32748
31416
26850
19519
10175
-219
-10594
-19879
-27113
-31549
-32726
-30520
-25157
-17189
-7439
3083
13289
22119
28657
32222
32441
29289
23092
14492
4381
-6187
-16114
-24364
-30076
-32652
-31820
-27666
-20619
-11416
-1017
9491
19008
26537
31287
32757
30792
25595
17709
7961
-2625
-12939
-21894
-28547
-32194
-32451
-29286
-23032
-14346
-4144
6498
16457
24678
30291
32699
31644
27238
19943
10531
0
-10533
-19951
-27251
-31656
-32694
-30254
-24592
-16309
-6286
4409
14637
23305
29487
32519
32077
28203
21312
12137
1660
-8997
-18692
-26385
-31248
-32757
-30748
-25434
-17383
-7461
3266
13645
22556
29038
32390
32248
28625
21909
12824
2351
-8378
-18204
-26061
-31098
-32765
-30880
-25645
-17625
-7689
3083
13524
22496
29023
32393
32235
28565
21780
12618
2077
-8692
-18516
-26318
-31245
-32755
-30681
-25247
-17046
-6975
3863
14280
23132
29446
32527
32033
28015
20915
11510
836
-9932
-19609
-27125
-31650
-32682
-30103
-24198
-15616
-5304
5596
15880
24407
30232
32705
31550
26894
19250
9465
-1373
-12062
-21411
-28379
-32188
-32412
-29022
-22395
-13267
-2656
8253
18244
26197
31222
32754
30619
25054
16679
6433
-4537
-15001
-23783
-29895
-32648
-31731
-27244
-19690
-9916
976
11762
21224
28293
32170
32415
28997
22301
13080
2378
-8595
-18599
-26497
-31393
-32729
-30352
-24528
-15917
-5494
5554
15974
24578
30386
32734
31352
26395
18425
8351
-2679
-13405
-22602
-29217
-32491
-32046
-27932
-20616
-10936
0
10939
20625
27944
32055
32482
29173
22507
13249
2462
-8610
-18692
-26622
-31481
-32707
-30156
-24119
-15293
-4696
6446
16845
25296
30817
32766
30916
25477
17079
6695
-4468
-15115
-24006
-30106
-32702
-31489
-26606
-18620
-8460
2689
13528
22788
29387
32552
31909
27532
19930
9991
-1120
-12103
-21669
-28693
-32350
-32208
-28280
-21025
-11295
-234
10856
20671
28052
32127
32412
28871
21921
12379
1372
-9799
-19815
-27487
-31906
-32545
-29328
-22632
-13249
-2291
8940
19113
27016
31708
32629
29666
23169
13911
2992
-8285
-18577
-26654
-31549
-32677
-29899
-23544
-14372
-3477
7836
18214
26411
31442
32702
30037
23764
14635
3744
-7598
-18030
-26293
-31393
-32711
-30086
-23833
-14703
-3796
7571
18026
26305
31405
32707
30050
23753
14577
3632
-7754
-18204
-26446
-31479
-32688
-29925
-23522
-14256
-3253
8148
18560
26712
31608
32650
29706
23135
13736
2656
-8751
-19090
-27095
-31785
-32581
-29385
-22585
-13013
-1842
9557
19786
27585
31994
32468
28947
21861
12081
809
-10564
-20637
-28166
-32219
-32293
-28377
-20951
-10932
440
11762
21629
28819
32437
32033
27653
19840
9561
-1907
-13142
-22745
-29519
-32621
-31661
-26755
-18514
-7961
3586
14689
23960
30239
32740
31148
25658
16955
6128
-5469
-16384
-25247
-30944
-32759
-30461
-24336
-15151
-4058
7546
18204
26572
31595
32638
29565
22763
13087
1756
-9798
-20118
-27896
-32148
-32332
-28424
-20915
-10754
771
12203
22088
29171
32552
31797
27001
18769
8148
-3511
-14727
-24069
-30346
-32754
-30984
-25260
-16309
-5272
6439
17331
26008
31359
32696
29845
23169
13521
2137
-9523
-19964
-27843
-32146
-32318
-28334
-20703
-10405
1234
12717
22564
29503
32637
31559
26407
17841
6968
-4807
-15965
-25058
-30909
-32757
-30361
-24028
-14577
-3233
8533
19194
27364
31977
32433
28669
21173
10917
-762
-12345
-22321
-29387
-32619
-31592
-26438
-17828
-6884
4961
16161
25247
31028
32744
30168
23635
13998
2522
-9287
-19879
-27860
-32179
-32265
-28105
-20242
-9711
2101
13640
23382
30040
32733
31103
25362
16267
5018
-6896
-17901
-26537
-31659
-32585
-29190
-21921
-11741
0
11743
21929
29201
32589
31641
26480
17791
6728
-5233
-16499
-25566
-31222
-32709
-29826
-22955
-13013
-1327
10537
20994
28641
32450
31909
27088
18630
7668
-4324
-15739
-25041
-30976
-32744
-30105
-23411
-13561
-1880
10055
20637
28436
32397
31982
27244
18822
7852
-4182
-15653
-25007
-30974
-32743
-30072
-23319
-13400
-1660
10308
20879
28612
32455
31881
26966
18377
7282
-4807
-16245
-25468
-31216
-32702
-29720
-22675
-12528
-664
11292
21705
29147
32596
31576
26225
17274
5950
-6193
-17489
-26383
-31650
-32564
-28995
-21433
-10917
1105
12978
23064
29968
32737
30984
24950
15465
3839
-8320
-19330
-27666
-32170
-32217
-27796
-19519
-8531
3643
15314
24860
30951
32739
29972
23032
12884
938
-11141
-21669
-29176
-32613
-31498
-25982
-16835
-5332
6918
18204
26944
31912
32410
28366
20343
9465
-2743
-14569
-24351
-30713
-32759
-30198
-23387
-13283
-1306
10856
21492
29100
32604
31507
25962
16748
5166
-7147
-18454
-27152
-32008
-32332
-28076
-19840
-8789
3510
15314
24947
31038
32720
29752
22551
12140
0
-12143
-22559
-29762
-32723
-31017
-24884
-15198
-3339
8998
20053
28242
32393
31908
26854
17952
6476
-5930
-17489
-26541
-31785
-32465
-28481
-20402
-9388
2978
14918
24714
30951
32730
29790
22554
12062
-172
-12385
-22811
-29942
-32746
-30813
-24421
-14492
-2462
9926
20879
28806
32556
31581
26021
16679
4912
-7571
-18956
-27585
-32200
-32127
-27374
-18630
-7167
5342
17076
26318
31719
32485
28504
20353
9222
-3259
-15267
-25041
-31147
-32687
-29434
-21861
-11077
1334
13553
23783
30517
32764
30189
23169
12736
423
-11953
-22570
-29860
-32743
-30792
-24293
-14202
-2009
10483
21426
29201
32652
31267
25247
15482
3419
-9153
-20369
-28563
-32514
-31633
-26047
-16586
-4654
7973
19415
27967
32350
31910
26709
17520
5712
-6950
-18577
-27428
-32179
-32116
-27244
-18292
-6597
6088
17864
26962
32015
32263
27666
18910
7310
-5391
-17284
-26579
-31872
-32366
-27983
-19380
-7852
4862
16845
26287
31760
32433
28203
19707
8226
-4501
-16550
-26094
-31684
-32472
-28334
-19895
-8434
4310
16402
26003
31651
32486
28377
19946
8475
-4288
-16402
-26016
-31662
-32478
-28334
-19861
-8351
4437
16550
26133
31717
32445
28203
19638
8060
-4756
-16845
-26351
-31812
-32386
-27983
-19276
-7602
5243
17284
26666
31941
32293
27666
18769
6975
-5898
-17864
-27071
-32095
-32157
-27244
-18113
-6176
6719
18577
27557
32265
31968
26709
17302
5205
-7702
-19415
-28111
-32434
-31710
-26047
-16326
-4058
8843
20369
28719
32588
31368
25247
15179
2736
-10137
-21426
-29364
-32705
-30922
-24293
-13853
-1238
11573
22570
30025
32764
30353
23169
12339
-434
-13142
-23783
-30678
-32739
-29638
-21861
-10632
2276
14829
25041
31296
32604
28754
20353
8727
-4282
-16616
-26318
-31849
-32328
-27676
-18630
-6622
6439
18480
27585
32302
31880
26381
16679
4318
-8734
-20396
-28806
-32620
-31227
-24845
-14492
-1820
11144
22329
29942
32763
30335
23047
12062
-859
-13645
-24243
-30951
-32688
-29173
-20967
-9388
3703
16202
26094
31785
32354
27709
18593
6476
-6688
-18775
-27832
-32393
-31718
-25913
-15915
-3339
9779
21317
29402
32723
30737
23764
12933
0
-12935
-23772
-30745
-32720
-29372
-21243
-9654
3510
16105
26077
31798
32332
27590
18342
6096
-7147
-19226
-28162
-32493
-31507
-25362
-15061
-2291
10856
22227
29953
32765
30198
22670
11416
-1716
-14569
-25028
-31370
-32548
-28366
-19509
-7435
5867
18204
27539
32330
31782
25982
15887
3163
-10086
-21669
-29667
-32753
-30413
-23032
-11831
1334
14281
24860
31312
32563
28403
19519
7387
-5976
-18347
-27666
-32377
-31693
-25725
-15465
-2622
10659
22164
29968
32766
30086
22374
10917
-2369
-15261
-25599
-31650
-32396
-27709
-18372
-5950
7473
19643
28516
32596
31195
24546
13765
664
-12550
-23653
-30771
-32702
-29116
-20616
-8634
4807
17440
27128
32230
31881
26137
15968
3092
-10308
-21966
-29901
-32766
-30072
-22272
-10689
2711
15653
25937
31812
32275
27244
17574
4908
-8595
-20637
-29162
-32712
-30681
-23411
-12140
1206
14349
25041
31451
32480
27948
18630
6117
-7445
-19735
-28641
-32634
-31026
-24089
-13013
301
13567
24501
31222
32570
28309
19172
6728
-6876
-19298
-28393
-32589
-31159
-24347
-13326
0
13328
24354
31166
32585
28360
19220
6748
-6896
-19347
-28443
-32604
-31103
-24198
-13087
301
13640
24608
31294
32533
28105
18778
6176
-7504
-19879
-28786
-32669
-30847
-23635
-12290
1206
14493
25247
31583
32389
27520
17828
5008
-8692
-20870
-29387
-32745
-30352
-22624
-10917
2711
15865
26229
31977
32094
26556
16335
3233
-10442
-22277
-30182
-32757
-29546
-21112
-8944
4807
17712
27483
32390
31559
25136
14256
845
-12717
-24026
-31070
-32598
-28334
-19032
-6345
7473
19964
28903
32697
30666
23169
11540
-2148
-15456
-26008
-31918
-32127
-26596
-16309
-3103
10659
22517
30346
32741
29270
20553
8148
-5719
-18563
-28078
-32552
-31179
-24202
-12874
771
14281
25223
31625
32332
27214
17189
4062
-9798
-21894
-30040
-32762
-29565
-21025
-8682
5233
18204
27882
32514
31257
24336
13002
-691
-14262
-25247
-31650
-32307
-27094
-16955
-3732
10171
22227
30239
32747
29289
20494
7961
-6025
-18915
-28356
-32621
-30929
-23586
-11931
1907
15400
26077
31982
32033
26215
15592
2109
-11762
-23479
-30889
-32629
-28377
-18910
-5966
8077
20637
29402
32756
30080
21861
9613
-4409
-17621
-27585
-32459
-31342
-24435
-13013
816
14497
25499
31785
32188
26631
16140
2656
-11322
-23203
-30782
-32650
-28456
-18976
-5969
8148
20755
29503
32763
29925
21514
9095
-5021
-18204
-27995
-32564
-31058
-23753
-12011
1977
15598
26305
32095
31880
25698
14703
952
-12978
-24480
-31393
-32418
-27360
-17165
-3744
10381
22559
30497
32702
28754
19394
6380
-7836
-20580
-29446
-32762
-29899
-21393
-8847
5370
18577
28275
32630
30814
23169
11138
-3003
-16579
-27016
-32334
-31523
-24733
-13249
751
14612
25700
31906
32048
26096
15179
1372
-12698
-24354
-31371
-32412
-27273
-16932
-3359
10856
23003
30758
32638
28280
18514
5205
-9101
-21669
-30089
-32747
-29131
-19930
-6905
7445
20371
29387
32762
29844
21189
8460
-5898
-19125
-28673
-32702
-30433
-22301
-9868
4468
17946
27963
32585
30916
23274
11134
-3159
-16845
-27275
-32428
-31305
-24119
-12260
1977
15833
26622
32247
31615
24845
13249
-923
-14918
-26016
-32055
-31858
-25461
-14105
0
14107
25468
31864
32046
25975
14832
792
-13405
-24986
-31684
-32188
-26395
-15435
-1452
12817
24578
31525
32292
26727
15917
1981
-12345
-24250
-31393
-32366
-26976
-16280
-2378
11993
24006
31293
32415
27148
16527
2644
-11762
-23850
-31230
-32442
-27244
-16660
-2779
11653
23783
31206
32451
27267
16679
2783
-11667
-23806
-31222
-32441
-27217
-16586
-2656
11803
23919
31277
32412
27094
16378
2398
-12062
-24120
-31370
-32361
-26894
-16056
-2009
12441
24407
31496
32285
26615
15616
1488
-12939
-24777
-31650
-32178
-26251
-15055
-836
13553
25223
31826
32033
25797
14372
52
-14280
-25739
-32015
-31841
-25247
-13561
863
15115
26318
32208
31592
24592
12618
-1908
-16052
-26950
-32393
-31276
-23823
-11540
3083
17085
27622
32556
30880
22932
10324
-4384
-18204
-28323
-32682
-30389
-21909
-8965
5807
19399
29038
32755
29790
20744
7461
-7347
-20658
-29748
-32757
-29067
-19428
-5811
8997
21966
30436
32669
28203
17952
4016
-10746
-23305
-31079
-32468
-27184
-16309
-2077
12583
24657
31656
32135
25992
14491
0
-14493
-25999
-32139
-31644
-24613
-12494
2208
16457
27304
32503
30975
23032
10317
-4537
-18454
-28547
-32719
-30103
-21238
-7961
6971
20458
29694
32757
29007
19220
5431
-9491
-22439
-30713
-32587
-27666
-16973
-2736
12073
24364
31568
32177
26060
14492
-108
-14689
-26197
-32222
-31498
-24174
-11781
3083
17304
27896
32634
30520
21996
8847
-6162
-19879
-29416
-32766
-29219
-19519
-5706
9311
22368
30711
32578
27570
16743
2378
-12491
-24723
-31732
-32033
-25558
-13674
1105
15653
26888
32428
31095
23169
10328
-4707
-18745
-28806
-32750
-29736
-20402
-6728
8378
21705
30414
32650
27932
17262
2911
-12062
-24465
-31651
-32083
-25665
-13765
1077
15692
26955
32455
31012
22932
9941
-5180
-19194
-29098
-32765
-29406
-19738
-5832
9326
22486
30817
32526
27244
16102
1495
-13436
-25478
-32035
-31693
-24521
-12062
2999
17416
28078
32680
30226
21243
7668
-7565
-21167
-30192
-32685
-28105
-17438
-2992
12103
24578
31727
31995
25321
13150
-1876
-16499
-27539
-32596
-30567
-21889
-8448
6833
20630
29936
32722
28377
17845
3419
-11753
-24364
-31659
-32040
-25423
-13249
1823
16499
27568
32607
30508
21729
8189
-7147
-20920
-30108
-32693
-28105
-17347
-2779
12401
24860
31856
31850
24838
12360
-2839
-17416
-28160
-32702
-30037
-20749
-6884
8501
22013
30668
32552
27244
15915
1066
-14020
-26008
-32243
-31342
-23500
-10451
4915
19194
29220
32766
29042
18871
4509
-10856
-23813
-31479
-32147
-25665
-13473
1720
16533
27666
32637
30335
21271
7461
-8015
-21705
-30552
-32578
-27327
-15968
-1038
14125
26133
32294
31228
23169
9920
-5554
-19786
-29584
-32748
-28565
-17970
-3339
12043
24723
31849
31816
24627
11897
-3511
-18132
-28673
-32755
-29458
-19519
-5177
10334
23516
31393
32182
25702
13414
-1907
-16800
-27896
-32682
-30072
-20653
-6555
9029
22570
30997
32395
26445
14492
-751
-15827
-27310
-32589
-30461
-21406
-7481
8148
21926
30713
32507
26894
15151
-48
-15238
-26955
-32522
-30664
-21804
-7961
7702
21608
30575
32549
27076
15403
202
-15047
-26852
-32503
-30703
-21861
-8002
7696
21629
30598
32538
27001
15255
0
-15257
-27007
-32541
-30582
-21579
-7602
8129
21989
30779
32468
26664
14703
-655
-15865
-27411
-32621
-30288
-20948
-6758
8997
22672
31098
32318
26047
13736
-1763
-16855
-28038
-32713
-29790
-19946
-5464
10289
23653
31516
32046
25116
12336
-3319
-18204
-28847
-32766
-29042
-18541
-3711
11987
24889
31977
31593
23823
10480
-5316
-19871
-29777
-32711
-27983
-16697
-1495
14059
26318
32404
30885
22114
8148
-7733
-21801
-30745
-32460
-26539
-14372
1180
16457
27860
32699
29832
19930
5325
-10537
-23916
-31650
-31910
-24631
-11530
4298
19113
29409
32747
28334
17210
2009
-13670
-26112
-32365
-30942
-22178
-8148
7817
21929
30833
32412
26285
13907
-1780
-17047
-28259
-32743
-29429
-19103
-4222
11667
24777
31977
31548
23586
9991
-5992
-20546
-30192
-32619
-27244
-15350
219
15739
27492
32660
30001
20149
5464
-10533
-24006
-31719
-31816
-24270
-10892
5106
19879
29873
32681
27625
15917
373
-15261
-27221
-32621
-30156
-20416
-5748
10308
23879
31684
31836
24293
10875
-5173
-19973
-29942
-32665
-27477
-15633
0
15636
27483
32666
29925
19920
5078
-10999
-24407
-31886
-31615
-23656
-9941
6193
20824
30386
32549
26782
14487
-1341
-16845
-28242
-32749
-29262
-18630
-3445
12583
25539
32252
31078
22301
8064
-8148
-22368
-31111
-32231
-25451
-12429
3643
18824
29387
32737
28047
16465
836
-15001
-27152
-32625
-30072
-20115
-5205
10989
24479
31937
31523
23335
9388
-6876
-21447
-30723
-32412
-26092
-13322
2743
18132
29038
32759
28371
16955
1338
-14612
-26944
-32596
-30164
-20247
-5304
10958
24501
31960
31477
23169
9099
-7236
-21774
-30894
-32323
-25702
-12676
3510
18824
29446
32724
27837
16000
166
-15711
-27666
-32707
-29572
-19041
-3744
12491
25602
32304
30916
21780
7184
-9215
-23305
-31551
-31880
-24205
-10451
5930
20824
30486
32483
26311
13518
-2679
-18204
-29147
-32749
-28098
-16364
-502
15488
27574
32702
29574
18976
3583
-12717
-25806
-32371
-30748
-21345
-6538
9926
23879
31785
31636
23467
9346
-7147
-21830
-30974
-32254
-25342
-11991
4409
19692
29968
32623
26976
14462
-1736
-17495
-28798
-32764
-28377
-16752
-852
15267
27492
32699
29554
18857
3339
-13034
-26077
-32450
-30520
-20777
-5712
10817
24578
32042
31291
22515
7961
-8637
-23021
-31496
-31881
-24075
-10079
6509
21426
30833
32307
25463
12062
-4448
-19815
-30076
-32585
-26689
-13907
2465
18204
29244
32732
27762
15616
-569
-16610
-28356
-32765
-28692
-17189
-1231
15047
27428
32699
29490
18630
2932
-13528
-26478
-32552
-30168
-19943
-4530
12062
25519
32337
30737
21133
6022
-10659
-24565
-32068
-31208
-22206
-7407
9326
23628
31760
31593
23169
8686
-8070
-22719
-31423
-31903
-24028
-9858
6896
21846
31070
32147
24790
10926
-5807
-21019
-30711
-32336
-25461
-11891
4807
20244
30356
32478
26047
12755
-3899
-19528
-30012
-32581
-26556
-13521
3083
18877
29687
32654
26991
14192
-2362
-18294
-29387
-32703
-27360
-14769
1736
17784
29119
32734
27666
15255
-1206
-17349
-28887
-32752
-27913
-15652
771
16993
28695
32761
28105
15962
-434
-16717
-28547
-32765
-28244
-16186
193
16523
28443
32766
28334
16326
-48
-16412
-28387
-32766
-28374
-16382
0
0
0
0
0
0
0
0
0
0
0
0
0
0
0
0
0
0
0
0
0
0
0
0
0
0
0
0
0
0
0
0
0
0
0
0
0
0
0
0
0
0
0
0
0
0
0
0
0
0
0
0
0
0
0
0
0
0
0
0
0
0
0
0
0
0
0
0
0
0
0
0
0
0
0
0
0
0
0
0
0
0
0
0
0
0
0
0
0
0
0
0
0
0
0
0
0
0
0
0
0
0
0
0
0
0
0
0
0
0
0
0
0
0
0
0
0
0
0
0
0
0
0
0
0
0
0
0
0
0
0
0
0
0
0
0
0
0
0
0
0
0
0
0
0
0
0
0
0
0
0
0
0
0
0
0
0
0
0
0
0
0
0
0
0
0
0
0
0
0
0
0
0
0
0
0
0
0
0
0
0
0
0
0
0
0
0
0
0
0
0
0
0
0
0
0
0
0
0
0
0
0
0
0
0
0
0
0
0
0
0
0
0
0
0
0
0
0
0
0
0
0
0
0
0
0
0
0
0
0
0
0
0
0
0
0
0
0
0
0
0
0
0
0
0
0
0
0
0
0
0
0
0
0
0
0
0
0
0
0
0
0
0
0
0
0
0
0
0
0
0
0
0
0
0
0
0
0
0
0
0
0
0
0
0
0
0
0
0
0
0
0
0
0
0
0
0
0
0
0
0
0
0
0
0
0
0
0
0
0
0
0
0
0
0
0
0
0
0
0
0
0
0
0
0
0
0
0
0
0
0
0
0
0
0
0
0
0
0
0
0
0
0
0
0
0
0
0
0
0
0
0
0
0
0
0
0
0
0
0
0
0
0
0
0
0
0
0
0
0
0
0
0
0
0
0
0
0
0
0
0
0
0
0
0
0
0
0
0
0
0
0
0
0
0
0
0
0
0
0
0
0
0
0
0
0
0
0
0
0
0
0
0
0
0
0
0
0
0
0
0
0
0
0
0
0
0
0
0
0
0
0
0
0
0
0
0
0
0
0
0
0
0
0
0
0
0
0
0
0
0
0
0
0
0
0
0
0
0
0
0
0
0
0
0
0
0
0
0
0
0
0
0
0
0
0
0
0
0
0
0
0
0
0
0
0
0
0
0
0
0
0
0
0
0
0
0
0
0
0
0
0
0
0
0
0
0
0
0
0
0
0
0
0
0
0
0
0
0
0
0
0
0
0
0
0
0
0
0
0
0
0
0
0
0
0
0
0
0
0
0
0
0
0
0
0
0
0
0
0
0
0
0
0
0
0
0
0
0
0
0
0
0
0
0
0
0
0
0
0
0
0
0
0
0
0
0
0
0
0
0
0
0
0
0
0
0
0
0
0
0
0
0
0
0
0
0
0
0
0
0
0
0
0
0
0
0
0
0
0
0
0
0
0
0
0
0
0
0
0
0
0
0
0
0
0
0
0
0
0
0
0
0
0
0
0
0
0
0
0
0
0
0
0
0
0
0
0
0
0
0
0
0
0
0
0
0
0
0
0
0
0
0
0
0
0
0
0
0
0
0
0
0
0
0
0
0
0
0
0
0
0
0
0
0
0
0
0
0
0
0
0
0
0
0
0
0
0
0
0
0
0
0
0
0
0
0
0
0
0
0
0
0
0
0
0
0
0
0
0
0
0
0
0
0
0
0
0
0
0
0
0
0
0
0
0
0
0
0
0
0
0
0
0
0
0
0
0
0
0
0
0
0
0
0
0
0
0
0
0
0
0
0
0
0
0
0
0
0
0
0
0
0
0
0
0
0
0
0
0
0
0
0
0
0
0
0
0
0
0
0
0
0
0
0
0
0
0
0
0
0
0
0
0
0
0
0
0
0
0
0
0
0
0
0
0
0
0
0
0
0
0
0
0
0
0
0
0
0
0
0
0
0
0
0
0
0
0
0
0
0
0
0
0
0
0
0
0
0
0
0
0
0
0
0
0
0
0
0
0
0
0
0
0
0
0
0
0
0
0
0
0
0
0
0
0
0
0
0
0
0
0
0
0
0
0
0
0
0
0
0
0
0
0
0
0
0
0
0
0
0
0
0
0
0
0
0
0
0
0
0
0
0
0
0
0
0
0
0
0
0
0
0
0
0
0
0
0
0
0
0
0
0
0
0
0
0
0
0
0
0
0
0
0
0
0
0
0
0
0
0
0
0
0
0
0
0
0
0
0
372
393
445
500
518
465
316
72
-242
-581
-886
-1100
-1179
-1103
-880
-544
-147
250
595
848
993
1031
981
867
714
537
340
122
-123
-394
-679
-950
-1169
-1291
-1277
-1106
-783
-341
161
652
1058
1321
1408
1323
1100
795
469
175
-56
-226
-359
-496
-676
-917
-1207
-1492
-1692
-1712
-1472
-929
-103
917
1984
2907
3494
3591
3119
2100
660
-981
-2555
-3786
-4448
-4411
-3669
-2342
-657
1092
2607
3636
4021
3731
2855
1588
185
-1092
-2028
-2487
-2440
-1960
-1199
-349
399
901
1082
946
573
86
-373
-684
-772
-619
-272
181
631
971
1125
1064
806
410
-35
-444
-741
-884
-867
-721
-500
-267
-80
25
41
-14
-100
-165
-161
-57
154
453
792
1105
1319
1371
1214
834
254
-464
-1229
-1927
-2440
-2663
-2525
-2003
-1132
-11
1213
2361
3247
3712
3651
3039
1942
509
-1042
-2469
-3536
-4063
-3958
-3236
-2024
-530
984
2263
3095
3360
3045
2250
1157
-1
-999
-1658
-1884
-1685
-1160
-473
188
656
826
675
264
-275
-784
-1109
-1147
-868
-326
357
1022
1510
1701
1549
1088
425
-284
-881
-1235
-1282
-1037
-590
-80
339
545
475
150
-331
-819
-1145
-1171
-830
-147
758
1694
2435
2781
2601
1870
685
-751
-2170
-3289
-3872
-3783
-3015
-1695
-58
1595
2965
3806
3977
3466
2391
967
-536
-1851
-2759
-3136
-2961
-2318
-1365
-300
679
1422
1833
1895
1653
1197
640
89
-372
-695
-865
-895
-815
-661
-464
-249
-32
174
358
504
595
615
554
414
212
-20
-244
-421
-522
-533
-463
-338
-197
-77
-2
20
9
-1
31
138
330
586
850
1045
1087
911
491
-142
-900
-1647
-2224
-2481
-2318
-1705
-705
532
1797
2853
3485
3548
2998
1905
446
-1124
-2529
-3513
-3901
-3626
-2747
-1431
76
1502
2599
3192
3208
2684
1757
625
-487
-1385
-1929
-2062
-1814
-1282
-611
48
570
871
928
774
481
142
-153
-343
-396
-320
-153
46
225
335
354
284
150
-10
-156
-252
-276
-228
-121
14
145
235
258
199
61
-135
-358
-563
-702
-732
-621
-360
35
520
1021
1450
1712
1727
1446
866
44
-911
-1850
-2601
-3006
-2953
-2401
-1395
-73
1359
2660
3594
3978
3719
2840
1476
-144
-1741
-3037
-3809
-3929
-3396
-2327
-936
510
1749
2572
2863
2622
1953
1038
93
-682
-1147
-1247
-1020
-580
-84
311
490
403
82
-375
-829
-1137
-1193
-953
-452
205
874
1398
1654
1582
1199
596
-82
-678
-1059
-1146
-942
-523
-23
401
618
548
196
-353
-949
-1411
-1575
-1341
-699
258
1352
2348
3011
3160
2707
1688
260
-1325
-2774
-3806
-4210
-3893
-2899
-1399
340
2009
3316
4042
4081
3455
2305
856
-624
-1887
-2740
-3083
-2914
-2324
-1464
-513
358
1028
1426
1550
1444
1187
863
544
276
71
-81
-207
-332
-471
-616
-746
-826
-823
-715
-499
-200
138
463
721
871
896
803
623
399
173
-19
-166
-271
-355
-444
-555
-689
-825
-918
-914
-760
-428
74
695
1340
1885
2203
2189
1789
1020
-24
-1186
-2264
-3051
-3379
-3151
-2367
-1134
351
1838
3061
3796
3902
3351
2234
748
-842
-2257
-3249
-3655
-3426
-2630
-1439
-91
1158
2090
2558
2519
2032
1242
342
-468
-1032
-1260
-1149
-774
-269
213
538
621
448
75
-388
-805
-1053
-1049
-777
-287
309
877
1280
1421
1268
856
285
-307
-779
-1022
-985
-692
-233
255
625
758
595
158
-451
-1079
-1542
-1687
-1421
-744
242
1354
2356
3018
3162
2705
1688
268
-1305
-2741
-3762
-4162
-3852
-2873
-1395
318
1962
3251
3969
4014
3406
2286
876
-565
-1794
-2625
-2962
-2808
-2251
-1441
-548
267
890
1262
1384
1303
1093
829
574
359
191
51
-84
-237
-409
-585
-735
-820
-808
-684
-457
-160
155
435
632
718
693
578
416
248
111
21
-30
-69
-130
-240
-410
-618
-818
-940
-917
-699
-275
313
975
1579
1985
2069
1761
1066
72
-1056
-2111
-2875
-3171
-2901
-2073
-809
678
2121
3248
3836
3761
3023
1746
159
-1450
-2793
-3634
-3835
-3381
-2381
-1039
386
1637
2505
2871
2721
2140
1290
365
-448
-1012
-1263
-1212
-942
-570
-226
-7
35
-87
-313
-547
-688
-659
-430
-26
478
975
1350
1511
1412
1063
531
-75
-636
-1040
-1219
-1155
-893
-520
-147
123
220
127
-114
-412
-648
-709
-518
-56
618
1384
2073
2510
2547
2108
1204
-50
-1462
-2784
-3765
-4202
-3976
-3088
-1655
97
1884
3406
4406
4717
4294
3219
1684
-42
-1673
-2947
-3682
-3798
-3331
-2416
-1255
-71
931
1610
1903
1831
1487
1006
527
167
-11
-6
128
303
418
393
189
-180
-650
-1119
-1477
-1628
-1518
-1149
-578
93
740
1246
1524
1539
1314
922
465
52
-228
-333
-272
-105
77
173
104
-164
-609
-1146
-1649
-1975
-1998
-1641
-903
136
1324
2458
3324
3739
3589
2855
1623
72
-1555
-2998
-4016
-4440
-4199
-3333
-1984
-373
1240
2608
3528
3882
3650
2908
1810
555
-646
-1614
-2224
-2424
-2239
-1754
-1100
-415
172
576
757
730
552
306
80
-53
-54
76
303
561
773
870
807
573
197
-256
-704
-1062
-1259
-1255
-1053
-696
-256
175
516
705
719
579
344
96
-79
-114
17
298
659
998
1198
1161
829
208
-626
-1536
-2348
-2878
-2982
-2578
-1680
-395
1083
2510
3633
4238
4193
3479
2192
533
-1225
-2796
-3920
-4420
-4227
-3395
-2086
-537
984
2235
3033
3292
3026
2344
1413
429
-430
-1039
-1339
-1345
-1133
-813
-499
-282
-205
-263
-401
-541
-598
-510
-255
142
615
1068
1401
1536
1430
1095
588
3
-552
-980
-1215
-1235
-1070
-785
-467
-199
-40
-9
-77
-181
-238
-169
70
480
1004
1534
1937
2080
1867
1264
317
-843
-2030
-3022
-3614
-3655
-3088
-1965
-446
1225
2767
3906
4434
4249
3372
1952
234
-1484
-2911
-3809
-4045
-3610
-2615
-1271
162
1425
2308
2692
2563
2011
1198
325
-422
-906
-1066
-928
-583
-169
175
342
283
19
-368
-757
-1023
-1068
-851
-398
199
814
1303
1554
1506
1169
620
-14
-590
-985
-1122
-995
-666
-247
126
340
325
87
-298
-702
-972
-979
-654
-15
829
1698
2375
2663
2429
1649
422
-1043
-2466
-3552
-4052
-3827
-2879
-1355
473
2265
3682
4451
4429
3625
2201
436
-1334
-2784
-3666
-3855
-3367
-2349
-1038
293
1396
2098
2327
2118
1592
920
272
-218
-485
-535
-433
-279
-172
-179
-314
-538
-772
-920
-903
-683
-278
242
769
1183
1390
1339
1043
571
32
-450
-779
-897
-810
-577
-295
-66
32
-27
-216
-449
-614
-606
-357
128
774
1438
1942
2122
1866
1157
86
-1158
-2327
-3159
-3442
-3068
-2063
-589
1082
2625
3728
4158
3815
2753
1175
-615
-2272
-3481
-4023
-3817
-2935
-1576
-25
1415
2484
3017
2969
2416
1525
512
-411
-1087
-1432
-1454
-1231
-881
-531
-273
-150
-146
-201
-234
-171
22
338
716
1065
1287
1305
1086
657
92
-495
-989
-1294
-1361
-1198
-865
-459
-82
184
301
284
193
115
132
296
605
997
1360
1563
1489
1070
318
-670
-1723
-2628
-3175
-3205
-2655
-1575
-129
1434
2830
3790
4123
3753
2738
1257
-421
-1997
-3191
-3806
-3757
-3084
-1942
-561
800
1906
2588
2768
2469
1799
922
18
-748
-1263
-1473
-1392
-1086
-651
-193
197
460
570
538
401
207
10
-148
-241
-260
-210
-113
7
123
210
251
238
174
72
-43
-145
-208
-209
-141
-13
147
297
389
379
241
-21
-372
-741
-1039
-1175
-1077
-714
-113
640
1410
2038
2369
2290
1761
833
-358
-1609
-2683
-3360
-3483
-2993
-1947
-513
1060
2489
3512
3940
3695
2825
1495
-47
-1522
-2674
-3316
-3368
-2865
-1939
-792
353
1299
1906
2121
1968
1541
971
389
-95
-424
-585
-612
-563
-497
-459
-464
-498
-525
-502
-397
-201
69
369
642
831
898
829
642
377
88
-174
-375
-502
-564
-585
-591
-597
-597
-567
-468
-263
63
495
975
1410
1688
1706
1399
764
-125
-1126
-2049
-2693
-2893
-2560
-1706
-458
968
2303
3279
3687
3423
2516
1124
-495
-2033
-3199
-3772
-3652
-2879
-1616
-120
1318
2434
3040
3062
2546
1639
554
-485
-1289
-1740
-1809
-1550
-1082
-544
-69
256
399
386
282
167
111
152
285
466
628
704
645
438
113
-270
-632
-896
-1009
-953
-749
-446
-110
194
427
571
636
650
642
629
607
548
414
168
-199
-663
-1152
-1561
-1771
-1683
-1242
-472
525
1575
2464
2982
2974
2382
1267
-190
-1724
-3031
-3835
-3949
-3319
-2044
-355
1424
2951
3928
4171
3647
2475
905
-744
-2151
-3063
-3341
-2988
-2140
-1021
108
1013
1541
1643
1379
894
367
-34
-203
-115
167
518
788
848
628
143
-513
-1189
-1714
-1947
-1811
-1317
-564
288
1057
1585
1775
1618
1189
626
89
-283
-413
-305
-42
234
377
267
-135
-778
-1518
-2153
-2473
-2316
-1618
-441
1029
2515
3705
4322
4189
3276
1715
-224
-2184
-3794
-4747
-4863
-4130
-2701
-859
1036
2637
3667
3976
3570
2590
1281
-73
-1211
-1943
-2191
-1986
-1452
-767
-110
373
609
596
400
127
-115
-242
-218
-59
177
408
559
578
455
224
-52
-300
-454
-481
-381
-193
21
200
290
271
156
-15
-187
-308
-345
-294
-182
-52
45
79
42
-36
-104
-100
22
279
634
1007
1282
1341
1097
520
-333
-1330
-2276
-2950
-3161
-2794
-1843
-429
1217
2796
3996
4561
4346
3358
1753
-185
-2104
-3652
-4549
-4646
-3951
-2625
-945
756
2167
3052
3301
2946
2137
1106
101
-666
-1069
-1090
-810
-384
11
225
174
-138
-623
-1129
-1491
-1571
-1299
-696
130
1012
1759
2206
2255
1897
1216
369
-458
-1093
-1419
-1403
-1099
-634
-170
143
206
1
-401
-861
-1203
-1267
-951
-249
738
1823
2763
3319
3311
2667
1445
-167
-1891
-3402
-4404
-4687
-4175
-2943
-1201
738
2534
3871
4529
4417
3591
2233
613
-969
-2246
-3028
-3232
-2893
-2142
-1169
-183
637
1177
1395
1326
1058
707
381
156
62
80
156
220
211
95
-122
-401
-676
-873
-932
-826
-565
-199
198
544
770
838
746
534
266
15
-156
-216
-169
-53
66
123
67
-117
-402
-716
-966
-1052
-904
-499
121
853
1549
2046
2202
1933
1239
212
-975
-2098
-2927
-3271
-3025
-2197
-909
616
2103
3269
3887
3828
3092
1806
202
-1427
-2789
-3646
-3860
-3417
-2427
-1094
323
1574
2452
2843
2735
2211
1423
554
-224
-792
-1091
-1139
-1004
-789
-588
-472
-459
-524
-603
-619
-506
-234
177
667
1139
1489
1630
1518
1163
625
5
-582
-1036
-1292
-1333
-1193
-944
-667
-437
-290
-221
-185
-110
72
404
875
1417
1912
2217
2199
1775
941
-212
-1509
-2715
-3585
-3914
-3589
-2617
-1136
606
2302
3638
4363
4336
3564
2192
482
-1243
-2669
-3546
-3741
-3260
-2241
-918
430
1543
2227
2394
2070
1382
520
-307
-923
-1219
-1170
-834
-332
191
599
799
760
512
137
-257
-569
-726
-698
-508
-218
90
337
463
446
304
86
-138
-305
-365
-296
-113
142
412
634
754
741
588
310
-52
-452
-835
-1146
-1339
-1377
-1237
-910
-413
216
913
1586
2129
2435
2413
2016
1249
190
-1020
-2193
-3122
-3618
-3557
-2902
-1726
-205
1407
2831
3806
4148
3788
2789
1336
-298
-1811
-2930
-3466
-3353
-2658
-1561
-311
825
1632
1979
1853
1352
650
-42
-540
-725
-573
-160
366
828
1064
975
553
-115
-871
-1523
-1899
-1888
-1473
-738
154
1003
1616
1863
1704
1201
501
-202
-724
-935
-795
-370
191
690
941
818
298
-523
-1453
-2240
-2640
-2479
-1704
-409
1177
2736
3926
4458
4169
3059
1306
-773
-2786
-4340
-5132
-5009
-4001
-2311
-272
1725
3315
4230
4350
3721
2529
1056
-390
-1543
-2231
-2402
-2123
-1551
-879
-289
93
227
154
-21
-172
-189
-10
351
819
1268
1563
1598
1326
774
42
-725
-1369
-1759
-1822
-1562
-1057
-436
154
586
785
744
527
244
18
-46
98
428
855
1241
1438
1328
862
76
-907
-1898
-2683
-3069
-2930
-2242
-1092
331
1780
2986
3723
3846
3326
2251
812
-737
-2130
-3135
-3597
-3464
-2790
-1718
-451
791
1812
2467
2686
2477
1915
1125
251
-562
-1201
-1589
-1697
-1540
-1172
-668
-118
390
786
1017
1061
924
642
271
-118
-458
-687
-768
-693
-484
-190
121
384
540
561
450
241
-3
-216
-335
-325
-187
40
288
473
522
390
80
-357
-825
-1203
-1376
-1260
-831
-135
714
1555
2206
2508
2361
1747
746
-481
-1715
-2724
-3307
-3336
-2784
-1735
-363
1090
2371
3256
3595
3338
2542
1359
2
-1294
-2320
-2921
-3027
-2657
-1909
-934
91
1001
1668
2015
2029
1749
1257
654
44
-484
-867
-1076
-1108
-987
-756
-464
-160
109
314
436
470
429
334
214
100
18
-17
-7
35
85
111
85
-8
-165
-357
-539
-656
-655
-502
-194
231
703
1124
1388
1411
1144
600
-149
-976
-1720
-2220
-2346
-2034
-1302
-255
930
2037
2847
3189
2974
2213
1027
-381
-1762
-2864
-3486
-3514
-2943
-1879
-517
899
2122
2949
3256
3018
2310
1283
136
-930
-1747
-2206
-2275
-1992
-1453
-785
-115
448
840
1038
1058
947
761
553
362
206
84
-17
-115
-221
-336
-451
-548
-607
-609
-545
-416
-235
-21
202
414
594
728
803
809
734
572
320
-13
-405
-813
-1179
-1432
-1505
-1348
-942
-315
457
1258
1945
2376
2437
2074
1307
236
-968
-2096
-2933
-3304
-3113
-2362
-1162
286
1728
2902
3590
3661
3098
2002
577
-917
-2210
-3074
-3372
-3075
-2271
-1138
92
1186
1952
2280
2156
1662
945
186
-447
-834
-927
-755
-408
-18
287
412
316
26
-374
-768
-1034
-1081
-870
-430
151
747
1222
1465
1418
1088
553
-64
-619
-984
-1080
-892
-480
35
509
799
806
503
-55
-744
-1390
-1810
-1861
-1471
-664
436
1630
2677
3346
3465
2960
1878
380
-1285
-2826
-3964
-4487
-4290
-3399
-1962
-221
1527
2999
3962
4283
3944
3043
1765
343
-984
-2023
-2647
-2819
-2586
-2057
-1372
-675
-75
361
624
747
789
812
863
954
1068
1155
1157
1021
720
265
-293
-876
-1388
-1737
-1861
-1737
-1388
-876
-293
265
720
1021
1157
1155
1068
954
863
812
789
747
624
361
-75
-675
-1372
-2057
-2586
-2819
-2647
-2023
-984
343
1765
3043
3944
4283
3962
2999
1527
-221
-1962
-3399
-4290
-4487
-3964
-2826
-1285
380
1878
2960
3465
3346
2677
1630
436
-664
-1471
-1861
-1810
-1390
-744
-55
503
806
799
509
35
-480
-892
-1080
-984
-619
-64
553
1088
1418
1465
1222
747
151
-430
-870
-1081
-1034
-768
-374
26
316
412
287
-18
-408
-755
-927
-834
-447
186
945
1662
2156
2280
1952
1186
92
-1138
-2271
-3075
-3372
-3074
-2210
-917
577
2002
3098
3661
3590
2902
1728
286
-1162
-2362
-3113
-3304
-2933
-2096
-968
236
1307
2074
2437
2376
1945
1258
457
-315
-942
-1348
-1505
-1432
-1179
-813
-405
-13
320
572
734
809
803
728
594
414
202
-21
-235
-416
-545
-609
-607
-548
-451
-336
-221
-115
-17
84
206
362
553
761
947
1058
1038
840
448
-115
-785
-1453
-1992
-2275
-2206
-1747
-930
136
1283
2310
3018
3256
2949
2122
899
-517
-1879
-2943
-3514
-3486
-2864
-1762
-381
1027
2213
2974
3189
2847
2037
930
-255
-1302
-2034
-2346
-2220
-1720
-976
-149
600
1144
1411
1388
1124
703
231
-194
-502
-655
-656
-539
-357
-165
-8
85
111
85
35
-7
-17
18
100
214
334
429
470
436
314
109
-160
-464
-756
-987
-1108
-1076
-867
-484
44
654
1257
1749
2029
2015
1668
1001
91
-934
-1909
-2657
-3027
-2921
-2320
-1294
2
1359
2542
3338
3595
3256
2371
1090
-363
-1735
-2784
-3336
-3307
-2724
-1715
-481
746
1747
2361
2508
2206
1555
714
-135
-831
-1260
-1376
-1203
-825
-357
80
390
522
473
288
40
-187
-325
-335
-216
-3
241
450
561
540
384
121
-190
-484
-693
-768
-687
-458
-118
271
642
924
1061
1017
786
390
-118
-668
-1172
-1540
-1697
-1589
-1201
-562
251
1125
1915
2477
2686
2467
1812
791
-451
-1718
-2790
-3464
-3597
-3135
-2130
-737
812
2251
3326
3846
3723
2986
1780
331
-1092
-2242
-2930
-3069
-2683
-1898
-907
76
862
1328
1438
1241
855
428
98
-46
18
244
527
744
785
586
154
-436
-1057
-1562
-1822
-1759
-1369
-725
42
774
1326
1598
1563
1268
819
351
-10
-189
-172
-21
154
227
93
-289
-879
-1551
-2123
-2402
-2231
-1543
-390
1056
2529
3721
4350
4230
3315
1725
-272
-2311
-4001
-5009
-5132
-4340
-2786
-773
1306
3059
4169
4458
3926
2736
1177
-409
-1704
-2479
-2640
-2240
-1453
-523
298
818
941
690
191
-370
-795
-935
-724
-202
501
1201
1704
1863
1616
1003
154
-738
-1473
-1888
-1899
-1523
-871
-115
553
975
1064
828
366
-160
-573
-725
-540
-42
650
1352
1853
1979
1632
825
-311
-1561
-2658
-3353
-3466
-2930
-1811
-298
1336
2789
3788
4148
3806
2831
1407
-205
-1726
-2902
-3557
-3618
-3122
-2193
-1020
190
1249
2016
2413
2435
2129
1586
913
216
-413
-910
-1237
-1377
-1339
-1146
-835
-452
-52
310
588
741
754
634
412
142
-113
-296
-365
-305
-138
86
304
446
463
337
90
-218
-508
-698
-726
-569
-257
137
512
760
799
599
191
-332
-834
-1170
-1219
-923
-307
520
1382
2070
2394
2227
1543
430
-918
-2241
-3260
-3741
-3546
-2669
-1243
482
2192
3564
4336
4363
3638
2302
606
-1136
-2617
-3589
-3914
-3585
-2715
-1509
-212
941
1775
2199
2217
1912
1417
875
404
72
-110
-185
-221
-290
-437
-667
-944
-1193
-1333
-1292
-1036
-582
5
625
1163
1518
1630
1489
1139
667
177
-234
-506
-619
-603
-524
-459
-472
-588
-789
-1004
-1139
-1091
-792
-224
554
1423
2211
2735
2843
2452
1574
323
-1094
-2427
-3417
-3860
-3646
-2789
-1427
202
1806
3092
3828
3887
3269
2103
616
-909
-2197
-3025
-3271
-2927
-2098
-975
212
1239
1933
2202
2046
1549
853
121
-499
-904
-1052
-966
-716
-402
-117
67
123
66
-53
-169
-216
-156
15
266
534
746
838
770
544
198
-199
-565
-826
-932
-873
-676
-401
-122
95
211
220
156
80
62
156
381
707
1058
1326
1395
1177
637
-183
-1169
-2142
-2893
-3232
-3028
-2246
-969
613
2233
3591
4417
4529
3871
2534
738
-1201
-2943
-4175
-4687
-4404
-3402
-1891
-167
1445
2667
3311
3319
2763
1823
738
-249
-951
-1267
-1203
-861
-401
1
206
143
-170
-634
-1099
-1403
-1419
-1093
-458
369
1216
1897
2255
2206
1759
1012
130
-696
-1299
-1571
-1491
-1129
-623
-138
174
225
11
-384
-810
-1090
-1069
-666
101
1106
2137
2946
3301
3052
2167
756
-945
-2625
-3951
-4646
-4549
-3652
-2104
-185
1753
3358
4346
4561
3996
2796
1217
-429
-1843
-2794
-3161
-2950
-2276
-1330
-333
520
1097
1341
1282
1007
634
279
22
-100
-104
-36
42
79
45
-52
-182
-294
-345
-308
-187
-15
156
271
290
200
21
-193
-381
-481
-454
-300
-52
224
455
578
559
408
177
-59
-218
-242
-115
127
400
596
609
373
-110
-767
-1452
-1986
-2191
-1943
-1211
-73
1281
2590
3570
3976
3667
2637
1036
-859
-2701
-4130
-4863
-4747
-3794
-2184
-224
1715
3276
4189
4322
3705
2515
1029
-441
-1618
-2316
-2473
-2153
-1518
-778
-135
267
377
234
-42
-305
-413
-283
89
626
1189
1618
1775
1585
1057
288
-564
-1317
-1811
-1947
-1714
-1189
-513
143
628
848
788
518
167
-115
-203
-34
367
894
1379
1643
1541
1013
108
-1021
-2140
-2988
-3341
-3063
-2151
-744
905
2475
3647
4171
3928
2951
1424
-355
-2044
-3319
-3949
-3835
-3031
-1724
-190
1267
2382
2974
2982
2464
1575
525
-472
-1242
-1683
-1771
-1561
-1152
-663
-199
168
414
548
607
629
642
650
636
571
427
194
-110
-446
-749
-953
-1009
-896
-632
-270
113
438
645
704
628
466
285
152
111
167
282
386
399
256
-69
-544
-1082
-1550
-1809
-1740
-1289
-485
554
1639
2546
3062
3040
2434
1318
-120
-1616
-2879
-3652
-3772
-3199
-2033
-495
1124
2516
3423
3687
3279
2303
968
-458
-1706
-2560
-2893
-2693
-2049
-1126
-125
764
1399
1706
1688
1410
975
495
63
-263
-468
-567
-597
-597
-591
-585
-564
-502
-375
-174
88
377
642
829
898
831
642
369
69
-201
-397
-502
-525
-498
-464
-459
-497
-563
-612
-585
-424
-95
389
971
1541
1968
2121
1906
1299
353
-792
-1939
-2865
-3368
-3316
-2674
-1522
-47
1495
2825
3695
3940
3512
2489
1060
-513
-1947
-2993
-3483
-3360
-2683
-1609
-358
833
1761
2290
2369
2038
1410
640
-113
-714
-1077
-1175
-1039
-741
-372
-21
241
379
389
297
147
-13
-141
-209
-208
-145
-43
72
174
238
251
210
123
7
-113
-210
-260
-241
-148
10
207
401
538
570
460
197
-193
-651
-1086
-1392
-1473
-1263
-748
18
922
1799
2469
2768
2588
1906
800
-561
-1942
-3084
-3757
-3806
-3191
-1997
-421
1257
2738
3753
4123
3790
2830
1434
-129
-1575
-2655
-3205
-3175
-2628
-1723
-670
318
1070
1489
1563
1360
997
605
296
132
115
193
284
301
184
-82
-459
-865
-1198
-1361
-1294
-989
-495
92
657
1086
1305
1287
1065
716
338
22
-171
-234
-201
-146
-150
-273
-531
-881
-1231
-1454
-1432
-1087
-411
512
1525
2416
2969
3017
2484
1415
-25
-1576
-2935
-3817
-4023
-3481
-2272
-615
1175
2753
3815
4158
3728
2625
1082
-589
-2063
-3068
-3442
-3159
-2327
-1158
86
1157
1866
2122
1942
1438
774
128
-357
-606
-614
-449
-216
-27
32
-66
-295
-577
-810
-897
-779
-450
32
571
1043
1339
1390
1183
769
242
-278
-683
-903
-920
-772
-538
-314
-179
-172
-279
-433
-535
-485
-218
272
920
1592
2118
2327
2098
1396
293
-1038
-2349
-3367
-3855
-3666
-2784
-1334
436
2201
3625
4429
4451
3682
2265
473
-1355
-2879
-3827
-4052
-3552
-2466
-1043
422
1649
2429
2663
2375
1698
829
-15
-654
-979
-972
-702
-298
87
325
340
126
-247
-666
-995
-1122
-985
-590
-14
620
1169
1506
1554
1303
814
199
-398
-851
-1068
-1023
-757
-368
19
283
342
175
-169
-583
-928
-1066
-906
-422
325
1198
2011
2563
2692
2308
1425
162
-1271
-2615
-3610
-4045
-3809
-2911
-1484
234
1952
3372
4249
4434
3906
2767
1225
-446
-1965
-3088
-3655
-3614
-3022
-2030
-843
317
1264
1867
2080
1937
1534
1004
480
70
-169
-238
-181
-77
-9
-40
-199
-467
-785
-1070
-1235
-1215
-980
-552
3
588
1095
1430
1536
1401
1068
615
142
-255
-510
-598
-541
-401
-263
-205
-282
-499
-813
-1133
-1345
-1339
-1039
-430
429
1413
2344
3026
3292
3033
2235
984
-537
-2086
-3395
-4227
-4420
-3920
-2796
-1225
533
2192
3479
4193
4238
3633
2510
1083
-395
-1680
-2578
-2982
-2878
-2348
-1536
-626
208
829
1161
1198
998
659
298
17
-114
-79
96
344
579
719
705
516
175
-256
-696
-1053
-1255
-1259
-1062
-704
-256
197
573
807
870
773
561
303
76
-54
-53
80
306
552
730
757
576
172
-415
-1100
-1754
-2239
-2424
-2224
-1614
-646
555
1810
2908
3650
3882
3528
2608
1240
-373
-1984
-3333
-4199
-4440
-4016
-2998
-1555
72
1623
2855
3589
3739
3324
2458
1324
136
-903
-1641
-1998
-1975
-1649
-1146
-609
-164
104
173
77
-105
-272
-333
-228
52
465
922
1314
1539
1524
1246
740
93
-578
-1149
-1518
-1628
-1477
-1119
-650
-180
189
393
418
303
128
-6
-11
167
527
1006
1487
1831
1903
1610
931
-71
-1255
-2416
-3331
-3798
-3682
-2947
-1673
-42
1684
3219
4294
4717
4406
3406
1884
97
-1655
-3088
-3976
-4202
-3765
-2784
-1462
-50
1204
2108
2547
2510
2073
1384
618
-56
-518
-709
-648
-412
-114
127
220
123
-147
-520
-893
-1155
-1219
-1040
-636
-75
531
1063
1412
1511
1350
975
478
-26
-430
-659
-688
-547
-313
-87
35
-7
-226
-570
-942
-1212
-1263
-1012
-448
365
1290
2140
2721
2871
2505
1637
386
-1039
-2381
-3381
-3835
-3634
-2793
-1450
159
1746
3023
3761
3836
3248
2121
678
-809
-2073
-2901
-3171
-2875
-2111
-1056
72
1066
1761
2069
1985
1579
975
313
-275
-699
-917
-940
-818
-618
-410
-240
-130
-69
-30
21
111
248
416
578
693
718
632
435
155
-160
-457
-684
-808
-820
-735
-585
-409
-237
-84
51
191
359
574
829
1093
1303
1384
1262
890
267
-548
-1441
-2251
-2808
-2962
-2625
-1794
-565
876
2286
3406
4014
3969
3251
1962
318
-1395
-2873
-3852
-4162
-3762
-2741
-1305
268
1688
2705
3162
3018
2356
1354
242
-744
-1421
-1687
-1542
-1079
-451
158
595
758
625
255
-233
-692
-985
-1022
-779
-307
285
856
1268
1421
1280
877
309
-287
-777
-1049
-1053
-805
-388
75
448
621
538
213
-269
-774
-1149
-1260
-1032
-468
342
1242
2032
2519
2558
2090
1158
-91
-1439
-2630
-3426
-3655
-3249
-2257
-842
748
2234
3351
3902
3796
3061
1838
351
-1134
-2367
-3151
-3379
-3051
-2264
-1186
-24
1020
1789
2189
2203
1885
1340
695
74
-428
-760
-914
-918
-825
-689
-555
-444
-355
-271
-166
-19
173
399
623
803
896
871
721
463
138
-200
-499
-715
-823
-826
-746
-616
-471
-332
-207
-81
71
276
544
863
1187
1444
1550
1426
1028
358
-513
-1464
-2324
-2914
-3083
-2740
-1887
-624
856
2305
3455
4081
4042
3316
2009
340
-1399
-2899
-3893
-4210
-3806
-2774
-1325
260
1688
2707
3160
3011
2348
1352
258
-699
-1341
-1575
-1411
-949
-353
196
548
618
401
-23
-523
-942
-1146
-1059
-678
-82
596
1199
1582
1654
1398
874
205
-452
-953
-1193
-1137
-829
-375
82
403
490
311
-84
-580
-1020
-1247
-1147
-682
93
1038
1953
2622
2863
2572
1749
510
-936
-2327
-3396
-3929
-3809
-3037
-1741
-144
1476
2840
3719
3978
3594
2660
1359
-73
-1395
-2401
-2953
-3006
-2601
-1850
-911
44
866
1446
1727
1712
1450
1021
520
35
-360
-621
-732
-702
-563
-358
-135
61
199
258
235
145
14
-121
-228
-276
-252
-156
-10
150
284
354
335
225
46
-153
-320
-396
-343
-153
142
481
774
928
871
570
48
-611
-1282
-1814
-2062
-1929
-1385
-487
625
1757
2684
3208
3192
2599
1502
76
-1431
-2747
-3626
-3901
-3513
-2529
-1124
446
1905
2998
3548
3485
2853
1797
532
-705
-1705
-2318
-2481
-2224
-1647
-900
-142
491
911
1087
1045
850
586
330
138
31
-1
9
20
-2
-77
-197
-338
-463
-533
-522
-421
-244
-20
212
414
554
615
595
504
358
174
-32
-249
-464
-661
-815
-895
-865
-695
-372
89
640
1197
1653
1895
1833
1422
679
-300
-1365
-2318
-2961
-3136
-2759
-1851
-536
967
2391
3466
3977
3806
2965
1595
-58
-1695
-3015
-3783
-3872
-3289
-2170
-751
685
1870
2601
2781
2435
1694
758
-147
-830
-1171
-1145
-819
-331
150
475
545
339
-80
-590
-1037
-1282
-1235
-881
-284
425
1088
1549
1701
1510
1022
357
-326
-868
-1147
-1109
-784
-275
264
675
826
656
188
-473
-1160
-1685
-1884
-1658
-999
-1
1157
2250
3045
3360
3095
2263
984
-530
-2024
-3236
-3958
-4063
-3536
-2469
-1042
509
1942
3039
3651
3712
3247
2361
1213
-11
-1132
-2003
-2525
-2663
-2440
-1927
-1229
-464
254
834
1214
1371
1319
1105
792
453
154
-57
-161
-165
-100
-14
41
25
-80
-267
-500
-721
-867
-884
-741
-444
-35
410
806
1064
1125
971
631
181
-272
-619
-772
-684
-373
86
573
946
1082
901
399
-349
-1199
-1960
-2440
-2487
-2028
-1092
185
1588
2855
3731
4021
3636
2607
1092
-657
-2342
-3669
-4411
-4448
-3786
-2555
-981
660
2100
3119
3591
3494
2907
1984
917
-103
-929
-1472
-1712
-1692
-1492
-1207
-917
-676
-496
-359
-226
-56
175
469
795
1100
1323
1408
1321
1058
652
161
-341
-783
-1106
-1277
-1291
-1169
-950
-679
-394
-123
122
340
537
714
867
981
1031
993
848
595
250
-147
-544
-880
-1103
-1179
-1100
-886
-581
-242
72
316
465
518
500
445
393
0
0
0
0
0
0
0
0
0
0
0
0
0
0
0
0
0
0
0
0
0
0
0
0
0
0
0
0
0
0
0
0
0
0
0
0
0
0
0
0
0
0
0
0
0
0
0
0
0
0
0
0
0
0
0
0
0
0
0
0
0
0
0
0
0
0
0
0
0
0
0
0
0
0
0
0
0
0
0
0
0
0
0
0
0
0
0
0
0
0
0
0
0
0
0
0
0
0
0
0
0
0
0
0
0
0
0
0
0
0
0
0
0
0
0
0
0
0
0
0
0
0
0
0
0
0
0
0
0
0
0
0
0
0
0
0
0
0
0
0
0
0
0
0
0
0
0
0
0
0
0
0
0
0
0
0
0
0
0
0
0
0
0
0
0
0
0
0
0
0
0
0
0
0
0
0
0
0
0
0
0
0
0
0
0
0
0
0
0
0
0
0
0
0
0
0
0
0
0
0
0
0
0
0
0
0
0
0
0
0
0
0
0
0
0
0
0
0
0
0
0
0
0
0
0
0
0
0
0
0
0
0
0
0
0
0
0
0
0
0
0
0
0
0
0
0
0
0
0
0
0
0
0
0
0
0
0
0
0
0
0
0
0
0
0
0
0
0
0
0
0
0
0
0
0
0
0
0
0
0
0
0
0
0
0
0
0
0
0
0
0
0
0
0
0
0
0
0
0
0
0
0
0
0
0
0
0
0
0
0
0
0
0
0
0
0
0
0
0
0
0
0
0
0
0
0
0
0
0
0
0
0
0
0
0
0
744
613
250
-256
-782
-1194
-1376
-1261
-842
-178
619
1403
2023
2352
2312
1891
1141
175
-858
-1799
-2499
-2851
-2802
-2360
-1589
-603
458
1449
2236
2716
2832
2574
1985
1149
182
-784
-1621
-2216
-2493
-2421
-2019
-1355
-533
316
1068
1609
1866
1817
1490
961
336
-264
-735
-1003
-1038
-860
-532
-143
208
445
516
417
185
-113
-394
-580
-619
-495
-235
101
436
688
797
736
518
192
-164
-471
-656
-677
-532
-257
81
401
623
690
580
309
-69
-477
-829
-1048
-1084
-918
-571
-95
433
933
1325
1548
1565
1370
982
445
-177
-813
-1388
-1829
-2073
-2079
-1825
-1324
-618
218
1086
1870
2456
2748
2685
2254
1498
512
-569
-1592
-2406
-2892
-2980
-2664
-1997
-1089
-78
886
1674
2194
2401
2305
1957
1435
828
216
-337
-799
-1156
-1409
-1566
-1628
-1590
-1435
-1148
-720
-163
482
1149
1746
2175
2347
2204
1735
983
47
-935
-1810
-2431
-2687
-2526
-1966
-1092
-46
1001
1875
2431
2576
2287
1615
673
-377
-1361
-2110
-2497
-2450
-1971
-1132
-66
1053
2039
2719
2963
2709
1970
844
-502
-1858
-2995
-3708
-3848
-3357
-2275
-749
990
2665
3990
4726
4722
3949
2506
616
-1417
-3256
-4587
-5183
-4937
-3892
-2229
-237
1738
3363
4368
4603
4061
2874
1287
-393
-1858
-2857
-3240
-2988
-2203
-1088
101
1113
1749
1900
1571
869
-19
-877
-1497
-1732
-1522
-906
-15
963
1819
2367
2481
2123
1349
293
-854
-1890
-2631
-2950
-2801
-2218
-1309
-234
830
1719
2311
2540
2408
1972
1331
603
-100
-691
-1118
-1366
-1452
-1415
-1295
-1127
-929
-699
-425
-93
300
740
1186
1573
1826
1876
1675
1215
535
-275
-1095
-1785
-2220
-2314
-2040
-1440
-619
271
1067
1620
1835
1688
1229
580
-101
-654
-950
-928
-604
-76
504
965
1159
998
483
-292
-1160
-1913
-2352
-2332
-1806
-838
404
1682
2731
3324
3319
2694
1555
116
-1344
-2546
-3262
-3365
-2859
-1870
-618
635
1646
2237
2336
1985
1322
540
-163
-633
-797
-676
-371
-32
188
183
-74
-525
-1033
-1421
-1524
-1237
-553
426
1504
2430
2960
2917
2242
1019
-537
-2117
-3383
-4047
-3931
-3020
-1466
436
2313
3782
4544
4437
3481
1867
-83
-1983
-3467
-4260
-4238
-3443
-2071
-418
1180
2426
3116
3178
2674
1774
708
-287
-1028
-1413
-1440
-1191
-800
-413
-148
-61
-142
-322
-497
-563
-448
-137
324
841
1293
1565
1579
1313
809
162
-504
-1065
-1426
-1541
-1419
-1117
-722
-325
4
232
365
439
508
615
778
977
1157
1242
1156
852
326
-364
-1117
-1792
-2250
-2378
-2124
-1507
-620
385
1335
2060
2439
2417
2019
1339
518
-287
-940
-1349
-1484
-1376
-1102
-761
-446
-221
-107
-82
-91
-67
45
274
602
972
1300
1492
1472
1199
684
-9
-777
-1490
-2024
-2279
-2201
-1792
-1108
-249
657
1481
2103
2439
2444
2117
1502
678
-248
-1158
-1930
-2457
-2656
-2484
-1944
-1094
-42
1061
2048
2752
3039
2837
2152
1078
-218
-1518
-2589
-3230
-3309
-2797
-1774
-419
1018
2273
3107
3364
2999
2088
812
-577
-1813
-2663
-2978
-2722
-1973
-904
256
1275
1962
2207
2000
1425
638
-176
-843
-1236
-1305
-1073
-631
-109
358
665
755
630
343
-16
-352
-582
-660
-580
-377
-110
154
363
483
512
473
397
318
255
205
149
56
-96
-319
-592
-865
-1072
-1138
-1008
-658
-117
541
1202
1733
2014
1961
1554
839
-69
-1016
-1828
-2352
-2486
-2198
-1535
-613
406
1348
2052
2408
2367
1951
1243
369
-527
-1307
-1863
-2125
-2071
-1726
-1149
-425
348
1071
1652
2014
2107
1907
1428
718
-135
-1018
-1798
-2348
-2561
-2379
-1803
-903
190
1303
2245
2846
2991
2639
1840
727
-507
-1649
-2496
-2906
-2817
-2260
-1354
-278
765
1593
2071
2145
1842
1259
543
-149
-683
-971
-991
-781
-430
-49
255
405
367
158
-160
-504
-783
-922
-878
-649
-270
196
672
1080
1359
1468
1395
1150
764
279
-254
-785
-1261
-1634
-1857
-1895
-1725
-1344
-772
-61
713
1458
2069
2454
2545
2314
1777
999
81
-851
-1676
-2283
-2600
-2596
-2288
-1732
-1008
-212
562
1239
1760
2089
2212
2131
1860
1424
858
207
-474
-1123
-1670
-2051
-2215
-2135
-1814
-1290
-631
75
738
1276
1633
1787
1747
1554
1260
918
568
227
-106
-447
-809
-1190
-1563
-1874
-2048
-2006
-1690
-1081
-220
791
1803
2639
3134
3168
2701
1785
563
-759
-1946
-2787
-3133
-2936
-2253
-1237
-104
918
1638
1940
1809
1327
652
-25
-531
-747
-643
-278
217
677
945
918
576
-14
-711
-1336
-1722
-1751
-1394
-714
139
976
1605
1880
1744
1235
484
-323
-992
-1365
-1362
-1003
-396
286
859
1166
1125
747
135
-543
-1106
-1396
-1330
-920
-270
452
1057
1385
1350
963
332
-365
-931
-1199
-1081
-595
133
905
1493
1705
1437
706
-345
-1478
-2413
-2897
-2766
-1997
-714
828
2305
3387
3825
3504
2474
942
-770
-2304
-3340
-3671
-3249
-2191
-754
731
1934
2602
2616
2013
973
-224
-1276
-1924
-2016
-1540
-624
498
1546
2260
2459
2087
1219
43
-1186
-2210
-2818
-2898
-2449
-1581
-482
631
1560
2161
2374
2220
1788
1200
580
25
-412
-725
-940
-1095
-1221
-1325
-1382
-1349
-1178
-838
-330
297
961
1548
1950
2083
1914
1465
817
88
-593
-1118
-1416
-1474
-1330
-1061
-758
-495
-317
-221
-165
-86
77
360
754
1195
1587
1812
1774
1420
766
-99
-1029
-1849
-2391
-2538
-2252
-1583
-662
327
1192
1770
1970
1786
1298
651
10
-472
-703
-662
-407
-53
260
413
333
24
-436
-919
-1276
-1381
-1168
-649
78
859
1515
1886
1878
1482
781
-66
-869
-1446
-1670
-1502
-998
-293
428
984
1237
1130
697
60
-609
-1132
-1363
-1235
-770
-76
679
1313
1672
1668
1300
653
-122
-852
-1379
-1599
-1483
-1085
-515
82
573
865
924
781
514
222
-3
-112
-101
-14
75
94
-4
-220
-501
-751
-863
-752
-385
194
872
1477
1831
1788
1286
371
-795
-1969
-2871
-3250
-2951
-1962
-428
1368
3060
4273
4710
4223
2856
843
-1435
-3527
-5002
-5548
-5041
-3569
-1422
973
3142
4660
5246
4814
3493
1587
-490
-2311
-3522
-3921
-3490
-2391
-919
567
1737
2352
2320
1708
714
-384
-1301
-1809
-1791
-1265
-371
664
1588
2177
2288
1892
1074
9
-1080
-1973
-2499
-2568
-2184
-1440
-486
498
1352
1948
2221
2164
1821
1267
594
-109
-767
-1318
-1713
-1918
-1904
-1658
-1187
-525
263
1077
1793
2284
2438
2193
1552
594
-531
-1627
-2485
-2926
-2842
-2225
-1170
134
1443
2504
3105
3127
2562
1520
206
-1120
-2206
-2848
-2939
-2487
-1606
-491
626
1532
2072
2176
1874
1276
542
-158
-686
-961
-974
-783
-486
-197
-8
33
-65
-249
-430
-518
-448
-200
191
644
1049
1296
1305
1047
556
-78
-730
-1262
-1563
-1566
-1270
-738
-82
563
1069
1340
1334
1072
624
96
-397
-758
-926
-888
-677
-358
-14
277
464
521
461
320
147
-7
-111
-151
-134
-88
-41
-22
-44
-102
-179
-244
-270
-236
-137
12
186
348
464
510
477
372
216
37
-134
-280
-387
-454
-489
-497
-482
-439
-358
-224
-29
222
511
797
1024
1135
1083
845
433
-104
-683
-1201
-1559
-1675
-1515
-1092
-476
226
885
1379
1619
1567
1245
728
131
-421
-822
-1001
-947
-699
-343
15
278
378
296
66
-234
-505
-650
-603
-349
72
570
1026
1318
1357
1106
595
-83
-793
-1383
-1719
-1720
-1374
-744
41
823
1435
1749
1698
1294
623
-172
-923
-1472
-1706
-1579
-1121
-430
347
1054
1548
1736
1586
1137
483
-247
-918
-1411
-1647
-1601
-1299
-809
-224
356
843
1176
1322
1281
1080
761
374
-26
-397
-698
-900
-984
-944
-786
-530
-210
125
425
637
723
665
473
188
-125
-394
-546
-532
-341
-3
408
795
1050
1088
861
382
-277
-994
-1618
-2003
-2041
-1687
-977
-23
1003
1909
2513
2689
2391
1668
653
-463
-1470
-2182
-2475
-2314
-1753
-928
-18
788
1340
1552
1417
1007
451
-100
-514
-699
-632
-356
32
414
674
737
582
249
-173
-576
-856
-944
-824
-537
-170
173
398
447
319
71
-198
-375
-363
-116
342
918
1464
1812
1818
1401
574
-547
-1766
-2834
-3508
-3605
-3046
-1884
-298
1436
3002
4102
4521
4176
3126
1570
-201
-1862
-3120
-3772
-3744
-3098
-2015
-746
443
1334
1797
1812
1467
924
374
-15
-139
15
373
794
1110
1174
903
303
-530
-1428
-2191
-2632
-2629
-2149
-1263
-132
1030
2002
2604
2736
2398
1687
771
-149
-893
-1332
-1419
-1197
-777
-309
59
223
142
-148
-546
-915
-1119
-1060
-705
-94
659
1405
1980
2256
2162
1704
965
81
-787
-1491
-1924
-2041
-1867
-1479
-985
-493
-86
197
368
475
582
745
990
1294
1591
1784
1770
1472
865
-5
-1029
-2041
-2855
-3302
-3268
-2723
-1730
-438
942
2183
3079
3486
3353
2725
1733
564
-574
-1500
-2085
-2277
-2103
-1655
-1063
-467
20
329
445
406
281
157
105
169
352
618
902
1125
1218
1132
854
410
-144
-732
-1270
-1681
-1908
-1919
-1710
-1300
-732
-61
645
1316
1880
2267
2420
2299
1892
1222
350
-624
-1574
-2361
-2855
-2962
-2643
-1927
-911
249
1367
2254
2763
2807
2390
1598
589
-437
-1288
-1807
-1913
-1618
-1018
-275
420
897
1040
821
306
-362
-993
-1398
-1433
-1042
-275
720
1722
2490
2810
2557
1724
433
-1080
-2518
-3573
-4002
-3677
-2618
-1000
882
2668
4006
4622
4379
3311
1611
-397
-2331
-3823
-4591
-4499
-3582
-2032
-161
1664
3102
3901
3943
3268
2055
577
-859
-1979
-2598
-2651
-2201
-1412
-507
291
812
973
798
399
-51
-376
-438
-181
355
1037
1672
2056
2026
1506
533
-739
-2073
-3189
-3829
-3815
-3092
-1747
2
1849
3453
4513
4822
4314
3073
1323
-623
-2423
-3769
-4446
-4371
-3598
-2304
-748
788
2048
2854
3127
2893
2266
1413
515
-274
-855
-1188
-1297
-1244
-1104
-946
-806
-687
-560
-386
-127
223
641
1062
1401
1568
1493
1154
580
-139
-878
-1492
-1852
-1876
-1547
-922
-118
703
1379
1773
1808
1480
863
87
-683
-1292
-1620
-1608
-1272
-694
-1
659
1159
1406
1369
1077
607
67
-431
-800
-987
-984
-823
-565
-277
-17
175
295
355
385
414
458
514
558
552
459
255
-55
-437
-827
-1144
-1307
-1258
-975
-485
138
789
1346
1701
1779
1557
1068
396
-340
-1014
-1514
-1765
-1739
-1460
-993
-426
147
651
1031
1266
1362
1337
1215
1012
735
383
-47
-545
-1076
-1581
-1975
-2166
-2072
-1648
-902
89
1190
2221
2989
3330
3145
2424
1261
-160
-1598
-2796
-3535
-3677
-3198
-2191
-850
568
1800
2628
2924
2672
1973
1011
15
-798
-1272
-1343
-1054
-534
32
459
605
412
-77
-732
-1363
-1771
-1798
-1375
-542
553
1691
2618
3115
3044
2388
1255
-140
-1521
-2614
-3203
-3183
-2578
-1538
-302
859
1706
2083
1952
1402
616
-168
-729
-911
-668
-77
681
1370
1754
1664
1046
-15
-1314
-2559
-3444
-3715
-3244
-2055
-339
1588
3343
4560
4969
4457
3098
1140
-1040
-3022
-4417
-4960
-4558
-3309
-1482
541
2353
3597
4048
3650
2528
953
-720
-2128
-2980
-3114
-2531
-1385
50
1449
2502
2981
2787
1969
705
-733
-2045
-2961
-3295
-2986
-2100
-814
619
1931
2880
3305
3144
2448
1361
87
-1144
-2127
-2710
-2820
-2467
-1740
-782
233
1138
1794
2109
2058
1672
1036
273
-482
-1104
-1492
-1589
-1389
-937
-323
338
925
1326
1465
1315
900
295
-388
-1023
-1487
-1688
-1584
-1186
-562
177
902
1485
1824
1864
1603
1093
426
-283
-921
-1393
-1642
-1652
-1447
-1079
-618
-133
317
695
979
1165
1254
1251
1154
959
664
274
-190
-691
-1167
-1548
-1763
-1754
-1498
-1009
-345
398
1106
1664
1977
1994
1716
1196
528
-171
-787
-1229
-1446
-1435
-1236
-919
-563
-240
5
163
252
313
389
512
688
889
1064
1146
1074
814
368
-215
-852
-1432
-1846
-2008
-1875
-1460
-826
-77
665
1288
1704
1872
1800
1535
1147
713
290
-87
-418
-722
-1024
-1336
-1644
-1900
-2029
-1945
-1575
-889
80
1233
2400
3378
3961
3989
3386
2183
530
-1327
-3086
-4443
-5149
-5060
-4172
-2622
-666
1368
3142
4369
4866
4586
3622
2182
543
-1003
-2209
-2916
-3076
-2748
-2080
-1261
-479
120
467
567
495
366
297
371
615
989
1394
1702
1786
1558
995
153
-840
-1810
-2568
-2958
-2883
-2337
-1403
-239
948
1953
2604
2799
2527
1865
958
-8
-853
-1429
-1659
-1538
-1138
-580
-11
435
664
640
390
-5
-434
-778
-944
-880
-590
-129
411
921
1302
1483
1435
1177
765
278
-201
-608
-902
-1078
-1155
-1171
-1157
-1133
-1090
-993
-794
-441
92
795
1605
2406
3049
3375
3250
2599
1433
-135
-1904
-3603
-4939
-5651
-5559
-4607
-2880
-604
1886
4206
5978
6902
6812
5703
3739
1223
-1449
-3867
-5663
-6581
-6515
-5519
-3792
-1637
593
2567
4018
4788
4840
4255
3197
1880
522
-690
-1634
-2247
-2535
-2543
-2342
-2001
-1576
-1099
-585
-41
522
1079
1585
1976
2186
2157
1862
1313
569
-270
-1081
-1735
-2127
-2192
-1926
-1379
-653
118
801
1283
1493
1417
1096
616
88
-374
-681
-779
-665
-380
-2
374
659
783
712
454
57
-402
-835
-1152
-1286
-1201
-899
-420
161
754
1262
1598
1701
1543
1141
548
-149
-843
-1424
-1795
-1893
-1695
-1227
-561
195
918
1487
1805
1820
1531
993
303
-414
-1034
-1448
-1592
-1452
-1067
-522
76
614
1001
1180
1139
909
556
160
-201
-471
-621
-653
-596
-491
-376
-279
-205
-140
-58
68
253
487
735
941
1040
974
713
268
-306
-918
-1451
-1788
-1843
-1575
-1007
-220
651
1454
2038
2292
2162
1666
891
-26
-927
-1657
-2098
-2188
-1929
-1381
-651
132
846
1386
1688
1730
1529
1133
610
34
-522
-995
-1331
-1491
-1451
-1205
-770
-191
460
1091
1593
1862
1822
1439
743
-168
-1146
-2004
-2557
-2661
-2248
-1349
-98
1285
2536
3392
3653
3225
2149
599
-1145
-2755
-3910
-4373
-4036
-2949
-1310
572
2340
3662
4295
4139
3252
1832
176
-1389
-2575
-3189
-3170
-2592
-1639
-557
412
1081
1360
1268
919
482
132
0
132
482
919
1268
1360
1081
412
-557
-1639
-2592
-3170
-3189
-2575
-1389
176
1832
3252
4139
4295
3662
2340
572
-1310
-2949
-4036
-4373
-3910
-2755
-1145
599
2149
3225
3653
3392
2536
1285
-98
-1349
-2248
-2661
-2557
-2004
-1146
-168
743
1439
1822
1862
1593
1091
460
-191
-770
-1205
-1451
-1491
-1331
-995
-522
34
610
1133
1529
1730
1688
1386
846
132
-651
-1381
-1929
-2188
-2098
-1657
-927
-26
891
1666
2162
2292
2038
1454
651
-220
-1007
-1575
-1843
-1788
-1451
-918
-306
268
713
974
1040
941
735
487
253
68
-58
-140
-205
-279
-376
-491
-596
-653
-621
-471
-201
160
556
909
1139
1180
1001
614
76
-522
-1067
-1452
-1592
-1448
-1034
-414
303
993
1531
1820
1805
1487
918
195
-561
-1227
-1695
-1893
-1795
-1424
-843
-149
548
1141
1543
1701
1598
1262
754
161
-420
-899
-1201
-1286
-1152
-835
-402
57
454
712
783
659
374
-2
-380
-665
-779
-681
-374
88
616
1096
1417
1493
1283
801
118
-653
-1379
-1926
-2192
-2127
-1735
-1081
-270
569
1313
1862
2157
2186
1976
1585
1079
522
-41
-585
-1099
-1576
-2001
-2342
-2543
-2535
-2247
-1634
-690
522
1880
3197
4255
4840
4788
4018
2567
593
-1637
-3792
-5519
-6515
-6581
-5663
-3867
-1449
1223
3739
5703
6812
6902
5978
4206
1886
-604
-2880
-4607
-5559
-5651
-4939
-3603
-1904
-135
1433
2599
3250
3375
3049
2406
1605
795
92
-441
-794
-993
-1090
-1133
-1157
-1171
-1155
-1078
-902
-608
-201
278
765
1177
1435
1483
1302
921
411
-129
-590
-880
-944
-778
-434
-5
390
640
664
435
-11
-580
-1138
-1538
-1659
-1429
-853
-8
958
1865
2527
2799
2604
1953
948
-239
-1403
-2337
-2883
-2958
-2568
-1810
-840
153
995
1558
1786
1702
1394
989
615
371
297
366
495
567
467
120
-479
-1261
-2080
-2748
-3076
-2916
-2209
-1003
543
2182
3622
4586
4866
4369
3142
1368
-666
-2622
-4172
-5060
-5149
-4443
-3086
-1327
530
2183
3386
3989
3961
3378
2400
1233
80
-889
-1575
-1945
-2029
-1900
-1644
-1336
-1024
-722
-418
-87
290
713
1147
1535
1800
1872
1704
1288
665
-77
-826
-1460
-1875
-2008
-1846
-1432
-852
-215
368
814
1074
1146
1064
889
688
512
389
313
252
163
5
-240
-563
-919
-1236
-1435
-1446
-1229
-787
-171
528
1196
1716
1994
1977
1664
1106
398
-345
-1009
-1498
-1754
-1763
-1548
-1167
-691
-190
274
664
959
1154
1251
1254
1165
979
695
317
-133
-618
-1079
-1447
-1652
-1642
-1393
-921
-283
426
1093
1603
1864
1824
1485
902
177
-562
-1186
-1584
-1688
-1487
-1023
-388
295
900
1315
1465
1326
925
338
-323
-937
-1389
-1589
-1492
-1104
-482
273
1036
1672
2058
2109
1794
1138
233
-782
-1740
-2467
-2820
-2710
-2127
-1144
87
1361
2448
3144
3305
2880
1931
619
-814
-2100
-2986
-3295
-2961
-2045
-733
705
1969
2787
2981
2502
1449
50
-1385
-2531
-3114
-2980
-2128
-720
953
2528
3650
4048
3597
2353
541
-1482
-3309
-4558
-4960
-4417
-3022
-1040
1140
3098
4457
4969
4560
3343
1588
-339
-2055
-3244
-3715
-3444
-2559
-1314
-15
1046
1664
1754
1370
681
-77
-668
-911
-729
-168
616
1402
1952
2083
1706
859
-302
-1538
-2578
-3183
-3203
-2614
-1521
-140
1255
2388
3044
3115
2618
1691
553
-542
-1375
-1798
-1771
-1363
-732
-77
412
605
459
32
-534
-1054
-1343
-1272
-798
15
1011
1973
2672
2924
2628
1800
568
-850
-2191
-3198
-3677
-3535
-2796
-1598
-160
1261
2424
3145
3330
2989
2221
1190
89
-902
-1648
-2072
-2166
-1975
-1581
-1076
-545
-47
383
735
1012
1215
1337
1362
1266
1031
651
147
-426
-993
-1460
-1739
-1765
-1514
-1014
-340
396
1068
1557
1779
1701
1346
789
138
-485
-975
-1258
-1307
-1144
-827
-437
-55
255
459
552
558
514
458
414
385
355
295
175
-17
-277
-565
-823
-984
-987
-800
-431
67
607
1077
1369
1406
1159
659
-1
-694
-1272
-1608
-1620
-1292
-683
87
863
1480
1808
1773
1379
703
-118
-922
-1547
-1876
-1852
-1492
-878
-139
580
1154
1493
1568
1401
1062
641
223
-127
-386
-560
-687
-806
-946
-1104
-1244
-1297
-1188
-855
-274
515
1413
2266
2893
3127
2854
2048
788
-748
-2304
-3598
-4371
-4446
-3769
-2423
-623
1323
3073
4314
4822
4513
3453
1849
2
-1747
-3092
-3815
-3829
-3189
-2073
-739
533
1506
2026
2056
1672
1037
355
-181
-438
-376
-51
399
798
973
812
291
-507
-1412
-2201
-2651
-2598
-1979
-859
577
2055
3268
3943
3901
3102
1664
-161
-2032
-3582
-4499
-4591
-3823
-2331
-397
1611
3311
4379
4622
4006
2668
882
-1000
-2618
-3677
-4002
-3573
-2518
-1080
433
1724
2557
2810
2490
1722
720
-275
-1042
-1433
-1398
-993
-362
306
821
1040
897
420
-275
-1018
-1618
-1913
-1807
-1288
-437
589
1598
2390
2807
2763
2254
1367
249
-911
-1927
-2643
-2962
-2855
-2361
-1574
-624
350
1222
1892
2299
2420
2267
1880
1316
645
-61
-732
-1300
-1710
-1919
-1908
-1681
-1270
-732
-144
410
854
1132
1218
1125
902
618
352
169
105
157
281
406
445
329
20
-467
-1063
-1655
-2103
-2277
-2085
-1500
-574
564
1733
2725
3353
3486
3079
2183
942
-438
-1730
-2723
-3268
-3302
-2855
-2041
-1029
-5
865
1472
1770
1784
1591
1294
990
745
582
475
368
197
-86
-493
-985
-1479
-1867
-2041
-1924
-1491
-787
81
965
1704
2162
2256
1980
1405
659
-94
-705
-1060
-1119
-915
-546
-148
142
223
59
-309
-777
-1197
-1419
-1332
-893
-149
771
1687
2398
2736
2604
2002
1030
-132
-1263
-2149
-2629
-2632
-2191
-1428
-530
303
903
1174
1110
794
373
15
-139
-15
374
924
1467
1812
1797
1334
443
-746
-2015
-3098
-3744
-3772
-3120
-1862
-201
1570
3126
4176
4521
4102
3002
1436
-298
-1884
-3046
-3605
-3508
-2834
-1766
-547
574
1401
1818
1812
1464
918
342
-116
-363
-375
-198
71
319
447
398
173
-170
-537
-824
-944
-856
-576
-173
249
582
737
674
414
32
-356
-632
-699
-514
-100
451
1007
1417
1552
1340
788
-18
-928
-1753
-2314
-2475
-2182
-1470
-463
653
1668
2391
2689
2513
1909
1003
-23
-977
-1687
-2041
-2003
-1618
-994
-277
382
861
1088
1050
795
408
-3
-341
-532
-546
-394
-125
188
473
665
723
637
425
125
-210
-530
-786
-944
-984
-900
-698
-397
-26
374
761
1080
1281
1322
1176
843
356
-224
-809
-1299
-1601
-1647
-1411
-918
-247
483
1137
1586
1736
1548
1054
347
-430
-1121
-1579
-1706
-1472
-923
-172
623
1294
1698
1749
1435
823
41
-744
-1374
-1720
-1719
-1383
-793
-83
595
1106
1357
1318
1026
570
72
-349
-603
-650
-505
-234
66
296
378
278
15
-343
-699
-947
-1001
-822
-421
131
728
1245
1567
1619
1379
885
226
-476
-1092
-1515
-1675
-1559
-1201
-683
-104
433
845
1083
1135
1024
797
511
222
-29
-224
-358
-439
-482
-497
-489
-454
-387
-280
-134
37
216
372
477
510
464
348
186
12
-137
-236
-270
-244
-179
-102
-44
-22
-41
-88
-134
-151
-111
-7
147
320
461
521
464
277
-14
-358
-677
-888
-926
-758
-397
96
624
1072
1334
1340
1069
563
-82
-738
-1270
-1566
-1563
-1262
-730
-78
556
1047
1305
1296
1049
644
191
-200
-448
-518
-430
-249
-65
33
-8
-197
-486
-783
-974
-961
-686
-158
542
1276
1874
2176
2072
1532
626
-491
-1606
-2487
-2939
-2848
-2206
-1120
206
1520
2562
3127
3105
2504
1443
134
-1170
-2225
-2842
-2926
-2485
-1627
-531
594
1552
2193
2438
2284
1793
1077
263
-525
-1187
-1658
-1904
-1918
-1713
-1318
-767
-109
594
1267
1821
2164
2221
1948
1352
498
-486
-1440
-2184
-2568
-2499
-1973
-1080
9
1074
1892
2288
2177
1588
664
-371
-1265
-1791
-1809
-1301
-384
714
1708
2320
2352
1737
567
-919
-2391
-3490
-3921
-3522
-2311
-490
1587
3493
4814
5246
4660
3142
973
-1422
-3569
-5041
-5548
-5002
-3527
-1435
843
2856
4223
4710
4273
3060
1368
-428
-1962
-2951
-3250
-2871
-1969
-795
371
1286
1788
1831
1477
872
194
-385
-752
-863
-751
-501
-220
-4
94
75
-14
-101
-112
-3
222
514
781
924
865
573
82
-515
-1085
-1483
-1599
-1379
-852
-122
653
1300
1668
1672
1313
679
-76
-770
-1235
-1363
-1132
-609
60
697
1130
1237
984
428
-293
-998
-1502
-1670
-1446
-869
-66
781
1482
1878
1886
1515
859
78
-649
-1168
-1381
-1276
-919
-436
24
333
413
260
-53
-407
-662
-703
-472
10
651
1298
1786
1970
1770
1192
327
-662
-1583
-2252
-2538
-2391
-1849
-1029
-99
766
1420
1774
1812
1587
1195
754
360
77
-86
-165
-221
-317
-495
-758
-1061
-1330
-1474
-1416
-1118
-593
88
817
1465
1914
2083
1950
1548
961
297
-330
-838
-1178
-1349
-1382
-1325
-1221
-1095
-940
-725
-412
25
580
1200
1788
2220
2374
2161
1560
631
-482
-1581
-2449
-2898
-2818
-2210
-1186
43
1219
2087
2459
2260
1546
498
-624
-1540
-2016
-1924
-1276
-224
973
2013
2616
2602
1934
731
-754
-2191
-3249
-3671
-3340
-2304
-770
942
2474
3504
3825
3387
2305
828
-714
-1997
-2766
-2897
-2413
-1478
-345
706
1437
1705
1493
905
133
-595
-1081
-1199
-931
-365
332
963
1350
1385
1057
452
-270
-920
-1330
-1396
-1106
-543
135
747
1125
1166
859
286
-396
-1003
-1362
-1365
-992
-323
484
1235
1744
1880
1605
976
139
-714
-1394
-1751
-1722
-1336
-711
-14
576
918
945
677
217
-278
-643
-747
-531
-25
652
1327
1809
1940
1638
918
-104
-1237
-2253
-2936
-3133
-2787
-1946
-759
563
1785
2701
3168
3134
2639
1803
791
-220
-1081
-1690
-2006
-2048
-1874
-1563
-1190
-809
-447
-106
227
568
918
1260
1554
1747
1787
1633
1276
738
75
-631
-1290
-1814
-2135
-2215
-2051
-1670
-1123
-474
207
858
1424
1860
2131
2212
2089
1760
1239
562
-212
-1008
-1732
-2288
-2596
-2600
-2283
-1676
-851
81
999
1777
2314
2545
2454
2069
1458
713
-61
-772
-1344
-1725
-1895
-1857
-1634
-1261
-785
-254
279
764
1150
1395
1468
1359
1080
672
196
-270
-649
-878
-922
-783
-504
-160
158
367
405
255
-49
-430
-781
-991
-971
-683
-149
543
1259
1842
2145
2071
1593
765
-278
-1354
-2260
-2817
-2906
-2496
-1649
-507
727
1840
2639
2991
2846
2245
1303
190
-903
-1803
-2379
-2561
-2348
-1798
-1018
-135
718
1428
1907
2107
2014
1652
1071
348
-425
-1149
-1726
-2071
-2125
-1863
-1307
-527
369
1243
1951
2367
2408
2052
1348
406
-613
-1535
-2198
-2486
-2352
-1828
-1016
-69
839
1554
1961
2014
1733
1202
541
-117
-658
-1008
-1138
-1072
-865
-592
-319
-96
56
149
205
255
318
397
473
512
483
363
154
-110
-377
-580
-660
-582
-352
-16
343
630
755
665
358
-109
-631
-1073
-1305
-1236
-843
-176
638
1425
2000
2207
1962
1275
256
-904
-1973
-2722
-2978
-2663
-1813
-577
812
2088
2999
3364
3107
2273
1018
-419
-1774
-2797
-3309
-3230
-2589
-1518
-218
1078
2152
2837
3039
2752
2048
1061
-42
-1094
-1944
-2484
-2656
-2457
-1930
-1158
-248
678
1502
2117
2444
2439
2103
1481
657
-249
-1108
-1792
-2201
-2279
-2024
-1490
-777
-9
684
1199
1472
1492
1300
972
602
274
45
-67
-91
-82
-107
-221
-446
-761
-1102
-1376
-1484
-1349
-940
-287
518
1339
2019
2417
2439
2060
1335
385
-620
-1507
-2124
-2378
-2250
-1792
-1117
-364
326
852
1156
1242
1157
977
778
615
508
439
365
232
4
-325
-722
-1117
-1419
-1541
-1426
-1065
-504
162
809
1313
1579
1565
1293
841
324
-137
-448
-563
-497
-322
-142
-61
-148
-413
-800
-1191
-1440
-1413
-1028
-287
708
1774
2674
3178
3116
2426
1180
-418
-2071
-3443
-4238
-4260
-3467
-1983
-83
1867
3481
4437
4544
3782
2313
436
-1466
-3020
-3931
-4047
-3383
-2117
-537
1019
2242
2917
2960
2430
1504
426
-553
-1237
-1524
-1421
-1033
-525
-74
183
188
-32
-371
-676
-797
-633
-163
540
1322
1985
2336
2237
1646
635
-618
-1870
-2859
-3365
-3262
-2546
-1344
116
1555
2694
3319
3324
2731
1682
404
-838
-1806
-2332
-2352
-1913
-1160
-292
483
998
1159
965
504
-76
-604
-928
-950
-654
-101
580
1229
1688
1835
1620
1067
271
-619
-1440
-2040
-2314
-2220
-1785
-1095
-275
535
1215
1675
1876
1826
1573
1186
740
300
-93
-425
-699
-929
-1127
-1295
-1415
-1452
-1366
-1118
-691
-100
603
1331
1972
2408
2540
2311
1719
830
-234
-1309
-2218
-2801
-2950
-2631
-1890
-854
293
1349
2123
2481
2367
1819
963
-15
-906
-1522
-1732
-1497
-877
-19
869
1571
1900
1749
1113
101
-1088
-2203
-2988
-3240
-2857
-1858
-393
1287
2874
4061
4603
4368
3363
1738
-237
-2229
-3892
-4937
-5183
-4587
-3256
-1417
616
2506
3949
4722
4726
3990
2665
990
-749
-2275
-3357
-3848
-3708
-2995
-1858
-502
844
1970
2709
2963
2719
2039
1053
-66
-1132
-1971
-2450
-2497
-2110
-1361
-377
673
1615
2287
2576
2431
1875
1001
-46
-1092
-1966
-2526
-2687
-2431
-1810
-935
47
983
1735
2204
2347
2175
1746
1149
482
-163
-720
-1148
-1435
-1590
-1628
-1566
-1409
-1156
-799
-337
216
828
1435
1957
2305
2401
2194
1674
886
-78
-1089
-1997
-2664
-2980
-2892
-2406
-1592
-569
512
1498
2254
2685
2748
2456
1870
1086
218
-618
-1324
-1825
-2079
-2073
-1829
-1388
-813
-177
445
982
1370
1565
1548
1325
933
433
-95
-571
-918
-1084
-1048
-829
-477
-69
309
580
690
623
401
81
-257
-532
-677
-656
-471
-164
192
518
736
797
688
436
101
-235
-495
-619
-580
-394
-113
185
417
516
445
208
-143
-532
-860
-1038
-1003
-735
-264
336
961
1490
1817
1866
1609
1068
316
-533
-1355
-2019
-2421
-2493
-2216
-1621
-784
182
1149
1985
2574
2832
2716
2236
1449
458
-603
-1589
-2360
-2802
-2851
-2499
-1799
-858
175
1141
1891
2312
2352
2023
1403
619
-178
-842
-1261
-1376
-1194
-782
-256
250
613
0
0
0
0
0
0
0
0
0
0
0
0
0
0
0
0
0
0
0
0
0
0
0
0
0
0
0
0
0
0
0
0
0
0
0
0
0
0
0
0
0
0
0
0
0
0
0
0
0
0
0
0
0
0
0
0
0
0
0
0
0
0
0
0
0
0
0
0
0
0
0
0
0
0
0
0
0
0
0
0
0
0
0
0
0
0
0
0
0
0
0
0
0
0
0
0
0
0
0
0
0
0
0
0
0
0
0
0
0
0
0
0
0
0
0
0
0
0
0
0
0
0
0
0
0
0
0
0
0
0
0
0
0
0
0
0
0
0
0
0
0
0
0
0
0
0
0
0
0
0
0
0
0
0
0
0
0
0
0
0
0
0
0
0
0
0
0
0
0
0
0
0
0
0
0
0
0
0
0
0
0
0
0
0
0
0
0
0
0
0
0
0
0
0
0
0
0
0
0
0
0
0
0
0
0
0
0
0
0
0
0
0
0
0
0
0
0
0
0
0
0
0
0
0
0
0
0
0
0
0
0
0
0
0
0
0
0
0
0
0
0
0
0
0
0
0
0
0
0
0
0
0
0
0
0
0
0
0
0
0
0
0
0
0
0
0
0
0
0
0
0
0
0
0
0
0
0
0
0
0
0
0
0
0
0
0
0
0
0
0
0
0
0
0
0
0
0
0
0
0
0
0
0
0
0
0
0
0
0
0
0
0
0
0
0
0
0
0
0
0
0
0
0
0
0
0
0
0
0
0
0
0
0
0
0
0
