0
4278
8485
12550
16402
19973
23203
26035
28419
30314
31684
32507
32766
32456
31581
30156
28203
25758
22860
19561
15917
11991
7852
3573
-771
-5106
-9352
-13436
-17284
-20829
-24006
-26759
-29038
-30801
-32015
-32660
-32720
-32196
-31094
-29434
-27244
-24563
-21439
-17925
-14087
-9991
-5712
-1327
3083
7441
11667
15683
19415
22796
25762
28259
30239
31667
32514
32764
32412
31462
29931
27847
25247
22178
18696
14865
10755
6443
2009
-2465
-6896
-11201
-15299
-19113
-22570
-25606
-28162
-30190
-31650
-32514
-32764
-32394
-31411
-29832
-27686
-25012
-21861
-18292
-14372
-10175
-5781
-1274
3259
7733
12062
16161
19951
23359
26318
28771
30668
31973
32659
32711
32127
30919
29107
26727
23823
20452
16679
12577
8226
3711
-879
-5455
-9926
-14204
-18204
-21846
-25058
-27775
-29942
-31516
-32464
-32766
-32415
-31417
-29790
-27567
-24790
-21514
-17805
-13736
-9388
-4849
-209
4437
8997
13377
17489
21248
24578
27411
29687
31359
32393
32765
32468
31507
29899
27676
24884
21579
17828
13707
9301
4700
0
-4703
-9311
-13729
-17864
-21629
-24947
-27746
-29968
-31566
-32503
-32761
-32332
-31225
-29460
-27076
-24119
-20653
-16748
-12488
-7961
-3263
1506
6246
10856
15238
19298
22949
26112
28719
30713
32051
32702
32651
31900
30461
28366
25658
22395
18646
14492
10022
5332
524
-4298
-9029
-13567
-17811
-21669
-25055
-27896
-30127
-31699
-32577
-32739
-32182
-30916
-28967
-26379
-23206
-19519
-15397
-10932
-6222
-1372
3511
8320
12945
17284
21240
24723
27655
29968
31611
32545
32748
32214
30954
28995
26381
23169
19431
15252
10724
5950
1038
-3899
-8751
-13405
-17757
-21705
-25159
-28038
-30277
-31822
-32637
-32702
-32014
-30588
-28456
-25665
-22280
-18377
-14047
-9388
-4509
477
5455
10308
14924
19194
23018
26305
28979
30974
32243
32756
32498
31476
29711
27244
24133
20449
16280
11722
6884
1880
-3170
-8148
-12935
-17416
-21484
-25041
-28000
-30291
-31856
-32659
-32677
-31909
-30373
-28105
-25157
-21600
-17520
-13013
-8189
-3163
1941
7001
11893
16499
20705
24407
27516
29953
31659
32589
32721
32049
30590
28377
25463
21921
17836
13307
8448
3377
-1780
-6896
-11843
-16499
-20746
-24479
-27603
-30040
-31727
-32621
-32699
-31957
-30413
-28105
-25088
-21439
-17247
-12618
-7668
-2522
2689
7836
12787
17416
21605
25247
28248
30530
32035
32723
32574
31592
29801
27244
23987
20112
15718
10917
5832
595
-4660
-9798
-14685
-19194
-23208
-26622
-29345
-31307
-32455
-32757
-32206
-30813
-28614
-25665
-22043
-17841
-13169
-8148
-2911
2405
7661
12717
17440
21705
25397
28419
30689
32146
32750
32483
31352
29385
26633
23169
19084
14487
9500
4255
-1105
-6439
-11603
-16457
-20870
-24723
-27911
-30346
-31961
-32712
-32578
-31559
-29684
-27001
-23582
-19519
-14922
-9916
-4636
771
6162
11386
16301
20770
24671
27896
30354
31977
32719
32558
31498
29565
26813
23317
19172
14492
9407
4058
-1405
-6833
-12073
-16978
-21411
-25247
-28377
-30713
-32188
-32760
-32410
-31148
-29007
-26047
-22351
-18021
-13179
-7961
-2516
3003
8440
13640
18454
22745
26389
29282
31340
32503
32737
32033
30409
27913
24613
20604
16000
10932
5547
0
-5550
-10942
-16021
-20637
-24657
-27963
-30458
-32068
-32745
-32468
-31244
-29107
-26118
-22364
-17952
-13013
-7689
-2137
3479
8997
14252
19090
23367
26955
29748
31662
32640
32650
31691
29790
27003
23411
19119
14256
8965
3403
-2262
-7862
-13230
-18204
-22633
-26385
-29345
-31423
-32556
-32707
-31871
-30072
-27362
-23823
-19561
-14703
-9397
-3803
1908
7565
12994
18030
22517
26318
29316
31419
32559
32702
31841
30001
27238
23635
19302
14372
8996
3339
-2422
-8112
-13553
-18577
-23026
-26761
-29667
-31650
-32648
-32629
-31591
-29565
-26615
-22829
-18327
-13249
-7752
-2009
3799
9491
14886
19815
24120
27666
30338
32052
32751
32412
31044
28690
25423
21345
16586
11295
5642
-193
-6025
-11667
-16938
-21669
-25706
-28920
-31206
-32489
-32726
-31909
-30063
-27244
-23544
-19081
-13998
-8460
-2644
3259
9060
14569
19606
24006
27626
30346
32075
32756
32366
30916
28451
25051
20827
15917
10480
4696
-1244
-7147
-12817
-18065
-22719
-26622
-29644
-31684
-32674
-32578
-31398
-29173
-25975
-21909
-17110
-11737
-5969
0
5972
11747
17130
21941
26016
29217
31436
32596
32657
31615
29504
26395
22390
17625
12260
6476
470
-5554
-11392
-16845
-21726
-25867
-29127
-31393
-32585
-32662
-31619
-29491
-26349
-22301
-17483
-12062
-6222
-166
5898
11762
17222
22088
26191
29387
31566
32648
32597
31411
29131
25835
21636
16679
11138
5205
-912
-7001
-12847
-18244
-23003
-26955
-29960
-31912
-32739
-32412
-30940
-28374
-24803
-20353
-15179
-9465
-3413
2763
8843
14612
19863
24407
28083
30758
32334
32755
32003
30103
27124
23169
18381
12929
7010
836
-5370
-11386
-16993
-21989
-26191
-29446
-31636
-32680
-32538
-31214
-28754
-25247
-20819
-15630
-9868
-3744
2518
8692
14551
19879
24480
28184
30855
32393
32739
31880
29845
26709
22585
17625
12011
5950
-333
-6607
-12639
-18204
-23094
-27128
-30152
-32055
-32763
-32248
-30528
-27666
-23767
-18976
-13473
-7461
-1167
5173
11322
17047
22132
26385
29644
31785
32724
32427
30901
28203
24435
19738
14288
8294
1981
-4409
-10635
-16457
-21654
-26025
-29402
-31656
-32697
-32485
-31027
-28377
-24634
-19943
-14481
-8460
-2109
4324
10594
16457
21686
26077
29459
31699
32710
32451
30929
28203
24378
19601
14056
7961
1552
-4919
-11201
-17047
-22227
-26537
-29806
-31906
-32751
-32307
-30590
-27666
-23648
-18696
-13002
-6791
-309
6187
12441
18204
23246
27366
30398
32222
32762
31995
29951
26709
22398
17189
11289
4935
-1619
-8112
-14281
-19879
-24678
-28486
-31147
-32552
-32643
-31416
-28917
-25247
-20553
-15023
-8882
-2378
4225
10659
16662
21989
26421
29777
31918
32756
32254
30432
27362
23169
18024
12137
5748
-879
-7473
-13762
-19485
-24407
-28323
-31070
-32533
-32650
-31414
-28875
-25136
-20353
-14721
-8475
-1874
4807
11292
17307
22602
26955
30182
32146
32765
32010
29911
26556
22083
16679
10571
4016
-2711
-9326
-15551
-21121
-25799
-29387
-31732
-32732
-32344
-30582
-27520
-23286
-18060
-12062
-5547
1206
7911
14280
20041
24947
28786
31393
32653
32513
30975
28105
24024
18906
12972
6476
-301
-7069
-13534
-19415
-24458
-28443
-31196
-32596
-32580
-31148
-28360
-24336
-19250
-13322
-6811
0
6813
13332
19269
24364
28393
31178
32594
32578
31129
28309
24241
19103
13120
6555
-301
-7147
-13680
-19609
-24671
-28641
-31340
-32648
-32505
-30916
-27948
-23735
-18460
-12360
-5706
1206
8067
14569
20421
25359
29162
31656
32728
32328
30473
27244
22786
17298
11027
4255
-2711
-9557
-15974
-21669
-26383
-29901
-32062
-32766
-31979
-29736
-26137
-21345
-15577
-9095
-2195
4807
11593
17850
23291
27666
30771
32464
32665
31362
28614
24546
19345
13249
6538
-477
-7473
-14125
-20126
-25196
-29098
-31650
-32732
-32292
-30349
-26991
-22374
-16712
-10266
-3339
3746
10659
17076
22694
27251
30530
32377
32702
31489
28793
24740
19519
13375
6597
-494
-7565
-14281
-20323
-25404
-29282
-31772
-32753
-32178
-30072
-26533
-21729
-15887
-9285
-2238
4919
11843
18204
23695
28052
31066
32589
32548
30942
27847
23411
17845
11416
4435
-2763
-9830
-16425
-22227
-26955
-30378
-32330
-32713
-31507
-28769
-24631
-19293
-13013
-6096
1120
8285
15047
21076
26077
29802
32068
32763
31850
29372
25451
20276
14101
7230
0
-7232
-14111
-20295
-25478
-29402
-31872
-32764
-32033
-29711
-25913
-20827
-14703
-7845
-595
6688
13640
19914
25196
29220
31785
32759
32093
29819
26047
20967
14832
7950
664
-6656
-13645
-19948
-25247
-29273
-31822
-32763
-32046
-29706
-25861
-20703
-14492
-7543
-209
7138
14125
20396
25629
29557
31977
32766
31880
29363
25342
20022
13674
6622
-771
-8129
-15071
-21240
-26318
-30042
-32219
-32734
-31559
-28754
-24461
-18901
-12360
-5177
2276
9615
16457
22447
27271
30678
32489
32608
31026
27825
23169
17302
10527
3199
-4298
-11573
-18244
-23960
-28419
-31387
-32705
-32302
-30198
-26501
-21406
-15179
-8148
-684
6817
13962
20369
25700
29668
32064
32757
31710
28975
24698
19103
12488
5205
-2358
-9798
-16717
-22745
-27557
-30894
-32577
-32513
-30703
-27244
-22319
-16192
-9191
-1693
5898
13175
19743
25247
29388
31941
32765
31816
29141
24884
19276
12618
5272
-2362
-9871
-16845
-22903
-27714
-31014
-32621
-32445
-30495
-26875
-21781
-15492
-8351
-749
6896
14165
20658
26016
29942
32220
32721
31417
28377
23767
17841
10926
3403
-4310
-11787
-18613
-24407
-28847
-31684
-32759
-32010
-29476
-25298
-19707
-13013
-5590
2148
9769
16845
22980
27828
31116
32659
32366
30254
26438
21133
14635
7310
-430
-8148
-15409
-21801
-26962
-30598
-32502
-32563
-30778
-27244
-22162
-15818
-8572
-836
6950
14343
20920
26305
30190
32350
32661
31103
27762
22829
16586
9388
1649
-6187
-13670
-20369
-25898
-29936
-32249
-32702
-31267
-28024
-23161
-16955
-9766
-2009
5867
13405
20168
25762
29860
32222
32709
31291
28049
23169
16936
9711
1916
-5992
-13553
-20323
-25904
-29968
-32275
-32687
-31179
-27837
-22855
-16527
-9222
-1372
6562
14111
20829
26318
30252
32397
32623
30916
27374
22206
15718
8294
373
-7571
-15067
-21669
-26980
-30683
-32556
-32483
-30469
-26631
-21197
-14492
-6916
1077
9009
16402
22811
27851
31216
32702
32218
29790
25564
19793
12824
5078
-2978
-10856
-18080
-24210
-28873
-31785
-32766
-31757
-28816
-24119
-17952
-10689
-2772
5316
13083
20053
25799
29968
32304
32662
31017
27469
22233
15630
8064
0
-8067
-15639
-22251
-27492
-31038
-32669
-32282
-29899
-25665
-19840
-12785
-4935
3223
11185
18454
24578
29176
31960
32754
31507
28295
23317
16881
9388
1306
-6859
-14599
-21426
-26913
-30713
-32587
-32415
-30206
-26096
-20343
-13307
-5431
2789
10837
18204
24423
29100
31937
32755
31498
28244
23199
16679
9099
938
-7285
-15047
-21854
-27271
-30951
-32659
-32282
-29844
-25497
-19519
-12290
-4271
4023
12062
19330
25359
29762
32252
32670
30984
27303
21861
15008
7184
-1105
-9326
-16947
-23474
-28484
-31650
-32766
-31757
-28687
-23753
-17274
-9670
-1435
6896
14781
21705
27215
30951
32666
32248
29720
25247
19119
11737
3583
-4807
-12886
-20121
-26035
-30239
-32455
-32534
-30469
-26395
-20578
-13400
-5336
3083
11302
18775
25007
29584
32200
32681
30992
27244
21684
14679
6695
-1736
-10055
-17706
-24178
-29038
-31959
-32744
-31340
-27837
-22468
-15592
-7668
771
9163
16942
23583
28641
31772
32764
31548
28203
22955
16155
8261
-193
-8637
-16499
-23246
-28419
-31667
-32766
-31641
-28366
-23161
-16378
-8479
0
8482
16388
23178
28387
31659
32766
31633
28334
23092
16267
8323
-193
-8699
-16610
-23382
-28547
-31748
-32764
-31521
-28105
-22748
-15818
-7793
771
9287
17161
23850
28887
31923
32744
31292
27666
22114
15023
6884
-1736
-10238
-18030
-24565
-29387
-32158
-32681
-30919
-26991
-21173
-13868
-5590
3083
11543
19194
25499
30012
32414
32534
30361
26047
19895
12336
3903
-4807
-13181
-20625
-26610
-30711
-32637
-32248
-29569
-24790
-18247
-10405
-1820
6896
15124
22277
27843
31423
32760
31757
28483
23169
16196
8060
-655
-9326
-17331
-24094
-29127
-32068
-32703
-30984
-27033
-21133
-13707
-5289
3511
12062
19743
25999
30374
32552
32371
29844
25150
18630
10754
2094
-6719
-15047
-22282
-27896
-31478
-32765
-31661
-28244
-22763
-15616
-7324
1506
10228
18204
24847
29668
32313
32585
30461
26096
19809
12062
3423
-5469
-13962
-21426
-27310
-31178
-32740
-31881
-28661
-23317
-16242
-7961
912
9721
17811
24578
29519
32265
32608
30520
26157
19840
12041
3339
-5613
-14150
-21629
-27492
-31296
-32755
-31758
-28377
-22863
-15630
-7219
1736
10564
18599
25234
29968
32443
32468
30041
25342
18725
10689
1842
-7147
-15598
-22868
-28404
-31785
-32751
-31227
-27327
-21345
-13736
-5078
3969
12717
20496
26712
30887
32702
32014
28875
23522
16364
7950
-1077
-10024
-18204
-24986
-29848
-32414
-32483
-30050
-25298
-18593
-10451
-1499
7571
16058
23305
28750
31969
32711
30916
26720
20449
12587
3744
-5391
-14111
-21734
-27666
-31442
-32766
-31533
-27837
-21964
-14372
-5653
3510
12401
20323
26654
30894
32710
31957
28692
23169
15822
7226
-1941
-10958
-19113
-25762
-30378
-32596
-32237
-29328
-24096
-16955
-8469
691
9799
18132
25028
29936
32465
32412
29778
24772
17791
9388
234
-8940
-17404
-24479
-29598
-32350
-32513
-30072
-25219
-18342
-9991
-836
8388
16942
24135
29387
32275
32563
30226
25451
18620
10283
1113
-8148
-16754
-24006
-29316
-32252
-32574
-30254
-25477
-18630
-10266
-1066
8222
16845
24098
29390
32286
32549
30156
25298
18372
9941
695
-8610
-17213
-24407
-29603
-32371
-32482
-29925
-24908
-17841
-9305
0
9307
17850
24924
29942
32491
32356
29546
24293
17028
8351
-1019
-10308
-18745
-25629
-30386
-32621
-32145
-28995
-23432
-15917
-7073
2362
11603
19879
26497
30903
32728
31816
28241
22301
14491
5464
-4023
-13175
-21224
-27492
-31451
-32766
-31324
-27244
-20868
-12732
-3519
5992
15001
22745
28568
31977
32682
30619
25962
19103
10622
1238
-8253
-17047
-24394
-29668
-32420
-32412
-29643
-24347
-16973
-8148
1373
10781
19269
26112
30723
32705
31886
28334
22351
14449
5304
-4298
-13534
-21608
-27826
-31650
-32749
-31026
-26627
-19930
-11510
-2094
7504
16457
23989
29446
32355
32460
29752
24461
17046
8148
-1459
-10942
-19477
-26318
-30870
-32732
-31742
-27983
-21780
-13674
-4371
5316
14541
22496
28484
31977
32669
30495
25645
18541
9807
209
-9410
-18204
-25397
-30356
-32640
-32046
-28625
-22675
-14721
-5464
4278
13645
21806
28038
31787
32719
30748
26047
19032
10324
695
-8997
-17892
-25196
-30256
-32621
-32077
-28669
-22701
-14703
-5389
4409
13816
21989
28193
31872
32694
30582
25725
18555
9715
0
-9718
-18563
-25739
-30598
-32699
-31850
-28126
-21861
-13619
-4144
5708
15047
23026
28920
32194
32549
29951
24631
17073
7961
-1876
-11547
-20168
-26955
-31287
-32766
-31257
-26894
-20073
-11416
-1713
8148
17267
24807
30076
32589
32113
28690
22632
14492
5018
-4919
-14407
-22570
-28657
-32104
-32591
-30072
-24775
-17189
-8012
1907
11653
20323
27113
31393
32763
31094
26539
19519
10683
852
-9060
-18132
-25519
-30530
-32697
-31816
-27965
-21503
-13031
-3339
6667
16052
23938
29584
32459
32292
29097
23169
15065
5543
-4501
-14125
-22423
-28612
-32108
-32578
-29977
-24546
-16798
-7461
2582
12385
21019
27666
31694
32721
30647
25665
18247
9095
-923
-10856
-19760
-26786
-31264
-32766
-31146
-26556
-19431
-10451
-470
9557
18675
26008
30855
32749
31507
27244
20368
11537
1595
-8501
-17784
-25359
-30497
-32702
-31758
-27754
-21074
-12360
-2451
7696
17103
24860
30215
32648
31922
28105
21563
12929
3039
-7147
-16643
-24525
-30025
-32607
-32016
-28309
-21844
-13249
-3359
6859
16412
24364
29939
32588
32050
28377
21924
13322
3413
-6833
-16412
-24382
-29960
-32596
-32028
-28309
-21804
-13150
-3199
7069
16643
24578
30089
32630
31946
28105
21482
12732
2719
-7565
-17103
-24947
-30318
-32680
-31797
-27754
-20951
-12062
-1970
8320
17784
25478
30633
32732
31565
27244
20200
11134
952
-9326
-18675
-26154
-31014
-32765
-31228
-26556
-19215
-9941
333
10578
19760
26955
31436
32749
30759
25665
17979
8475
-1887
-12062
-21019
-27851
-31864
-32650
-30126
-24546
-16475
-6728
3703
13762
22423
28806
32258
32427
29291
23169
14683
4696
-5772
-15653
-23938
-29777
-32571
-32033
-28214
-21503
-12587
-2378
8077
17706
25519
30711
32748
31416
26850
19519
10175
-219
-10594
-19879
-27113
-31549
-32726
-30520
-25157
-17189
-7439
3083
13289
22119
28657
32222
32441
29289
23092
14492
4381
-6187
-16114
-24364
-30076
-32652
-31820
-27666
-20619
-11416
-1017
9491
19008
26537
31287
32757
30792
25595
17709
7961
-2625
-12939
-21894
-28547
-32194
-32451
-29286
-23032
-14346
-4144
6498
16457
24678
30291
32699
31644
27238
19943
10531
0
-10533
-19951
-27251
-31656
-32694
-30254
-24592
-16309
-6286
4409
14637
23305
29487
32519
32077
28203
21312
12137
1660
-8997
-18692
-26385
-31248
-32757
-30748
-25434
-17383
-7461
3266
13645
22556
29038
32390
32248
28625
21909
12824
2351
-8378
-18204
-26061
-31098
-32765
-30880
-25645
-17625
-7689
3083
13524
22496
29023
32393
32235
28565
21780
12618
2077
-8692
-18516
-26318
-31245
-32755
-30681
-25247
-17046
-6975
3863
14280
23132
29446
32527
32033
28015
20915
11510
836
-9932
-19609
-27125
-31650
-32682
-30103
-24198
-15616
-5304
5596
15880
24407
30232
32705
31550
26894
19250
9465
-1373
-12062
-21411
-28379
-32188
-32412
-29022
-22395
-13267
-2656
8253
18244
26197
31222
32754
30619
25054
16679
6433
-4537
-15001
-23783
-29895
-32648
-31731
-27244
-19690
-9916
976
11762
21224
28293
32170
32415
28997
22301
13080
2378
-8595
-18599
-26497
-31393
-32729
-30352
-24528
-15917
-5494
5554
15974
24578
30386
32734
31352
26395
18425
8351
-2679
-13405
-22602
-29217
-32491
-32046
-27932
-20616
-10936
0
10939
20625
27944
32055
32482
29173
22507
13249
2462
-8610
-18692
-26622
-31481
-32707
-30156
-24119
-15293
-4696
6446
16845
25296
30817
32766
30916
25477
17079
6695
-4468
-15115
-24006
-30106
-32702
-31489
-26606
-18620
-8460
2689
13528
22788
29387
32552
31909
27532
19930
9991
-1120
-12103
-21669
-28693
-32350
-32208
-28280
-21025
-11295
-234
10856
20671
28052
32127
32412
28871
21921
12379
1372
-9799
-19815
-27487
-31906
-32545
-29328
-22632
-13249
-2291
8940
19113
27016
31708
32629
29666
23169
13911
2992
-8285
-18577
-26654
-31549
-32677
-29899
-23544
-14372
-3477
7836
18214
26411
31442
32702
30037
23764
14635
3744
-7598
-18030
-26293
-31393
-32711
-30086
-23833
-14703
-3796
7571
18026
26305
31405
32707
30050
23753
14577
3632
-7754
-18204
-26446
-31479
-32688
-29925
-23522
-14256
-3253
8148
18560
26712
31608
32650
29706
23135
13736
2656
-8751
-19090
-27095
-31785
-32581
-29385
-22585
-13013
-1842
9557
19786
27585
31994
32468
28947
21861
12081
809
-10564
-20637
-28166
-32219
-32293
-28377
-20951
-10932
440
11762
21629
28819
32437
32033
27653
19840
9561
-1907
-13142
-22745
-29519
-32621
-31661
-26755
-18514
-7961
3586
14689
23960
30239
32740
31148
25658
16955
6128
-5469
-16384
-25247
-30944
-32759
-30461
-24336
-15151
-4058
7546
18204
26572
31595
32638
29565
22763
13087
1756
-9798
-20118
-27896
-32148
-32332
-28424
-20915
-10754
771
12203
22088
29171
32552
31797
27001
18769
8148
-3511
-14727
-24069
-30346
-32754
-30984
-25260
-16309
-5272
6439
17331
26008
31359
32696
29845
23169
13521
2137
-9523
-19964
-27843
-32146
-32318
-28334
-20703
-10405
1234
12717
22564
29503
32637
31559
26407
17841
6968
-4807
-15965
-25058
-30909
-32757
-30361
-24028
-14577
-3233
8533
19194
27364
31977
32433
28669
21173
10917
-762
-12345
-22321
-29387
-32619
-31592
-26438
-17828
-6884
4961
16161
25247
31028
32744
30168
23635
13998
2522
-9287
-19879
-27860
-32179
-32265
-28105
-20242
-9711
2101
13640
23382
30040
32733
31103
25362
16267
5018
-6896
-17901
-26537
-31659
-32585
-29190
-21921
-11741
0
11743
21929
29201
32589
31641
26480
17791
6728
-5233
-16499
-25566
-31222
-32709
-29826
-22955
-13013
-1327
10537
20994
28641
32450
31909
27088
18630
7668
-4324
-15739
-25041
-30976
-32744
-30105
-23411
-13561
-1880
10055
20637
28436
32397
31982
27244
18822
7852
-4182
-15653
-25007
-30974
-32743
-30072
-23319
-13400
-1660
10308
20879
28612
32455
31881
26966
18377
7282
-4807
-16245
-25468
-31216
-32702
-29720
-22675
-12528
-664
11292
21705
29147
32596
31576
26225
17274
5950
-6193
-17489
-26383
-31650
-32564
-28995
-21433
-10917
1105
12978
23064
29968
32737
30984
24950
15465
3839
-8320
-19330
-27666
-32170
-32217
-27796
-19519
-8531
3643
15314
24860
30951
32739
29972
23032
12884
938
-11141
-21669
-29176
-32613
-31498
-25982
-16835
-5332
6918
18204
26944
31912
32410
28366
20343
9465
-2743
-14569
-24351
-30713
-32759
-30198
-23387
-13283
-1306
10856
21492
29100
32604
31507
25962
16748
5166
-7147
-18454
-27152
-32008
-32332
-28076
-19840
-8789
3510
15314
24947
31038
32720
29752
22551
12140
0
-12143
-22559
-29762
-32723
-31017
-24884
-15198
-3339
8998
20053
28242
32393
31908
26854
17952
6476
-5930
-17489
-26541
-31785
-32465
-28481
-20402
-9388
2978
14918
24714
30951
32730
29790
22554
12062
-172
-12385
-22811
-29942
-32746
-30813
-24421
-14492
-2462
9926
20879
28806
32556
31581
26021
16679
4912
-7571
-18956
-27585
-32200
-32127
-27374
-18630
-7167
5342
17076
26318
31719
32485
28504
20353
9222
-3259
-15267
-25041
-31147
-32687
-29434
-21861
-11077
1334
13553
23783
30517
32764
30189
23169
12736
423
-11953
-22570
-29860
-32743
-30792
-24293
-14202
-2009
10483
21426
29201
32652
31267
25247
15482
3419
-9153
-20369
-28563
-32514
-31633
-26047
-16586
-4654
7973
19415
27967
32350
31910
26709
17520
5712
-6950
-18577
-27428
-32179
-32116
-27244
-18292
-6597
6088
17864
26962
32015
32263
27666
18910
7310
-5391
-17284
-26579
-31872
-32366
-27983
-19380
-7852
4862
16845
26287
31760
32433
28203
19707
8226
-4501
-16550
-26094
-31684
-32472
-28334
-19895
-8434
4310
16402
26003
31651
32486
28377
19946
8475
-4288
-16402
-26016
-31662
-32478
-28334
-19861
-8351
4437
16550
26133
31717
32445
28203
19638
8060
-4756
-16845
-26351
-31812
-32386
-27983
-19276
-7602
5243
17284
26666
31941
32293
27666
18769
6975
-5898
-17864
-27071
-32095
-32157
-27244
-18113
-6176
6719
18577
27557
32265
31968
26709
17302
5205
-7702
-19415
-28111
-32434
-31710
-26047
-16326
-4058
8843
20369
28719
32588
31368
25247
15179
2736
-10137
-21426
-29364
-32705
-30922
-24293
-13853
-1238
11573
22570
30025
32764
30353
23169
12339
-434
-13142
-23783
-30678
-32739
-29638
-21861
-10632
2276
14829
25041
31296
32604
28754
20353
8727
-4282
-16616
-26318
-31849
-32328
-27676
-18630
-6622
6439
18480
27585
32302
31880
26381
16679
4318
-8734
-20396
-28806
-32620
-31227
-24845
-14492
-1820
11144
22329
29942
32763
30335
23047
12062
-859
-13645
-24243
-30951
-32688
-29173
-20967
-9388
3703
16202
26094
31785
32354
27709
18593
6476
-6688
-18775
-27832
-32393
-31718
-25913
-15915
-3339
9779
21317
29402
32723
30737
23764
12933
0
-12935
-23772
-30745
-32720
-29372
-21243
-9654
3510
16105
26077
31798
32332
27590
18342
6096
-7147
-19226
-28162
-32493
-31507
-25362
-15061
-2291
10856
22227
29953
32765
30198
22670
11416
-1716
-14569
-25028
-31370
-32548
-28366
-19509
-7435
5867
18204
27539
32330
31782
25982
15887
3163
-10086
-21669
-29667
-32753
-30413
-23032
-11831
1334
14281
24860
31312
32563
28403
19519
7387
-5976
-18347
-27666
-32377
-31693
-25725
-15465
-2622
10659
22164
29968
32766
30086
22374
10917
-2369
-15261
-25599
-31650
-32396
-27709
-18372
-5950
7473
19643
28516
32596
31195
24546
13765
664
-12550
-23653
-30771
-32702
-29116
-20616
-8634
4807
17440
27128
32230
31881
26137
15968
3092
-10308
-21966
-29901
-32766
-30072
-22272
-10689
2711
15653
25937
31812
32275
27244
17574
4908
-8595
-20637
-29162
-32712
-30681
-23411
-12140
1206
14349
25041
31451
32480
27948
18630
6117
-7445
-19735
-28641
-32634
-31026
-24089
-13013
301
13567
24501
31222
32570
28309
19172
6728
-6876
-19298
-28393
-32589
-31159
-24347
-13326
0
13328
24354
31166
32585
28360
19220
6748
-6896
-19347
-28443
-32604
-31103
-24198
-13087
301
13640
24608
31294
32533
28105
18778
6176
-7504
-19879
-28786
-32669
-30847
-23635
-12290
1206
14493
25247
31583
32389
27520
17828
5008
-8692
-20870
-29387
-32745
-30352
-22624
-10917
2711
15865
26229
31977
32094
26556
16335
3233
-10442
-22277
-30182
-32757
-29546
-21112
-8944
4807
17712
27483
32390
31559
25136
14256
845
-12717
-24026
-31070
-32598
-28334
-19032
-6345
7473
19964
28903
32697
30666
23169
11540
-2148
-15456
-26008
-31918
-32127
-26596
-16309
-3103
10659
22517
30346
32741
29270
20553
8148
-5719
-18563
-28078
-32552
-31179
-24202
-12874
771
14281
25223
31625
32332
27214
17189
4062
-9798
-21894
-30040
-32762
-29565
-21025
-8682
5233
18204
27882
32514
31257
24336
13002
-691
-14262
-25247
-31650
-32307
-27094
-16955
-3732
10171
22227
30239
32747
29289
20494
7961
-6025
-18915
-28356
-32621
-30929
-23586
-11931
1907
15400
26077
31982
32033
26215
15592
2109
-11762
-23479
-30889
-32629
-28377
-18910
-5966
8077
20637
29402
32756
30080
21861
9613
-4409
-17621
-27585
-32459
-31342
-24435
-13013
816
14497
25499
31785
32188
26631
16140
2656
-11322
-23203
-30782
-32650
-28456
-18976
-5969
8148
20755
29503
32763
29925
21514
9095
-5021
-18204
-27995
-32564
-31058
-23753
-12011
1977
15598
26305
32095
31880
25698
14703
952
-12978
-24480
-31393
-32418
-27360
-17165
-3744
10381
22559
30497
32702
28754
19394
6380
-7836
-20580
-29446
-32762
-29899
-21393
-8847
5370
18577
28275
32630
30814
23169
11138
-3003
-16579
-27016
-32334
-31523
-24733
-13249
751
14612
25700
31906
32048
26096
15179
1372
-12698
-24354
-31371
-32412
-27273
-16932
-3359
10856
23003
30758
32638
28280
18514
5205
-9101
-21669
-30089
-32747
-29131
-19930
-6905
7445
20371
29387
32762
29844
21189
8460
-5898
-19125
-28673
-32702
-30433
-22301
-9868
4468
17946
27963
32585
30916
23274
11134
-3159
-16845
-27275
-32428
-31305
-24119
-12260
1977
15833
26622
32247
31615
24845
13249
-923
-14918
-26016
-32055
-31858
-25461
-14105
0
14107
25468
31864
32046
25975
14832
792
-13405
-24986
-31684
-32188
-26395
-15435
-1452
12817
24578
31525
32292
26727
15917
1981
-12345
-24250
-31393
-32366
-26976
-16280
-2378
11993
24006
31293
32415
27148
16527
2644
-11762
-23850
-31230
-32442
-27244
-16660
-2779
11653
23783
31206
32451
27267
16679
2783
-11667
-23806
-31222
-32441
-27217
-16586
-2656
11803
23919
31277
32412
27094
16378
2398
-12062
-24120
-31370
-32361
-26894
-16056
-2009
12441
24407
31496
32285
26615
15616
1488
-12939
-24777
-31650
-32178
-26251
-15055
-836
13553
25223
31826
32033
25797
14372
52
-14280
-25739
-32015
-31841
-25247
-13561
863
15115
26318
32208
31592
24592
12618
-1908
-16052
-26950
-32393
-31276
-23823
-11540
3083
17085
27622
32556
30880
22932
10324
-4384
-18204
-28323
-32682
-30389
-21909
-8965
5807
19399
29038
32755
29790
20744
7461
-7347
-20658
-29748
-32757
-29067
-19428
-5811
8997
21966
30436
32669
28203
17952
4016
-10746
-23305
-31079
-32468
-27184
-16309
-2077
12583
24657
31656
32135
25992
14491
0
-14493
-25999
-32139
-31644
-24613
-12494
2208
16457
27304
32503
30975
23032
10317
-4537
-18454
-28547
-32719
-30103
-21238
-7961
6971
20458
29694
32757
29007
19220
5431
-9491
-22439
-30713
-32587
-27666
-16973
-2736
12073
24364
31568
32177
26060
14492
-108
-14689
-26197
-32222
-31498
-24174
-11781
3083
17304
27896
32634
30520
21996
8847
-6162
-19879
-29416
-32766
-29219
-19519
-5706
9311
22368
30711
32578
27570
16743
2378
-12491
-24723
-31732
-32033
-25558
-13674
1105
15653
26888
32428
31095
23169
10328
-4707
-18745
-28806
-32750
-29736
-20402
-6728
8378
21705
30414
32650
27932
17262
2911
-12062
-24465
-31651
-32083
-25665
-13765
1077
15692
26955
32455
31012
22932
9941
-5180
-19194
-29098
-32765
-29406
-19738
-5832
9326
22486
30817
32526
27244
16102
1495
-13436
-25478
-32035
-31693
-24521
-12062
2999
17416
28078
32680
30226
21243
7668
-7565
-21167
-30192
-32685
-28105
-17438
-2992
12103
24578
31727
31995
25321
13150
-1876
-16499
-27539
-32596
-30567
-21889
-8448
6833
20630
29936
32722
28377
17845
3419
-11753
-24364
-31659
-32040
-25423
-13249
1823
16499
27568
32607
30508
21729
8189
-7147
-20920
-30108
-32693
-28105
-17347
-2779
12401
24860
31856
31850
24838
12360
-2839
-17416
-28160
-32702
-30037
-20749
-6884
8501
22013
30668
32552
27244
15915
1066
-14020
-26008
-32243
-31342
-23500
-10451
4915
19194
29220
32766
29042
18871
4509
-10856
-23813
-31479
-32147
-25665
-13473
1720
16533
27666
32637
30335
21271
7461
-8015
-21705
-30552
-32578
-27327
-15968
-1038
14125
26133
32294
31228
23169
9920
-5554
-19786
-29584
-32748
-28565
-17970
-3339
12043
24723
31849
31816
24627
11897
-3511
-18132
-28673
-32755
-29458
-19519
-5177
10334
23516
31393
32182
25702
13414
-1907
-16800
-27896
-32682
-30072
-20653
-6555
9029
22570
30997
32395
26445
14492
-751
-15827
-27310
-32589
-30461
-21406
-7481
8148
21926
30713
32507
26894
15151
-48
-15238
-26955
-32522
-30664
-21804
-7961
7702
21608
30575
32549
27076
15403
202
-15047
-26852
-32503
-30703
-21861
-8002
7696
21629
30598
32538
27001
15255
0
-15257
-27007
-32541
-30582
-21579
-7602
8129
21989
30779
32468
26664
14703
-655
-15865
-27411
-32621
-30288
-20948
-6758
8997
22672
31098
32318
26047
13736
-1763
-16855
-28038
-32713
-29790
-19946
-5464
10289
23653
31516
32046
25116
12336
-3319
-18204
-28847
-32766
-29042
-18541
-3711
11987
24889
31977
31593
23823
10480
-5316
-19871
-29777
-32711
-27983
-16697
-1495
14059
26318
32404
30885
22114
8148
-7733
-21801
-30745
-32460
-26539
-14372
1180
16457
27860
32699
29832
19930
5325
-10537
-23916
-31650
-31910
-24631
-11530
4298
19113
29409
32747
28334
17210
2009
-13670
-26112
-32365
-30942
-22178
-8148
7817
21929
30833
32412
26285
13907
-1780
-17047
-28259
-32743
-29429
-19103
-4222
11667
24777
31977
31548
23586
9991
-5992
-20546
-30192
-32619
-27244
-15350
219
15739
27492
32660
30001
20149
5464
-10533
-24006
-31719
-31816
-24270
-10892
5106
19879
29873
32681
27625
15917
373
-15261
-27221
-32621
-30156
-20416
-5748
10308
23879
31684
31836
24293
10875
-5173
-19973
-29942
-32665
-27477
-15633
0
15636
27483
32666
29925
19920
5078
-10999
-24407
-31886
-31615
-23656
-9941
6193
20824
30386
32549
26782
14487
-1341
-16845
-28242
-32749
-29262
-18630
-3445
12583
25539
32252
31078
22301
8064
-8148
-22368
-31111
-32231
-25451
-12429
3643
18824
29387
32737
28047
16465
836
-15001
-27152
-32625
-30072
-20115
-5205
10989
24479
31937
31523
23335
9388
-6876
-21447
-30723
-32412
-26092
-13322
2743
18132
29038
32759
28371
16955
1338
-14612
-26944
-32596
-30164
-20247
-5304
10958
24501
31960
31477
23169
9099
-7236
-21774
-30894
-32323
-25702
-12676
3510
18824
29446
32724
27837
16000
166
-15711
-27666
-32707
-29572
-19041
-3744
12491
25602
32304
30916
21780
7184
-9215
-23305
-31551
-31880
-24205
-10451
5930
20824
30486
32483
26311
13518
-2679
-18204
-29147
-32749
-28098
-16364
-502
15488
27574
32702
29574
18976
3583
-12717
-25806
-32371
-30748
-21345
-6538
9926
23879
31785
31636
23467
9346
-7147
-21830
-30974
-32254
-25342
-11991
4409
19692
29968
32623
26976
14462
-1736
-17495
-28798
-32764
-28377
-16752
-852
15267
27492
32699
29554
18857
3339
-13034
-26077
-32450
-30520
-20777
-5712
10817
24578
32042
31291
22515
7961
-8637
-23021
-31496
-31881
-24075
-10079
6509
21426
30833
32307
25463
12062
-4448
-19815
-30076
-32585
-26689
-13907
2465
18204
29244
32732
27762
15616
-569
-16610
-28356
-32765
-28692
-17189
-1231
15047
27428
32699
29490
18630
2932
-13528
-26478
-32552
-30168
-19943
-4530
12062
25519
32337
30737
21133
6022
-10659
-24565
-32068
-31208
-22206
-7407
9326
23628
31760
31593
23169
8686
-8070
-22719
-31423
-31903
-24028
-9858
6896
21846
31070
32147
24790
10926
-5807
-21019
-30711
-32336
-25461
-11891
4807
20244
30356
32478
26047
12755
-3899
-19528
-30012
-32581
-26556
-13521
3083
18877
29687
32654
26991
14192
-2362
-18294
-29387
-32703
-27360
-14769
1736
17784
29119
32734
27666
15255
-1206
-17349
-28887
-32752
-27913
-15652
771
16993
28695
32761
28105
15962
-434
-16717
-28547
-32765
-28244
-16186
193
16523
28443
32766
28334
16326
-48
-16412
-28387
-32766
-28374
-16382
0
0
0
0
0
0
0
0
0
0
0
0
0
0
0
0
0
0
0
0
0
0
0
0
0
0
0
0
0
0
0
0
0
0
0
0
0
0
0
0
0
0
0
0
0
0
0
0
0
0
0
0
0
0
0
0
0
0
0
0
0
0
0
0
0
0
0
0
0
0
0
0
0
0
0
0
0
0
0
0
0
0
0
0
0
0
0
0
0
0
0
0
0
0
0
0
0
0
0
0
0
0
0
0
0
0
0
0
0
0
0
0
0
0
0
0
0
0
0
0
0
0
0
0
0
0
0
0
0
0
0
0
0
0
0
0
0
0
0
0
0
0
0
0
0
0
0
0
0
0
0
0
0
0
0
0
0
0
0
0
0
0
0
0
0
0
0
0
0
0
0
0
0
0
0
0
0
0
0
0
0
0
0
0
0
0
0
0
0
0
0
0
0
0
0
0
0
0
0
0
0
0
0
0
0
0
0
0
0
0
0
0
0
0
0
0
0
0
0
0
0
0
0
0
0
0
0
0
0
0
0
0
0
0
0
0
0
0
0
0
0
0
0
0
0
0
0
0
0
0
0
0
0
0
0
0
0
0
0
0
0
0
0
0
0
0
0
0
0
0
0
0
0
0
0
0
0
0
0
0
0
0
0
0
0
0
0
0
0
0
0
0
0
0
0
0
0
0
0
0
0
0
0
0
0
0
0
0
0
0
0
0
0
0
0
0
0
0
0
0
0
0
0
0
0
0
0
0
0
0
0
0
0
0
0
0
0
0
0
0
0
0
0
0
0
0
0
0
0
0
0
0
0
0
0
0
0
0
0
0
0
0
0
0
0
0
0
0
0
0
0
0
0
0
0
0
0
0
0
0
0
0
0
0
0
0
0
0
0
0
0
0
0
0
0
0
0
0
0
0
0
0
0
0
0
0
0
0
0
0
0
0
0
0
0
0
0
0
0
0
0
0
0
0
0
0
0
0
0
0
0
0
0
0
0
0
0
0
0
0
0
0
0
0
0
0
0
0
0
0
0
0
0
0
0
0
0
0
0
0
0
0
0
0
0
0
0
0
0
0
0
0
0
0
0
0
0
0
0
0
0
0
0
0
0
0
0
0
0
0
0
0
0
0
0
0
0
0
0
0
0
0
0
0
0
0
0
0
0
0
0
0
0
0
0
0
0
0
0
0
0
0
0
0
0
0
0
0
0
0
0
0
0
0
0
0
0
0
0
0
0
0
0
0
0
0
0
0
0
0
0
0
0
0
0
0
0
0
0
0
0
0
0
0
0
0
0
0
0
0
0
0
0
0
0
0
0
0
0
0
0
0
0
0
0
0
0
0
0
0
0
0
0
0
0
0
0
0
0
0
0
0
0
0
0
0
0
0
0
0
0
0
0
0
0
0
0
0
0
0
0
0
0
0
0
0
0
0
0
0
0
0
0
0
0
0
0
0
0
0
0
0
0
0
0
0
0
0
0
0
0
0
0
0
0
0
0
0
0
0
0
0
0
0
0
0
0
0
0
0
0
0
0
0
0
0
0
0
0
0
0
0
0
0
0
0
0
0
0
0
0
0
0
0
0
0
0
0
0
0
0
0
0
0
0
0
0
0
0
0
0
0
0
0
0
0
0
0
0
0
0
0
0
0
0
0
0
0
0
0
0
0
0
0
0
0
0
0
0
0
0
0
0
0
0
0
0
0
0
0
0
0
0
0
0
0
0
0
0
0
0
0
0
0
0
0
0
0
0
0
0
0
0
0
0
0
0
0
0
0
0
0
0
0
0
0
0
0
0
0
0
0
0
0
0
0
0
0
0
0
0
0
0
0
0
0
0
0
0
0
0
0
0
0
0
0
0
0
0
0
0
0
0
0
0
0
0
0
0
0
0
0
0
0
0
0
0
0
0
0
0
0
0
0
0
0
0
0
0
0
0
0
0
0
0
0
0
0
0
0
0
0
0
0
0
0
0
0
0
0
0
0
0
0
0
0
0
0
0
0
0
0
0
0
0
0
0
0
0
0
0
0
0
0
0
0
0
0
0
0
0
0
0
0
0
0
0
0
0
0
0
0
0
0
0
0
0
0
0
0
0
0
0
0
0
0
0
0
0
0
0
0
0
0
0
0
0
0
0
0
0
0
0
0
0
0
0
0
0
0
0
0
0
0
0
0
0
0
0
0
1328
1299
1213
1080
910
720
526
343
187
66
-14
-54
-59
-40
-10
12
14
-19
-100
-232
-415
-641
-898
-1166
-1423
-1648
-1817
-1912
-1919
-1831
-1648
-1380
-1043
-658
-252
145
509
816
1047
1192
1251
1231
1148
1023
883
756
667
639
686
812
1011
1268
1556
1843
2090
2258
2312
2221
1965
1536
944
208
-634
-1535
-2439
-3284
-4010
-4561
-4892
-4970
-4781
-4328
-3635
-2740
-1700
-578
552
1621
2561
3315
3840
4111
4123
3888
3437
2816
2081
1295
520
-183
-768
-1195
-1444
-1510
-1405
-1155
-798
-378
55
454
779
995
1084
1039
867
587
229
-169
-570
-933
-1224
-1419
-1500
-1466
-1326
-1098
-813
-504
-209
38
207
278
241
99
-132
-427
-750
-1060
-1314
-1472
-1500
-1376
-1088
-641
-54
639
1394
2158
2873
3483
3935
4187
4210
3991
3535
2863
2012
1032
-16
-1069
-2062
-2934
-3634
-4123
-4380
-4396
-4182
-3763
-3177
-2471
-1697
-909
-159
509
1062
1475
1739
1855
1837
1708
1495
1233
953
687
458
286
180
141
164
235
339
456
566
653
704
709
668
584
464
322
173
30
-92
-184
-241
-262
-252
-220
-182
-153
-149
-185
-271
-414
-611
-856
-1133
-1420
-1691
-1918
-2072
-2128
-2064
-1867
-1533
-1070
-494
167
878
1596
2276
2872
3340
3646
3763
3676
3385
2902
2252
1473
611
-279
-1146
-1934
-2594
-3089
-3388
-3478
-3358
-3040
-2553
-1933
-1226
-483
245
910
1470
1892
2155
2248
2177
1957
1615
1185
706
220
-234
-623
-919
-1106
-1177
-1135
-995
-780
-519
-244
13
224
363
416
376
247
43
-213
-493
-762
-986
-1132
-1174
-1093
-881
-541
-89
447
1034
1625
2175
2636
2964
3124
3091
2853
2414
1791
1018
139
-790
-1712
-2565
-3291
-3840
-4173
-4268
-4115
-3724
-3120
-2345
-1449
-492
461
1352
2123
2728
3135
3326
3298
3068
2662
2122
1495
833
189
-390
-865
-1208
-1403
-1448
-1354
-1143
-846
-501
-146
181
448
631
716
699
587
397
156
-106
-360
-573
-719
-782
-751
-628
-426
-165
125
412
661
839
920
884
725
446
64
-393
-890
-1384
-1829
-2180
-2398
-2453
-2326
-2012
-1522
-879
-120
705
1545
2342
3039
3587
3946
4087
3999
3685
3162
2464
1635
727
-203
-1100
-1911
-2591
-3106
-3434
-3567
-3510
-3281
-2908
-2425
-1874
-1293
-723
-197
257
624
893
1064
1143
1146
1090
995
882
768
668
592
544
525
529
549
575
598
608
599
568
515
443
359
270
187
117
67
42
40
58
88
118
135
124
73
-29
-189
-409
-681
-995
-1332
-1667
-1975
-2225
-2390
-2444
-2370
-2154
-1796
-1302
-691
7
760
1523
2253
2903
3431
3801
3986
3969
3746
3328
2734
1998
1162
273
-615
-1455
-2197
-2801
-3237
-3485
-3536
-3398
-3086
-2629
-2063
-1429
-770
-130
452
944
1321
1569
1684
1672
1548
1336
1064
763
465
200
-8
-142
-192
-156
-42
134
351
583
802
977
1085
1104
1021
829
534
147
-310
-809
-1318
-1798
-2215
-2533
-2724
-2767
-2649
-2368
-1933
-1363
-688
56
826
1579
2268
2853
3297
3572
3662
3559
3271
2813
2212
1503
728
-67
-841
-1550
-2156
-2631
-2954
-3114
-3111
-2955
-2665
-2266
-1788
-1265
-730
-214
253
653
969
1193
1325
1370
1339
1247
1111
949
779
614
467
346
255
194
159
147
149
160
171
180
182
175
162
145
126
110
101
98
104
114
124
127
114
76
5
-105
-259
-457
-694
-960
-1240
-1515
-1762
-1959
-2082
-2110
-2025
-1817
-1484
-1031
-472
167
858
1561
2236
2841
3335
3682
3856
3837
3619
3209
2624
1895
1062
170
-726
-1577
-2334
-2951
-3396
-3645
-3689
-3531
-3189
-2691
-2075
-1385
-671
19
643
1163
1551
1790
1877
1819
1635
1353
1007
635
276
-36
-273
-414
-449
-379
-216
19
299
590
855
1062
1180
1187
1072
833
481
36
-470
-999
-1508
-1954
-2297
-2500
-2540
-2401
-2084
-1601
-978
-253
527
1312
2047
2681
3167
3469
3564
3440
3103
2571
1878
1066
187
-703
-1551
-2304
-2917
-3358
-3605
-3648
-3495
-3163
-2681
-2087
-1423
-733
-60
557
1090
1514
1817
1997
2061
2022
1902
1723
1509
1283
1066
871
708
579
482
410
354
302
243
168
72
-45
-184
-336
-491
-638
-764
-858
-913
-924
-893
-824
-730
-624
-523
-445
-405
-414
-479
-599
-766
-964
-1171
-1359
-1499
-1562
-1521
-1355
-1053
-616
-53
611
1343
2099
2830
3483
4008
4359
4502
4414
4088
3533
2774
1852
817
-266
-1337
-2329
-3184
-3854
-4303
-4512
-4478
-4218
-3760
-3148
-2432
-1669
-913
-216
379
845
1163
1332
1362
1277
1107
890
664
464
319
250
267
368
542
768
1019
1264
1474
1622
1687
1660
1538
1330
1053
733
397
76
-202
-416
-553
-608
-588
-508
-394
-277
-188
-160
-216
-376
-643
-1010
-1456
-1949
-2444
-2893
-3244
-3450
-3470
-3275
-2854
-2213
-1375
-382
707
1828
2905
3864
4638
5171
5423
5375
5028
4407
3557
2537
1419
282
-795
-1744
-2507
-3040
-3324
-3357
-3160
-2769
-2238
-1626
-998
-413
74
425
617
642
513
256
-88
-473
-848
-1165
-1384
-1474
-1420
-1224
-901
-480
-2
487
941
1316
1576
1699
1676
1515
1236
875
475
87
-241
-468
-561
-499
-282
75
543
1076
1618
2110
2492
2712
2729
2519
2075
1412
565
-413
-1459
-2497
-3453
-4253
-4837
-5157
-5187
-4919
-4371
-3578
-2594
-1486
-329
802
1838
2716
3390
3831
4030
3994
3749
3336
2801
2200
1584
1002
493
85
-208
-387
-462
-455
-392
-305
-224
-176
-178
-241
-367
-545
-760
-989
-1208
-1391
-1518
-1573
-1548
-1444
-1272
-1047
-793
-535
-299
-106
25
90
88
29
-66
-175
-266
-310
-281
-157
72
407
835
1331
1860
2379
2841
3198
3406
3432
3253
2861
2266
1493
582
-411
-1429
-2403
-3270
-3971
-4460
-4704
-4688
-4415
-3907
-3199
-2344
-1399
-429
503
1343
2042
2565
2895
3026
2970
2752
2406
1973
1498
1021
581
207
-80
-273
-372
-387
-337
-243
-131
-24
57
99
91
34
-67
-204
-360
-520
-667
-788
-872
-915
-916
-881
-819
-741
-659
-585
-527
-490
-472
-467
-463
-447
-402
-312
-163
52
337
684
1080
1500
1917
2295
2598
2793
2849
2744
2466
2017
1409
672
-156
-1029
-1890
-2683
-3354
-3856
-4152
-4216
-4041
-3636
-3024
-2244
-1347
-390
564
1457
2231
2843
3260
3463
3450
3236
2847
2322
1707
1053
408
-180
-676
-1051
-1289
-1387
-1354
-1210
-983
-706
-415
-145
73
219
275
237
110
-92
-350
-635
-918
-1168
-1357
-1462
-1466
-1361
-1147
-832
-432
28
522
1019
1486
1894
2216
2431
2522
2483
2312
2016
1610
1113
549
-51
-661
-1249
-1785
-2242
-2598
-2834
-2937
-2901
-2726
-2418
-1991
-1464
-861
-210
455
1105
1706
2226
2641
2927
3069
3060
2900
2598
2170
1641
1040
400
-240
-849
-1392
-1840
-2172
-2372
-2437
-2369
-2181
-1893
-1530
-1123
-702
-299
57
347
553
668
693
638
517
355
175
5
-127
-201
-199
-112
61
314
631
989
1359
1709
2005
2217
2317
2285
2109
1787
1328
750
82
-640
-1376
-2083
-2716
-3235
-3605
-3801
-3806
-3616
-3238
-2691
-2003
-1214
-367
491
1312
2051
2667
3129
3415
3513
3425
3161
2744
2205
1581
914
245
-383
-937
-1387
-1710
-1897
-1946
-1864
-1669
-1385
-1040
-665
-293
47
333
546
674
715
675
565
403
211
12
-172
-322
-423
-466
-450
-378
-263
-120
29
165
268
320
310
232
91
-104
-336
-579
-807
-991
-1103
-1120
-1025
-810
-479
-45
467
1026
1589
2113
2554
2869
3023
2992
2764
2340
1737
986
130
-779
-1682
-2521
-3238
-3782
-4117
-4216
-4071
-3691
-3099
-2335
-1450
-501
449
1340
2117
2734
3158
3372
3372
3173
2800
2291
1694
1056
428
-144
-625
-987
-1214
-1305
-1268
-1125
-904
-639
-366
-118
74
189
215
148
-3
-222
-485
-760
-1017
-1224
-1352
-1381
-1297
-1097
-786
-382
90
601
1113
1590
1996
2299
2474
2502
2378
2104
1693
1167
555
-105
-778
-1423
-2000
-2476
-2823
-3019
-3054
-2923
-2633
-2200
-1647
-1005
-307
408
1103
1741
2287
2713
2997
3124
3090
2897
2558
2093
1529
899
238
-413
-1022
-1553
-1978
-2277
-2436
-2452
-2330
-2087
-1743
-1328
-873
-414
17
392
688
889
987
987
899
743
542
327
125
-36
-136
-158
-98
42
250
503
773
1028
1234
1361
1382
1280
1047
690
225
-319
-904
-1487
-2018
-2451
-2744
-2863
-2787
-2510
-2039
-1400
-630
221
1096
1934
2674
3262
3655
3821
3746
3433
2901
2187
1337
410
-532
-1430
-2226
-2871
-3329
-3580
-3617
-3449
-3099
-2601
-1998
-1337
-664
-22
550
1025
1386
1625
1746
1760
1688
1554
1381
1195
1017
863
742
659
611
590
588
590
584
559
507
425
310
168
3
-174
-357
-536
-703
-855
-990
-1107
-1210
-1303
-1389
-1472
-1551
-1623
-1680
-1712
-1704
-1641
-1506
-1285
-970
-556
-49
537
1181
1850
2506
3105
3603
3957
4133
4102
3853
3385
2715
1876
913
-115
-1147
-2115
-2957
-3617
-4052
-4234
-4156
-3828
-3279
-2554
-1711
-817
59
855
1512
1987
2254
2303
2145
1808
1335
779
198
-348
-808
-1139
-1312
-1315
-1153
-848
-436
36
519
959
1309
1531
1600
1508
1262
887
421
-88
-588
-1024
-1348
-1522
-1521
-1338
-982
-481
122
773
1412
1976
2408
2659
2695
2500
2076
1445
649
-259
-1215
-2149
-2990
-3677
-4158
-4397
-4375
-4093
-3572
-2847
-1969
-996
7
979
1861
2606
3179
3559
3739
3727
3545
3223
2796
2303
1783
1269
789
361
-1
-298
-532
-712
-852
-965
-1062
-1153
-1243
-1333
-1418
-1491
-1542
-1562
-1542
-1476
-1361
-1201
-1003
-780
-546
-318
-113
52
171
237
250
220
160
89
29
2
29
125
301
556
884
1266
1678
2087
2458
2752
2936
2978
2859
2568
2107
1490
745
-88
-967
-1839
-2652
-3354
-3903
-4264
-4415
-4345
-4061
-3580
-2933
-2161
-1309
-429
430
1222
1908
2456
2846
3069
3127
3030
2799
2459
2042
1578
1098
632
201
-172
-479
-711
-868
-951
-970
-935
-857
-750
-627
-498
-376
-269
-185
-127
-99
-102
-135
-194
-275
-368
-467
-560
-636
-683
-692
-652
-557
-403
-191
72
377
709
1046
1366
1644
1854
1974
1985
1873
1633
1268
791
225
-401
-1052
-1686
-2260
-2734
-3071
-3244
-3233
-3031
-2643
-2089
-1396
-606
235
1079
1872
2568
3125
3510
3705
3699
3500
3123
2597
1959
1250
514
-203
-866
-1439
-1898
-2227
-2422
-2485
-2428
-2271
-2037
-1751
-1438
-1123
-825
-560
-337
-162
-34
52
105
134
151
167
192
233
295
383
495
631
786
956
1132
1307
1473
1620
1739
1818
1849
1821
1727
1559
1311
984
580
106
-424
-994
-1578
-2149
-2676
-3127
-3469
-3673
-3718
-3587
-3275
-2787
-2142
-1368
-504
402
1300
2135
2855
3416
3781
3926
3844
3542
3043
2383
1611
782
-43
-807
-1458
-1953
-2263
-2375
-2290
-2028
-1621
-1112
-553
3
507
916
1194
1324
1299
1129
839
463
42
-376
-751
-1043
-1225
-1279
-1204
-1011
-724
-379
-15
324
598
773
826
747
540
226
-164
-587
-994
-1336
-1566
-1646
-1550
-1270
-812
-203
516
1292
2062
2761
3325
3701
3845
3735
3364
2750
1926
946
-124
-1215
-2249
-3156
-3875
-4359
-4580
-4529
-4217
-3673
-2944
-2086
-1163
-241
620
1369
1965
2384
2617
2671
2566
2332
2008
1635
1252
895
591
357
200
117
96
118
162
203
223
204
138
23
-135
-324
-528
-725
-897
-1024
-1096
-1105
-1053
-948
-805
-644
-485
-351
-260
-225
-250
-332
-459
-611
-760
-878
-934
-900
-756
-492
-107
385
960
1581
2204
2777
3251
3579
3722
3652
3357
2841
2126
1248
259
-781
-1807
-2753
-3558
-4169
-4549
-4675
-4545
-4172
-3587
-2834
-1968
-1048
-135
713
1450
2037
2453
2688
2748
2651
2427
2110
1740
1355
989
670
418
242
143
111
133
187
253
308
336
321
257
142
-17
-215
-435
-663
-883
-1081
-1247
-1373
-1457
-1498
-1501
-1472
-1417
-1341
-1248
-1138
-1010
-857
-673
-449
-180
138
507
920
1363
1817
2256
2651
2968
3176
3246
3156
2892
2455
1855
1118
280
-609
-1498
-2326
-3039
-3585
-3924
-4029
-3889
-3513
-2925
-2165
-1289
-358
559
1399
2101
2620
2922
2992
2836
2476
1948
1306
606
-89
-721
-1240
-1607
-1798
-1807
-1643
-1332
-914
-435
52
499
861
1105
1208
1166
989
700
337
-56
-434
-748
-960
-1040
-972
-756
-407
44
556
1077
1553
1931
2165
2219
2075
1728
1193
504
-293
-1140
-1972
-2722
-3329
-3740
-3918
-3840
-3506
-2933
-2156
-1228
-210
828
1817
2690
3391
3877
4121
4113
3862
3395
2750
1978
1137
286
-520
-1232
-1811
-2228
-2472
-2543
-2454
-2227
-1897
-1497
-1067
-641
-251
76
329
497
582
593
544
455
346
237
146
86
68
93
158
256
375
499
612
698
742
734
667
539
353
117
-154
-447
-740
-1014
-1249
-1425
-1526
-1540
-1459
-1281
-1010
-655
-231
239
735
1227
1685
2082
2390
2584
2647
2566
2336
1963
1459
847
156
-577
-1312
-2006
-2615
-3102
-3433
-3584
-3540
-3299
-2873
-2284
-1565
-759
83
911
1674
2323
2820
3137
3257
3179
2914
2489
1940
1311
651
10
-565
-1037
-1376
-1565
-1603
-1499
-1276
-967
-613
-254
67
314
461
490
397
194
-98
-447
-812
-1149
-1415
-1572
-1591
-1454
-1159
-718
-157
483
1155
1803
2370
2806
3065
3116
2944
2550
1954
1191
312
-621
-1546
-2395
-3104
-3623
-3913
-3953
-3738
-3284
-2624
-1805
-884
73
1005
1848
2551
3074
3390
3490
3382
3086
2636
2075
1449
808
196
-348
-797
-1132
-1346
-1446
-1444
-1363
-1228
-1066
-903
-760
-651
-586
-563
-577
-613
-656
-688
-692
-656
-570
-433
-250
-32
203
437
646
810
913
941
892
769
585
357
113
-120
-313
-440
-477
-413
-241
30
385
798
1234
1653
2014
2277
2408
2381
2181
1807
1268
591
-188
-1024
-1866
-2660
-3354
-3901
-4264
-4417
-4349
-4061
-3571
-2907
-2108
-1222
-299
610
1458
2203
2812
3263
3545
3658
3612
3425
3123
2735
2291
1820
1349
901
491
131
-173
-423
-622
-778
-897
-989
-1061
-1120
-1170
-1214
-1252
-1283
-1308
-1323
-1328
-1323
-1308
-1283
-1252
-1214
-1170
-1120
-1061
-989
-897
-778
-622
-423
-173
131
491
901
1349
1820
2291
2735
3123
3425
3612
3658
3545
3263
2812
2203
1458
610
-299
-1222
-2108
-2907
-3571
-4061
-4349
-4417
-4264
-3901
-3354
-2660
-1866
-1024
-188
591
1268
1807
2181
2381
2408
2277
2014
1653
1234
798
385
30
-241
-413
-477
-440
-313
-120
113
357
585
769
892
941
913
810
646
437
203
-32
-250
-433
-570
-656
-692
-688
-656
-613
-577
-563
-586
-651
-760
-903
-1066
-1228
-1363
-1444
-1446
-1346
-1132
-797
-348
196
808
1449
2075
2636
3086
3382
3490
3390
3074
2551
1848
1005
73
-884
-1805
-2624
-3284
-3738
-3953
-3913
-3623
-3104
-2395
-1546
-621
312
1191
1954
2550
2944
3116
3065
2806
2370
1803
1155
483
-157
-718
-1159
-1454
-1591
-1572
-1415
-1149
-812
-447
-98
194
397
490
461
314
67
-254
-613
-967
-1276
-1499
-1603
-1565
-1376
-1037
-565
10
651
1311
1940
2489
2914
3179
3257
3137
2820
2323
1674
911
83
-759
-1565
-2284
-2873
-3299
-3540
-3584
-3433
-3102
-2615
-2006
-1312
-577
156
847
1459
1963
2336
2566
2647
2584
2390
2082
1685
1227
735
239
-231
-655
-1010
-1281
-1459
-1540
-1526
-1425
-1249
-1014
-740
-447
-154
117
353
539
667
734
742
698
612
499
375
256
158
93
68
86
146
237
346
455
544
593
582
497
329
76
-251
-641
-1067
-1497
-1897
-2227
-2454
-2543
-2472
-2228
-1811
-1232
-520
286
1137
1978
2750
3395
3862
4113
4121
3877
3391
2690
1817
828
-210
-1228
-2156
-2933
-3506
-3840
-3918
-3740
-3329
-2722
-1972
-1140
-293
504
1193
1728
2075
2219
2165
1931
1553
1077
556
44
-407
-756
-972
-1040
-960
-748
-434
-56
337
700
989
1166
1208
1105
861
499
52
-435
-914
-1332
-1643
-1807
-1798
-1607
-1240
-721
-89
606
1306
1948
2476
2836
2992
2922
2620
2101
1399
559
-358
-1289
-2165
-2925
-3513
-3889
-4029
-3924
-3585
-3039
-2326
-1498
-609
280
1118
1855
2455
2892
3156
3246
3176
2968
2651
2256
1817
1363
920
507
138
-180
-449
-673
-857
-1010
-1138
-1248
-1341
-1417
-1472
-1501
-1498
-1457
-1373
-1247
-1081
-883
-663
-435
-215
-17
142
257
321
336
308
253
187
133
111
143
242
418
670
989
1355
1740
2110
2427
2651
2748
2688
2453
2037
1450
713
-135
-1048
-1968
-2834
-3587
-4172
-4545
-4675
-4549
-4169
-3558
-2753
-1807
-781
259
1248
2126
2841
3357
3652
3722
3579
3251
2777
2204
1581
960
385
-107
-492
-756
-900
-934
-878
-760
-611
-459
-332
-250
-225
-260
-351
-485
-644
-805
-948
-1053
-1105
-1096
-1024
-897
-725
-528
-324
-135
23
138
204
223
203
162
118
96
117
200
357
591
895
1252
1635
2008
2332
2566
2671
2617
2384
1965
1369
620
-241
-1163
-2086
-2944
-3673
-4217
-4529
-4580
-4359
-3875
-3156
-2249
-1215
-124
946
1926
2750
3364
3735
3845
3701
3325
2761
2062
1292
516
-203
-812
-1270
-1550
-1646
-1566
-1336
-994
-587
-164
226
540
747
826
773
598
324
-15
-379
-724
-1011
-1204
-1279
-1225
-1043
-751
-376
42
463
839
1129
1299
1324
1194
916
507
3
-553
-1112
-1621
-2028
-2290
-2375
-2263
-1953
-1458
-807
-43
782
1611
2383
3043
3542
3844
3926
3781
3416
2855
2135
1300
402
-504
-1368
-2142
-2787
-3275
-3587
-3718
-3673
-3469
-3127
-2676
-2149
-1578
-994
-424
106
580
984
1311
1559
1727
1821
1849
1818
1739
1620
1473
1307
1132
956
786
631
495
383
295
233
192
167
151
134
105
52
-34
-162
-337
-560
-825
-1123
-1438
-1751
-2037
-2271
-2428
-2485
-2422
-2227
-1898
-1439
-866
-203
514
1250
1959
2597
3123
3500
3699
3705
3510
3125
2568
1872
1079
235
-606
-1396
-2089
-2643
-3031
-3233
-3244
-3071
-2734
-2260
-1686
-1052
-401
225
791
1268
1633
1873
1985
1974
1854
1644
1366
1046
709
377
72
-191
-403
-557
-652
-692
-683
-636
-560
-467
-368
-275
-194
-135
-102
-99
-127
-185
-269
-376
-498
-627
-750
-857
-935
-970
-951
-868
-711
-479
-172
201
632
1098
1578
2042
2459
2799
3030
3127
3069
2846
2456
1908
1222
430
-429
-1309
-2161
-2933
-3580
-4061
-4345
-4415
-4264
-3903
-3354
-2652
-1839
-967
-88
745
1490
2107
2568
2859
2978
2936
2752
2458
2087
1678
1266
884
556
301
125
29
2
29
89
160
220
250
237
171
52
-113
-318
-546
-780
-1003
-1201
-1361
-1476
-1542
-1562
-1542
-1491
-1418
-1333
-1243
-1153
-1062
-965
-852
-712
-532
-298
-1
361
789
1269
1783
2303
2796
3223
3545
3727
3739
3559
3179
2606
1861
979
7
-996
-1969
-2847
-3572
-4093
-4375
-4397
-4158
-3677
-2990
-2149
-1215
-259
649
1445
2076
2500
2695
2659
2408
1976
1412
773
122
-481
-982
-1338
-1521
-1522
-1348
-1024
-588
-88
421
887
1262
1508
1600
1531
1309
959
519
36
-436
-848
-1153
-1315
-1312
-1139
-808
-348
198
779
1335
1808
2145
2303
2254
1987
1512
855
59
-817
-1711
-2554
-3279
-3828
-4156
-4234
-4052
-3617
-2957
-2115
-1147
-115
913
1876
2715
3385
3853
4102
4133
3957
3603
3105
2506
1850
1181
537
-49
-556
-970
-1285
-1506
-1641
-1704
-1712
-1680
-1623
-1551
-1472
-1389
-1303
-1210
-1107
-990
-855
-703
-536
-357
-174
3
168
310
425
507
559
584
590
588
590
611
659
742
863
1017
1195
1381
1554
1688
1760
1746
1625
1386
1025
550
-22
-664
-1337
-1998
-2601
-3099
-3449
-3617
-3580
-3329
-2871
-2226
-1430
-532
410
1337
2187
2901
3433
3746
3821
3655
3262
2674
1934
1096
221
-630
-1400
-2039
-2510
-2787
-2863
-2744
-2451
-2018
-1487
-904
-319
225
690
1047
1280
1382
1361
1234
1028
773
503
250
42
-98
-158
-136
-36
125
327
542
743
899
987
987
889
688
392
17
-414
-873
-1328
-1743
-2087
-2330
-2452
-2436
-2277
-1978
-1553
-1022
-413
238
899
1529
2093
2558
2897
3090
3124
2997
2713
2287
1741
1103
408
-307
-1005
-1647
-2200
-2633
-2923
-3054
-3019
-2823
-2476
-2000
-1423
-778
-105
555
1167
1693
2104
2378
2502
2474
2299
1996
1590
1113
601
90
-382
-786
-1097
-1297
-1381
-1352
-1224
-1017
-760
-485
-222
-3
148
215
189
74
-118
-366
-639
-904
-1125
-1268
-1305
-1214
-987
-625
-144
428
1056
1694
2291
2800
3173
3372
3372
3158
2734
2117
1340
449
-501
-1450
-2335
-3099
-3691
-4071
-4216
-4117
-3782
-3238
-2521
-1682
-779
130
986
1737
2340
2764
2992
3023
2869
2554
2113
1589
1026
467
-45
-479
-810
-1025
-1120
-1103
-991
-807
-579
-336
-104
91
232
310
320
268
165
29
-120
-263
-378
-450
-466
-423
-322
-172
12
211
403
565
675
715
674
546
333
47
-293
-665
-1040
-1385
-1669
-1864
-1946
-1897
-1710
-1387
-937
-383
245
914
1581
2205
2744
3161
3425
3513
3415
3129
2667
2051
1312
491
-367
-1214
-2003
-2691
-3238
-3616
-3806
-3801
-3605
-3235
-2716
-2083
-1376
-640
82
750
1328
1787
2109
2285
2317
2217
2005
1709
1359
989
631
314
61
-112
-199
-201
-127
5
175
355
517
638
693
668
553
347
57
-299
-702
-1123
-1530
-1893
-2181
-2369
-2437
-2372
-2172
-1840
-1392
-849
-240
400
1040
1641
2170
2598
2900
3060
3069
2927
2641
2226
1706
1105
455
-210
-861
-1464
-1991
-2418
-2726
-2901
-2937
-2834
-2598
-2242
-1785
-1249
-661
-51
549
1113
1610
2016
2312
2483
2522
2431
2216
1894
1486
1019
522
28
-432
-832
-1147
-1361
-1466
-1462
-1357
-1168
-918
-635
-350
-92
110
237
275
219
73
-145
-415
-706
-983
-1210
-1354
-1387
-1289
-1051
-676
-180
408
1053
1707
2322
2847
3236
3450
3463
3260
2843
2231
1457
564
-390
-1347
-2244
-3024
-3636
-4041
-4216
-4152
-3856
-3354
-2683
-1890
-1029
-156
672
1409
2017
2466
2744
2849
2793
2598
2295
1917
1500
1080
684
337
52
-163
-312
-402
-447
-463
-467
-472
-490
-527
-585
-659
-741
-819
-881
-916
-915
-872
-788
-667
-520
-360
-204
-67
34
91
99
57
-24
-131
-243
-337
-387
-372
-273
-80
207
581
1021
1498
1973
2406
2752
2970
3026
2895
2565
2042
1343
503
-429
-1399
-2344
-3199
-3907
-4415
-4688
-4704
-4460
-3971
-3270
-2403
-1429
-411
582
1493
2266
2861
3253
3432
3406
3198
2841
2379
1860
1331
835
407
72
-157
-281
-310
-266
-175
-66
29
88
90
25
-106
-299
-535
-793
-1047
-1272
-1444
-1548
-1573
-1518
-1391
-1208
-989
-760
-545
-367
-241
-178
-176
-224
-305
-392
-455
-462
-387
-208
85
493
1002
1584
2200
2801
3336
3749
3994
4030
3831
3390
2716
1838
802
-329
-1486
-2594
-3578
-4371
-4919
-5187
-5157
-4837
-4253
-3453
-2497
-1459
-413
565
1412
2075
2519
2729
2712
2492
2110
1618
1076
543
75
-282
-499
-561
-468
-241
87
475
875
1236
1515
1676
1699
1576
1316
941
487
-2
-480
-901
-1224
-1420
-1474
-1384
-1165
-848
-473
-88
256
513
642
617
425
74
-413
-998
-1626
-2238
-2769
-3160
-3357
-3324
-3040
-2507
-1744
-795
282
1419
2537
3557
4407
5028
5375
5423
5171
4638
3864
2905
1828
707
-382
-1375
-2213
-2854
-3275
-3470
-3450
-3244
-2893
-2444
-1949
-1456
-1010
-643
-376
-216
-160
-188
-277
-394
-508
-588
-608
-553
-416
-202
76
397
733
1053
1330
1538
1660
1687
1622
1474
1264
1019
768
542
368
267
250
319
464
664
890
1107
1277
1362
1332
1163
845
379
-216
-913
-1669
-2432
-3148
-3760
-4218
-4478
-4512
-4303
-3854
-3184
-2329
-1337
-266
817
1852
2774
3533
4088
4414
4502
4359
4008
3483
2830
2099
1343
611
-53
-616
-1053
-1355
-1521
-1562
-1499
-1359
-1171
-964
-766
-599
-479
-414
-405
-445
-523
-624
-730
-824
-893
-924
-913
-858
-764
-638
-491
-336
-184
-45
72
168
243
302
354
410
482
579
708
871
1066
1283
1509
1723
1902
2022
2061
1997
1817
1514
1090
557
-60
-733
-1423
-2087
-2681
-3163
-3495
-3648
-3605
-3358
-2917
-2304
-1551
-703
187
1066
1878
2571
3103
3440
3564
3469
3167
2681
2047
1312
527
-253
-978
-1601
-2084
-2401
-2540
-2500
-2297
-1954
-1508
-999
-470
36
481
833
1072
1187
1180
1062
855
590
299
19
-216
-379
-449
-414
-273
-36
276
635
1007
1353
1635
1819
1877
1790
1551
1163
643
19
-671
-1385
-2075
-2691
-3189
-3531
-3689
-3645
-3396
-2951
-2334
-1577
-726
170
1062
1895
2624
3209
3619
3837
3856
3682
3335
2841
2236
1561
858
167
-472
-1031
-1484
-1817
-2025
-2110
-2082
-1959
-1762
-1515
-1240
-960
-694
-457
-259
-105
5
76
114
127
124
114
104
98
101
110
126
145
162
175
182
180
171
160
149
147
159
194
255
346
467
614
779
949
1111
1247
1339
1370
1325
1193
969
653
253
-214
-730
-1265
-1788
-2266
-2665
-2955
-3111
-3114
-2954
-2631
-2156
-1550
-841
-67
728
1503
2212
2813
3271
3559
3662
3572
3297
2853
2268
1579
826
56
-688
-1363
-1933
-2368
-2649
-2767
-2724
-2533
-2215
-1798
-1318
-809
-310
147
534
829
1021
1104
1085
977
802
583
351
134
-42
-156
-192
-142
-8
200
465
763
1064
1336
1548
1672
1684
1569
1321
944
452
-130
-770
-1429
-2063
-2629
-3086
-3398
-3536
-3485
-3237
-2801
-2197
-1455
-615
273
1162
1998
2734
3328
3746
3969
3986
3801
3431
2903
2253
1523
760
7
-691
-1302
-1796
-2154
-2370
-2444
-2390
-2225
-1975
-1667
-1332
-995
-681
-409
-189
-29
73
124
135
118
88
58
40
42
67
117
187
270
359
443
515
568
599
608
598
575
549
529
525
544
592
668
768
882
995
1090
1146
1143
1064
893
624
257
-197
-723
-1293
-1874
-2425
-2908
-3281
-3510
-3567
-3434
-3106
-2591
-1911
-1100
-203
727
1635
2464
3162
3685
3999
4087
3946
3587
3039
2342
1545
705
-120
-879
-1522
-2012
-2326
-2453
-2398
-2180
-1829
-1384
-890
-393
64
446
725
884
920
839
661
412
125
-165
-426
-628
-751
-782
-719
-573
-360
-106
156
397
587
699
716
631
448
181
-146
-501
-846
-1143
-1354
-1448
-1403
-1208
-865
-390
189
833
1495
2122
2662
3068
3298
3326
3135
2728
2123
1352
461
-492
-1449
-2345
-3120
-3724
-4115
-4268
-4173
-3840
-3291
-2565
-1712
-790
139
1018
1791
2414
2853
3091
3124
2964
2636
2175
1625
1034
447
-89
-541
-881
-1093
-1174
-1132
-986
-762
-493
-213
43
247
376
416
363
224
13
-244
-519
-780
-995
-1135
-1177
-1106
-919
-623
-234
220
706
1185
1615
1957
2177
2248
2155
1892
1470
910
245
-483
-1226
-1933
-2553
-3040
-3358
-3478
-3388
-3089
-2594
-1934
-1146
-279
611
1473
2252
2902
3385
3676
3763
3646
3340
2872
2276
1596
878
167
-494
-1070
-1533
-1867
-2064
-2128
-2072
-1918
-1691
-1420
-1133
-856
-611
-414
-271
-185
-149
-153
-182
-220
-252
-262
-241
-184
-92
30
173
322
464
584
668
709
704
653
566
456
339
235
164
141
180
286
458
687
953
1233
1495
1708
1837
1855
1739
1475
1062
509
-159
-909
-1697
-2471
-3177
-3763
-4182
-4396
-4380
-4123
-3634
-2934
-2062
-1069
-16
1032
2012
2863
3535
3991
4210
4187
3935
3483
2873
2158
1394
639
-54
-641
-1088
-1376
-1500
-1472
-1314
-1060
-750
-427
-132
99
241
278
207
38
-209
-504
-813
-1098
-1326
-1466
-1500
-1419
-1224
-933
-570
-169
229
587
867
1039
1084
995
779
454
55
-378
-798
-1155
-1405
-1510
-1444
-1195
-768
-183
520
1295
2081
2816
3437
3888
4123
4111
3840
3315
2561
1621
552
-578
-1700
-2740
-3635
-4328
-4781
-4970
-4892
-4561
-4010
-3284
-2439
-1535
-634
208
944
1536
1965
2221
2312
2258
2090
1843
1556
1268
1011
812
686
639
667
756
883
1023
1148
1231
1251
1192
1047
816
509
145
-252
-658
-1043
-1380
-1648
-1831
-1919
-1912
-1817
-1648
-1423
-1166
-898
-641
-415
-232
-100
-19
14
12
-10
-40
-59
-54
-14
66
187
343
526
720
910
1080
1213
1299
0
0
0
0
0
0
0
0
0
0
0
0
0
0
0
0
0
0
0
0
0
0
0
0
0
0
0
0
0
0
0
0
0
0
0
0
0
0
0
0
0
0
0
0
0
0
0
0
0
0
0
0
0
0
0
0
0
0
0
0
0
0
0
0
0
0
0
-4427
-4267
-3800
-3061
-2109
-1018
127
1243
2243
3057
3628
3919
3920
3640
3112
2386
1528
610
-294
-1116
-1795
-2287
-2566
-2623
-2469
-2132
-1654
-1083
-476
113
636
1053
1336
1469
1452
1296
1024
665
254
-171
-579
-940
-1231
-1438
-1552
-1574
-1510
-1369
-1166
-912
-622
-304
29
375
726
1077
1423
1756
2065
2337
2556
2702
2757
2702
2522
2209
1762
1188
505
-258
-1065
-1872
-2631
-3294
-3816
-4160
-4299
-4219
-3921
-3424
-2759
-1970
-1109
-234
596
1331
1927
2353
2595
2653
2546
2305
1971
1594
1223
903
672
554
561
684
902
1180
1472
1728
1895
1931
1801
1485
982
311
-492
-1377
-2279
-3129
-3855
-4395
-4697
-4725
-4468
-3933
-3152
-2179
-1080
65
1173
2166
2972
3539
3830
3838
3573
3073
2391
1596
765
-25
-706
-1220
-1526
-1606
-1465
-1127
-637
-56
549
1110
1561
1849
1936
1806
1464
936
268
-479
-1237
-1933
-2499
-2877
-3027
-2928
-2582
-2012
-1265
-401
504
1374
2130
2706
3047
3120
2914
2441
1737
857
-126
-1135
-2086
-2900
-3509
-3860
-3923
-3688
-3170
-2405
-1448
-367
757
1847
2827
3630
4203
4514
4548
4312
3831
3146
2311
1390
445
-459
-1268
-1937
-2434
-2741
-2856
-2793
-2575
-2237
-1819
-1365
-917
-512
-183
48
170
182
90
-85
-322
-590
-858
-1091
-1262
-1343
-1317
-1170
-900
-511
-19
554
1182
1829
2459
3031
3510
3859
4049
4059
3875
3494
2924
2185
1307
328
-702
-1734
-2712
-3581
-4293
-4805
-5084
-5112
-4884
-4410
-3716
-2840
-1833
-755
331
1361
2275
3020
3555
3853
3903
3711
3299
2703
1972
1162
332
-457
-1154
-1712
-2099
-2294
-2294
-2110
-1766
-1299
-749
-166
402
915
1334
1633
1796
1821
1715
1498
1197
844
473
117
-194
-439
-605
-686
-688
-624
-514
-382
-256
-160
-116
-140
-241
-417
-660
-952
-1270
-1585
-1867
-2083
-2208
-2219
-2101
-1847
-1460
-954
-349
326
1038
1750
2423
3022
3513
3869
4070
4105
3970
3670
3219
2636
1948
1186
383
-428
-1212
-1940
-2582
-3115
-3521
-3788
-3909
-3886
-3725
-3437
-3039
-2553
-2003
-1414
-812
-223
329
825
1247
1585
1833
1989
2057
2046
1969
1840
1676
1494
1307
1129
969
834
725
639
573
518
466
406
332
237
117
-26
-193
-375
-564
-750
-921
-1067
-1179
-1252
-1281
-1268
-1217
-1135
-1031
-916
-799
-691
-597
-520
-461
-415
-375
-331
-271
-186
-66
93
295
534
802
1084
1361
1612
1814
1948
1996
1945
1792
1540
1200
792
343
-117
-556
-941
-1244
-1443
-1523
-1483
-1328
-1076
-755
-397
-40
277
521
663
685
578
347
11
-402
-857
-1308
-1710
-2022
-2205
-2233
-2091
-1780
-1313
-718
-35
688
1399
2046
2581
2966
3172
3189
3017
2675
2194
1614
984
352
-232
-731
-1113
-1361
-1470
-1451
-1327
-1131
-900
-676
-496
-390
-380
-474
-664
-931
-1244
-1562
-1838
-2029
-2091
-1994
-1719
-1264
-641
116
962
1840
2682
3424
4000
4358
4459
4282
3826
3112
2182
1094
-81
-1265
-2378
-3343
-4098
-4592
-4797
-4705
-4329
-3703
-2878
-1919
-897
115
1050
1849
2466
2873
3061
3039
2830
2473
2016
1510
1006
550
180
-80
-221
-246
-172
-26
154
332
468
527
485
326
49
-334
-801
-1317
-1840
-2325
-2728
-3006
-3128
-3071
-2827
-2401
-1813
-1094
-287
559
1391
2157
2810
3308
3623
3737
3649
3367
2916
2329
1647
917
186
-498
-1096
-1575
-1911
-2091
-2113
-1988
-1734
-1381
-960
-511
-70
326
646
865
965
938
785
516
152
-281
-752
-1225
-1662
-2030
-2295
-2432
-2423
-2258
-1938
-1473
-885
-203
537
1295
2026
2686
3235
3638
3869
3911
3758
3416
2903
2248
1486
661
-179
-989
-1724
-2344
-2819
-3127
-3260
-3218
-3014
-2670
-2216
-1689
-1125
-564
-39
419
788
1055
1213
1266
1224
1102
921
703
471
243
36
-136
-268
-358
-407
-420
-404
-367
-316
-254
-186
-110
-24
75
194
336
503
694
905
1127
1345
1543
1701
1798
1814
1735
1550
1254
854
361
-200
-803
-1411
-1987
-2493
-2893
-3160
-3271
-3219
-3004
-2642
-2156
-1582
-959
-332
256
769
1175
1453
1595
1607
1506
1319
1083
837
622
475
425
491
677
974
1359
1798
2244
2647
2956
3122
3106
2881
2435
1775
924
-76
-1170
-2293
-3372
-4335
-5117
-5661
-5925
-5887
-5545
-4917
-4039
-2967
-1767
-512
719
1857
2837
3607
4135
4404
4417
4195
3775
3205
2540
1837
1155
541
37
-330
-549
-620
-558
-390
-149
124
389
609
749
785
704
501
184
-228
-713
-1236
-1764
-2261
-2692
-3028
-3246
-3330
-3270
-3069
-2732
-2275
-1717
-1083
-400
304
1003
1669
2276
2804
3234
3550
3742
3803
3731
3527
3198
2755
2213
1594
919
216
-485
-1157
-1770
-2295
-2710
-2995
-3138
-3135
-2988
-2709
-2316
-1835
-1295
-729
-172
343
789
1141
1383
1508
1515
1413
1219
955
647
323
11
-263
-480
-626
-692
-678
-589
-439
-243
-20
207
423
609
753
848
891
885
836
755
654
545
439
344
266
205
158
119
78
25
-49
-157
-303
-488
-709
-958
-1221
-1480
-1714
-1900
-2017
-2045
-1969
-1781
-1480
-1071
-570
0
611
1232
1825
2355
2790
3100
3264
3270
3114
2801
2347
1777
1120
414
-303
-994
-1621
-2151
-2559
-2827
-2945
-2911
-2735
-2431
-2023
-1539
-1008
-464
61
541
950
1269
1486
1596
1599
1505
1326
1083
795
489
186
-88
-316
-483
-576
-591
-531
-401
-214
12
260
505
728
907
1024
1067
1028
905
702
430
104
-254
-623
-978
-1294
-1550
-1729
-1816
-1806
-1698
-1498
-1218
-877
-496
-97
293
656
969
1217
1391
1486
1503
1448
1333
1173
982
778
575
386
220
83
-23
-103
-162
-207
-247
-290
-344
-412
-496
-593
-698
-802
-894
-964
-999
-992
-935
-826
-668
-467
-233
18
271
509
714
872
973
1010
982
895
757
584
392
200
26
-114
-209
-251
-239
-177
-75
52
187
311
405
453
442
367
227
29
-212
-479
-750
-999
-1202
-1338
-1388
-1341
-1195
-954
-630
-243
180
611
1018
1372
1645
1817
1872
1806
1621
1330
952
512
40
-431
-872
-1253
-1551
-1747
-1832
-1804
-1668
-1435
-1124
-758
-361
41
425
769
1054
1267
1400
1450
1418
1311
1139
915
651
365
72
-213
-477
-706
-889
-1018
-1086
-1090
-1027
-899
-713
-475
-197
105
416
716
986
1205
1356
1422
1392
1260
1027
699
291
-176
-676
-1177
-1647
-2051
-2359
-2544
-2587
-2478
-2214
-1805
-1272
-641
49
760
1449
2074
2597
2988
3224
3294
3197
2944
2554
2056
1485
877
268
-305
-815
-1241
-1569
-1794
-1921
-1961
-1930
-1849
-1737
-1615
-1498
-1396
-1314
-1251
-1199
-1146
-1078
-980
-838
-641
-387
-75
284
676
1081
1474
1829
2120
2326
2431
2425
2308
2091
1788
1425
1029
632
264
-47
-285
-436
-499
-481
-400
-282
-156
-56
-11
-49
-188
-434
-786
-1225
-1724
-2244
-2742
-3168
-3476
-3624
-3580
-3325
-2854
-2180
-1331
-350
705
1775
2792
3690
4413
4913
5158
5136
4849
4321
3591
2710
1740
746
-206
-1061
-1768
-2294
-2621
-2746
-2685
-2466
-2129
-1720
-1290
-885
-547
-308
-187
-190
-307
-520
-796
-1097
-1383
-1613
-1752
-1771
-1655
-1398
-1009
-510
70
692
1314
1892
2385
2759
2990
3063
2977
2742
2377
1912
1382
827
284
-212
-632
-956
-1171
-1276
-1277
-1189
-1035
-839
-629
-430
-265
-152
-102
-120
-202
-340
-520
-723
-930
-1119
-1273
-1375
-1414
-1382
-1278
-1103
-866
-578
-251
97
453
799
1122
1407
1643
1823
1939
1987
1966
1877
1723
1509
1245
938
603
251
-99
-435
-739
-996
-1193
-1319
-1368
-1337
-1230
-1056
-829
-567
-291
-27
202
376
475
486
406
237
-10
-317
-656
-997
-1307
-1551
-1701
-1731
-1626
-1381
-1002
-506
77
710
1350
1949
2460
2842
3062
3097
2937
2589
2073
1423
684
-91
-847
-1528
-2084
-2473
-2668
-2656
-2441
-2042
-1494
-843
-145
542
1162
1663
2002
2152
2100
1849
1420
848
178
-535
-1236
-1868
-2383
-2740
-2912
-2887
-2668
-2273
-1731
-1083
-375
344
1028
1635
2131
2494
2711
2783
2719
2539
2267
1931
1559
1178
808
464
154
-118
-359
-574
-775
-968
-1162
-1358
-1554
-1740
-1904
-2029
-2094
-2081
-1974
-1764
-1448
-1033
-536
17
594
1154
1655
2058
2326
2432
2363
2116
1705
1159
517
-167
-841
-1443
-1922
-2230
-2336
-2223
-1893
-1367
-683
104
933
1733
2436
2978
3308
3392
3213
2779
2117
1273
309
-700
-1680
-2553
-3253
-3725
-3934
-3867
-3531
-2957
-2193
-1304
-363
554
1375
2038
2494
2715
2692
2439
1989
1392
710
11
-638
-1176
-1553
-1735
-1707
-1475
-1062
-509
129
793
1419
1946
2324
2517
2505
2285
1875
1307
629
-105
-836
-1506
-2065
-2471
-2699
-2740
-2599
-2298
-1871
-1361
-815
-281
199
591
873
1035
1080
1024
893
719
536
378
272
238
286
411
599
827
1062
1269
1413
1464
1398
1204
884
451
-66
-632
-1199
-1721
-2150
-2446
-2578
-2528
-2295
-1893
-1352
-712
-26
648
1258
1750
2085
2235
2190
1958
1561
1039
442
-172
-747
-1228
-1568
-1735
-1714
-1507
-1133
-627
-39
574
1155
1646
1997
2172
2150
1929
1525
971
313
-390
-1079
-1691
-2174
-2484
-2595
-2496
-2197
-1725
-1123
-443
252
903
1452
1853
2073
2096
1925
1578
1094
521
-84
-662
-1157
-1520
-1715
-1722
-1539
-1182
-681
-84
554
1176
1722
2141
2391
2446
2296
1951
1435
788
63
-683
-1391
-2005
-2476
-2770
-2865
-2758
-2462
-2004
-1425
-774
-105
529
1081
1511
1791
1908
1863
1671
1358
961
521
84
-309
-623
-830
-914
-871
-709
-445
-107
269
649
997
1277
1464
1538
1490
1322
1044
675
241
-227
-700
-1143
-1530
-1837
-2046
-2147
-2138
-2023
-1812
-1522
-1170
-777
-364
47
441
801
1115
1375
1574
1709
1780
1788
1736
1627
1465
1257
1009
728
422
101
-223
-541
-839
-1106
-1328
-1496
-1600
-1634
-1593
-1480
-1297
-1053
-759
-429
-79
273
610
915
1173
1372
1503
1560
1541
1449
1288
1068
799
492
162
-176
-511
-828
-1116
-1362
-1557
-1693
-1762
-1761
-1686
-1539
-1321
-1039
-701
-319
92
516
935
1327
1674
1956
2157
2265
2270
2170
1968
1673
1299
866
397
-82
-546
-970
-1332
-1613
-1803
-1895
-1892
-1801
-1635
-1411
-1149
-871
-597
-343
-124
52
184
273
325
353
367
382
408
454
526
621
736
860
980
1078
1140
1149
1093
966
767
502
183
-168
-531
-877
-1179
-1412
-1552
-1587
-1507
-1316
-1025
-653
-227
219
652
1038
1345
1547
1629
1581
1408
1121
744
306
-159
-616
-1029
-1367
-1607
-1733
-1738
-1626
-1411
-1113
-758
-378
-2
341
629
845
979
1031
1007
921
792
640
488
356
258
206
203
246
327
431
541
637
701
718
678
574
408
188
-72
-357
-644
-914
-1145
-1322
-1433
-1473
-1441
-1345
-1195
-1006
-796
-582
-379
-199
-49
68
157
226
284
346
423
526
662
831
1028
1242
1455
1647
1793
1870
1858
1741
1510
1167
722
195
-384
-980
-1552
-2060
-2464
-2731
-2838
-2771
-2530
-2129
-1593
-959
-272
418
1064
1616
2037
2295
2376
2276
2007
1594
1073
488
-112
-681
-1174
-1551
-1788
-1868
-1790
-1566
-1217
-776
-283
222
699
1110
1426
1625
1699
1646
1478
1214
879
505
121
-242
-560
-813
-988
-1080
-1091
-1030
-909
-746
-558
-363
-174
-5
136
247
327
379
407
417
412
398
376
345
302
245
169
70
-51
-195
-358
-530
-699
-852
-972
-1042
-1050
-983
-836
-610
-313
39
427
823
1198
1523
1768
1911
1936
1835
1611
1278
857
380
-117
-596
-1020
-1354
-1573
-1659
-1609
-1430
-1140
-770
-355
61
439
738
928
986
904
685
346
-82
-561
-1047
-1490
-1847
-2077
-2151
-2053
-1779
-1343
-771
-100
621
1342
2011
2580
3007
3264
3335
3218
2926
2483
1925
1293
633
-12
-604
-1113
-1517
-1807
-1986
-2064
-2061
-2001
-1909
-1811
-1723
-1659
-1621
-1602
-1589
-1560
-1490
-1353
-1128
-798
-356
191
828
1524
2238
2923
3525
3993
4279
4346
4171
3745
3081
2207
1172
35
-1131
-2252
-3255
-4070
-4642
-4934
-4926
-4621
-4043
-3235
-2258
-1180
-79
968
1895
2643
3169
3452
3486
3290
2896
2351
1711
1037
388
-185
-641
-954
-1113
-1122
-1001
-784
-510
-224
28
211
294
259
104
-159
-510
-912
-1322
-1696
-1990
-2164
-2191
-2054
-1750
-1292
-705
-29
691
1404
2060
2610
3016
3251
3301
3165
2857
2405
1845
1220
573
-49
-612
-1084
-1445
-1689
-1818
-1847
-1798
-1698
-1577
-1460
-1372
-1326
-1328
-1373
-1448
-1529
-1590
-1600
-1528
-1351
-1052
-623
-71
584
1312
2072
2812
3480
4023
4391
4547
4462
4126
3546
2745
1763
655
-516
-1679
-2764
-3702
-4436
-4920
-5126
-5042
-4679
-4061
-3233
-2249
-1175
-79
971
1912
2692
3269
3619
3732
3615
3290
2791
2160
1448
705
-18
-678
-1237
-1668
-1955
-2093
-2086
-1948
-1702
-1373
-990
-583
-179
197
528
800
1004
1137
1201
1202
1147
1046
907
741
555
357
152
-53
-257
-455
-641
-810
-957
-1075
-1157
-1197
-1186
-1122
-1001
-824
-594
-319
-9
319
652
970
1254
1486
1650
1734
1729
1632
1445
1176
838
447
23
-411
-835
-1227
-1568
-1841
-2036
-2143
-2161
-2091
-1936
-1706
-1411
-1062
-671
-251
186
631
1071
1496
1897
2263
2583
2844
3034
3139
3147
3044
2820
2468
1986
1378
655
-164
-1054
-1979
-2900
-3771
-4544
-5171
-5608
-5816
-5768
-5446
-4849
-3989
-2896
-1613
-198
1280
2749
4131
5349
6336
7032
7396
7403
7046
6344
5330
4059
2600
1032
-558
-2085
-3468
-4633
-5523
-6097
-6333
-6232
-5812
-5112
-4186
-3098
-1920
-727
408
1424
2266
2895
3288
3440
3359
3071
2614
2032
1378
704
59
-510
-970
-1294
-1470
-1494
-1377
-1137
-800
-399
33
462
858
1194
1449
1612
1674
1639
1512
1307
1038
723
380
26
-324
-658
-966
-1241
-1478
-1675
-1830
-1942
-2009
-2030
-2000
-1917
-1777
-1576
-1313
-988
-604
-166
311
816
1328
1825
2281
2673
2974
3165
3226
3149
2927
2567
2080
1488
817
101
-621
-1314
-1939
-2464
-2860
-3107
-3196
-3124
-2901
-2546
-2084
-1547
-972
-396
146
623
1010
1289
1451
1498
1439
1293
1082
834
580
347
161
41
0
41
161
347
580
834
1082
1293
1439
1498
1451
1289
1010
623
146
-396
-972
-1547
-2084
-2546
-2901
-3124
-3196
-3107
-2860
-2464
-1939
-1314
-621
101
817
1488
2080
2567
2927
3149
3226
3165
2974
2673
2281
1825
1328
816
311
-166
-604
-988
-1313
-1576
-1777
-1917
-2000
-2030
-2009
-1942
-1830
-1675
-1478
-1241
-966
-658
-324
26
380
723
1038
1307
1512
1639
1674
1612
1449
1194
858
462
33
-399
-800
-1137
-1377
-1494
-1470
-1294
-970
-510
59
704
1378
2032
2614
3071
3359
3440
3288
2895
2266
1424
408
-727
-1920
-3098
-4186
-5112
-5812
-6232
-6333
-6097
-5523
-4633
-3468
-2085
-558
1032
2600
4059
5330
6344
7046
7403
7396
7032
6336
5349
4131
2749
1280
-198
-1613
-2896
-3989
-4849
-5446
-5768
-5816
-5608
-5171
-4544
-3771
-2900
-1979
-1054
-164
655
1378
1986
2468
2820
3044
3147
3139
3034
2844
2583
2263
1897
1496
1071
631
186
-251
-671
-1062
-1411
-1706
-1936
-2091
-2161
-2143
-2036
-1841
-1568
-1227
-835
-411
23
447
838
1176
1445
1632
1729
1734
1650
1486
1254
970
652
319
-9
-319
-594
-824
-1001
-1122
-1186
-1197
-1157
-1075
-957
-810
-641
-455
-257
-53
152
357
555
741
907
1046
1147
1202
1201
1137
1004
800
528
197
-179
-583
-990
-1373
-1702
-1948
-2086
-2093
-1955
-1668
-1237
-678
-18
705
1448
2160
2791
3290
3615
3732
3619
3269
2692
1912
971
-79
-1175
-2249
-3233
-4061
-4679
-5042
-5126
-4920
-4436
-3702
-2764
-1679
-516
655
1763
2745
3546
4126
4462
4547
4391
4023
3480
2812
2072
1312
584
-71
-623
-1052
-1351
-1528
-1600
-1590
-1529
-1448
-1373
-1328
-1326
-1372
-1460
-1577
-1698
-1798
-1847
-1818
-1689
-1445
-1084
-612
-49
573
1220
1845
2405
2857
3165
3301
3251
3016
2610
2060
1404
691
-29
-705
-1292
-1750
-2054
-2191
-2164
-1990
-1696
-1322
-912
-510
-159
104
259
294
211
28
-224
-510
-784
-1001
-1122
-1113
-954
-641
-185
388
1037
1711
2351
2896
3290
3486
3452
3169
2643
1895
968
-79
-1180
-2258
-3235
-4043
-4621
-4926
-4934
-4642
-4070
-3255
-2252
-1131
35
1172
2207
3081
3745
4171
4346
4279
3993
3525
2923
2238
1524
828
191
-356
-798
-1128
-1353
-1490
-1560
-1589
-1602
-1621
-1659
-1723
-1811
-1909
-2001
-2061
-2064
-1986
-1807
-1517
-1113
-604
-12
633
1293
1925
2483
2926
3218
3335
3264
3007
2580
2011
1342
621
-100
-771
-1343
-1779
-2053
-2151
-2077
-1847
-1490
-1047
-561
-82
346
685
904
986
928
738
439
61
-355
-770
-1140
-1430
-1609
-1659
-1573
-1354
-1020
-596
-117
380
857
1278
1611
1835
1936
1911
1768
1523
1198
823
427
39
-313
-610
-836
-983
-1050
-1042
-972
-852
-699
-530
-358
-195
-51
70
169
245
302
345
376
398
412
417
407
379
327
247
136
-5
-174
-363
-558
-746
-909
-1030
-1091
-1080
-988
-813
-560
-242
121
505
879
1214
1478
1646
1699
1625
1426
1110
699
222
-283
-776
-1217
-1566
-1790
-1868
-1788
-1551
-1174
-681
-112
488
1073
1594
2007
2276
2376
2295
2037
1616
1064
418
-272
-959
-1593
-2129
-2530
-2771
-2838
-2731
-2464
-2060
-1552
-980
-384
195
722
1167
1510
1741
1858
1870
1793
1647
1455
1242
1028
831
662
526
423
346
284
226
157
68
-49
-199
-379
-582
-796
-1006
-1195
-1345
-1441
-1473
-1433
-1322
-1145
-914
-644
-357
-72
188
408
574
678
718
701
637
541
431
327
246
203
206
258
356
488
640
792
921
1007
1031
979
845
629
341
-2
-378
-758
-1113
-1411
-1626
-1738
-1733
-1607
-1367
-1029
-616
-159
306
744
1121
1408
1581
1629
1547
1345
1038
652
219
-227
-653
-1025
-1316
-1507
-1587
-1552
-1412
-1179
-877
-531
-168
183
502
767
966
1093
1149
1140
1078
980
860
736
621
526
454
408
382
367
353
325
273
184
52
-124
-343
-597
-871
-1149
-1411
-1635
-1801
-1892
-1895
-1803
-1613
-1332
-970
-546
-82
397
866
1299
1673
1968
2170
2270
2265
2157
1956
1674
1327
935
516
92
-319
-701
-1039
-1321
-1539
-1686
-1761
-1762
-1693
-1557
-1362
-1116
-828
-511
-176
162
492
799
1068
1288
1449
1541
1560
1503
1372
1173
915
610
273
-79
-429
-759
-1053
-1297
-1480
-1593
-1634
-1600
-1496
-1328
-1106
-839
-541
-223
101
422
728
1009
1257
1465
1627
1736
1788
1780
1709
1574
1375
1115
801
441
47
-364
-777
-1170
-1522
-1812
-2023
-2138
-2147
-2046
-1837
-1530
-1143
-700
-227
241
675
1044
1322
1490
1538
1464
1277
997
649
269
-107
-445
-709
-871
-914
-830
-623
-309
84
521
961
1358
1671
1863
1908
1791
1511
1081
529
-105
-774
-1425
-2004
-2462
-2758
-2865
-2770
-2476
-2005
-1391
-683
63
788
1435
1951
2296
2446
2391
2141
1722
1176
554
-84
-681
-1182
-1539
-1722
-1715
-1520
-1157
-662
-84
521
1094
1578
1925
2096
2073
1853
1452
903
252
-443
-1123
-1725
-2197
-2496
-2595
-2484
-2174
-1691
-1079
-390
313
971
1525
1929
2150
2172
1997
1646
1155
574
-39
-627
-1133
-1507
-1714
-1735
-1568
-1228
-747
-172
442
1039
1561
1958
2190
2235
2085
1750
1258
648
-26
-712
-1352
-1893
-2295
-2528
-2578
-2446
-2150
-1721
-1199
-632
-66
451
884
1204
1398
1464
1413
1269
1062
827
599
411
286
238
272
378
536
719
893
1024
1080
1035
873
591
199
-281
-815
-1361
-1871
-2298
-2599
-2740
-2699
-2471
-2065
-1506
-836
-105
629
1307
1875
2285
2505
2517
2324
1946
1419
793
129
-509
-1062
-1475
-1707
-1735
-1553
-1176
-638
11
710
1392
1989
2439
2692
2715
2494
2038
1375
554
-363
-1304
-2193
-2957
-3531
-3867
-3934
-3725
-3253
-2553
-1680
-700
309
1273
2117
2779
3213
3392
3308
2978
2436
1733
933
104
-683
-1367
-1893
-2223
-2336
-2230
-1922
-1443
-841
-167
517
1159
1705
2116
2363
2432
2326
2058
1655
1154
594
17
-536
-1033
-1448
-1764
-1974
-2081
-2094
-2029
-1904
-1740
-1554
-1358
-1162
-968
-775
-574
-359
-118
154
464
808
1178
1559
1931
2267
2539
2719
2783
2711
2494
2131
1635
1028
344
-375
-1083
-1731
-2273
-2668
-2887
-2912
-2740
-2383
-1868
-1236
-535
178
848
1420
1849
2100
2152
2002
1663
1162
542
-145
-843
-1494
-2042
-2441
-2656
-2668
-2473
-2084
-1528
-847
-91
684
1423
2073
2589
2937
3097
3062
2842
2460
1949
1350
710
77
-506
-1002
-1381
-1626
-1731
-1701
-1551
-1307
-997
-656
-317
-10
237
406
486
475
376
202
-27
-291
-567
-829
-1056
-1230
-1337
-1368
-1319
-1193
-996
-739
-435
-99
251
603
938
1245
1509
1723
1877
1966
1987
1939
1823
1643
1407
1122
799
453
97
-251
-578
-866
-1103
-1278
-1382
-1414
-1375
-1273
-1119
-930
-723
-520
-340
-202
-120
-102
-152
-265
-430
-629
-839
-1035
-1189
-1277
-1276
-1171
-956
-632
-212
284
827
1382
1912
2377
2742
2977
3063
2990
2759
2385
1892
1314
692
70
-510
-1009
-1398
-1655
-1771
-1752
-1613
-1383
-1097
-796
-520
-307
-190
-187
-308
-547
-885
-1290
-1720
-2129
-2466
-2685
-2746
-2621
-2294
-1768
-1061
-206
746
1740
2710
3591
4321
4849
5136
5158
4913
4413
3690
2792
1775
705
-350
-1331
-2180
-2854
-3325
-3580
-3624
-3476
-3168
-2742
-2244
-1724
-1225
-786
-434
-188
-49
-11
-56
-156
-282
-400
-481
-499
-436
-285
-47
264
632
1029
1425
1788
2091
2308
2425
2431
2326
2120
1829
1474
1081
676
284
-75
-387
-641
-838
-980
-1078
-1146
-1199
-1251
-1314
-1396
-1498
-1615
-1737
-1849
-1930
-1961
-1921
-1794
-1569
-1241
-815
-305
268
877
1485
2056
2554
2944
3197
3294
3224
2988
2597
2074
1449
760
49
-641
-1272
-1805
-2214
-2478
-2587
-2544
-2359
-2051
-1647
-1177
-676
-176
291
699
1027
1260
1392
1422
1356
1205
986
716
416
105
-197
-475
-713
-899
-1027
-1090
-1086
-1018
-889
-706
-477
-213
72
365
651
915
1139
1311
1418
1450
1400
1267
1054
769
425
41
-361
-758
-1124
-1435
-1668
-1804
-1832
-1747
-1551
-1253
-872
-431
40
512
952
1330
1621
1806
1872
1817
1645
1372
1018
611
180
-243
-630
-954
-1195
-1341
-1388
-1338
-1202
-999
-750
-479
-212
29
227
367
442
453
405
311
187
52
-75
-177
-239
-251
-209
-114
26
200
392
584
757
895
982
1010
973
872
714
509
271
18
-233
-467
-668
-826
-935
-992
-999
-964
-894
-802
-698
-593
-496
-412
-344
-290
-247
-207
-162
-103
-23
83
220
386
575
778
982
1173
1333
1448
1503
1486
1391
1217
969
656
293
-97
-496
-877
-1218
-1498
-1698
-1806
-1816
-1729
-1550
-1294
-978
-623
-254
104
430
702
905
1028
1067
1024
907
728
505
260
12
-214
-401
-531
-591
-576
-483
-316
-88
186
489
795
1083
1326
1505
1599
1596
1486
1269
950
541
61
-464
-1008
-1539
-2023
-2431
-2735
-2911
-2945
-2827
-2559
-2151
-1621
-994
-303
414
1120
1777
2347
2801
3114
3270
3264
3100
2790
2355
1825
1232
611
0
-570
-1071
-1480
-1781
-1969
-2045
-2017
-1900
-1714
-1480
-1221
-958
-709
-488
-303
-157
-49
25
78
119
158
205
266
344
439
545
654
755
836
885
891
848
753
609
423
207
-20
-243
-439
-589
-678
-692
-626
-480
-263
11
323
647
955
1219
1413
1515
1508
1383
1141
789
343
-172
-729
-1295
-1835
-2316
-2709
-2988
-3135
-3138
-2995
-2710
-2295
-1770
-1157
-485
216
919
1594
2213
2755
3198
3527
3731
3803
3742
3550
3234
2804
2276
1669
1003
304
-400
-1083
-1717
-2275
-2732
-3069
-3270
-3330
-3246
-3028
-2692
-2261
-1764
-1236
-713
-228
184
501
704
785
749
609
389
124
-149
-390
-558
-620
-549
-330
37
541
1155
1837
2540
3205
3775
4195
4417
4404
4135
3607
2837
1857
719
-512
-1767
-2967
-4039
-4917
-5545
-5887
-5925
-5661
-5117
-4335
-3372
-2293
-1170
-76
924
1775
2435
2881
3106
3122
2956
2647
2244
1798
1359
974
677
491
425
475
622
837
1083
1319
1506
1607
1595
1453
1175
769
256
-332
-959
-1582
-2156
-2642
-3004
-3219
-3271
-3160
-2893
-2493
-1987
-1411
-803
-200
361
854
1254
1550
1735
1814
1798
1701
1543
1345
1127
905
694
503
336
194
75
-24
-110
-186
-254
-316
-367
-404
-420
-407
-358
-268
-136
36
243
471
703
921
1102
1224
1266
1213
1055
788
419
-39
-564
-1125
-1689
-2216
-2670
-3014
-3218
-3260
-3127
-2819
-2344
-1724
-989
-179
661
1486
2248
2903
3416
3758
3911
3869
3638
3235
2686
2026
1295
537
-203
-885
-1473
-1938
-2258
-2423
-2432
-2295
-2030
-1662
-1225
-752
-281
152
516
785
938
965
865
646
326
-70
-511
-960
-1381
-1734
-1988
-2113
-2091
-1911
-1575
-1096
-498
186
917
1647
2329
2916
3367
3649
3737
3623
3308
2810
2157
1391
559
-287
-1094
-1813
-2401
-2827
-3071
-3128
-3006
-2728
-2325
-1840
-1317
-801
-334
49
326
485
527
468
332
154
-26
-172
-246
-221
-80
180
550
1006
1510
2016
2473
2830
3039
3061
2873
2466
1849
1050
115
-897
-1919
-2878
-3703
-4329
-4705
-4797
-4592
-4098
-3343
-2378
-1265
-81
1094
2182
3112
3826
4282
4459
4358
4000
3424
2682
1840
962
116
-641
-1264
-1719
-1994
-2091
-2029
-1838
-1562
-1244
-931
-664
-474
-380
-390
-496
-676
-900
-1131
-1327
-1451
-1470
-1361
-1113
-731
-232
352
984
1614
2194
2675
3017
3189
3172
2966
2581
2046
1399
688
-35
-718
-1313
-1780
-2091
-2233
-2205
-2022
-1710
-1308
-857
-402
11
347
578
685
663
521
277
-40
-397
-755
-1076
-1328
-1483
-1523
-1443
-1244
-941
-556
-117
343
792
1200
1540
1792
1945
1996
1948
1814
1612
1361
1084
802
534
295
93
-66
-186
-271
-331
-375
-415
-461
-520
-597
-691
-799
-916
-1031
-1135
-1217
-1268
-1281
-1252
-1179
-1067
-921
-750
-564
-375
-193
-26
117
237
332
406
466
518
573
639
725
834
969
1129
1307
1494
1676
1840
1969
2046
2057
1989
1833
1585
1247
825
329
-223
-812
-1414
-2003
-2553
-3039
-3437
-3725
-3886
-3909
-3788
-3521
-3115
-2582
-1940
-1212
-428
383
1186
1948
2636
3219
3670
3970
4105
4070
3869
3513
3022
2423
1750
1038
326
-349
-954
-1460
-1847
-2101
-2219
-2208
-2083
-1867
-1585
-1270
-952
-660
-417
-241
-140
-116
-160
-256
-382
-514
-624
-688
-686
-605
-439
-194
117
473
844
1197
1498
1715
1821
1796
1633
1334
915
402
-166
-749
-1299
-1766
-2110
-2294
-2294
-2099
-1712
-1154
-457
332
1162
1972
2703
3299
3711
3903
3853
3555
3020
2275
1361
331
-755
-1833
-2840
-3716
-4410
-4884
-5112
-5084
-4805
-4293
-3581
-2712
-1734
-702
328
1307
2185
2924
3494
3875
4059
4049
3859
3510
3031
2459
1829
1182
554
-19
-511
-900
-1170
-1317
-1343
-1262
-1091
-858
-590
-322
-85
90
182
170
48
-183
-512
-917
-1365
-1819
-2237
-2575
-2793
-2856
-2741
-2434
-1937
-1268
-459
445
1390
2311
3146
3831
4312
4548
4514
4203
3630
2827
1847
757
-367
-1448
-2405
-3170
-3688
-3923
-3860
-3509
-2900
-2086
-1135
-126
857
1737
2441
2914
3120
3047
2706
2130
1374
504
-401
-1265
-2012
-2582
-2928
-3027
-2877
-2499
-1933
-1237
-479
268
936
1464
1806
1936
1849
1561
1110
549
-56
-637
-1127
-1465
-1606
-1526
-1220
-706
-25
765
1596
2391
3073
3573
3838
3830
3539
2972
2166
1173
65
-1080
-2179
-3152
-3933
-4468
-4725
-4697
-4395
-3855
-3129
-2279
-1377
-492
311
982
1485
1801
1931
1895
1728
1472
1180
902
684
561
554
672
903
1223
1594
1971
2305
2546
2653
2595
2353
1927
1331
596
-234
-1109
-1970
-2759
-3424
-3921
-4219
-4299
-4160
-3816
-3294
-2631
-1872
-1065
-258
505
1188
1762
2209
2522
2702
2757
2702
2556
2337
2065
1756
1423
1077
726
375
29
-304
-622
-912
-1166
-1369
-1510
-1574
-1552
-1438
-1231
-940
-579
-171
254
665
1024
1296
1452
1469
1336
1053
636
113
-476
-1083
-1654
-2132
-2469
-2623
-2566
-2287
-1795
-1116
-294
610
1528
2386
3112
3640
3920
3919
3628
3057
2243
1243
127
-1018
-2109
-3061
-3800
-4267
0
0
0
0
0
0
0
0
0
0
0
0
0
0
0
0
0
0
0
0
0
0
0
0
0
0
0
0
0
0
0
0
0
0
0
0
0
0
0
0
0
0
0
0
0
0
0
0
0
0
0
0
0
0
0
0
0
0
0
0
0
0
0
0
0
0
0
