0
4278
8485
12550
16402
19973
23203
26035
28419
30314
31684
32507
32766
32456
31581
30156
28203
25758
22860
19561
15917
11991
7852
3573
-771
-5106
-9352
-13436
-17284
-20829
-24006
-26759
-29038
-30801
-32015
-32660
-32720
-32196
-31094
-29434
-27244
-24563
-21439
-17925
-14087
-9991
-5712
-1327
3083
7441
11667
15683
19415
22796
25762
28259
30239
31667
32514
32764
32412
31462
29931
27847
25247
22178
18696
14865
10755
6443
2009
-2465
-6896
-11201
-15299
-19113
-22570
-25606
-28162
-30190
-31650
-32514
-32764
-32394
-31411
-29832
-27686
-25012
-21861
-18292
-14372
-10175
-5781
-1274
3259
7733
12062
16161
19951
23359
26318
28771
30668
31973
32659
32711
32127
30919
29107
26727
23823
20452
16679
12577
8226
3711
-879
-5455
-9926
-14204
-18204
-21846
-25058
-27775
-29942
-31516
-32464
-32766
-32415
-31417
-29790
-27567
-24790
-21514
-17805
-13736
-9388
-4849
-209
4437
8997
13377
17489
21248
24578
27411
29687
31359
32393
32765
32468
31507
29899
27676
24884
21579
17828
13707
9301
4700
0
-4703
-9311
-13729
-17864
-21629
-24947
-27746
-29968
-31566
-32503
-32761
-32332
-31225
-29460
-27076
-24119
-20653
-16748
-12488
-7961
-3263
1506
6246
10856
15238
19298
22949
26112
28719
30713
32051
32702
32651
31900
30461
28366
25658
22395
18646
14492
10022
5332
524
-4298
-9029
-13567
-17811
-21669
-25055
-27896
-30127
-31699
-32577
-32739
-32182
-30916
-28967
-26379
-23206
-19519
-15397
-10932
-6222
-1372
3511
8320
12945
17284
21240
24723
27655
29968
31611
32545
32748
32214
30954
28995
26381
23169
19431
15252
10724
5950
1038
-3899
-8751
-13405
-17757
-21705
-25159
-28038
-30277
-31822
-32637
-32702
-32014
-30588
-28456
-25665
-22280
-18377
-14047
-9388
-4509
477
5455
10308
14924
19194
23018
26305
28979
30974
32243
32756
32498
31476
29711
27244
24133
20449
16280
11722
6884
1880
-3170
-8148
-12935
-17416
-21484
-25041
-28000
-30291
-31856
-32659
-32677
-31909
-30373
-28105
-25157
-21600
-17520
-13013
-8189
-3163
1941
7001
11893
16499
20705
24407
27516
29953
31659
32589
32721
32049
30590
28377
25463
21921
17836
13307
8448
3377
-1780
-6896
-11843
-16499
-20746
-24479
-27603
-30040
-31727
-32621
-32699
-31957
-30413
-28105
-25088
-21439
-17247
-12618
-7668
-2522
2689
7836
12787
17416
21605
25247
28248
30530
32035
32723
32574
31592
29801
27244
23987
20112
15718
10917
5832
595
-4660
-9798
-14685
-19194
-23208
-26622
-29345
-31307
-32455
-32757
-32206
-30813
-28614
-25665
-22043
-17841
-13169
-8148
-2911
2405
7661
12717
17440
21705
25397
28419
30689
32146
32750
32483
31352
29385
26633
23169
19084
14487
9500
4255
-1105
-6439
-11603
-16457
-20870
-24723
-27911
-30346
-31961
-32712
-32578
-31559
-29684
-27001
-23582
-19519
-14922
-9916
-4636
771
6162
11386
16301
20770
24671
27896
30354
31977
32719
32558
31498
29565
26813
23317
19172
14492
9407
4058
-1405
-6833
-12073
-16978
-21411
-25247
-28377
-30713
-32188
-32760
-32410
-31148
-29007
-26047
-22351
-18021
-13179
-7961
-2516
3003
8440
13640
18454
22745
26389
29282
31340
32503
32737
32033
30409
27913
24613
20604
16000
10932
5547
0
-5550
-10942
-16021
-20637
-24657
-27963
-30458
-32068
-32745
-32468
-31244
-29107
-26118
-22364
-17952
-13013
-7689
-2137
3479
8997
14252
19090
23367
26955
29748
31662
32640
32650
31691
29790
27003
23411
19119
14256
8965
3403
-2262
-7862
-13230
-18204
-22633
-26385
-29345
-31423
-32556
-32707
-31871
-30072
-27362
-23823
-19561
-14703
-9397
-3803
1908
7565
12994
18030
22517
26318
29316
31419
32559
32702
31841
30001
27238
23635
19302
14372
8996
3339
-2422
-8112
-13553
-18577
-23026
-26761
-29667
-31650
-32648
-32629
-31591
-29565
-26615
-22829
-18327
-13249
-7752
-2009
3799
9491
14886
19815
24120
27666
30338
32052
32751
32412
31044
28690
25423
21345
16586
11295
5642
-193
-6025
-11667
-16938
-21669
-25706
-28920
-31206
-32489
-32726
-31909
-30063
-27244
-23544
-19081
-13998
-8460
-2644
3259
9060
14569
19606
24006
27626
30346
32075
32756
32366
30916
28451
25051
20827
15917
10480
4696
-1244
-7147
-12817
-18065
-22719
-26622
-29644
-31684
-32674
-32578
-31398
-29173
-25975
-21909
-17110
-11737
-5969
0
5972
11747
17130
21941
26016
29217
31436
32596
32657
31615
29504
26395
22390
17625
12260
6476
470
-5554
-11392
-16845
-21726
-25867
-29127
-31393
-32585
-32662
-31619
-29491
-26349
-22301
-17483
-12062
-6222
-166
5898
11762
17222
22088
26191
29387
31566
32648
32597
31411
29131
25835
21636
16679
11138
5205
-912
-7001
-12847
-18244
-23003
-26955
-29960
-31912
-32739
-32412
-30940
-28374
-24803
-20353
-15179
-9465
-3413
2763
8843
14612
19863
24407
28083
30758
32334
32755
32003
30103
27124
23169
18381
12929
7010
836
-5370
-11386
-16993
-21989
-26191
-29446
-31636
-32680
-32538
-31214
-28754
-25247
-20819
-15630
-9868
-3744
2518
8692
14551
19879
24480
28184
30855
32393
32739
31880
29845
26709
22585
17625
12011
5950
-333
-6607
-12639
-18204
-23094
-27128
-30152
-32055
-32763
-32248
-30528
-27666
-23767
-18976
-13473
-7461
-1167
5173
11322
17047
22132
26385
29644
31785
32724
32427
30901
28203
24435
19738
14288
8294
1981
-4409
-10635
-16457
-21654
-26025
-29402
-31656
-32697
-32485
-31027
-28377
-24634
-19943
-14481
-8460
-2109
4324
10594
16457
21686
26077
29459
31699
32710
32451
30929
28203
24378
19601
14056
7961
1552
-4919
-11201
-17047
-22227
-26537
-29806
-31906
-32751
-32307
-30590
-27666
-23648
-18696
-13002
-6791
-309
6187
12441
18204
23246
27366
30398
32222
32762
31995
29951
26709
22398
17189
11289
4935
-1619
-8112
-14281
-19879
-24678
-28486
-31147
-32552
-32643
-31416
-28917
-25247
-20553
-15023
-8882
-2378
4225
10659
16662
21989
26421
29777
31918
32756
32254
30432
27362
23169
18024
12137
5748
-879
-7473
-13762
-19485
-24407
-28323
-31070
-32533
-32650
-31414
-28875
-25136
-20353
-14721
-8475
-1874
4807
11292
17307
22602
26955
30182
32146
32765
32010
29911
26556
22083
16679
10571
4016
-2711
-9326
-15551
-21121
-25799
-29387
-31732
-32732
-32344
-30582
-27520
-23286
-18060
-12062
-5547
1206
7911
14280
20041
24947
28786
31393
32653
32513
30975
28105
24024
18906
12972
6476
-301
-7069
-13534
-19415
-24458
-28443
-31196
-32596
-32580
-31148
-28360
-24336
-19250
-13322
-6811
0
6813
13332
19269
24364
28393
31178
32594
32578
31129
28309
24241
19103
13120
6555
-301
-7147
-13680
-19609
-24671
-28641
-31340
-32648
-32505
-30916
-27948
-23735
-18460
-12360
-5706
1206
8067
14569
20421
25359
29162
31656
32728
32328
30473
27244
22786
17298
11027
4255
-2711
-9557
-15974
-21669
-26383
-29901
-32062
-32766
-31979
-29736
-26137
-21345
-15577
-9095
-2195
4807
11593
17850
23291
27666
30771
32464
32665
31362
28614
24546
19345
13249
6538
-477
-7473
-14125
-20126
-25196
-29098
-31650
-32732
-32292
-30349
-26991
-22374
-16712
-10266
-3339
3746
10659
17076
22694
27251
30530
32377
32702
31489
28793
24740
19519
13375
6597
-494
-7565
-14281
-20323
-25404
-29282
-31772
-32753
-32178
-30072
-26533
-21729
-15887
-9285
-2238
4919
11843
18204
23695
28052
31066
32589
32548
30942
27847
23411
17845
11416
4435
-2763
-9830
-16425
-22227
-26955
-30378
-32330
-32713
-31507
-28769
-24631
-19293
-13013
-6096
1120
8285
15047
21076
26077
29802
32068
32763
31850
29372
25451
20276
14101
7230
0
-7232
-14111
-20295
-25478
-29402
-31872
-32764
-32033
-29711
-25913
-20827
-14703
-7845
-595
6688
13640
19914
25196
29220
31785
32759
32093
29819
26047
20967
14832
7950
664
-6656
-13645
-19948
-25247
-29273
-31822
-32763
-32046
-29706
-25861
-20703
-14492
-7543
-209
7138
14125
20396
25629
29557
31977
32766
31880
29363
25342
20022
13674
6622
-771
-8129
-15071
-21240
-26318
-30042
-32219
-32734
-31559
-28754
-24461
-18901
-12360
-5177
2276
9615
16457
22447
27271
30678
32489
32608
31026
27825
23169
17302
10527
3199
-4298
-11573
-18244
-23960
-28419
-31387
-32705
-32302
-30198
-26501
-21406
-15179
-8148
-684
6817
13962
20369
25700
29668
32064
32757
31710
28975
24698
19103
12488
5205
-2358
-9798
-16717
-22745
-27557
-30894
-32577
-32513
-30703
-27244
-22319
-16192
-9191
-1693
5898
13175
19743
25247
29388
31941
32765
31816
29141
24884
19276
12618
5272
-2362
-9871
-16845
-22903
-27714
-31014
-32621
-32445
-30495
-26875
-21781
-15492
-8351
-749
6896
14165
20658
26016
29942
32220
32721
31417
28377
23767
17841
10926
3403
-4310
-11787
-18613
-24407
-28847
-31684
-32759
-32010
-29476
-25298
-19707
-13013
-5590
2148
9769
16845
22980
27828
31116
32659
32366
30254
26438
21133
14635
7310
-430
-8148
-15409
-21801
-26962
-30598
-32502
-32563
-30778
-27244
-22162
-15818
-8572
-836
6950
14343
20920
26305
30190
32350
32661
31103
27762
22829
16586
9388
1649
-6187
-13670
-20369
-25898
-29936
-32249
-32702
-31267
-28024
-23161
-16955
-9766
-2009
5867
13405
20168
25762
29860
32222
32709
31291
28049
23169
16936
9711
1916
-5992
-13553
-20323
-25904
-29968
-32275
-32687
-31179
-27837
-22855
-16527
-9222
-1372
6562
14111
20829
26318
30252
32397
32623
30916
27374
22206
15718
8294
373
-7571
-15067
-21669
-26980
-30683
-32556
-32483
-30469
-26631
-21197
-14492
-6916
1077
9009
16402
22811
27851
31216
32702
32218
29790
25564
19793
12824
5078
-2978
-10856
-18080
-24210
-28873
-31785
-32766
-31757
-28816
-24119
-17952
-10689
-2772
5316
13083
20053
25799
29968
32304
32662
31017
27469
22233
15630
8064
0
-8067
-15639
-22251
-27492
-31038
-32669
-32282
-29899
-25665
-19840
-12785
-4935
3223
11185
18454
24578
29176
31960
32754
31507
28295
23317
16881
9388
1306
-6859
-14599
-21426
-26913
-30713
-32587
-32415
-30206
-26096
-20343
-13307
-5431
2789
10837
18204
24423
29100
31937
32755
31498
28244
23199
16679
9099
938
-7285
-15047
-21854
-27271
-30951
-32659
-32282
-29844
-25497
-19519
-12290
-4271
4023
12062
19330
25359
29762
32252
32670
30984
27303
21861
15008
7184
-1105
-9326
-16947
-23474
-28484
-31650
-32766
-31757
-28687
-23753
-17274
-9670
-1435
6896
14781
21705
27215
30951
32666
32248
29720
25247
19119
11737
3583
-4807
-12886
-20121
-26035
-30239
-32455
-32534
-30469
-26395
-20578
-13400
-5336
3083
11302
18775
25007
29584
32200
32681
30992
27244
21684
14679
6695
-1736
-10055
-17706
-24178
-29038
-31959
-32744
-31340
-27837
-22468
-15592
-7668
771
9163
16942
23583
28641
31772
32764
31548
28203
22955
16155
8261
-193
-8637
-16499
-23246
-28419
-31667
-32766
-31641
-28366
-23161
-16378
-8479
0
8482
16388
23178
28387
31659
32766
31633
28334
23092
16267
8323
-193
-8699
-16610
-23382
-28547
-31748
-32764
-31521
-28105
-22748
-15818
-7793
771
9287
17161
23850
28887
31923
32744
31292
27666
22114
15023
6884
-1736
-10238
-18030
-24565
-29387
-32158
-32681
-30919
-26991
-21173
-13868
-5590
3083
11543
19194
25499
30012
32414
32534
30361
26047
19895
12336
3903
-4807
-13181
-20625
-26610
-30711
-32637
-32248
-29569
-24790
-18247
-10405
-1820
6896
15124
22277
27843
31423
32760
31757
28483
23169
16196
8060
-655
-9326
-17331
-24094
-29127
-32068
-32703
-30984
-27033
-21133
-13707
-5289
3511
12062
19743
25999
30374
32552
32371
29844
25150
18630
10754
2094
-6719
-15047
-22282
-27896
-31478
-32765
-31661
-28244
-22763
-15616
-7324
1506
10228
18204
24847
29668
32313
32585
30461
26096
19809
12062
3423
-5469
-13962
-21426
-27310
-31178
-32740
-31881
-28661
-23317
-16242
-7961
912
9721
17811
24578
29519
32265
32608
30520
26157
19840
12041
3339
-5613
-14150
-21629
-27492
-31296
-32755
-31758
-28377
-22863
-15630
-7219
1736
10564
18599
25234
29968
32443
32468
30041
25342
18725
10689
1842
-7147
-15598
-22868
-28404
-31785
-32751
-31227
-27327
-21345
-13736
-5078
3969
12717
20496
26712
30887
32702
32014
28875
23522
16364
7950
-1077
-10024
-18204
-24986
-29848
-32414
-32483
-30050
-25298
-18593
-10451
-1499
7571
16058
23305
28750
31969
32711
30916
26720
20449
12587
3744
-5391
-14111
-21734
-27666
-31442
-32766
-31533
-27837
-21964
-14372
-5653
3510
12401
20323
26654
30894
32710
31957
28692
23169
15822
7226
-1941
-10958
-19113
-25762
-30378
-32596
-32237
-29328
-24096
-16955
-8469
691
9799
18132
25028
29936
32465
32412
29778
24772
17791
9388
234
-8940
-17404
-24479
-29598
-32350
-32513
-30072
-25219
-18342
-9991
-836
8388
16942
24135
29387
32275
32563
30226
25451
18620
10283
1113
-8148
-16754
-24006
-29316
-32252
-32574
-30254
-25477
-18630
-10266
-1066
8222
16845
24098
29390
32286
32549
30156
25298
18372
9941
695
-8610
-17213
-24407
-29603
-32371
-32482
-29925
-24908
-17841
-9305
0
9307
17850
24924
29942
32491
32356
29546
24293
17028
8351
-1019
-10308
-18745
-25629
-30386
-32621
-32145
-28995
-23432
-15917
-7073
2362
11603
19879
26497
30903
32728
31816
28241
22301
14491
5464
-4023
-13175
-21224
-27492
-31451
-32766
-31324
-27244
-20868
-12732
-3519
5992
15001
22745
28568
31977
32682
30619
25962
19103
10622
1238
-8253
-17047
-24394
-29668
-32420
-32412
-29643
-24347
-16973
-8148
1373
10781
19269
26112
30723
32705
31886
28334
22351
14449
5304
-4298
-13534
-21608
-27826
-31650
-32749
-31026
-26627
-19930
-11510
-2094
7504
16457
23989
29446
32355
32460
29752
24461
17046
8148
-1459
-10942
-19477
-26318
-30870
-32732
-31742
-27983
-21780
-13674
-4371
5316
14541
22496
28484
31977
32669
30495
25645
18541
9807
209
-9410
-18204
-25397
-30356
-32640
-32046
-28625
-22675
-14721
-5464
4278
13645
21806
28038
31787
32719
30748
26047
19032
10324
695
-8997
-17892
-25196
-30256
-32621
-32077
-28669
-22701
-14703
-5389
4409
13816
21989
28193
31872
32694
30582
25725
18555
9715
0
-9718
-18563
-25739
-30598
-32699
-31850
-28126
-21861
-13619
-4144
5708
15047
23026
28920
32194
32549
29951
24631
17073
7961
-1876
-11547
-20168
-26955
-31287
-32766
-31257
-26894
-20073
-11416
-1713
8148
17267
24807
30076
32589
32113
28690
22632
14492
5018
-4919
-14407
-22570
-28657
-32104
-32591
-30072
-24775
-17189
-8012
1907
11653
20323
27113
31393
32763
31094
26539
19519
10683
852
-9060
-18132
-25519
-30530
-32697
-31816
-27965
-21503
-13031
-3339
6667
16052
23938
29584
32459
32292
29097
23169
15065
5543
-4501
-14125
-22423
-28612
-32108
-32578
-29977
-24546
-16798
-7461
2582
12385
21019
27666
31694
32721
30647
25665
18247
9095
-923
-10856
-19760
-26786
-31264
-32766
-31146
-26556
-19431
-10451
-470
9557
18675
26008
30855
32749
31507
27244
20368
11537
1595
-8501
-17784
-25359
-30497
-32702
-31758
-27754
-21074
-12360
-2451
7696
17103
24860
30215
32648
31922
28105
21563
12929
3039
-7147
-16643
-24525
-30025
-32607
-32016
-28309
-21844
-13249
-3359
6859
16412
24364
29939
32588
32050
28377
21924
13322
3413
-6833
-16412
-24382
-29960
-32596
-32028
-28309
-21804
-13150
-3199
7069
16643
24578
30089
32630
31946
28105
21482
12732
2719
-7565
-17103
-24947
-30318
-32680
-31797
-27754
-20951
-12062
-1970
8320
17784
25478
30633
32732
31565
27244
20200
11134
952
-9326
-18675
-26154
-31014
-32765
-31228
-26556
-19215
-9941
333
10578
19760
26955
31436
32749
30759
25665
17979
8475
-1887
-12062
-21019
-27851
-31864
-32650
-30126
-24546
-16475
-6728
3703
13762
22423
28806
32258
32427
29291
23169
14683
4696
-5772
-15653
-23938
-29777
-32571
-32033
-28214
-21503
-12587
-2378
8077
17706
25519
30711
32748
31416
26850
19519
10175
-219
-10594
-19879
-27113
-31549
-32726
-30520
-25157
-17189
-7439
3083
13289
22119
28657
32222
32441
29289
23092
14492
4381
-6187
-16114
-24364
-30076
-32652
-31820
-27666
-20619
-11416
-1017
9491
19008
26537
31287
32757
30792
25595
17709
7961
-2625
-12939
-21894
-28547
-32194
-32451
-29286
-23032
-14346
-4144
6498
16457
24678
30291
32699
31644
27238
19943
10531
0
-10533
-19951
-27251
-31656
-32694
-30254
-24592
-16309
-6286
4409
14637
23305
29487
32519
32077
28203
21312
12137
1660
-8997
-18692
-26385
-31248
-32757
-30748
-25434
-17383
-7461
3266
13645
22556
29038
32390
32248
28625
21909
12824
2351
-8378
-18204
-26061
-31098
-32765
-30880
-25645
-17625
-7689
3083
13524
22496
29023
32393
32235
28565
21780
12618
2077
-8692
-18516
-26318
-31245
-32755
-30681
-25247
-17046
-6975
3863
14280
23132
29446
32527
32033
28015
20915
11510
836
-9932
-19609
-27125
-31650
-32682
-30103
-24198
-15616
-5304
5596
15880
24407
30232
32705
31550
26894
19250
9465
-1373
-12062
-21411
-28379
-32188
-32412
-29022
-22395
-13267
-2656
8253
18244
26197
31222
32754
30619
25054
16679
6433
-4537
-15001
-23783
-29895
-32648
-31731
-27244
-19690
-9916
976
11762
21224
28293
32170
32415
28997
22301
13080
2378
-8595
-18599
-26497
-31393
-32729
-30352
-24528
-15917
-5494
5554
15974
24578
30386
32734
31352
26395
18425
8351
-2679
-13405
-22602
-29217
-32491
-32046
-27932
-20616
-10936
0
10939
20625
27944
32055
32482
29173
22507
13249
2462
-8610
-18692
-26622
-31481
-32707
-30156
-24119
-15293
-4696
6446
16845
25296
30817
32766
30916
25477
17079
6695
-4468
-15115
-24006
-30106
-32702
-31489
-26606
-18620
-8460
2689
13528
22788
29387
32552
31909
27532
19930
9991
-1120
-12103
-21669
-28693
-32350
-32208
-28280
-21025
-11295
-234
10856
20671
28052
32127
32412
28871
21921
12379
1372
-9799
-19815
-27487
-31906
-32545
-29328
-22632
-13249
-2291
8940
19113
27016
31708
32629
29666
23169
13911
2992
-8285
-18577
-26654
-31549
-32677
-29899
-23544
-14372
-3477
7836
18214
26411
31442
32702
30037
23764
14635
3744
-7598
-18030
-26293
-31393
-32711
-30086
-23833
-14703
-3796
7571
18026
26305
31405
32707
30050
23753
14577
3632
-7754
-18204
-26446
-31479
-32688
-29925
-23522
-14256
-3253
8148
18560
26712
31608
32650
29706
23135
13736
2656
-8751
-19090
-27095
-31785
-32581
-29385
-22585
-13013
-1842
9557
19786
27585
31994
32468
28947
21861
12081
809
-10564
-20637
-28166
-32219
-32293
-28377
-20951
-10932
440
11762
21629
28819
32437
32033
27653
19840
9561
-1907
-13142
-22745
-29519
-32621
-31661
-26755
-18514
-7961
3586
14689
23960
30239
32740
31148
25658
16955
6128
-5469
-16384
-25247
-30944
-32759
-30461
-24336
-15151
-4058
7546
18204
26572
31595
32638
29565
22763
13087
1756
-9798
-20118
-27896
-32148
-32332
-28424
-20915
-10754
771
12203
22088
29171
32552
31797
27001
18769
8148
-3511
-14727
-24069
-30346
-32754
-30984
-25260
-16309
-5272
6439
17331
26008
31359
32696
29845
23169
13521
2137
-9523
-19964
-27843
-32146
-32318
-28334
-20703
-10405
1234
12717
22564
29503
32637
31559
26407
17841
6968
-4807
-15965
-25058
-30909
-32757
-30361
-24028
-14577
-3233
8533
19194
27364
31977
32433
28669
21173
10917
-762
-12345
-22321
-29387
-32619
-31592
-26438
-17828
-6884
4961
16161
25247
31028
32744
30168
23635
13998
2522
-9287
-19879
-27860
-32179
-32265
-28105
-20242
-9711
2101
13640
23382
30040
32733
31103
25362
16267
5018
-6896
-17901
-26537
-31659
-32585
-29190
-21921
-11741
0
11743
21929
29201
32589
31641
26480
17791
6728
-5233
-16499
-25566
-31222
-32709
-29826
-22955
-13013
-1327
10537
20994
28641
32450
31909
27088
18630
7668
-4324
-15739
-25041
-30976
-32744
-30105
-23411
-13561
-1880
10055
20637
28436
32397
31982
27244
18822
7852
-4182
-15653
-25007
-30974
-32743
-30072
-23319
-13400
-1660
10308
20879
28612
32455
31881
26966
18377
7282
-4807
-16245
-25468
-31216
-32702
-29720
-22675
-12528
-664
11292
21705
29147
32596
31576
26225
17274
5950
-6193
-17489
-26383
-31650
-32564
-28995
-21433
-10917
1105
12978
23064
29968
32737
30984
24950
15465
3839
-8320
-19330
-27666
-32170
-32217
-27796
-19519
-8531
3643
15314
24860
30951
32739
29972
23032
12884
938
-11141
-21669
-29176
-32613
-31498
-25982
-16835
-5332
6918
18204
26944
31912
32410
28366
20343
9465
-2743
-14569
-24351
-30713
-32759
-30198
-23387
-13283
-1306
10856
21492
29100
32604
31507
25962
16748
5166
-7147
-18454
-27152
-32008
-32332
-28076
-19840
-8789
3510
15314
24947
31038
32720
29752
22551
12140
0
-12143
-22559
-29762
-32723
-31017
-24884
-15198
-3339
8998
20053
28242
32393
31908
26854
17952
6476
-5930
-17489
-26541
-31785
-32465
-28481
-20402
-9388
2978
14918
24714
30951
32730
29790
22554
12062
-172
-12385
-22811
-29942
-32746
-30813
-24421
-14492
-2462
9926
20879
28806
32556
31581
26021
16679
4912
-7571
-18956
-27585
-32200
-32127
-27374
-18630
-7167
5342
17076
26318
31719
32485
28504
20353
9222
-3259
-15267
-25041
-31147
-32687
-29434
-21861
-11077
1334
13553
23783
30517
32764
30189
23169
12736
423
-11953
-22570
-29860
-32743
-30792
-24293
-14202
-2009
10483
21426
29201
32652
31267
25247
15482
3419
-9153
-20369
-28563
-32514
-31633
-26047
-16586
-4654
7973
19415
27967
32350
31910
26709
17520
5712
-6950
-18577
-27428
-32179
-32116
-27244
-18292
-6597
6088
17864
26962
32015
32263
27666
18910
7310
-5391
-17284
-26579
-31872
-32366
-27983
-19380
-7852
4862
16845
26287
31760
32433
28203
19707
8226
-4501
-16550
-26094
-31684
-32472
-28334
-19895
-8434
4310
16402
26003
31651
32486
28377
19946
8475
-4288
-16402
-26016
-31662
-32478
-28334
-19861
-8351
4437
16550
26133
31717
32445
28203
19638
8060
-4756
-16845
-26351
-31812
-32386
-27983
-19276
-7602
5243
17284
26666
31941
32293
27666
18769
6975
-5898
-17864
-27071
-32095
-32157
-27244
-18113
-6176
6719
18577
27557
32265
31968
26709
17302
5205
-7702
-19415
-28111
-32434
-31710
-26047
-16326
-4058
8843
20369
28719
32588
31368
25247
15179
2736
-10137
-21426
-29364
-32705
-30922
-24293
-13853
-1238
11573
22570
30025
32764
30353
23169
12339
-434
-13142
-23783
-30678
-32739
-29638
-21861
-10632
2276
14829
25041
31296
32604
28754
20353
8727
-4282
-16616
-26318
-31849
-32328
-27676
-18630
-6622
6439
18480
27585
32302
31880
26381
16679
4318
-8734
-20396
-28806
-32620
-31227
-24845
-14492
-1820
11144
22329
29942
32763
30335
23047
12062
-859
-13645
-24243
-30951
-32688
-29173
-20967
-9388
3703
16202
26094
31785
32354
27709
18593
6476
-6688
-18775
-27832
-32393
-31718
-25913
-15915
-3339
9779
21317
29402
32723
30737
23764
12933
0
-12935
-23772
-30745
-32720
-29372
-21243
-9654
3510
16105
26077
31798
32332
27590
18342
6096
-7147
-19226
-28162
-32493
-31507
-25362
-15061
-2291
10856
22227
29953
32765
30198
22670
11416
-1716
-14569
-25028
-31370
-32548
-28366
-19509
-7435
5867
18204
27539
32330
31782
25982
15887
3163
-10086
-21669
-29667
-32753
-30413
-23032
-11831
1334
14281
24860
31312
32563
28403
19519
7387
-5976
-18347
-27666
-32377
-31693
-25725
-15465
-2622
10659
22164
29968
32766
30086
22374
10917
-2369
-15261
-25599
-31650
-32396
-27709
-18372
-5950
7473
19643
28516
32596
31195
24546
13765
664
-12550
-23653
-30771
-32702
-29116
-20616
-8634
4807
17440
27128
32230
31881
26137
15968
3092
-10308
-21966
-29901
-32766
-30072
-22272
-10689
2711
15653
25937
31812
32275
27244
17574
4908
-8595
-20637
-29162
-32712
-30681
-23411
-12140
1206
14349
25041
31451
32480
27948
18630
6117
-7445
-19735
-28641
-32634
-31026
-24089
-13013
301
13567
24501
31222
32570
28309
19172
6728
-6876
-19298
-28393
-32589
-31159
-24347
-13326
0
13328
24354
31166
32585
28360
19220
6748
-6896
-19347
-28443
-32604
-31103
-24198
-13087
301
13640
24608
31294
32533
28105
18778
6176
-7504
-19879
-28786
-32669
-30847
-23635
-12290
1206
14493
25247
31583
32389
27520
17828
5008
-8692
-20870
-29387
-32745
-30352
-22624
-10917
2711
15865
26229
31977
32094
26556
16335
3233
-10442
-22277
-30182
-32757
-29546
-21112
-8944
4807
17712
27483
32390
31559
25136
14256
845
-12717
-24026
-31070
-32598
-28334
-19032
-6345
7473
19964
28903
32697
30666
23169
11540
-2148
-15456
-26008
-31918
-32127
-26596
-16309
-3103
10659
22517
30346
32741
29270
20553
8148
-5719
-18563
-28078
-32552
-31179
-24202
-12874
771
14281
25223
31625
32332
27214
17189
4062
-9798
-21894
-30040
-32762
-29565
-21025
-8682
5233
18204
27882
32514
31257
24336
13002
-691
-14262
-25247
-31650
-32307
-27094
-16955
-3732
10171
22227
30239
32747
29289
20494
7961
-6025
-18915
-28356
-32621
-30929
-23586
-11931
1907
15400
26077
31982
32033
26215
15592
2109
-11762
-23479
-30889
-32629
-28377
-18910
-5966
8077
20637
29402
32756
30080
21861
9613
-4409
-17621
-27585
-32459
-31342
-24435
-13013
816
14497
25499
31785
32188
26631
16140
2656
-11322
-23203
-30782
-32650
-28456
-18976
-5969
8148
20755
29503
32763
29925
21514
9095
-5021
-18204
-27995
-32564
-31058
-23753
-12011
1977
15598
26305
32095
31880
25698
14703
952
-12978
-24480
-31393
-32418
-27360
-17165
-3744
10381
22559
30497
32702
28754
19394
6380
-7836
-20580
-29446
-32762
-29899
-21393
-8847
5370
18577
28275
32630
30814
23169
11138
-3003
-16579
-27016
-32334
-31523
-24733
-13249
751
14612
25700
31906
32048
26096
15179
1372
-12698
-24354
-31371
-32412
-27273
-16932
-3359
10856
23003
30758
32638
28280
18514
5205
-9101
-21669
-30089
-32747
-29131
-19930
-6905
7445
20371
29387
32762
29844
21189
8460
-5898
-19125
-28673
-32702
-30433
-22301
-9868
4468
17946
27963
32585
30916
23274
11134
-3159
-16845
-27275
-32428
-31305
-24119
-12260
1977
15833
26622
32247
31615
24845
13249
-923
-14918
-26016
-32055
-31858
-25461
-14105
0
14107
25468
31864
32046
25975
14832
792
-13405
-24986
-31684
-32188
-26395
-15435
-1452
12817
24578
31525
32292
26727
15917
1981
-12345
-24250
-31393
-32366
-26976
-16280
-2378
11993
24006
31293
32415
27148
16527
2644
-11762
-23850
-31230
-32442
-27244
-16660
-2779
11653
23783
31206
32451
27267
16679
2783
-11667
-23806
-31222
-32441
-27217
-16586
-2656
11803
23919
31277
32412
27094
16378
2398
-12062
-24120
-31370
-32361
-26894
-16056
-2009
12441
24407
31496
32285
26615
15616
1488
-12939
-24777
-31650
-32178
-26251
-15055
-836
13553
25223
31826
32033
25797
14372
52
-14280
-25739
-32015
-31841
-25247
-13561
863
15115
26318
32208
31592
24592
12618
-1908
-16052
-26950
-32393
-31276
-23823
-11540
3083
17085
27622
32556
30880
22932
10324
-4384
-18204
-28323
-32682
-30389
-21909
-8965
5807
19399
29038
32755
29790
20744
7461
-7347
-20658
-29748
-32757
-29067
-19428
-5811
8997
21966
30436
32669
28203
17952
4016
-10746
-23305
-31079
-32468
-27184
-16309
-2077
12583
24657
31656
32135
25992
14491
0
-14493
-25999
-32139
-31644
-24613
-12494
2208
16457
27304
32503
30975
23032
10317
-4537
-18454
-28547
-32719
-30103
-21238
-7961
6971
20458
29694
32757
29007
19220
5431
-9491
-22439
-30713
-32587
-27666
-16973
-2736
12073
24364
31568
32177
26060
14492
-108
-14689
-26197
-32222
-31498
-24174
-11781
3083
17304
27896
32634
30520
21996
8847
-6162
-19879
-29416
-32766
-29219
-19519
-5706
9311
22368
30711
32578
27570
16743
2378
-12491
-24723
-31732
-32033
-25558
-13674
1105
15653
26888
32428
31095
23169
10328
-4707
-18745
-28806
-32750
-29736
-20402
-6728
8378
21705
30414
32650
27932
17262
2911
-12062
-24465
-31651
-32083
-25665
-13765
1077
15692
26955
32455
31012
22932
9941
-5180
-19194
-29098
-32765
-29406
-19738
-5832
9326
22486
30817
32526
27244
16102
1495
-13436
-25478
-32035
-31693
-24521
-12062
2999
17416
28078
32680
30226
21243
7668
-7565
-21167
-30192
-32685
-28105
-17438
-2992
12103
24578
31727
31995
25321
13150
-1876
-16499
-27539
-32596
-30567
-21889
-8448
6833
20630
29936
32722
28377
17845
3419
-11753
-24364
-31659
-32040
-25423
-13249
1823
16499
27568
32607
30508
21729
8189
-7147
-20920
-30108
-32693
-28105
-17347
-2779
12401
24860
31856
31850
24838
12360
-2839
-17416
-28160
-32702
-30037
-20749
-6884
8501
22013
30668
32552
27244
15915
1066
-14020
-26008
-32243
-31342
-23500
-10451
4915
19194
29220
32766
29042
18871
4509
-10856
-23813
-31479
-32147
-25665
-13473
1720
16533
27666
32637
30335
21271
7461
-8015
-21705
-30552
-32578
-27327
-15968
-1038
14125
26133
32294
31228
23169
9920
-5554
-19786
-29584
-32748
-28565
-17970
-3339
12043
24723
31849
31816
24627
11897
-3511
-18132
-28673
-32755
-29458
-19519
-5177
10334
23516
31393
32182
25702
13414
-1907
-16800
-27896
-32682
-30072
-20653
-6555
9029
22570
30997
32395
26445
14492
-751
-15827
-27310
-32589
-30461
-21406
-7481
8148
21926
30713
32507
26894
15151
-48
-15238
-26955
-32522
-30664
-21804
-7961
7702
21608
30575
32549
27076
15403
202
-15047
-26852
-32503
-30703
-21861
-8002
7696
21629
30598
32538
27001
15255
0
-15257
-27007
-32541
-30582
-21579
-7602
8129
21989
30779
32468
26664
14703
-655
-15865
-27411
-32621
-30288
-20948
-6758
8997
22672
31098
32318
26047
13736
-1763
-16855
-28038
-32713
-29790
-19946
-5464
10289
23653
31516
32046
25116
12336
-3319
-18204
-28847
-32766
-29042
-18541
-3711
11987
24889
31977
31593
23823
10480
-5316
-19871
-29777
-32711
-27983
-16697
-1495
14059
26318
32404
30885
22114
8148
-7733
-21801
-30745
-32460
-26539
-14372
1180
16457
27860
32699
29832
19930
5325
-10537
-23916
-31650
-31910
-24631
-11530
4298
19113
29409
32747
28334
17210
2009
-13670
-26112
-32365
-30942
-22178
-8148
7817
21929
30833
32412
26285
13907
-1780
-17047
-28259
-32743
-29429
-19103
-4222
11667
24777
31977
31548
23586
9991
-5992
-20546
-30192
-32619
-27244
-15350
219
15739
27492
32660
30001
20149
5464
-10533
-24006
-31719
-31816
-24270
-10892
5106
19879
29873
32681
27625
15917
373
-15261
-27221
-32621
-30156
-20416
-5748
10308
23879
31684
31836
24293
10875
-5173
-19973
-29942
-32665
-27477
-15633
0
15636
27483
32666
29925
19920
5078
-10999
-24407
-31886
-31615
-23656
-9941
6193
20824
30386
32549
26782
14487
-1341
-16845
-28242
-32749
-29262
-18630
-3445
12583
25539
32252
31078
22301
8064
-8148
-22368
-31111
-32231
-25451
-12429
3643
18824
29387
32737
28047
16465
836
-15001
-27152
-32625
-30072
-20115
-5205
10989
24479
31937
31523
23335
9388
-6876
-21447
-30723
-32412
-26092
-13322
2743
18132
29038
32759
28371
16955
1338
-14612
-26944
-32596
-30164
-20247
-5304
10958
24501
31960
31477
23169
9099
-7236
-21774
-30894
-32323
-25702
-12676
3510
18824
29446
32724
27837
16000
166
-15711
-27666
-32707
-29572
-19041
-3744
12491
25602
32304
30916
21780
7184
-9215
-23305
-31551
-31880
-24205
-10451
5930
20824
30486
32483
26311
13518
-2679
-18204
-29147
-32749
-28098
-16364
-502
15488
27574
32702
29574
18976
3583
-12717
-25806
-32371
-30748
-21345
-6538
9926
23879
31785
31636
23467
9346
-7147
-21830
-30974
-32254
-25342
-11991
4409
19692
29968
32623
26976
14462
-1736
-17495
-28798
-32764
-28377
-16752
-852
15267
27492
32699
29554
18857
3339
-13034
-26077
-32450
-30520
-20777
-5712
10817
24578
32042
31291
22515
7961
-8637
-23021
-31496
-31881
-24075
-10079
6509
21426
30833
32307
25463
12062
-4448
-19815
-30076
-32585
-26689
-13907
2465
18204
29244
32732
27762
15616
-569
-16610
-28356
-32765
-28692
-17189
-1231
15047
27428
32699
29490
18630
2932
-13528
-26478
-32552
-30168
-19943
-4530
12062
25519
32337
30737
21133
6022
-10659
-24565
-32068
-31208
-22206
-7407
9326
23628
31760
31593
23169
8686
-8070
-22719
-31423
-31903
-24028
-9858
6896
21846
31070
32147
24790
10926
-5807
-21019
-30711
-32336
-25461
-11891
4807
20244
30356
32478
26047
12755
-3899
-19528
-30012
-32581
-26556
-13521
3083
18877
29687
32654
26991
14192
-2362
-18294
-29387
-32703
-27360
-14769
1736
17784
29119
32734
27666
15255
-1206
-17349
-28887
-32752
-27913
-15652
771
16993
28695
32761
28105
15962
-434
-16717
-28547
-32765
-28244
-16186
193
16523
28443
32766
28334
16326
-48
-16412
-28387
-32766
-28374
-16382
0
0
0
0
0
0
0
0
0
0
0
0
0
0
0
0
0
0
0
0
0
0
0
0
0
0
0
0
0
0
0
0
0
0
0
0
0
0
0
0
0
0
0
0
0
0
0
0
0
0
0
0
0
0
0
0
0
0
0
0
0
0
0
0
0
0
0
0
0
0
0
0
0
0
0
0
0
0
0
0
0
0
0
0
0
0
0
0
0
0
0
0
0
0
0
0
0
0
0
0
0
0
0
0
0
0
0
0
0
0
0
0
0
0
0
0
0
0
0
0
0
0
0
0
0
0
0
0
0
0
0
0
0
0
0
0
0
0
0
0
0
0
0
0
0
0
0
0
0
0
0
0
0
0
0
0
0
0
0
0
0
0
0
0
0
0
0
0
0
0
0
0
0
0
0
0
0
0
0
0
0
0
0
0
0
0
0
0
0
0
0
0
0
0
0
0
0
0
0
0
0
0
0
0
0
0
0
0
0
0
0
0
0
0
0
0
0
0
0
0
0
0
0
0
0
0
0
0
0
0
0
0
0
0
0
0
0
0
0
0
0
0
0
0
0
0
0
0
0
0
0
0
0
0
0
0
0
0
0
0
0
0
0
0
0
0
0
0
0
0
0
0
0
0
0
0
0
0
0
0
0
0
0
0
0
0
0
0
0
0
0
0
0
0
0
0
0
0
0
0
0
0
0
0
0
0
0
0
0
0
0
0
0
0
0
0
0
0
0
0
0
0
0
0
0
0
0
0
0
0
0
0
0
0
0
0
0
0
0
0
0
0
0
0
0
0
0
0
0
0
0
0
0
0
0
0
0
0
0
0
0
0
0
0
0
0
0
0
0
0
0
0
0
0
0
0
0
0
0
0
0
0
0
0
0
0
0
0
0
0
0
0
0
0
0
0
0
0
0
0
0
0
0
0
0
0
0
0
0
0
0
0
0
0
0
0
0
0
0
0
0
0
0
0
0
0
0
0
0
0
0
0
0
0
0
0
0
0
0
0
0
0
0
0
0
0
0
0
0
0
0
0
0
0
0
0
0
0
0
0
0
0
0
0
0
0
0
0
0
0
0
0
0
0
0
0
0
0
0
0
0
0
0
0
0
0
0
0
0
0
0
0
0
0
0
0
0
0
0
0
0
0
0
0
0
0
0
0
0
0
0
0
0
0
0
0
0
0
0
0
0
0
0
0
0
0
0
0
0
0
0
0
0
0
0
0
0
0
0
0
0
0
0
0
0
0
0
0
0
0
0
0
0
0
0
0
0
0
0
0
0
0
0
0
0
0
0
0
0
0
0
0
0
0
0
0
0
0
0
0
0
0
0
0
0
0
0
0
0
0
0
0
0
0
0
0
0
0
0
0
0
0
0
0
0
0
0
0
0
0
0
0
0
0
0
0
0
0
0
0
0
0
0
0
0
0
0
0
0
0
0
0
0
0
0
0
0
0
0
0
0
0
0
0
0
0
0
0
0
0
0
0
0
0
0
0
0
0
0
0
0
0
0
0
0
0
0
0
0
0
0
0
0
0
0
0
0
0
0
0
0
0
0
0
0
0
0
0
0
0
0
0
0
0
0
0
0
0
0
0
0
0
0
0
0
0
0
0
0
0
0
0
0
0
0
0
0
0
0
0
0
0
0
0
0
0
0
0
0
0
0
0
0
0
0
0
0
0
0
0
0
0
0
0
0
0
0
0
0
0
0
0
0
0
0
0
0
0
0
0
0
0
0
0
0
0
0
0
0
0
0
0
0
0
0
0
0
0
0
0
0
0
0
0
0
0
0
0
0
0
0
0
0
0
0
0
0
0
0
0
0
0
0
0
0
0
0
0
0
0
0
0
0
0
0
0
0
0
0
0
0
0
0
0
0
0
0
0
0
0
0
0
0
0
0
0
0
0
0
0
0
0
0
0
0
0
0
0
0
0
0
0
0
0
0
0
0
0
0
0
0
0
0
0
0
0
0
0
0
0
0
0
0
0
0
0
0
0
0
0
0
0
0
0
0
0
0
0
0
0
0
0
0
0
0
0
0
0
0
0
0
0
0
0
0
0
0
0
0
0
0
0
0
0
0
0
0
0
0
0
0
0
0
0
0
0
0
0
0
0
0
0
0
0
0
0
0
0
0
0
0
0
0
0
0
0
0
0
0
0
0
0
0
0
0
0
0
0
0
0
16383
16081
15185
13730
11770
9379
6645
3672
569
-2546
-5559
-8357
-10838
-12911
-14499
-15546
-16016
-15893
-15187
-13925
-12159
-9958
-7407
-4603
-1652
1333
4243
6970
9413
11485
13112
14238
14828
14867
14359
13331
11829
9916
7670
5181
2544
-137
-2764
-5238
-7469
-9380
-10905
-11996
-12622
-12772
-12452
-11686
-10515
-8996
-7196
-5192
-3065
-902
1215
3209
5008
6551
7790
8692
9238
9423
9258
8769
7990
6970
5761
4424
3017
1603
236
-1030
-2156
-3107
-3859
-4400
-4729
-4855
-4796
-4576
-4228
-3787
-3288
-2767
-2257
-1786
-1377
-1044
-795
-630
-540
-510
-521
-548
-564
-544
-463
-300
-40
324
795
1363
2012
2717
3446
4162
4823
5386
5809
6053
6084
5878
5417
4698
3728
2528
1131
-418
-2066
-3748
-5397
-6939
-8306
-9430
-10250
-10719
-10797
-10465
-9716
-8563
-7036
-5183
-3065
-760
1647
4064
6393
8539
10413
11932
13029
13650
13762
13351
12424
11010
9159
6938
4431
1734
-1047
-3804
-6427
-8811
-10862
-12498
-13652
-14281
-14360
-13887
-12884
-11393
-9478
-7217
-4705
-2044
656
3289
5749
7939
9776
11192
12137
12583
12523
11970
10959
9544
7793
5789
3622
1388
-817
-2903
-4784
-6388
-7656
-8546
-9035
-9117
-8807
-8133
-7143
-5895
-4458
-2906
-1317
232
1672
2937
3976
4749
5230
5411
5296
4905
4274
3445
2473
1416
336
-705
-1652
-2453
-3067
-3463
-3623
-3541
-3227
-2699
-1991
-1142
-201
777
1740
2634
3408
4019
4431
4619
4571
4283
3768
3045
2148
1117
0
-1152
-2286
-3349
-4292
-5072
-5652
-6007
-6118
-5982
-5604
-5001
-4197
-3228
-2134
-961
242
1430
2554
3574
4451
5157
5669
5975
6070
5959
5655
5175
4546
3797
2958
2064
1147
236
-637
-1453
-2191
-2836
-3379
-3815
-4144
-4367
-4491
-4524
-4472
-4344
-4148
-3889
-3574
-3204
-2783
-2309
-1785
-1210
-586
84
795
1539
2303
3071
3824
4539
5190
5750
6192
6487
6611
6542
6266
5772
5059
4135
3017
1731
313
-1195
-2743
-4274
-5732
-7057
-8191
-9083
-9687
-9967
-9898
-9469
-8682
-7554
-6118
-4419
-2514
-472
1631
3717
5703
7509
9061
10294
11154
11603
11616
11190
10336
9085
7484
5595
3492
1260
-1011
-3232
-5312
-7167
-8723
-9918
-10707
-11060
-10967
-10438
-9500
-8198
-6592
-4754
-2767
-719
1302
3210
4925
6376
7506
8273
8652
8637
8239
7488
6427
5116
3622
2022
395
-1178
-2626
-3880
-4883
-5593
-5982
-6039
-5768
-5193
-4349
-3288
-2068
-758
569
1845
2999
3969
4705
5167
5328
5180
4729
3996
3019
1845
535
-845
-2226
-3535
-4705
-5674
-6389
-6809
-6910
-6678
-6119
-5253
-4114
-2752
-1224
401
2052
3655
5138
6434
7484
8239
8664
8738
8457
7829
6880
5648
4184
2549
808
-967
-2705
-4338
-5801
-7038
-8005
-8667
-9004
-9009
-8688
-8060
-7156
-6016
-4691
-3232
-1699
-149
1361
2781
4064
5170
6070
6743
7178
7372
7334
7077
6623
5998
5233
4360
3412
2420
1414
422
-532
-1430
-2257
-2999
-3650
-4203
-4657
-5009
-5260
-5411
-5461
-5411
-5260
-5009
-4657
-4203
-3650
-2999
-2257
-1430
-532
422
1414
2420
3412
4360
5233
5998
6623
7077
7334
7372
7178
6743
6070
5170
4064
2781
1361
-149
-1699
-3232
-4691
-6016
-7156
-8060
-8688
-9009
-9004
-8667
-8005
-7038
-5801
-4338
-2705
-967
808
2549
4184
5648
6880
7829
8457
8738
8664
8239
7484
6434
5138
3655
2052
401
-1224
-2752
-4114
-5253
-6119
-6678
-6910
-6809
-6389
-5674
-4705
-3535
-2226
-845
535
1845
3019
3996
4729
5180
5328
5167
4705
3969
2999
1845
569
-758
-2068
-3288
-4349
-5193
-5768
-6039
-5982
-5593
-4883
-3880
-2626
-1178
395
2022
3622
5116
6427
7488
8239
8637
8652
8273
7506
6376
4925
3210
1302
-719
-2767
-4754
-6592
-8198
-9500
-10438
-10967
-11060
-10707
-9918
-8723
-7167
-5312
-3232
-1011
1260
3492
5595
7484
9085
10336
11190
11616
11603
11154
10294
9061
7509
5703
3717
1631
-472
-2514
-4419
-6118
-7554
-8682
-9469
-9898
-9967
-9687
-9083
-8191
-7057
-5732
-4274
-2743
-1195
313
1731
3017
4135
5059
5772
6266
6542
6611
6487
6192
5750
5190
4539
3824
3071
2303
1539
795
84
-586
-1210
-1785
-2309
-2783
-3204
-3574
-3889
-4148
-4344
-4472
-4524
-4491
-4367
-4144
-3815
-3379
-2836
-2191
-1453
-637
236
1147
2064
2958
3797
4546
5175
5655
5959
6070
5975
5669
5157
4451
3574
2554
1430
242
-961
-2134
-3228
-4197
-5001
-5604
-5982
-6118
-6007
-5652
-5072
-4292
-3349
-2286
-1152
0
1117
2148
3045
3768
4283
4571
4619
4431
4019
3408
2634
1740
777
-201
-1142
-1991
-2699
-3227
-3541
-3623
-3463
-3067
-2453
-1652
-705
336
1416
2473
3445
4274
4905
5296
5411
5230
4749
3976
2937
1672
232
-1317
-2906
-4458
-5895
-7143
-8133
-8807
-9117
-9035
-8546
-7656
-6388
-4784
-2903
-817
1388
3622
5789
7793
9544
10959
11970
12523
12583
12137
11192
9776
7939
5749
3289
656
-2044
-4705
-7217
-9478
-11393
-12884
-13887
-14360
-14281
-13652
-12498
-10862
-8811
-6427
-3804
-1047
1734
4431
6938
9159
11010
12424
13351
13762
13650
13029
11932
10413
8539
6393
4064
1647
-760
-3065
-5183
-7036
-8563
-9716
-10465
-10797
-10719
-10250
-9430
-8306
-6939
-5397
-3748
-2066
-418
1131
2528
3728
4698
5417
5878
6084
6053
5809
5386
4823
4162
3446
2717
2012
1363
795
324
-40
-300
-463
-544
-564
-548
-521
-510
-540
-630
-795
-1044
-1377
-1786
-2257
-2767
-3288
-3787
-4228
-4576
-4796
-4855
-4729
-4400
-3859
-3107
-2156
-1030
236
1603
3017
4424
5761
6970
7990
8769
9258
9423
9238
8692
7790
6551
5008
3209
1215
-902
-3065
-5192
-7196
-8996
-10515
-11686
-12452
-12772
-12622
-11996
-10905
-9380
-7469
-5238
-2764
-137
2544
5181
7670
9916
11829
13331
14359
14867
14828
14238
13112
11485
9413
6970
4243
1333
-1652
-4603
-7407
-9958
-12159
-13925
-15187
-15893
-16016
-15546
-14499
-12911
-10838
-8357
-5559
-2546
569
3672
6645
9379
11770
13730
15185
16081
0
0
0
0
0
0
0
0
0
0
0
0
0
0
0
0
0
0
0
0
0
0
0
0
0
0
0
0
0
0
0
0
0
0
0
0
0
0
0
0
0
0
0
0
0
0
0
0
0
0
0
0
0
0
0
0
0
0
0
0
0
0
0
0
0
0
0
-16383
-16037
-15014
-13359
-11144
-8464
-5435
-2189
1134
4393
7449
10171
12446
14179
15300
15767
15564
14708
13241
11233
8775
5978
2966
-129
-3174
-6040
-8607
-10769
-12440
-13557
-14082
-14002
-13334
-12116
-10412
-8304
-5892
-3285
-600
2046
4543
6786
8685
10169
11185
11702
11712
11230
10290
8947
7271
5344
3256
1102
-1023
-3032
-4843
-6386
-7607
-8467
-8944
-9035
-8753
-8126
-7198
-6020
-4656
-3171
-1634
-110
1337
2653
3793
4721
5414
5859
6058
6020
5767
5325
4729
4015
3223
2389
1550
735
-27
-719
-1326
-1842
-2265
-2599
-2850
-3030
-3150
-3220
-3252
-3251
-3224
-3171
-3089
-2973
-2814
-2601
-2324
-1973
-1539
-1016
-405
289
1057
1880
2735
3591
4416
5171
5818
6317
6632
6732
6592
6195
5535
4618
3461
2094
557
-1097
-2810
-4515
-6141
-7618
-8877
-9855
-10499
-10766
-10629
-10074
-9107
-7750
-6044
-4045
-1822
541
2955
5325
7554
9549
11224
12506
13333
13665
13478
12771
11562
9894
7824
5431
2805
49
-2730
-5424
-7925
-10133
-11962
-13339
-14209
-14539
-14317
-13554
-12283
-10557
-8446
-6038
-3430
-726
1967
4543
6905
8962
10641
11884
12651
12925
12708
12020
10904
9416
7628
5619
3478
1294
-843
-2853
-4659
-6200
-7427
-8306
-8821
-8973
-8777
-8262
-7473
-6460
-5284
-4006
-2691
-1400
-187
898
1820
2551
3077
3395
3515
3455
3245
2918
2514
2075
1640
1246
926
704
595
606
734
966
1281
1650
2039
2410
2724
2945
3039
2978
2742
2321
1715
934
0
-1055
-2191
-3361
-4510
-5585
-6530
-7292
-7825
-8089
-8058
-7712
-7050
-6081
-4829
-3332
-1638
193
2095
3995
5819
7494
8951
10126
10968
11436
11503
11158
10407
9269
7780
5990
3961
1764
-520
-2812
-5026
-7084
-8908
-10433
-11604
-12377
-12725
-12636
-12114
-11179
-9865
-8220
-6304
-4186
-1941
351
2612
4765
6735
8459
9881
10956
11655
11959
11865
11384
10540
9367
7912
6229
4379
2427
439
-1516
-3379
-5088
-6594
-7851
-8827
-9497
-9849
-9881
-9602
-9029
-8191
-7123
-5866
-4467
-2974
-1439
87
1558
2928
4158
5214
6068
6702
7104
7271
7207
6923
6438
5777
4969
4045
3043
1997
945
-78
-1043
-1918
-2680
-3311
-3796
-4129
-4308
-4338
-4228
-3992
-3649
-3221
-2731
-2203
-1662
-1131
-630
-177
212
530
770
931
1018
1038
1002
925
823
712
610
533
493
501
565
687
864
1090
1354
1641
1933
2209
2446
2624
2721
2719
2603
2363
1994
1500
887
172
-623
-1473
-2345
-3203
-4011
-4729
-5322
-5755
-6000
-6036
-5848
-5429
-4785
-3929
-2885
-1685
-370
1012
2411
3771
5036
6155
7076
7759
8169
8281
8085
7580
6779
5707
4401
2909
1288
-401
-2093
-3719
-5214
-6517
-7574
-8342
-8788
-8892
-8650
-8071
-7177
-6006
-4606
-3035
-1358
354
2032
3605
5009
6185
7087
7680
7942
7866
7459
6745
5759
4548
3169
1687
169
-1315
-2700
-3924
-4933
-5685
-6149
-6308
-6161
-5718
-5006
-4064
-2940
-1692
-382
922
2160
3267
4191
4884
5315
5461
5315
4884
4191
3267
2160
922
-382
-1692
-2940
-4064
-5006
-5718
-6161
-6308
-6149
-5685
-4933
-3924
-2700
-1315
169
1687
3169
4548
5759
6745
7459
7866
7942
7680
7087
6185
5009
3605
2032
354
-1358
-3035
-4606
-6006
-7177
-8071
-8650
-8892
-8788
-8342
-7574
-6517
-5214
-3719
-2093
-401
1288
2909
4401
5707
6779
7580
8085
8281
8169
7759
7076
6155
5036
3771
2411
1012
-370
-1685
-2885
-3929
-4785
-5429
-5848
-6036
-6000
-5755
-5322
-4729
-4011
-3203
-2345
-1473
-623
172
887
1500
1994
2363
2603
2719
2721
2624
2446
2209
1933
1641
1354
1090
864
687
565
501
493
533
610
712
823
925
1002
1038
1018
931
770
530
212
-177
-630
-1131
-1662
-2203
-2731
-3221
-3649
-3992
-4228
-4338
-4308
-4129
-3796
-3311
-2680
-1918
-1043
-78
945
1997
3043
4045
4969
5777
6438
6923
7207
7271
7104
6702
6068
5214
4158
2928
1558
87
-1439
-2974
-4467
-5866
-7123
-8191
-9029
-9602
-9881
-9849
-9497
-8827
-7851
-6594
-5088
-3379
-1516
439
2427
4379
6229
7912
9367
10540
11384
11865
11959
11655
10956
9881
8459
6735
4765
2612
351
-1941
-4186
-6304
-8220
-9865
-11179
-12114
-12636
-12725
-12377
-11604
-10433
-8908
-7084
-5026
-2812
-520
1764
3961
5990
7780
9269
10407
11158
11503
11436
10968
10126
8951
7494
5819
3995
2095
193
-1638
-3332
-4829
-6081
-7050
-7712
-8058
-8089
-7825
-7292
-6530
-5585
-4510
-3361
-2191
-1055
0
934
1715
2321
2742
2978
3039
2945
2724
2410
2039
1650
1281
966
734
606
595
704
926
1246
1640
2075
2514
2918
3245
3455
3515
3395
3077
2551
1820
898
-187
-1400
-2691
-4006
-5284
-6460
-7473
-8262
-8777
-8973
-8821
-8306
-7427
-6200
-4659
-2853
-843
1294
3478
5619
7628
9416
10904
12020
12708
12925
12651
11884
10641
8962
6905
4543
1967
-726
-3430
-6038
-8446
-10557
-12283
-13554
-14317
-14539
-14209
-13339
-11962
-10133
-7925
-5424
-2730
49
2805
5431
7824
9894
11562
12771
13478
13665
13333
12506
11224
9549
7554
5325
2955
541
-1822
-4045
-6044
-7750
-9107
-10074
-10629
-10766
-10499
-9855
-8877
-7618
-6141
-4515
-2810
-1097
557
2094
3461
4618
5535
6195
6592
6732
6632
6317
5818
5171
4416
3591
2735
1880
1057
289
-405
-1016
-1539
-1973
-2324
-2601
-2814
-2973
-3089
-3171
-3224
-3251
-3252
-3220
-3150
-3030
-2850
-2599
-2265
-1842
-1326
-719
-27
735
1550
2389
3223
4015
4729
5325
5767
6020
6058
5859
5414
4721
3793
2653
1337
-110
-1634
-3171
-4656
-6020
-7198
-8126
-8753
-9035
-8944
-8467
-7607
-6386
-4843
-3032
-1023
1102
3256
5344
7271
8947
10290
11230
11712
11702
11185
10169
8685
6786
4543
2046
-600
-3285
-5892
-8304
-10412
-12116
-13334
-14002
-14082
-13557
-12440
-10769
-8607
-6040
-3174
-129
2966
5978
8775
11233
13241
14708
15564
15767
15300
14179
12446
10171
7449
4393
1134
-2189
-5435
-8464
-11144
-13359
-15014
-16037
0
0
0
0
0
0
0
0
0
0
0
0
0
0
0
0
0
0
0
0
0
0
0
0
0
0
0
0
0
0
0
0
0
0
0
0
0
0
0
0
0
0
0
0
0
0
0
0
0
0
0
0
0
0
0
0
0
0
0
0
0
0
0
0
0
0
0
-10922
-10712
-10092
-9085
-7729
-6076
-4190
-2142
-10
2123
4178
6076
7744
9119
10150
10797
11035
10855
10265
9286
7956
6323
4450
2407
270
-1881
-3968
-5911
-7640
-9089
-10206
-10950
-11293
-11223
-10742
-9868
-8633
-7081
-5268
-3261
-1131
1045
3189
5224
7078
8684
9984
10934
11498
11657
11405
10749
9713
8333
6657
4742
2656
471
-1735
-3889
-5914
-7739
-9300
-10542
-11423
-11909
-11984
-11643
-10897
-9771
-8303
-6542
-4550
-2394
-149
2106
4294
6337
8165
9711
10922
11753
12174
12169
11737
10892
9663
8093
6237
4161
1938
-352
-2627
-4805
-6807
-8560
-10002
-11079
-11752
-11998
-11807
-11188
-10165
-8776
-7075
-5125
-3002
-785
1439
3590
5585
7349
8815
9932
10658
10968
10856
10329
9414
8150
6592
4805
2864
848
-1159
-3078
-4833
-6353
-7581
-8471
-8993
-9133
-8890
-8285
-7350
-6131
-4688
-3088
-1403
288
1914
3402
4689
5723
6462
6879
6963
6719
6165
5335
4276
3042
1698
311
-1049
-2317
-3430
-4337
-4995
-5375
-5461
-5253
-4766
-4028
-3079
-1971
-763
481
1698
2821
3793
4562
5087
5339
5305
4983
4388
3550
2510
1319
37
-1270
-2536
-3695
-4688
-5461
-5972
-6192
-6106
-5713
-5031
-4089
-2929
-1608
-188
1261
2670
3968
5090
5980
6592
6893
6865
6507
5834
4876
3678
2296
796
-749
-2264
-3675
-4913
-5915
-6631
-7024
-7075
-6777
-6145
-5207
-4009
-2609
-1074
517
2089
3562
4861
5921
6686
7115
7185
6889
6237
5260
4002
2524
897
-797
-2478
-4059
-5461
-6610
-7446
-7923
-8011
-7700
-6997
-5932
-4550
-2912
-1094
819
2737
4569
6225
7623
8692
9377
9638
9457
8835
7793
6374
4637
2656
520
-1677
-3837
-5862
-7660
-9148
-10256
-10933
-11146
-10881
-10148
-8976
-7415
-5531
-3406
-1131
1195
3474
5608
7504
9085
10285
11055
11367
11213
10603
9570
8164
6450
4504
2414
270
-1836
-3818
-5595
-7098
-8271
-9076
-9491
-9512
-9153
-8444
-7430
-6167
-4722
-3166
-1571
-10
1450
2752
3848
4701
5289
5606
5656
5461
5049
4462
3747
2954
2134
1338
610
-10
-496
-830
-1003
-1019
-895
-654
-329
42
418
758
1022
1176
1190
1048
740
270
-348
-1090
-1920
-2795
-3666
-4481
-5187
-5734
-6076
-6177
-6010
-5560
-4827
-3824
-2579
-1131
466
2152
3857
5508
7031
8355
9416
10158
10537
10524
10106
9287
8088
6546
4713
2656
451
-1818
-4065
-6202
-8144
-9815
-11147
-12088
-12599
-12658
-12263
-11429
-10186
-8583
-6680
-4550
-2273
65
2380
4588
6609
8375
9828
10922
11627
11927
11824
11333
10483
9314
7880
6237
4451
2586
709
-1118
-2839
-4403
-5769
-6906
-7791
-8413
-8770
-8869
-8726
-8361
-7800
-7075
-6215
-5252
-4219
-3143
-2051
-965
93
1111
2073
2970
3794
4537
5195
5760
6228
6592
6843
6975
6979
6847
6573
6149
5575
4850
3980
2974
1847
620
-680
-2023
-3372
-4688
-5929
-7052
-8017
-8783
-9318
-9592
-9585
-9286
-8692
-7813
-6668
-5287
-3709
-1981
-159
1698
3529
5271
6865
8254
9389
10230
10747
10922
10747
10230
9389
8254
6865
5271
3529
1698
-159
-1981
-3709
-5287
-6668
-7813
-8692
-9286
-9585
-9592
-9318
-8783
-8017
-7052
-5929
-4688
-3372
-2023
-680
620
1847
2974
3980
4850
5575
6149
6573
6847
6979
6975
6843
6592
6228
5760
5195
4537
3794
2970
2073
1111
93
-965
-2051
-3143
-4219
-5252
-6215
-7075
-7800
-8361
-8726
-8869
-8770
-8413
-7791
-6906
-5769
-4403
-2839
-1118
709
2586
4451
6237
7880
9314
10483
11333
11824
11927
11627
10922
9828
8375
6609
4588
2380
65
-2273
-4550
-6680
-8583
-10186
-11429
-12263
-12658
-12599
-12088
-11147
-9815
-8144
-6202
-4065
-1818
451
2656
4713
6546
8088
9287
10106
10524
10537
10158
9416
8355
7031
5508
3857
2152
466
-1131
-2579
-3824
-4827
-5560
-6010
-6177
-6076
-5734
-5187
-4481
-3666
-2795
-1920
-1090
-348
270
740
1048
1190
1176
1022
758
418
42
-329
-654
-895
-1019
-1003
-830
-496
-10
610
1338
2134
2954
3747
4462
5049
5461
5656
5606
5289
4701
3848
2752
1450
-10
-1571
-3166
-4722
-6167
-7430
-8444
-9153
-9512
-9491
-9076
-8271
-7098
-5595
-3818
-1836
270
2414
4504
6450
8164
9570
10603
11213
11367
11055
10285
9085
7504
5608
3474
1195
-1131
-3406
-5531
-7415
-8976
-10148
-10881
-11146
-10933
-10256
-9148
-7660
-5862
-3837
-1677
520
2656
4637
6374
7793
8835
9457
9638
9377
8692
7623
6225
4569
2737
819
-1094
-2912
-4550
-5932
-6997
-7700
-8011
-7923
-7446
-6610
-5461
-4059
-2478
-797
897
2524
4002
5260
6237
6889
7185
7115
6686
5921
4861
3562
2089
517
-1074
-2609
-4009
-5207
-6145
-6777
-7075
-7024
-6631
-5915
-4913
-3675
-2264
-749
796
2296
3678
4876
5834
6507
6865
6893
6592
5980
5090
3968
2670
1261
-188
-1608
-2929
-4089
-5031
-5713
-6106
-6192
-5972
-5461
-4688
-3695
-2536
-1270
37
1319
2510
3550
4388
4983
5305
5339
5087
4562
3793
2821
1698
481
-763
-1971
-3079
-4028
-4766
-5253
-5461
-5375
-4995
-4337
-3430
-2317
-1049
311
1698
3042
4276
5335
6165
6719
6963
6879
6462
5723
4689
3402
1914
288
-1403
-3088
-4688
-6131
-7350
-8285
-8890
-9133
-8993
-8471
-7581
-6353
-4833
-3078
-1159
848
2864
4805
6592
8150
9414
10329
10856
10968
10658
9932
8815
7349
5585
3590
1439
-785
-3002
-5125
-7075
-8776
-10165
-11188
-11807
-11998
-11752
-11079
-10002
-8560
-6807
-4805
-2627
-352
1938
4161
6237
8093
9663
10892
11737
12169
12174
11753
10922
9711
8165
6337
4294
2106
-149
-2394
-4550
-6542
-8303
-9771
-10897
-11643
-11984
-11909
-11423
-10542
-9300
-7739
-5914
-3889
-1735
471
2656
4742
6657
8333
9713
10749
11405
11657
11498
10934
9984
8684
7078
5224
3189
1045
-1131
-3261
-5268
-7081
-8633
-9868
-10742
-11223
-11293
-10950
-10206
-9089
-7640
-5911
-3968
-1881
270
2407
4450
6323
7956
9286
10265
10855
11035
10797
10150
9119
7744
6076
4178
2123
-10
-2142
-4190
-6076
-7729
-9085
-10092
-10712
0
0
0
0
0
0
0
0
0
0
0
0
0
0
0
0
0
0
0
0
0
0
0
0
0
0
0
0
0
0
0
0
0
0
0
0
0
0
0
0
0
0
0
0
0
0
0
0
0
0
0
0
0
0
0
0
0
0
0
0
0
0
0
0
0
0
0
10922
10695
10024
8938
7485
5728
3743
1617
-557
-2690
-4690
-6472
-7965
-9107
-9857
-10187
-10092
-9582
-8689
-7458
-5949
-4234
-2390
-499
1354
3095
4651
5961
6978
7670
8019
8024
7700
7076
6194
5104
3866
2543
1198
-107
-1317
-2382
-3265
-3938
-4387
-4608
-4611
-4417
-4053
-3558
-2970
-2334
-1691
-1081
-537
-86
251
470
568
557
453
281
72
-141
-328
-455
-496
-431
-245
64
493
1024
1635
2292
2957
3587
4137
4563
4825
4889
4729
4330
3690
2817
1736
480
-902
-2356
-3818
-5219
-6493
-7572
-8396
-8914
-9087
-8890
-8314
-7367
-6075
-4479
-2637
-620
1490
3609
5645
7510
9118
10396
11283
11731
11715
11226
10277
8902
7151
5095
2816
407
-2030
-4397
-6592
-8523
-10111
-11287
-12004
-12234
-11969
-11224
-10032
-8450
-6547
-4408
-2127
196
2463
4578
6453
8011
9194
9957
10279
10158
9610
8674
7402
5864
4138
2309
467
-1302
-2920
-4313
-5423
-6210
-6646
-6725
-6459
-5876
-5020
-3949
-2730
-1436
-143
1074
2149
3020
3642
3981
4022
3764
3227
2443
1462
342
-846
-2032
-3140
-4100
-4846
-5326
-5498
-5339
-4840
-4014
-2889
-1511
58
1747
3474
5151
6691
8011
9035
9698
9952
9765
9125
8043
6549
4693
2544
185
-2286
-4769
-7155
-9338
-11220
-12710
-13737
-14242
-14193
-13576
-12404
-10712
-8556
-6016
-3184
-171
2908
5932
8780
11338
13502
15184
16313
16841
16742
16016
14687
12803
10434
7668
4609
1373
-1918
-5141
-8177
-10911
-13244
-15089
-16383
-17080
-17159
-16623
-15495
-13825
-11677
-9135
-6297
-3269
-163
2908
5835
8515
10855
12780
14227
15154
15539
15379
14691
13510
11888
9893
7603
5104
2488
-149
-2719
-5132
-7310
-9184
-10698
-11810
-12493
-12737
-12545
-11937
-10946
-9617
-8005
-6174
-4192
-2131
-63
1940
3815
5502
6949
8115
8970
9495
9682
9536
9073
8318
7307
6083
4693
3193
1636
79
-1423
-2821
-4069
-5127
-5964
-6556
-6891
-6963
-6779
-6354
-5709
-4877
-3892
-2799
-1640
-463
686
1764
2730
3549
4191
4635
4869
4887
4695
4304
3736
3018
2186
1276
330
-608
-1500
-2303
-2984
-3512
-3865
-4026
-3990
-3758
-3341
-2758
-2035
-1204
-304
624
1540
2399
3163
3795
4264
4548
4630
4504
4171
3644
2942
2093
1131
95
-969
-2019
-3010
-3899
-4648
-5224
-5601
-5761
-5696
-5407
-4903
-4203
-3334
-2329
-1227
-72
1092
2222
3273
4205
4985
5584
5982
6166
6132
5885
5438
4810
4027
3123
2130
1087
32
-998
-1969
-2852
-3618
-4249
-4729
-5050
-5211
-5214
-5069
-4789
-4392
-3896
-3323
-2693
-2029
-1349
-671
-10
620
1212
1757
2252
2692
3078
3408
3683
3901
4063
4166
4207
4182
4086
3913
3659
3319
2888
2366
1753
1056
281
-556
-1441
-2351
-3262
-4144
-4966
-5698
-6308
-6764
-7041
-7116
-6971
-6596
-5991
-5161
-4123
-2900
-1526
-42
1504
3063
4579
5996
7260
8320
9132
9659
9871
9754
9302
8522
7436
6074
4480
2707
815
-1129
-3058
-4902
-6594
-8073
-9284
-10182
-10735
-10922
-10735
-10182
-9284
-8073
-6594
-4902
-3058
-1129
815
2707
4480
6074
7436
8522
9302
9754
9871
9659
9132
8320
7260
5996
4579
3063
1504
-42
-1526
-2900
-4123
-5161
-5991
-6596
-6971
-7116
-7041
-6764
-6308
-5698
-4966
-4144
-3262
-2351
-1441
-556
281
1056
1753
2366
2888
3319
3659
3913
4086
4182
4207
4166
4063
3901
3683
3408
3078
2692
2252
1757
1212
620
-10
-671
-1349
-2029
-2693
-3323
-3896
-4392
-4789
-5069
-5214
-5211
-5050
-4729
-4249
-3618
-2852
-1969
-998
32
1087
2130
3123
4027
4810
5438
5885
6132
6166
5982
5584
4985
4205
3273
2222
1092
-72
-1227
-2329
-3334
-4203
-4903
-5407
-5696
-5761
-5601
-5224
-4648
-3899
-3010
-2019
-969
95
1131
2093
2942
3644
4171
4504
4630
4548
4264
3795
3163
2399
1540
624
-304
-1204
-2035
-2758
-3341
-3758
-3990
-4026
-3865
-3512
-2984
-2303
-1500
-608
330
1276
2186
3018
3736
4304
4695
4887
4869
4635
4191
3549
2730
1764
686
-463
-1640
-2799
-3892
-4877
-5709
-6354
-6779
-6963
-6891
-6556
-5964
-5127
-4069
-2821
-1423
79
1636
3193
4693
6083
7307
8318
9073
9536
9682
9495
8970
8115
6949
5502
3815
1940
-63
-2131
-4192
-6174
-8005
-9617
-10946
-11937
-12545
-12737
-12493
-11810
-10698
-9184
-7310
-5132
-2719
-149
2488
5104
7603
9893
11888
13510
14691
15379
15539
15154
14227
12780
10855
8515
5835
2908
-163
-3269
-6297
-9135
-11677
-13825
-15495
-16623
-17159
-17080
-16383
-15089
-13244
-10911
-8177
-5141
-1918
1373
4609
7668
10434
12803
14687
16016
16742
16841
16313
15184
13502
11338
8780
5932
2908
-171
-3184
-6016
-8556
-10712
-12404
-13576
-14193
-14242
-13737
-12710
-11220
-9338
-7155
-4769
-2286
185
2544
4693
6549
8043
9125
9765
9952
9698
9035
8011
6691
5151
3474
1747
58
-1511
-2889
-4014
-4840
-5339
-5498
-5326
-4846
-4100
-3140
-2032
-846
342
1462
2443
3227
3764
4022
3981
3642
3020
2149
1074
-143
-1436
-2730
-3949
-5020
-5876
-6459
-6725
-6646
-6210
-5423
-4313
-2920
-1302
467
2309
4138
5864
7402
8674
9610
10158
10279
9957
9194
8011
6453
4578
2463
196
-2127
-4408
-6547
-8450
-10032
-11224
-11969
-12234
-12004
-11287
-10111
-8523
-6592
-4397
-2030
407
2816
5095
7151
8902
10277
11226
11715
11731
11283
10396
9118
7510
5645
3609
1490
-620
-2637
-4479
-6075
-7367
-8314
-8890
-9087
-8914
-8396
-7572
-6493
-5219
-3818
-2356
-902
480
1736
2817
3690
4330
4729
4889
4825
4563
4137
3587
2957
2292
1635
1024
493
64
-245
-431
-496
-455
-328
-141
72
281
453
557
568
470
251
-86
-537
-1081
-1691
-2334
-2970
-3558
-4053
-4417
-4611
-4608
-4387
-3938
-3265
-2382
-1317
-107
1198
2543
3866
5104
6194
7076
7700
8024
8019
7670
6978
5961
4651
3095
1354
-499
-2390
-4234
-5949
-7458
-8689
-9582
-10092
-10187
-9857
-9107
-7965
-6472
-4690
-2690
-557
1617
3743
5728
7485
8938
10024
10695
0
0
0
0
0
0
0
0
0
0
0
0
0
0
0
0
0
0
0
0
0
0
0
0
0
0
0
0
0
0
0
0
0
0
0
0
0
0
0
0
0
0
0
0
0
0
0
0
0
0
0
0
0
0
0
0
0
0
0
0
0
0
0
0
0
0
0
-10922
-10736
-10187
-9292
-8086
-6609
-4915
-3064
-1121
844
2765
4574
6209
7615
8745
9562
10044
10176
9961
9410
8550
7416
6054
4516
2860
1149
-555
-2193
-3708
-5048
-6170
-7042
-7639
-7950
-7973
-7718
-7205
-6465
-5533
-4455
-3276
-2046
-815
369
1464
2434
3246
3880
4321
4565
4617
4490
4204
3785
3264
2675
2052
1430
841
311
-134
-482
-722
-851
-874
-803
-655
-452
-219
16
229
394
488
495
403
207
-88
-477
-940
-1457
-1998
-2534
-3029
-3451
-3767
-3948
-3972
-3822
-3488
-2972
-2282
-1438
-466
596
1709
2825
3896
4872
5705
6352
6776
6950
6855
6484
5843
4950
3832
2531
1095
-418
-1949
-3434
-4810
-6017
-7003
-7721
-8139
-8236
-8003
-7448
-6592
-5468
-4123
-2613
-1003
639
2244
3742
5068
6167
6991
7506
7691
7543
7070
6297
5262
4017
2620
1138
-358
-1800
-3118
-4253
-5151
-5774
-6094
-6100
-5796
-5200
-4346
-3280
-2060
-749
583
1868
3037
4027
4787
5274
5461
5334
4899
4173
3191
2002
665
-751
-2176
-3532
-4748
-5756
-6499
-6931
-7020
-6752
-6129
-5171
-3915
-2413
-730
1057
2870
4621
6226
7608
8695
9429
9768
9687
9179
8255
6949
5309
3401
1302
-899
-3111
-5237
-7186
-8873
-10223
-11174
-11685
-11730
-11303
-10421
-9118
-7447
-5476
-3287
-969
1382
3672
5806
7701
9280
10485
11271
11614
11506
10959
10006
8692
7078
5238
3251
1200
-829
-2758
-4512
-6027
-7254
-8155
-8708
-8910
-8770
-8313
-7576
-6607
-5461
-4197
-2877
-1561
-305
842
1843
2667
3295
3723
3954
4004
3896
3662
3337
2958
2561
2183
1852
1590
1415
1330
1335
1417
1557
1729
1903
2046
2124
2106
1965
1681
1243
646
-98
-976
-1955
-3000
-4065
-5098
-6046
-6855
-7473
-7853
-7958
-7759
-7242
-6405
-5261
-3839
-2181
-341
1613
3610
5570
7410
9053
10424
11458
12101
12315
12077
11383
10246
8700
6794
4594
2177
-366
-2942
-5453
-7802
-9899
-11661
-13018
-13917
-14320
-14210
-13590
-12480
-10922
-8973
-6706
-4205
-1562
1124
3757
6242
8489
10421
11972
13091
13745
13918
13612
12846
11655
10091
8215
6099
3821
1462
-893
-3168
-5287
-7184
-8804
-10101
-11044
-11612
-11801
-11616
-11075
-10209
-9054
-7656
-6065
-4335
-2522
-682
1131
2867
4480
5930
7180
8202
8976
9486
9726
9693
9394
8840
8048
7040
5845
4492
3016
1457
-145
-1750
-3314
-4793
-6146
-7332
-8314
-9061
-9543
-9742
-9642
-9241
-8542
-7558
-6315
-4845
-3190
-1399
468
2353
4190
5913
7460
8769
9789
10475
10794
10726
10264
9418
8211
6682
4883
2877
739
-1449
-3605
-5641
-7477
-9035
-10249
-11067
-11450
-11377
-10846
-9874
-8497
-6767
-4753
-2536
-207
2135
4396
6476
8288
9753
10807
11402
11511
11127
10266
8963
7274
5270
3039
679
-1707
-4015
-6141
-7993
-9487
-10556
-11152
-11250
-10844
-9952
-8614
-6892
-4862
-2617
-258
2106
4370
6430
8192
9576
10518
10977
10930
10380
9354
7898
6080
3983
1705
-649
-2972
-5156
-7099
-8712
-9920
-10669
-10922
-10669
-9920
-8712
-7099
-5156
-2972
-649
1705
3983
6080
7898
9354
10380
10930
10977
10518
9576
8192
6430
4370
2106
-258
-2617
-4862
-6892
-8614
-9952
-10844
-11250
-11152
-10556
-9487
-7993
-6141
-4015
-1707
679
3039
5270
7274
8963
10266
11127
11511
11402
10807
9753
8288
6476
4396
2135
-207
-2536
-4753
-6767
-8497
-9874
-10846
-11377
-11450
-11067
-10249
-9035
-7477
-5641
-3605
-1449
739
2877
4883
6682
8211
9418
10264
10726
10794
10475
9789
8769
7460
5913
4190
2353
468
-1399
-3190
-4845
-6315
-7558
-8542
-9241
-9642
-9742
-9543
-9061
-8314
-7332
-6146
-4793
-3314
-1750
-145
1457
3016
4492
5845
7040
8048
8840
9394
9693
9726
9486
8976
8202
7180
5930
4480
2867
1131
-682
-2522
-4335
-6065
-7656
-9054
-10209
-11075
-11616
-11801
-11612
-11044
-10101
-8804
-7184
-5287
-3168
-893
1462
3821
6099
8215
10091
11655
12846
13612
13918
13745
13091
11972
10421
8489
6242
3757
1124
-1562
-4205
-6706
-8973
-10922
-12480
-13590
-14210
-14320
-13917
-13018
-11661
-9899
-7802
-5453
-2942
-366
2177
4594
6794
8700
10246
11383
12077
12315
12101
11458
10424
9053
7410
5570
3610
1613
-341
-2181
-3839
-5261
-6405
-7242
-7759
-7958
-7853
-7473
-6855
-6046
-5098
-4065
-3000
-1955
-976
-98
646
1243
1681
1965
2106
2124
2046
1903
1729
1557
1417
1335
1330
1415
1590
1852
2183
2561
2958
3337
3662
3896
4004
3954
3723
3295
2667
1843
842
-305
-1561
-2877
-4197
-5461
-6607
-7576
-8313
-8770
-8910
-8708
-8155
-7254
-6027
-4512
-2758
-829
1200
3251
5238
7078
8692
10006
10959
11506
11614
11271
10485
9280
7701
5806
3672
1382
-969
-3287
-5476
-7447
-9118
-10421
-11303
-11730
-11685
-11174
-10223
-8873
-7186
-5237
-3111
-899
1302
3401
5309
6949
8255
9179
9687
9768
9429
8695
7608
6226
4621
2870
1057
-730
-2413
-3915
-5171
-6129
-6752
-7020
-6931
-6499
-5756
-4748
-3532
-2176
-751
665
2002
3191
4173
4899
5334
5461
5274
4787
4027
3037
1868
583
-749
-2060
-3280
-4346
-5200
-5796
-6100
-6094
-5774
-5151
-4253
-3118
-1800
-358
1138
2620
4017
5262
6297
7070
7543
7691
7506
6991
6167
5068
3742
2244
639
-1003
-2613
-4123
-5468
-6592
-7448
-8003
-8236
-8139
-7721
-7003
-6017
-4810
-3434
-1949
-418
1095
2531
3832
4950
5843
6484
6855
6950
6776
6352
5705
4872
3896
2825
1709
596
-466
-1438
-2282
-2972
-3488
-3822
-3972
-3948
-3767
-3451
-3029
-2534
-1998
-1457
-940
-477
-88
207
403
495
488
394
229
16
-219
-452
-655
-803
-874
-851
-722
-482
-134
311
841
1430
2052
2675
3264
3785
4204
4490
4617
4565
4321
3880
3246
2434
1464
369
-815
-2046
-3276
-4455
-5533
-6465
-7205
-7718
-7973
-7950
-7639
-7042
-6170
-5048
-3708
-2193
-555
1149
2860
4516
6054
7416
8550
9410
9961
10176
10044
9562
8745
7615
6209
4574
2765
844
-1121
-3064
-4915
-6609
-8086
-9292
-10187
-10736
0
0
0
0
0
0
0
0
0
0
0
0
0
0
0
0
0
0
0
0
0
0
0
0
0
0
0
0
0
0
0
0
0
0
0
0
0
0
0
0
0
0
0
0
0
0
0
0
0
0
0
0
0
0
0
0
0
0
0
0
0
0
0
0
0
0
0
