0
4278
8485
12550
16402
19973
23203
26035
28419
30314
31684
32507
32766
32456
31581
30156
28203
25758
22860
19561
15917
11991
7852
3573
-771
-5106
-9352
-13436
-17284
-20829
-24006
-26759
-29038
-30801
-32015
-32660
-32720
-32196
-31094
-29434
-27244
-24563
-21439
-17925
-14087
-9991
-5712
-1327
3083
7441
11667
15683
19415
22796
25762
28259
30239
31667
32514
32764
32412
31462
29931
27847
25247
22178
18696
14865
10755
6443
2009
-2465
-6896
-11201
-15299
-19113
-22570
-25606
-28162
-30190
-31650
-32514
-32764
-32394
-31411
-29832
-27686
-25012
-21861
-18292
-14372
-10175
-5781
-1274
3259
7733
12062
16161
19951
23359
26318
28771
30668
31973
32659
32711
32127
30919
29107
26727
23823
20452
16679
12577
8226
3711
-879
-5455
-9926
-14204
-18204
-21846
-25058
-27775
-29942
-31516
-32464
-32766
-32415
-31417
-29790
-27567
-24790
-21514
-17805
-13736
-9388
-4849
-209
4437
8997
13377
17489
21248
24578
27411
29687
31359
32393
32765
32468
31507
29899
27676
24884
21579
17828
13707
9301
4700
0
-4703
-9311
-13729
-17864
-21629
-24947
-27746
-29968
-31566
-32503
-32761
-32332
-31225
-29460
-27076
-24119
-20653
-16748
-12488
-7961
-3263
1506
6246
10856
15238
19298
22949
26112
28719
30713
32051
32702
32651
31900
30461
28366
25658
22395
18646
14492
10022
5332
524
-4298
-9029
-13567
-17811
-21669
-25055
-27896
-30127
-31699
-32577
-32739
-32182
-30916
-28967
-26379
-23206
-19519
-15397
-10932
-6222
-1372
3511
8320
12945
17284
21240
24723
27655
29968
31611
32545
32748
32214
30954
28995
26381
23169
19431
15252
10724
5950
1038
-3899
-8751
-13405
-17757
-21705
-25159
-28038
-30277
-31822
-32637
-32702
-32014
-30588
-28456
-25665
-22280
-18377
-14047
-9388
-4509
477
5455
10308
14924
19194
23018
26305
28979
30974
32243
32756
32498
31476
29711
27244
24133
20449
16280
11722
6884
1880
-3170
-8148
-12935
-17416
-21484
-25041
-28000
-30291
-31856
-32659
-32677
-31909
-30373
-28105
-25157
-21600
-17520
-13013
-8189
-3163
1941
7001
11893
16499
20705
24407
27516
29953
31659
32589
32721
32049
30590
28377
25463
21921
17836
13307
8448
3377
-1780
-6896
-11843
-16499
-20746
-24479
-27603
-30040
-31727
-32621
-32699
-31957
-30413
-28105
-25088
-21439
-17247
-12618
-7668
-2522
2689
7836
12787
17416
21605
25247
28248
30530
32035
32723
32574
31592
29801
27244
23987
20112
15718
10917
5832
595
-4660
-9798
-14685
-19194
-23208
-26622
-29345
-31307
-32455
-32757
-32206
-30813
-28614
-25665
-22043
-17841
-13169
-8148
-2911
2405
7661
12717
17440
21705
25397
28419
30689
32146
32750
32483
31352
29385
26633
23169
19084
14487
9500
4255
-1105
-6439
-11603
-16457
-20870
-24723
-27911
-30346
-31961
-32712
-32578
-31559
-29684
-27001
-23582
-19519
-14922
-9916
-4636
771
6162
11386
16301
20770
24671
27896
30354
31977
32719
32558
31498
29565
26813
23317
19172
14492
9407
4058
-1405
-6833
-12073
-16978
-21411
-25247
-28377
-30713
-32188
-32760
-32410
-31148
-29007
-26047
-22351
-18021
-13179
-7961
-2516
3003
8440
13640
18454
22745
26389
29282
31340
32503
32737
32033
30409
27913
24613
20604
16000
10932
5547
0
-5550
-10942
-16021
-20637
-24657
-27963
-30458
-32068
-32745
-32468
-31244
-29107
-26118
-22364
-17952
-13013
-7689
-2137
3479
8997
14252
19090
23367
26955
29748
31662
32640
32650
31691
29790
27003
23411
19119
14256
8965
3403
-2262
-7862
-13230
-18204
-22633
-26385
-29345
-31423
-32556
-32707
-31871
-30072
-27362
-23823
-19561
-14703
-9397
-3803
1908
7565
12994
18030
22517
26318
29316
31419
32559
32702
31841
30001
27238
23635
19302
14372
8996
3339
-2422
-8112
-13553
-18577
-23026
-26761
-29667
-31650
-32648
-32629
-31591
-29565
-26615
-22829
-18327
-13249
-7752
-2009
3799
9491
14886
19815
24120
27666
30338
32052
32751
32412
31044
28690
25423
21345
16586
11295
5642
-193
-6025
-11667
-16938
-21669
-25706
-28920
-31206
-32489
-32726
-31909
-30063
-27244
-23544
-19081
-13998
-8460
-2644
3259
9060
14569
19606
24006
27626
30346
32075
32756
32366
30916
28451
25051
20827
15917
10480
4696
-1244
-7147
-12817
-18065
-22719
-26622
-29644
-31684
-32674
-32578
-31398
-29173
-25975
-21909
-17110
-11737
-5969
0
5972
11747
17130
21941
26016
29217
31436
32596
32657
31615
29504
26395
22390
17625
12260
6476
470
-5554
-11392
-16845
-21726
-25867
-29127
-31393
-32585
-32662
-31619
-29491
-26349
-22301
-17483
-12062
-6222
-166
5898
11762
17222
22088
26191
29387
31566
32648
32597
31411
29131
25835
21636
16679
11138
5205
-912
-7001
-12847
-18244
-23003
-26955
-29960
-31912
-32739
-32412
-30940
-28374
-24803
-20353
-15179
-9465
-3413
2763
8843
14612
19863
24407
28083
30758
32334
32755
32003
30103
27124
23169
18381
12929
7010
836
-5370
-11386
-16993
-21989
-26191
-29446
-31636
-32680
-32538
-31214
-28754
-25247
-20819
-15630
-9868
-3744
2518
8692
14551
19879
24480
28184
30855
32393
32739
31880
29845
26709
22585
17625
12011
5950
-333
-6607
-12639
-18204
-23094
-27128
-30152
-32055
-32763
-32248
-30528
-27666
-23767
-18976
-13473
-7461
-1167
5173
11322
17047
22132
26385
29644
31785
32724
32427
30901
28203
24435
19738
14288
8294
1981
-4409
-10635
-16457
-21654
-26025
-29402
-31656
-32697
-32485
-31027
-28377
-24634
-19943
-14481
-8460
-2109
4324
10594
16457
21686
26077
29459
31699
32710
32451
30929
28203
24378
19601
14056
7961
1552
-4919
-11201
-17047
-22227
-26537
-29806
-31906
-32751
-32307
-30590
-27666
-23648
-18696
-13002
-6791
-309
6187
12441
18204
23246
27366
30398
32222
32762
31995
29951
26709
22398
17189
11289
4935
-1619
-8112
-14281
-19879
-24678
-28486
-31147
-32552
-32643
-31416
-28917
-25247
-20553
-15023
-8882
-2378
4225
10659
16662
21989
26421
29777
31918
32756
32254
30432
27362
23169
18024
12137
5748
-879
-7473
-13762
-19485
-24407
-28323
-31070
-32533
-32650
-31414
-28875
-25136
-20353
-14721
-8475
-1874
4807
11292
17307
22602
26955
30182
32146
32765
32010
29911
26556
22083
16679
10571
4016
-2711
-9326
-15551
-21121
-25799
-29387
-31732
-32732
-32344
-30582
-27520
-23286
-18060
-12062
-5547
1206
7911
14280
20041
24947
28786
31393
32653
32513
30975
28105
24024
18906
12972
6476
-301
-7069
-13534
-19415
-24458
-28443
-31196
-32596
-32580
-31148
-28360
-24336
-19250
-13322
-6811
0
6813
13332
19269
24364
28393
31178
32594
32578
31129
28309
24241
19103
13120
6555
-301
-7147
-13680
-19609
-24671
-28641
-31340
-32648
-32505
-30916
-27948
-23735
-18460
-12360
-5706
1206
8067
14569
20421
25359
29162
31656
32728
32328
30473
27244
22786
17298
11027
4255
-2711
-9557
-15974
-21669
-26383
-29901
-32062
-32766
-31979
-29736
-26137
-21345
-15577
-9095
-2195
4807
11593
17850
23291
27666
30771
32464
32665
31362
28614
24546
19345
13249
6538
-477
-7473
-14125
-20126
-25196
-29098
-31650
-32732
-32292
-30349
-26991
-22374
-16712
-10266
-3339
3746
10659
17076
22694
27251
30530
32377
32702
31489
28793
24740
19519
13375
6597
-494
-7565
-14281
-20323
-25404
-29282
-31772
-32753
-32178
-30072
-26533
-21729
-15887
-9285
-2238
4919
11843
18204
23695
28052
31066
32589
32548
30942
27847
23411
17845
11416
4435
-2763
-9830
-16425
-22227
-26955
-30378
-32330
-32713
-31507
-28769
-24631
-19293
-13013
-6096
1120
8285
15047
21076
26077
29802
32068
32763
31850
29372
25451
20276
14101
7230
0
-7232
-14111
-20295
-25478
-29402
-31872
-32764
-32033
-29711
-25913
-20827
-14703
-7845
-595
6688
13640
19914
25196
29220
31785
32759
32093
29819
26047
20967
14832
7950
664
-6656
-13645
-19948
-25247
-29273
-31822
-32763
-32046
-29706
-25861
-20703
-14492
-7543
-209
7138
14125
20396
25629
29557
31977
32766
31880
29363
25342
20022
13674
6622
-771
-8129
-15071
-21240
-26318
-30042
-32219
-32734
-31559
-28754
-24461
-18901
-12360
-5177
2276
9615
16457
22447
27271
30678
32489
32608
31026
27825
23169
17302
10527
3199
-4298
-11573
-18244
-23960
-28419
-31387
-32705
-32302
-30198
-26501
-21406
-15179
-8148
-684
6817
13962
20369
25700
29668
32064
32757
31710
28975
24698
19103
12488
5205
-2358
-9798
-16717
-22745
-27557
-30894
-32577
-32513
-30703
-27244
-22319
-16192
-9191
-1693
5898
13175
19743
25247
29388
31941
32765
31816
29141
24884
19276
12618
5272
-2362
-9871
-16845
-22903
-27714
-31014
-32621
-32445
-30495
-26875
-21781
-15492
-8351
-749
6896
14165
20658
26016
29942
32220
32721
31417
28377
23767
17841
10926
3403
-4310
-11787
-18613
-24407
-28847
-31684
-32759
-32010
-29476
-25298
-19707
-13013
-5590
2148
9769
16845
22980
27828
31116
32659
32366
30254
26438
21133
14635
7310
-430
-8148
-15409
-21801
-26962
-30598
-32502
-32563
-30778
-27244
-22162
-15818
-8572
-836
6950
14343
20920
26305
30190
32350
32661
31103
27762
22829
16586
9388
1649
-6187
-13670
-20369
-25898
-29936
-32249
-32702
-31267
-28024
-23161
-16955
-9766
-2009
5867
13405
20168
25762
29860
32222
32709
31291
28049
23169
16936
9711
1916
-5992
-13553
-20323
-25904
-29968
-32275
-32687
-31179
-27837
-22855
-16527
-9222
-1372
6562
14111
20829
26318
30252
32397
32623
30916
27374
22206
15718
8294
373
-7571
-15067
-21669
-26980
-30683
-32556
-32483
-30469
-26631
-21197
-14492
-6916
1077
9009
16402
22811
27851
31216
32702
32218
29790
25564
19793
12824
5078
-2978
-10856
-18080
-24210
-28873
-31785
-32766
-31757
-28816
-24119
-17952
-10689
-2772
5316
13083
20053
25799
29968
32304
32662
31017
27469
22233
15630
8064
0
-8067
-15639
-22251
-27492
-31038
-32669
-32282
-29899
-25665
-19840
-12785
-4935
3223
11185
18454
24578
29176
31960
32754
31507
28295
23317
16881
9388
1306
-6859
-14599
-21426
-26913
-30713
-32587
-32415
-30206
-26096
-20343
-13307
-5431
2789
10837
18204
24423
29100
31937
32755
31498
28244
23199
16679
9099
938
-7285
-15047
-21854
-27271
-30951
-32659
-32282
-29844
-25497
-19519
-12290
-4271
4023
12062
19330
25359
29762
32252
32670
30984
27303
21861
15008
7184
-1105
-9326
-16947
-23474
-28484
-31650
-32766
-31757
-28687
-23753
-17274
-9670
-1435
6896
14781
21705
27215
30951
32666
32248
29720
25247
19119
11737
3583
-4807
-12886
-20121
-26035
-30239
-32455
-32534
-30469
-26395
-20578
-13400
-5336
3083
11302
18775
25007
29584
32200
32681
30992
27244
21684
14679
6695
-1736
-10055
-17706
-24178
-29038
-31959
-32744
-31340
-27837
-22468
-15592
-7668
771
9163
16942
23583
28641
31772
32764
31548
28203
22955
16155
8261
-193
-8637
-16499
-23246
-28419
-31667
-32766
-31641
-28366
-23161
-16378
-8479
0
8482
16388
23178
28387
31659
32766
31633
28334
23092
16267
8323
-193
-8699
-16610
-23382
-28547
-31748
-32764
-31521
-28105
-22748
-15818
-7793
771
9287
17161
23850
28887
31923
32744
31292
27666
22114
15023
6884
-1736
-10238
-18030
-24565
-29387
-32158
-32681
-30919
-26991
-21173
-13868
-5590
3083
11543
19194
25499
30012
32414
32534
30361
26047
19895
12336
3903
-4807
-13181
-20625
-26610
-30711
-32637
-32248
-29569
-24790
-18247
-10405
-1820
6896
15124
22277
27843
31423
32760
31757
28483
23169
16196
8060
-655
-9326
-17331
-24094
-29127
-32068
-32703
-30984
-27033
-21133
-13707
-5289
3511
12062
19743
25999
30374
32552
32371
29844
25150
18630
10754
2094
-6719
-15047
-22282
-27896
-31478
-32765
-31661
-28244
-22763
-15616
-7324
1506
10228
18204
24847
29668
32313
32585
30461
26096
19809
12062
3423
-5469
-13962
-21426
-27310
-31178
-32740
-31881
-28661
-23317
-16242
-7961
912
9721
17811
24578
29519
32265
32608
30520
26157
19840
12041
3339
-5613
-14150
-21629
-27492
-31296
-32755
-31758
-28377
-22863
-15630
-7219
1736
10564
18599
25234
29968
32443
32468
30041
25342
18725
10689
1842
-7147
-15598
-22868
-28404
-31785
-32751
-31227
-27327
-21345
-13736
-5078
3969
12717
20496
26712
30887
32702
32014
28875
23522
16364
7950
-1077
-10024
-18204
-24986
-29848
-32414
-32483
-30050
-25298
-18593
-10451
-1499
7571
16058
23305
28750
31969
32711
30916
26720
20449
12587
3744
-5391
-14111
-21734
-27666
-31442
-32766
-31533
-27837
-21964
-14372
-5653
3510
12401
20323
26654
30894
32710
31957
28692
23169
15822
7226
-1941
-10958
-19113
-25762
-30378
-32596
-32237
-29328
-24096
-16955
-8469
691
9799
18132
25028
29936
32465
32412
29778
24772
17791
9388
234
-8940
-17404
-24479
-29598
-32350
-32513
-30072
-25219
-18342
-9991
-836
8388
16942
24135
29387
32275
32563
30226
25451
18620
10283
1113
-8148
-16754
-24006
-29316
-32252
-32574
-30254
-25477
-18630
-10266
-1066
8222
16845
24098
29390
32286
32549
30156
25298
18372
9941
695
-8610
-17213
-24407
-29603
-32371
-32482
-29925
-24908
-17841
-9305
0
9307
17850
24924
29942
32491
32356
29546
24293
17028
8351
-1019
-10308
-18745
-25629
-30386
-32621
-32145
-28995
-23432
-15917
-7073
2362
11603
19879
26497
30903
32728
31816
28241
22301
14491
5464
-4023
-13175
-21224
-27492
-31451
-32766
-31324
-27244
-20868
-12732
-3519
5992
15001
22745
28568
31977
32682
30619
25962
19103
10622
1238
-8253
-17047
-24394
-29668
-32420
-32412
-29643
-24347
-16973
-8148
1373
10781
19269
26112
30723
32705
31886
28334
22351
14449
5304
-4298
-13534
-21608
-27826
-31650
-32749
-31026
-26627
-19930
-11510
-2094
7504
16457
23989
29446
32355
32460
29752
24461
17046
8148
-1459
-10942
-19477
-26318
-30870
-32732
-31742
-27983
-21780
-13674
-4371
5316
14541
22496
28484
31977
32669
30495
25645
18541
9807
209
-9410
-18204
-25397
-30356
-32640
-32046
-28625
-22675
-14721
-5464
4278
13645
21806
28038
31787
32719
30748
26047
19032
10324
695
-8997
-17892
-25196
-30256
-32621
-32077
-28669
-22701
-14703
-5389
4409
13816
21989
28193
31872
32694
30582
25725
18555
9715
0
-9718
-18563
-25739
-30598
-32699
-31850
-28126
-21861
-13619
-4144
5708
15047
23026
28920
32194
32549
29951
24631
17073
7961
-1876
-11547
-20168
-26955
-31287
-32766
-31257
-26894
-20073
-11416
-1713
8148
17267
24807
30076
32589
32113
28690
22632
14492
5018
-4919
-14407
-22570
-28657
-32104
-32591
-30072
-24775
-17189
-8012
1907
11653
20323
27113
31393
32763
31094
26539
19519
10683
852
-9060
-18132
-25519
-30530
-32697
-31816
-27965
-21503
-13031
-3339
6667
16052
23938
29584
32459
32292
29097
23169
15065
5543
-4501
-14125
-22423
-28612
-32108
-32578
-29977
-24546
-16798
-7461
2582
12385
21019
27666
31694
32721
30647
25665
18247
9095
-923
-10856
-19760
-26786
-31264
-32766
-31146
-26556
-19431
-10451
-470
9557
18675
26008
30855
32749
31507
27244
20368
11537
1595
-8501
-17784
-25359
-30497
-32702
-31758
-27754
-21074
-12360
-2451
7696
17103
24860
30215
32648
31922
28105
21563
12929
3039
-7147
-16643
-24525
-30025
-32607
-32016
-28309
-21844
-13249
-3359
6859
16412
24364
29939
32588
32050
28377
21924
13322
3413
-6833
-16412
-24382
-29960
-32596
-32028
-28309
-21804
-13150
-3199
7069
16643
24578
30089
32630
31946
28105
21482
12732
2719
-7565
-17103
-24947
-30318
-32680
-31797
-27754
-20951
-12062
-1970
8320
17784
25478
30633
32732
31565
27244
20200
11134
952
-9326
-18675
-26154
-31014
-32765
-31228
-26556
-19215
-9941
333
10578
19760
26955
31436
32749
30759
25665
17979
8475
-1887
-12062
-21019
-27851
-31864
-32650
-30126
-24546
-16475
-6728
3703
13762
22423
28806
32258
32427
29291
23169
14683
4696
-5772
-15653
-23938
-29777
-32571
-32033
-28214
-21503
-12587
-2378
8077
17706
25519
30711
32748
31416
26850
19519
10175
-219
-10594
-19879
-27113
-31549
-32726
-30520
-25157
-17189
-7439
3083
13289
22119
28657
32222
32441
29289
23092
14492
4381
-6187
-16114
-24364
-30076
-32652
-31820
-27666
-20619
-11416
-1017
9491
19008
26537
31287
32757
30792
25595
17709
7961
-2625
-12939
-21894
-28547
-32194
-32451
-29286
-23032
-14346
-4144
6498
16457
24678
30291
32699
31644
27238
19943
10531
0
-10533
-19951
-27251
-31656
-32694
-30254
-24592
-16309
-6286
4409
14637
23305
29487
32519
32077
28203
21312
12137
1660
-8997
-18692
-26385
-31248
-32757
-30748
-25434
-17383
-7461
3266
13645
22556
29038
32390
32248
28625
21909
12824
2351
-8378
-18204
-26061
-31098
-32765
-30880
-25645
-17625
-7689
3083
13524
22496
29023
32393
32235
28565
21780
12618
2077
-8692
-18516
-26318
-31245
-32755
-30681
-25247
-17046
-6975
3863
14280
23132
29446
32527
32033
28015
20915
11510
836
-9932
-19609
-27125
-31650
-32682
-30103
-24198
-15616
-5304
5596
15880
24407
30232
32705
31550
26894
19250
9465
-1373
-12062
-21411
-28379
-32188
-32412
-29022
-22395
-13267
-2656
8253
18244
26197
31222
32754
30619
25054
16679
6433
-4537
-15001
-23783
-29895
-32648
-31731
-27244
-19690
-9916
976
11762
21224
28293
32170
32415
28997
22301
13080
2378
-8595
-18599
-26497
-31393
-32729
-30352
-24528
-15917
-5494
5554
15974
24578
30386
32734
31352
26395
18425
8351
-2679
-13405
-22602
-29217
-32491
-32046
-27932
-20616
-10936
0
10939
20625
27944
32055
32482
29173
22507
13249
2462
-8610
-18692
-26622
-31481
-32707
-30156
-24119
-15293
-4696
6446
16845
25296
30817
32766
30916
25477
17079
6695
-4468
-15115
-24006
-30106
-32702
-31489
-26606
-18620
-8460
2689
13528
22788
29387
32552
31909
27532
19930
9991
-1120
-12103
-21669
-28693
-32350
-32208
-28280
-21025
-11295
-234
10856
20671
28052
32127
32412
28871
21921
12379
1372
-9799
-19815
-27487
-31906
-32545
-29328
-22632
-13249
-2291
8940
19113
27016
31708
32629
29666
23169
13911
2992
-8285
-18577
-26654
-31549
-32677
-29899
-23544
-14372
-3477
7836
18214
26411
31442
32702
30037
23764
14635
3744
-7598
-18030
-26293
-31393
-32711
-30086
-23833
-14703
-3796
7571
18026
26305
31405
32707
30050
23753
14577
3632
-7754
-18204
-26446
-31479
-32688
-29925
-23522
-14256
-3253
8148
18560
26712
31608
32650
29706
23135
13736
2656
-8751
-19090
-27095
-31785
-32581
-29385
-22585
-13013
-1842
9557
19786
27585
31994
32468
28947
21861
12081
809
-10564
-20637
-28166
-32219
-32293
-28377
-20951
-10932
440
11762
21629
28819
32437
32033
27653
19840
9561
-1907
-13142
-22745
-29519
-32621
-31661
-26755
-18514
-7961
3586
14689
23960
30239
32740
31148
25658
16955
6128
-5469
-16384
-25247
-30944
-32759
-30461
-24336
-15151
-4058
7546
18204
26572
31595
32638
29565
22763
13087
1756
-9798
-20118
-27896
-32148
-32332
-28424
-20915
-10754
771
12203
22088
29171
32552
31797
27001
18769
8148
-3511
-14727
-24069
-30346
-32754
-30984
-25260
-16309
-5272
6439
17331
26008
31359
32696
29845
23169
13521
2137
-9523
-19964
-27843
-32146
-32318
-28334
-20703
-10405
1234
12717
22564
29503
32637
31559
26407
17841
6968
-4807
-15965
-25058
-30909
-32757
-30361
-24028
-14577
-3233
8533
19194
27364
31977
32433
28669
21173
10917
-762
-12345
-22321
-29387
-32619
-31592
-26438
-17828
-6884
4961
16161
25247
31028
32744
30168
23635
13998
2522
-9287
-19879
-27860
-32179
-32265
-28105
-20242
-9711
2101
13640
23382
30040
32733
31103
25362
16267
5018
-6896
-17901
-26537
-31659
-32585
-29190
-21921
-11741
0
11743
21929
29201
32589
31641
26480
17791
6728
-5233
-16499
-25566
-31222
-32709
-29826
-22955
-13013
-1327
10537
20994
28641
32450
31909
27088
18630
7668
-4324
-15739
-25041
-30976
-32744
-30105
-23411
-13561
-1880
10055
20637
28436
32397
31982
27244
18822
7852
-4182
-15653
-25007
-30974
-32743
-30072
-23319
-13400
-1660
10308
20879
28612
32455
31881
26966
18377
7282
-4807
-16245
-25468
-31216
-32702
-29720
-22675
-12528
-664
11292
21705
29147
32596
31576
26225
17274
5950
-6193
-17489
-26383
-31650
-32564
-28995
-21433
-10917
1105
12978
23064
29968
32737
30984
24950
15465
3839
-8320
-19330
-27666
-32170
-32217
-27796
-19519
-8531
3643
15314
24860
30951
32739
29972
23032
12884
938
-11141
-21669
-29176
-32613
-31498
-25982
-16835
-5332
6918
18204
26944
31912
32410
28366
20343
9465
-2743
-14569
-24351
-30713
-32759
-30198
-23387
-13283
-1306
10856
21492
29100
32604
31507
25962
16748
5166
-7147
-18454
-27152
-32008
-32332
-28076
-19840
-8789
3510
15314
24947
31038
32720
29752
22551
12140
0
-12143
-22559
-29762
-32723
-31017
-24884
-15198
-3339
8998
20053
28242
32393
31908
26854
17952
6476
-5930
-17489
-26541
-31785
-32465
-28481
-20402
-9388
2978
14918
24714
30951
32730
29790
22554
12062
-172
-12385
-22811
-29942
-32746
-30813
-24421
-14492
-2462
9926
20879
28806
32556
31581
26021
16679
4912
-7571
-18956
-27585
-32200
-32127
-27374
-18630
-7167
5342
17076
26318
31719
32485
28504
20353
9222
-3259
-15267
-25041
-31147
-32687
-29434
-21861
-11077
1334
13553
23783
30517
32764
30189
23169
12736
423
-11953
-22570
-29860
-32743
-30792
-24293
-14202
-2009
10483
21426
29201
32652
31267
25247
15482
3419
-9153
-20369
-28563
-32514
-31633
-26047
-16586
-4654
7973
19415
27967
32350
31910
26709
17520
5712
-6950
-18577
-27428
-32179
-32116
-27244
-18292
-6597
6088
17864
26962
32015
32263
27666
18910
7310
-5391
-17284
-26579
-31872
-32366
-27983
-19380
-7852
4862
16845
26287
31760
32433
28203
19707
8226
-4501
-16550
-26094
-31684
-32472
-28334
-19895
-8434
4310
16402
26003
31651
32486
28377
19946
8475
-4288
-16402
-26016
-31662
-32478
-28334
-19861
-8351
4437
16550
26133
31717
32445
28203
19638
8060
-4756
-16845
-26351
-31812
-32386
-27983
-19276
-7602
5243
17284
26666
31941
32293
27666
18769
6975
-5898
-17864
-27071
-32095
-32157
-27244
-18113
-6176
6719
18577
27557
32265
31968
26709
17302
5205
-7702
-19415
-28111
-32434
-31710
-26047
-16326
-4058
8843
20369
28719
32588
31368
25247
15179
2736
-10137
-21426
-29364
-32705
-30922
-24293
-13853
-1238
11573
22570
30025
32764
30353
23169
12339
-434
-13142
-23783
-30678
-32739
-29638
-21861
-10632
2276
14829
25041
31296
32604
28754
20353
8727
-4282
-16616
-26318
-31849
-32328
-27676
-18630
-6622
6439
18480
27585
32302
31880
26381
16679
4318
-8734
-20396
-28806
-32620
-31227
-24845
-14492
-1820
11144
22329
29942
32763
30335
23047
12062
-859
-13645
-24243
-30951
-32688
-29173
-20967
-9388
3703
16202
26094
31785
32354
27709
18593
6476
-6688
-18775
-27832
-32393
-31718
-25913
-15915
-3339
9779
21317
29402
32723
30737
23764
12933
0
-12935
-23772
-30745
-32720
-29372
-21243
-9654
3510
16105
26077
31798
32332
27590
18342
6096
-7147
-19226
-28162
-32493
-31507
-25362
-15061
-2291
10856
22227
29953
32765
30198
22670
11416
-1716
-14569
-25028
-31370
-32548
-28366
-19509
-7435
5867
18204
27539
32330
31782
25982
15887
3163
-10086
-21669
-29667
-32753
-30413
-23032
-11831
1334
14281
24860
31312
32563
28403
19519
7387
-5976
-18347
-27666
-32377
-31693
-25725
-15465
-2622
10659
22164
29968
32766
30086
22374
10917
-2369
-15261
-25599
-31650
-32396
-27709
-18372
-5950
7473
19643
28516
32596
31195
24546
13765
664
-12550
-23653
-30771
-32702
-29116
-20616
-8634
4807
17440
27128
32230
31881
26137
15968
3092
-10308
-21966
-29901
-32766
-30072
-22272
-10689
2711
15653
25937
31812
32275
27244
17574
4908
-8595
-20637
-29162
-32712
-30681
-23411
-12140
1206
14349
25041
31451
32480
27948
18630
6117
-7445
-19735
-28641
-32634
-31026
-24089
-13013
301
13567
24501
31222
32570
28309
19172
6728
-6876
-19298
-28393
-32589
-31159
-24347
-13326
0
13328
24354
31166
32585
28360
19220
6748
-6896
-19347
-28443
-32604
-31103
-24198
-13087
301
13640
24608
31294
32533
28105
18778
6176
-7504
-19879
-28786
-32669
-30847
-23635
-12290
1206
14493
25247
31583
32389
27520
17828
5008
-8692
-20870
-29387
-32745
-30352
-22624
-10917
2711
15865
26229
31977
32094
26556
16335
3233
-10442
-22277
-30182
-32757
-29546
-21112
-8944
4807
17712
27483
32390
31559
25136
14256
845
-12717
-24026
-31070
-32598
-28334
-19032
-6345
7473
19964
28903
32697
30666
23169
11540
-2148
-15456
-26008
-31918
-32127
-26596
-16309
-3103
10659
22517
30346
32741
29270
20553
8148
-5719
-18563
-28078
-32552
-31179
-24202
-12874
771
14281
25223
31625
32332
27214
17189
4062
-9798
-21894
-30040
-32762
-29565
-21025
-8682
5233
18204
27882
32514
31257
24336
13002
-691
-14262
-25247
-31650
-32307
-27094
-16955
-3732
10171
22227
30239
32747
29289
20494
7961
-6025
-18915
-28356
-32621
-30929
-23586
-11931
1907
15400
26077
31982
32033
26215
15592
2109
-11762
-23479
-30889
-32629
-28377
-18910
-5966
8077
20637
29402
32756
30080
21861
9613
-4409
-17621
-27585
-32459
-31342
-24435
-13013
816
14497
25499
31785
32188
26631
16140
2656
-11322
-23203
-30782
-32650
-28456
-18976
-5969
8148
20755
29503
32763
29925
21514
9095
-5021
-18204
-27995
-32564
-31058
-23753
-12011
1977
15598
26305
32095
31880
25698
14703
952
-12978
-24480
-31393
-32418
-27360
-17165
-3744
10381
22559
30497
32702
28754
19394
6380
-7836
-20580
-29446
-32762
-29899
-21393
-8847
5370
18577
28275
32630
30814
23169
11138
-3003
-16579
-27016
-32334
-31523
-24733
-13249
751
14612
25700
31906
32048
26096
15179
1372
-12698
-24354
-31371
-32412
-27273
-16932
-3359
10856
23003
30758
32638
28280
18514
5205
-9101
-21669
-30089
-32747
-29131
-19930
-6905
7445
20371
29387
32762
29844
21189
8460
-5898
-19125
-28673
-32702
-30433
-22301
-9868
4468
17946
27963
32585
30916
23274
11134
-3159
-16845
-27275
-32428
-31305
-24119
-12260
1977
15833
26622
32247
31615
24845
13249
-923
-14918
-26016
-32055
-31858
-25461
-14105
0
14107
25468
31864
32046
25975
14832
792
-13405
-24986
-31684
-32188
-26395
-15435
-1452
12817
24578
31525
32292
26727
15917
1981
-12345
-24250
-31393
-32366
-26976
-16280
-2378
11993
24006
31293
32415
27148
16527
2644
-11762
-23850
-31230
-32442
-27244
-16660
-2779
11653
23783
31206
32451
27267
16679
2783
-11667
-23806
-31222
-32441
-27217
-16586
-2656
11803
23919
31277
32412
27094
16378
2398
-12062
-24120
-31370
-32361
-26894
-16056
-2009
12441
24407
31496
32285
26615
15616
1488
-12939
-24777
-31650
-32178
-26251
-15055
-836
13553
25223
31826
32033
25797
14372
52
-14280
-25739
-32015
-31841
-25247
-13561
863
15115
26318
32208
31592
24592
12618
-1908
-16052
-26950
-32393
-31276
-23823
-11540
3083
17085
27622
32556
30880
22932
10324
-4384
-18204
-28323
-32682
-30389
-21909
-8965
5807
19399
29038
32755
29790
20744
7461
-7347
-20658
-29748
-32757
-29067
-19428
-5811
8997
21966
30436
32669
28203
17952
4016
-10746
-23305
-31079
-32468
-27184
-16309
-2077
12583
24657
31656
32135
25992
14491
0
-14493
-25999
-32139
-31644
-24613
-12494
2208
16457
27304
32503
30975
23032
10317
-4537
-18454
-28547
-32719
-30103
-21238
-7961
6971
20458
29694
32757
29007
19220
5431
-9491
-22439
-30713
-32587
-27666
-16973
-2736
12073
24364
31568
32177
26060
14492
-108
-14689
-26197
-32222
-31498
-24174
-11781
3083
17304
27896
32634
30520
21996
8847
-6162
-19879
-29416
-32766
-29219
-19519
-5706
9311
22368
30711
32578
27570
16743
2378
-12491
-24723
-31732
-32033
-25558
-13674
1105
15653
26888
32428
31095
23169
10328
-4707
-18745
-28806
-32750
-29736
-20402
-6728
8378
21705
30414
32650
27932
17262
2911
-12062
-24465
-31651
-32083
-25665
-13765
1077
15692
26955
32455
31012
22932
9941
-5180
-19194
-29098
-32765
-29406
-19738
-5832
9326
22486
30817
32526
27244
16102
1495
-13436
-25478
-32035
-31693
-24521
-12062
2999
17416
28078
32680
30226
21243
7668
-7565
-21167
-30192
-32685
-28105
-17438
-2992
12103
24578
31727
31995
25321
13150
-1876
-16499
-27539
-32596
-30567
-21889
-8448
6833
20630
29936
32722
28377
17845
3419
-11753
-24364
-31659
-32040
-25423
-13249
1823
16499
27568
32607
30508
21729
8189
-7147
-20920
-30108
-32693
-28105
-17347
-2779
12401
24860
31856
31850
24838
12360
-2839
-17416
-28160
-32702
-30037
-20749
-6884
8501
22013
30668
32552
27244
15915
1066
-14020
-26008
-32243
-31342
-23500
-10451
4915
19194
29220
32766
29042
18871
4509
-10856
-23813
-31479
-32147
-25665
-13473
1720
16533
27666
32637
30335
21271
7461
-8015
-21705
-30552
-32578
-27327
-15968
-1038
14125
26133
32294
31228
23169
9920
-5554
-19786
-29584
-32748
-28565
-17970
-3339
12043
24723
31849
31816
24627
11897
-3511
-18132
-28673
-32755
-29458
-19519
-5177
10334
23516
31393
32182
25702
13414
-1907
-16800
-27896
-32682
-30072
-20653
-6555
9029
22570
30997
32395
26445
14492
-751
-15827
-27310
-32589
-30461
-21406
-7481
8148
21926
30713
32507
26894
15151
-48
-15238
-26955
-32522
-30664
-21804
-7961
7702
21608
30575
32549
27076
15403
202
-15047
-26852
-32503
-30703
-21861
-8002
7696
21629
30598
32538
27001
15255
0
-15257
-27007
-32541
-30582
-21579
-7602
8129
21989
30779
32468
26664
14703
-655
-15865
-27411
-32621
-30288
-20948
-6758
8997
22672
31098
32318
26047
13736
-1763
-16855
-28038
-32713
-29790
-19946
-5464
10289
23653
31516
32046
25116
12336
-3319
-18204
-28847
-32766
-29042
-18541
-3711
11987
24889
31977
31593
23823
10480
-5316
-19871
-29777
-32711
-27983
-16697
-1495
14059
26318
32404
30885
22114
8148
-7733
-21801
-30745
-32460
-26539
-14372
1180
16457
27860
32699
29832
19930
5325
-10537
-23916
-31650
-31910
-24631
-11530
4298
19113
29409
32747
28334
17210
2009
-13670
-26112
-32365
-30942
-22178
-8148
7817
21929
30833
32412
26285
13907
-1780
-17047
-28259
-32743
-29429
-19103
-4222
11667
24777
31977
31548
23586
9991
-5992
-20546
-30192
-32619
-27244
-15350
219
15739
27492
32660
30001
20149
5464
-10533
-24006
-31719
-31816
-24270
-10892
5106
19879
29873
32681
27625
15917
373
-15261
-27221
-32621
-30156
-20416
-5748
10308
23879
31684
31836
24293
10875
-5173
-19973
-29942
-32665
-27477
-15633
0
15636
27483
32666
29925
19920
5078
-10999
-24407
-31886
-31615
-23656
-9941
6193
20824
30386
32549
26782
14487
-1341
-16845
-28242
-32749
-29262
-18630
-3445
12583
25539
32252
31078
22301
8064
-8148
-22368
-31111
-32231
-25451
-12429
3643
18824
29387
32737
28047
16465
836
-15001
-27152
-32625
-30072
-20115
-5205
10989
24479
31937
31523
23335
9388
-6876
-21447
-30723
-32412
-26092
-13322
2743
18132
29038
32759
28371
16955
1338
-14612
-26944
-32596
-30164
-20247
-5304
10958
24501
31960
31477
23169
9099
-7236
-21774
-30894
-32323
-25702
-12676
3510
18824
29446
32724
27837
16000
166
-15711
-27666
-32707
-29572
-19041
-3744
12491
25602
32304
30916
21780
7184
-9215
-23305
-31551
-31880
-24205
-10451
5930
20824
30486
32483
26311
13518
-2679
-18204
-29147
-32749
-28098
-16364
-502
15488
27574
32702
29574
18976
3583
-12717
-25806
-32371
-30748
-21345
-6538
9926
23879
31785
31636
23467
9346
-7147
-21830
-30974
-32254
-25342
-11991
4409
19692
29968
32623
26976
14462
-1736
-17495
-28798
-32764
-28377
-16752
-852
15267
27492
32699
29554
18857
3339
-13034
-26077
-32450
-30520
-20777
-5712
10817
24578
32042
31291
22515
7961
-8637
-23021
-31496
-31881
-24075
-10079
6509
21426
30833
32307
25463
12062
-4448
-19815
-30076
-32585
-26689
-13907
2465
18204
29244
32732
27762
15616
-569
-16610
-28356
-32765
-28692
-17189
-1231
15047
27428
32699
29490
18630
2932
-13528
-26478
-32552
-30168
-19943
-4530
12062
25519
32337
30737
21133
6022
-10659
-24565
-32068
-31208
-22206
-7407
9326
23628
31760
31593
23169
8686
-8070
-22719
-31423
-31903
-24028
-9858
6896
21846
31070
32147
24790
10926
-5807
-21019
-30711
-32336
-25461
-11891
4807
20244
30356
32478
26047
12755
-3899
-19528
-30012
-32581
-26556
-13521
3083
18877
29687
32654
26991
14192
-2362
-18294
-29387
-32703
-27360
-14769
1736
17784
29119
32734
27666
15255
-1206
-17349
-28887
-32752
-27913
-15652
771
16993
28695
32761
28105
15962
-434
-16717
-28547
-32765
-28244
-16186
193
16523
28443
32766
28334
16326
-48
-16412
-28387
-32766
-28374
-16382
0
0
0
0
0
0
0
0
0
0
0
0
0
0
0
0
0
0
0
0
0
0
0
0
0
0
0
0
0
0
0
0
0
0
0
0
0
0
0
0
0
0
0
0
0
0
0
0
0
0
0
0
0
0
0
0
0
0
0
0
0
0
0
0
0
0
0
0
0
0
0
0
0
0
0
0
0
0
0
0
0
0
0
0
0
0
0
0
0
0
0
0
0
0
0
0
0
0
0
0
0
0
0
0
0
0
0
0
0
0
0
0
0
0
0
0
0
0
0
0
0
0
0
0
0
0
0
0
0
0
0
0
0
0
0
0
0
0
0
0
0
0
0
0
0
0
0
0
0
0
0
0
0
0
0
0
0
0
0
0
0
0
0
0
0
0
0
0
0
0
0
0
0
0
0
0
0
0
0
0
0
0
0
0
0
0
0
0
0
0
0
0
0
0
0
0
0
0
0
0
0
0
0
0
0
0
0
0
0
0
0
0
0
0
0
0
0
0
0
0
0
0
0
0
0
0
0
0
0
0
0
0
0
0
0
0
0
0
0
0
0
0
0
0
0
0
0
0
0
0
0
0
0
0
0
0
0
0
0
0
0
0
0
0
0
0
0
0
0
0
0
0
0
0
0
0
0
0
0
0
0
0
0
0
0
0
0
0
0
0
0
0
0
0
0
0
0
0
0
0
0
0
0
0
0
0
0
0
0
0
0
0
0
0
0
0
0
0
0
0
0
0
0
0
0
0
0
0
0
0
0
0
0
0
0
0
0
0
0
0
0
0
0
0
0
0
0
0
0
0
0
0
0
0
0
0
0
0
0
0
0
0
0
0
0
0
0
0
0
0
0
0
0
0
0
0
0
0
0
0
0
0
0
0
0
0
0
0
0
0
0
0
0
0
0
0
0
0
0
0
0
0
0
0
0
0
0
0
0
0
0
0
0
0
0
0
0
0
0
0
0
0
0
0
0
0
0
0
0
0
0
0
0
0
0
0
0
0
0
0
0
0
0
0
0
0
0
0
0
0
0
0
0
0
0
0
0
0
0
0
0
0
0
0
0
0
0
0
0
0
0
0
0
0
0
0
0
0
0
0
0
0
0
0
0
0
0
0
0
0
0
0
0
0
0
0
0
0
0
0
0
0
0
0
0
0
0
0
0
0
0
0
0
0
0
0
0
0
0
0
0
0
0
0
0
0
0
0
0
0
0
0
0
0
0
0
0
0
0
0
0
0
0
0
0
0
0
0
0
0
0
0
0
0
0
0
0
0
0
0
0
0
0
0
0
0
0
0
0
0
0
0
0
0
0
0
0
0
0
0
0
0
0
0
0
0
0
0
0
0
0
0
0
0
0
0
0
0
0
0
0
0
0
0
0
0
0
0
0
0
0
0
0
0
0
0
0
0
0
0
0
0
0
0
0
0
0
0
0
0
0
0
0
0
0
0
0
0
0
0
0
0
0
0
0
0
0
0
0
0
0
0
0
0
0
0
0
0
0
0
0
0
0
0
0
0
0
0
0
0
0
0
0
0
0
0
0
0
0
0
0
0
0
0
0
0
0
0
0
0
0
0
0
0
0
0
0
0
0
0
0
0
0
0
0
0
0
0
0
0
0
0
0
0
0
0
0
0
0
0
0
0
0
0
0
0
0
0
0
0
0
0
0
0
0
0
0
0
0
0
0
0
0
0
0
0
0
0
0
0
0
0
0
0
0
0
0
0
0
0
0
0
0
0
0
0
0
0
0
0
0
0
0
0
0
0
0
0
0
0
0
0
0
0
0
0
0
0
0
0
0
0
0
0
0
0
0
0
0
0
0
0
0
0
0
0
0
0
0
0
0
0
0
0
0
0
0
0
0
0
0
0
0
0
0
0
0
0
0
0
0
0
0
0
0
0
0
0
0
0
0
0
0
0
0
0
0
0
0
0
0
0
0
0
0
0
0
0
0
0
0
0
0
0
0
0
0
0
0
0
0
0
0
0
0
0
0
0
0
0
0
0
0
0
0
0
0
0
0
0
0
0
0
0
0
0
0
0
0
0
0
0
0
0
0
0
0
0
0
0
0
0
0
0
0
0
0
0
0
0
0
0
0
0
0
0
0
0
0
0
0
0
0
0
0
0
0
0
0
0
0
0
0
0
0
0
0
0
0
0
0
0
0
0
0
0
0
0
0
0
21844
20914
18203
13941
8492
2320
-4050
-10077
-15246
-19119
-21364
-21792
-20365
-17204
-12580
-6884
-601
5733
11583
16449
19919
21698
21633
19732
16155
11206
5305
-1046
-7311
-12957
-17506
-20573
-21897
-21368
-19031
-15084
-9862
-3806
2569
8728
14148
18373
21047
21946
20995
18275
14019
8586
2434
-3917
-9933
-15110
-19012
-21315
-21827
-20509
-17475
-12982
-7410
-1227
5045
10884
15802
19390
21351
21528
19910
16639
11992
6361
220
-5918
-11544
-16191
-19478
-21136
-21036
-19195
-15773
-11063
-5461
563
6510
11887
16254
19256
20654
20343
18361
14882
10204
4721
-1108
-6804
-11898
-15977
-18715
-19899
-19446
-17409
-13969
-9421
-4150
1407
6793
11571
15356
17852
18870
18345
16339
13033
8713
3743
-1463
-6484
-10912
-14398
-16674
-17574
-17046
-15155
-12076
-8077
-3495
1289
5890
9939
13122
15199
16025
15558
13861
11096
7504
3390
-905
-5037
-8680
-11556
-13454
-14247
-13899
-12467
-10091
-6983
-3409
338
3958
7172
9737
11473
12268
12090
10982
9061
6503
3526
376
-2697
-5461
-7713
-9301
-10126
-10157
-9422
-8007
-6048
-3715
-1200
1300
3600
5537
6986
7863
8131
7802
6928
5603
3945
2089
180
-1647
-3269
-4586
-5526
-6048
-6142
-5829
-5155
-4185
-3000
-1687
-335
971
2158
3165
3944
4465
4714
4689
4405
3886
3166
2286
1292
235
-833
-1861
-2796
-3589
-4195
-4577
-4705
-4561
-4142
-3457
-2534
-1415
-160
1160
2463
3663
4674
5415
5821
5844
5462
4679
3530
2079
416
-1348
-3088
-4674
-5981
-6898
-7338
-7249
-6614
-5461
-3855
-1904
256
2467
4562
6373
7751
8576
8767
8290
7162
5452
3279
798
-1802
-4323
-6566
-8348
-9519
-9974
-9662
-8593
-6835
-4513
-1800
1096
3954
6546
8665
10136
10836
10697
9721
7974
5585
2734
-359
-3453
-6305
-8687
-10409
-11329
-11370
-10523
-8848
-6473
-3581
-398
2828
5843
8411
10328
11443
11666
10980
9438
7161
4328
1161
-2089
-5172
-7844
-9898
-11177
-11582
-11088
-9736
-7637
-4959
-1914
1256
4307
7002
9134
10543
11127
10848
9738
7892
5461
2639
-350
-3275
-5912
-8061
-9565
-10319
-10276
-9452
-7925
-5822
-3315
-601
2108
4609
6716
8277
9187
9392
8891
7739
6036
3925
1572
-841
-3135
-5143
-6724
-7773
-8229
-8075
-7341
-6097
-4449
-2528
-481
1540
3395
4956
6123
6827
7034
6748
6004
4872
3440
1818
122
-1531
-3035
-4293
-5232
-5802
-5977
-5760
-5177
-4276
-3123
-1798
-386
1023
2343
3497
4418
5054
5371
5354
5006
4352
3429
2294
1013
-338
-1678
-2926
-4005
-4846
-5393
-5605
-5461
-4961
-4128
-3005
-1658
-166
1374
2864
4201
5290
6048
6411
6341
5826
4889
3580
1979
190
-1663
-3453
-5045
-6318
-7168
-7520
-7332
-6602
-5366
-3701
-1719
440
2621
4661
6402
7704
8459
8595
8087
6958
5279
3166
771
-1729
-4145
-6292
-7997
-9123
-9572
-9296
-8305
-6664
-4487
-1935
800
3511
5987
8034
9488
10228
10189
9365
7812
5642
3018
139
-2773
-5494
-7810
-9539
-10542
-10737
-10105
-8690
-6598
-3989
-1064
1950
4822
7327
9271
10501
10922
10501
9271
7327
4822
1950
-1064
-3989
-6598
-8690
-10105
-10737
-10542
-9539
-7810
-5494
-2773
139
3018
5642
7812
9365
10189
10228
9488
8034
5987
3511
800
-1935
-4487
-6664
-8305
-9296
-9572
-9123
-7997
-6292
-4145
-1729
771
3166
5279
6958
8087
8595
8459
7704
6402
4661
2621
440
-1719
-3701
-5366
-6602
-7332
-7520
-7168
-6318
-5045
-3453
-1663
190
1979
3580
4889
5826
6341
6411
6048
5290
4201
2864
1374
-166
-1658
-3005
-4128
-4961
-5461
-5605
-5393
-4846
-4005
-2926
-1678
-338
1013
2294
3429
4352
5006
5354
5371
5054
4418
3497
2343
1023
-386
-1798
-3123
-4276
-5177
-5760
-5977
-5802
-5232
-4293
-3035
-1531
122
1818
3440
4872
6004
6748
7034
6827
6123
4956
3395
1540
-481
-2528
-4449
-6097
-7341
-8075
-8229
-7773
-6724
-5143
-3135
-841
1572
3925
6036
7739
8891
9392
9187
8277
6716
4609
2108
-601
-3315
-5822
-7925
-9452
-10276
-10319
-9565
-8061
-5912
-3275
-350
2639
5461
7892
9738
10848
11127
10543
9134
7002
4307
1256
-1914
-4959
-7637
-9736
-11088
-11582
-11177
-9898
-7844
-5172
-2089
1161
4328
7161
9438
10980
11666
11443
10328
8411
5843
2828
-398
-3581
-6473
-8848
-10523
-11370
-11329
-10409
-8687
-6305
-3453
-359
2734
5585
7974
9721
10697
10836
10136
8665
6546
3954
1096
-1800
-4513
-6835
-8593
-9662
-9974
-9519
-8348
-6566
-4323
-1802
798
3279
5452
7162
8290
8767
8576
7751
6373
4562
2467
256
-1904
-3855
-5461
-6614
-7249
-7338
-6898
-5981
-4674
-3088
-1348
416
2079
3530
4679
5462
5844
5821
5415
4674
3663
2463
1160
-160
-1415
-2534
-3457
-4142
-4561
-4705
-4577
-4195
-3589
-2796
-1861
-833
235
1292
2286
3166
3886
4405
4689
4714
4465
3944
3165
2158
971
-335
-1687
-3000
-4185
-5155
-5829
-6142
-6048
-5526
-4586
-3269
-1647
180
2089
3945
5603
6928
7802
8131
7863
6986
5537
3600
1300
-1200
-3715
-6048
-8007
-9422
-10157
-10126
-9301
-7713
-5461
-2697
376
3526
6503
9061
10982
12090
12268
11473
9737
7172
3958
338
-3409
-6983
-10091
-12467
-13899
-14247
-13454
-11556
-8680
-5037
-905
3390
7504
11096
13861
15558
16025
15199
13122
9939
5890
1289
-3495
-8077
-12076
-15155
-17046
-17574
-16674
-14398
-10912
-6484
-1463
3743
8713
13033
16339
18345
18870
17852
15356
11571
6793
1407
-4150
-9421
-13969
-17409
-19446
-19899
-18715
-15977
-11898
-6804
-1108
4721
10204
14882
18361
20343
20654
19256
16254
11887
6510
563
-5461
-11063
-15773
-19195
-21036
-21136
-19478
-16191
-11544
-5918
220
6361
11992
16639
19910
21528
21351
19390
15802
10884
5045
-1227
-7410
-12982
-17475
-20509
-21827
-21315
-19012
-15110
-9933
-3917
2434
8586
14019
18275
20995
21946
21047
18373
14148
8728
2569
-3806
-9862
-15084
-19031
-21368
-21897
-20573
-17506
-12957
-7311
-1046
5305
11206
16155
19732
21633
21698
19919
16449
11583
5733
-601
-6884
-12580
-17204
-20365
-21792
-21364
-19119
-15246
-10077
-4050
2320
8492
13941
18203
20914
0
0
0
0
0
0
0
0
0
0
0
0
0
0
0
0
0
0
0
0
0
0
0
0
0
0
0
0
0
0
0
0
0
0
0
0
0
0
0
0
0
0
0
0
0
0
0
0
0
0
0
0
0
0
0
0
0
0
0
0
0
0
0
0
0
0
0
-10922
-10441
-9039
-6842
-4043
-890
2338
5358
7901
9745
10726
10760
9845
8063
5573
2596
-601
-3738
-6536
-8748
-10180
-10706
-10281
-8947
-6823
-4102
-1025
2131
5088
7580
9389
10354
10391
9501
7764
5340
2445
-657
-3691
-6384
-8494
-9834
-10285
-9807
-8446
-6326
-3639
-628
2434
5271
7626
9286
10102
9998
8985
7153
4668
1755
-1320
-4281
-6857
-8812
-9967
-10213
-9526
-7964
-5665
-2836
266
3364
6173
8435
9941
10548
10195
8905
6790
4034
883
-2380
-5461
-8077
-9987
-11010
-11043
-10073
-8177
-5514
-2316
1134
4530
7565
9960
11494
12015
11466
9879
7383
4188
569
-3157
-6661
-9627
-11786
-12933
-12953
-11828
-9640
-6566
-2865
1146
5123
8713
11599
13516
14283
13817
12142
9384
5769
1599
-2772
-6971
-10632
-13429
-15112
-15520
-14601
-12416
-9138
-5031
-439
4253
8645
12360
15072
16538
16621
15296
12660
8922
4387
-570
-5536
-10091
-13848
-16481
-17760
-17563
-15893
-12877
-8757
-3867
1389
6577
11263
15050
17619
18745
18325
16383
13071
8655
3494
-1988
-7342
-12122
-15931
-18451
-19466
-18888
-16756
-13241
-8625
-3285
2344
7802
12640
16462
18952
19904
19237
17004
13384
8672
3249
-2442
-7941
-12799
-16624
-19105
-20041
-19360
-17117
-13496
-8793
-3388
2279
7753
12593
16410
18902
19872
19249
17088
13570
8981
3695
-1861
-7244
-12025
-15824
-18345
-19396
-18902
-16913
-13597
-9227
-4158
1203
6431
11111
14880
17447
18621
18322
16588
13569
9515
4755
-330
-5338
-9880
-13603
-16228
-17562
-17517
-16113
-13476
-9826
-5461
-726
4004
8367
12030
14720
16244
16501
15491
13310
10142
6245
1928
-2472
-6620
-10205
-12962
-14697
-15295
-14729
-13063
-10440
-7073
-3230
793
4693
8180
11002
12959
13922
13837
12728
10697
7910
4585
976
-2645
-6015
-8892
-11073
-12412
-12827
-12303
-10894
-8717
-5942
-2778
540
3773
6690
9087
10800
11718
11785
11010
9459
7251
4550
1555
-1520
-4457
-7051
-9121
-10528
-11177
-11029
-10101
-8462
-6234
-3577
-678
2255
5018
7416
9281
10482
10936
10611
9532
7773
5461
2757
-145
-3041
-5724
-8001
-9708
-10722
-10965
-10418
-9116
-7149
-4655
-1814
1172
4086
6716
8868
10381
11140
11086
10216
8588
6318
3569
542
-2541
-5452
-7973
-9913
-11123
-11509
-11036
-9734
-7697
-5073
-2056
1127
4238
7041
9322
10906
11668
11549
10553
8753
6284
3332
122
-3101
-6091
-8618
-10488
-11555
-11737
-11020
-9458
-7172
-4339
-1178
2066
5143
7815
9876
11168
11593
11122
9794
7716
5054
2016
-1156
-4218
-6930
-9085
-10518
-11122
-10858
-9755
-7905
-5461
-2619
392
3337
5986
8135
9622
10339
10241
9347
7739
5555
2975
209
-2523
-5008
-7054
-8509
-9270
-9292
-8588
-7231
-5341
-3080
-635
1795
4022
5873
7213
7951
8045
7508
6402
4831
2937
879
-1172
-3056
-4628
-5776
-6425
-6544
-6145
-5284
-4049
-2556
-938
669
2139
3359
4245
4744
4840
4548
3918
3023
1955
813
-300
-1298
-2105
-2669
-2965
-2991
-2773
-2354
-1793
-1157
-513
75
561
908
1103
1148
1062
881
645
401
191
49
0
49
191
401
645
881
1062
1148
1103
908
561
75
-513
-1157
-1793
-2354
-2773
-2991
-2965
-2669
-2105
-1298
-300
813
1955
3023
3918
4548
4840
4744
4245
3359
2139
669
-938
-2556
-4049
-5284
-6145
-6544
-6425
-5776
-4628
-3056
-1172
879
2937
4831
6402
7508
8045
7951
7213
5873
4022
1795
-635
-3080
-5341
-7231
-8588
-9292
-9270
-8509
-7054
-5008
-2523
209
2975
5555
7739
9347
10241
10339
9622
8135
5986
3337
392
-2619
-5461
-7905
-9755
-10858
-11122
-10518
-9085
-6930
-4218
-1156
2016
5054
7716
9794
11122
11593
11168
9876
7815
5143
2066
-1178
-4339
-7172
-9458
-11020
-11737
-11555
-10488
-8618
-6091
-3101
122
3332
6284
8753
10553
11549
11668
10906
9322
7041
4238
1127
-2056
-5073
-7697
-9734
-11036
-11509
-11123
-9913
-7973
-5452
-2541
542
3569
6318
8588
10216
11086
11140
10381
8868
6716
4086
1172
-1814
-4655
-7149
-9116
-10418
-10965
-10722
-9708
-8001
-5724
-3041
-145
2757
5461
7773
9532
10611
10936
10482
9281
7416
5018
2255
-678
-3577
-6234
-8462
-10101
-11029
-11177
-10528
-9121
-7051
-4457
-1520
1555
4550
7251
9459
11010
11785
11718
10800
9087
6690
3773
540
-2778
-5942
-8717
-10894
-12303
-12827
-12412
-11073
-8892
-6015
-2645
976
4585
7910
10697
12728
13837
13922
12959
11002
8180
4693
793
-3230
-7073
-10440
-13063
-14729
-15295
-14697
-12962
-10205
-6620
-2472
1928
6245
10142
13310
15491
16501
16244
14720
12030
8367
4004
-726
-5461
-9826
-13476
-16113
-17517
-17562
-16228
-13603
-9880
-5338
-330
4755
9515
13569
16588
18322
18621
17447
14880
11111
6431
1203
-4158
-9227
-13597
-16913
-18902
-19396
-18345
-15824
-12025
-7244
-1861
3695
8981
13570
17088
19249
19872
18902
16410
12593
7753
2279
-3388
-8793
-13496
-17117
-19360
-20041
-19105
-16624
-12799
-7941
-2442
3249
8672
13384
17004
19237
19904
18952
16462
12640
7802
2344
-3285
-8625
-13241
-16756
-18888
-19466
-18451
-15931
-12122
-7342
-1988
3494
8655
13071
16383
18325
18745
17619
15050
11263
6577
1389
-3867
-8757
-12877
-15893
-17563
-17760
-16481
-13848
-10091
-5536
-570
4387
8922
12660
15296
16621
16538
15072
12360
8645
4253
-439
-5031
-9138
-12416
-14601
-15520
-15112
-13429
-10632
-6971
-2772
1599
5769
9384
12142
13817
14283
13516
11599
8713
5123
1146
-2865
-6566
-9640
-11828
-12953
-12933
-11786
-9627
-6661
-3157
569
4188
7383
9879
11466
12015
11494
9960
7565
4530
1134
-2316
-5514
-8177
-10073
-11043
-11010
-9987
-8077
-5461
-2380
883
4034
6790
8905
10195
10548
9941
8435
6173
3364
266
-2836
-5665
-7964
-9526
-10213
-9967
-8812
-6857
-4281
-1320
1755
4668
7153
8985
9998
10102
9286
7626
5271
2434
-628
-3639
-6326
-8446
-9807
-10285
-9834
-8494
-6384
-3691
-657
2445
5340
7764
9501
10391
10354
9389
7580
5088
2131
-1025
-4102
-6823
-8947
-10281
-10706
-10180
-8748
-6536
-3738
-601
2596
5573
8063
9845
10760
10726
9745
7901
5358
2338
-890
-4043
-6842
-9039
-10441
0
0
0
0
0
0
0
0
0
0
0
0
0
0
0
0
0
0
0
0
0
0
0
0
0
0
0
0
0
0
0
0
0
0
0
0
0
0
0
0
0
0
0
0
0
0
0
0
0
0
0
0
0
0
0
0
0
0
0
0
0
0
0
0
0
0
0
0
-28
-110
-234
-380
-524
-643
-712
-709
-622
-444
-180
154
537
936
1314
1631
1850
1940
1875
1646
1254
717
67
-652
-1385
-2073
-2654
-3071
-3276
-3235
-2934
-2377
-1592
-624
458
1577
2646
3574
4278
4689
4755
4452
3781
2774
1495
28
-1518
-3026
-4375
-5448
-6146
-6396
-6156
-5421
-4226
-2645
-784
1220
3216
5045
6555
7612
8114
7998
7248
5898
4031
1775
-704
-3221
-5576
-7576
-9050
-9862
-9923
-9204
-7733
-5603
-2961
0
3055
5965
8492
10425
11591
11875
11226
9670
7304
4293
859
-2736
-6211
-9285
-11703
-13254
-13793
-13251
-11643
-9072
-5720
-1834
2286
6319
9940
12851
14803
15620
15212
13585
10844
7186
2883
-1732
-6297
-10447
-13841
-16194
-17299
-17046
-15429
-12556
-8634
-3960
1103
6158
10800
14650
17388
18779
18692
17111
14144
10009
5021
-430
-5915
-10995
-15257
-18350
-20012
-20095
-18573
-15552
-11258
-6022
-255
5586
11034
15648
19051
20959
21207
19762
16726
12332
6921
922
-5188
-10922
-15815
-19470
-21588
-21989
-20634
-17622
-13189
-7683
-1542
4741
10666
15754
19594
21876
22411
21155
18204
13793
8274
2089
-4264
-10277
-15467
-19416
-21809
-22454
-21301
-18445
-14118
-8670
-2542
3773
9768
14961
18939
21385
22110
21061
18331
14148
8854
2881
-3286
-9154
-14250
-18171
-20610
-21381
-20434
-17859
-13876
-8817
-3097
2817
8450
13350
17131
19500
20283
19433
17037
13307
8556
3182
-2377
-7672
-12280
-15840
-18080
-18840
-18080
-15885
-12453
-8081
-3136
1974
6837
11064
14328
16383
17087
16409
14432
11340
7407
2966
-1613
-5960
-9728
-12629
-14449
-15067
-14463
-12718
-10001
-6557
-2683
1294
5054
8298
10780
12323
12830
12294
10791
8476
5562
2306
-1016
-4134
-6802
-8822
-10054
-10432
-9957
-8706
-6812
-4458
-1855
771
3208
5265
6794
7696
7932
7517
6522
5062
3286
1358
-551
-2287
-3715
-4739
-5302
-5391
-5035
-4301
-3282
-2089
-843
345
1376
2175
2697
2924
2871
2578
2106
1526
914
340
-138
-481
-668
-704
-612
-430
-209
0
147
194
119
-83
-396
-785
-1201
-1585
-1874
-2014
-1960
-1688
-1195
-504
334
1255
2171
2992
3626
3995
4037
3721
3046
2046
788
-630
-2094
-3474
-4640
-5475
-5886
-5813
-5237
-4181
-2715
-946
983
2916
4682
6123
7101
7514
7305
6470
5058
3172
958
-1405
-3721
-5789
-7427
-8482
-8850
-8482
-7391
-5652
-3397
-808
1903
4510
6788
8539
9603
9879
9328
7984
5947
3379
489
-2481
-5283
-7677
-9455
-10458
-10591
-9834
-8242
-5938
-3113
0
3140
6041
8455
10173
11045
10989
10005
8169
5632
2606
-654
-3875
-6780
-9122
-10699
-11373
-11084
-9853
-7782
-5045
-1874
1461
4676
7497
9680
11040
11457
10896
9403
7106
4203
940
-2399
-5531
-8184
-10132
-11206
-11315
-10450
-8687
-6178
-3141
161
3442
6419
8835
10480
11214
10974
9783
7745
5040
1903
-1391
-4557
-7319
-9436
-10726
-11077
-10460
-8931
-6624
-3743
-539
2704
5706
8203
9977
10873
10814
9806
7938
5375
2341
-894
-4050
-6848
-9043
-10441
-10922
-10441
-9043
-6848
-4050
-894
2341
5375
7938
9806
10814
10873
9977
8203
5706
2704
-539
-3743
-6624
-8931
-10460
-11077
-10726
-9436
-7319
-4557
-1391
1903
5040
7745
9783
10974
11214
10480
8835
6419
3442
161
-3141
-6178
-8687
-10450
-11315
-11206
-10132
-8184
-5531
-2399
940
4203
7106
9403
10896
11457
11040
9680
7497
4676
1461
-1874
-5045
-7782
-9853
-11084
-11373
-10699
-9122
-6780
-3875
-654
2606
5632
8169
10005
10989
11045
10173
8455
6041
3140
0
-3113
-5938
-8242
-9834
-10591
-10458
-9455
-7677
-5283
-2481
489
3379
5947
7984
9328
9879
9603
8539
6788
4510
1903
-808
-3397
-5652
-7391
-8482
-8850
-8482
-7427
-5789
-3721
-1405
958
3172
5058
6470
7305
7514
7101
6123
4682
2916
983
-946
-2715
-4181
-5237
-5813
-5886
-5475
-4640
-3474
-2094
-630
788
2046
3046
3721
4037
3995
3626
2992
2171
1255
334
-504
-1195
-1688
-1960
-2014
-1874
-1585
-1201
-785
-396
-83
119
194
147
0
-209
-430
-612
-704
-668
-481
-138
340
914
1526
2106
2578
2871
2924
2697
2175
1376
345
-843
-2089
-3282
-4301
-5035
-5391
-5302
-4739
-3715
-2287
-551
1358
3286
5062
6522
7517
7932
7696
6794
5265
3208
771
-1855
-4458
-6812
-8706
-9957
-10432
-10054
-8822
-6802
-4134
-1016
2306
5562
8476
10791
12294
12830
12323
10780
8298
5054
1294
-2683
-6557
-10001
-12718
-14463
-15067
-14449
-12629
-9728
-5960
-1613
2966
7407
11340
14432
16409
17087
16383
14328
11064
6837
1974
-3136
-8081
-12453
-15885
-18080
-18840
-18080
-15840
-12280
-7672
-2377
3182
8556
13307
17037
19433
20283
19500
17131
13350
8450
2817
-3097
-8817
-13876
-17859
-20434
-21381
-20610
-18171
-14250
-9154
-3286
2881
8854
14148
18331
21061
22110
21385
18939
14961
9768
3773
-2542
-8670
-14118
-18445
-21301
-22454
-21809
-19416
-15467
-10277
-4264
2089
8274
13793
18204
21155
22411
21876
19594
15754
10666
4741
-1542
-7683
-13189
-17622
-20634
-21989
-21588
-19470
-15815
-10922
-5188
922
6921
12332
16726
19762
21207
20959
19051
15648
11034
5586
-255
-6022
-11258
-15552
-18573
-20095
-20012
-18350
-15257
-10995
-5915
-430
5021
10009
14144
17111
18692
18779
17388
14650
10800
6158
1103
-3960
-8634
-12556
-15429
-17046
-17299
-16194
-13841
-10447
-6297
-1732
2883
7186
10844
13585
15212
15620
14803
12851
9940
6319
2286
-1834
-5720
-9072
-11643
-13251
-13793
-13254
-11703
-9285
-6211
-2736
859
4293
7304
9670
11226
11875
11591
10425
8492
5965
3055
0
-2961
-5603
-7733
-9204
-9923
-9862
-9050
-7576
-5576
-3221
-704
1775
4031
5898
7248
7998
8114
7612
6555
5045
3216
1220
-784
-2645
-4226
-5421
-6156
-6396
-6146
-5448
-4375
-3026
-1518
28
1495
2774
3781
4452
4755
4689
4278
3574
2646
1577
458
-624
-1592
-2377
-2934
-3235
-3276
-3071
-2654
-2073
-1385
-652
67
717
1254
1646
1875
1940
1850
1631
1314
936
537
154
-180
-444
-622
-709
-712
-643
-524
-380
-234
-110
-28
0
0
0
0
0
0
0
0
0
0
0
0
0
0
0
0
0
0
0
0
0
0
0
0
0
0
0
0
0
0
0
0
0
0
0
0
0
0
0
0
0
0
0
0
0
0
0
0
0
0
0
0
0
0
0
0
0
0
0
0
0
0
0
0
0
0
0
21844
21014
18588
14749
9790
4086
-1929
-7799
-13078
-17364
-20331
-21753
-21521
-19653
-16288
-11682
-6185
-215
5773
11326
16018
19492
21482
21835
20523
17644
13417
8163
2283
-3774
-9546
-14591
-18522
-21038
-21944
-21170
-18774
-14938
-9956
-4208
1862
7792
13123
17447
20429
21840
21570
19639
16197
11507
5932
-96
-6115
-11657
-16295
-19670
-21521
-21705
-20209
-17151
-12768
-7403
-1472
4562
10232
15095
18776
20989
21565
20461
17768
13699
8574
2798
-3177
-8884
-13876
-17766
-20253
-21146
-20381
-18025
-14269
-9413
-3845
1994
7646
12666
16662
19325
20452
19964
17910
14460
9896
4587
-1042
-6546
-11489
-15484
-18221
-19495
-19217
-17421
-14265
-10010
-5006
341
5606
10368
14254
16963
18293
18152
16570
13689
9756
5099
98
-4840
-9322
-12995
-15574
-16869
-16794
-15376
-12750
-9146
-4869
-276
4257
8366
11727
14080
15253
15173
13871
11475
8202
4335
201
-3856
-7510
-10469
-12507
-13479
-13328
-12094
-9903
-6959
-3523
108
3632
6758
9239
10885
11584
11302
10092
8081
5461
2470
-628
-3570
-6112
-8051
-9242
-9608
-9144
-7919
-6063
-3758
-1220
1323
3651
5567
6917
7604
7591
6905
5633
3910
1910
-176
-2155
-3849
-5113
-5846
-5997
-5575
-4638
-3295
-1687
21
1662
3078
4135
4739
4842
4445
3598
2396
967
-540
-1971
-3180
-4044
-4474
-4428
-3908
-2967
-1698
-230
1290
2708
3876
4670
5004
4832
4161
3044
1582
-89
-1813
-3420
-4752
-5670
-6074
-5909
-5173
-3918
-2247
-305
1736
3689
5369
6614
7296
7336
6712
5461
3679
1512
-855
-3216
-5360
-7090
-8242
-8700
-8406
-7369
-5663
-3422
-831
1890
4509
6795
8543
9591
9835
9240
7843
5749
3129
197
-2797
-5601
-7971
-9698
-10626
-10666
-9804
-8102
-5696
-2782
397
3575
6482
8870
10532
11321
11165
10071
8124
5483
2368
-961
-4225
-7148
-9484
-11033
-11662
-11318
-10025
-7893
-5099
-1877
1500
4751
7602
9813
11199
11646
11118
9663
7405
4537
1303
-2022
-5161
-7849
-9863
-11038
-11280
-10575
-8990
-6664
-3802
-647
2529
5461
7901
9650
10566
10582
9706
8023
5686
2902
-86
-3023
-5659
-7773
-9194
-9809
-9580
-8540
-6790
-4493
-1855
889
3503
5764
7483
8520
8800
8312
7115
5327
3117
687
-1745
-3966
-5785
-7049
-7660
-7576
-6822
-5479
-3681
-1599
571
2634
4405
5729
6495
6647
6183
5159
3683
1901
-15
-1885
-3534
-4811
-5603
-5843
-5517
-4667
-3380
-1787
-44
1678
3214
4418
5174
5413
5114
4308
3077
1541
-149
-1829
-3334
-4515
-5256
-5480
-5163
-4330
-3057
-1463
300
2065
3660
4929
5744
6018
5716
4857
3512
1798
-127
-2088
-3900
-5390
-6410
-6856
-6675
-5868
-4497
-2677
-566
1650
3769
5597
6961
7727
7812
7197
5920
4085
1843
-610
-3063
-5295
-7105
-8323
-8832
-8573
-7557
-5860
-3620
-1024
1704
4331
6623
8377
9432
9686
9107
7734
5676
3103
230
-2695
-5424
-7719
-9377
-10250
-10256
-9386
-7708
-5358
-2534
527
3565
6320
8556
10078
10753
10519
9393
7467
4901
1913
-1243
-4303
-7004
-9116
-10461
-10922
-10461
-9116
-7004
-4303
-1243
1913
4901
7467
9393
10519
10753
10078
8556
6320
3565
527
-2534
-5358
-7708
-9386
-10256
-10250
-9377
-7719
-5424
-2695
230
3103
5676
7734
9107
9686
9432
8377
6623
4331
1704
-1024
-3620
-5860
-7557
-8573
-8832
-8323
-7105
-5295
-3063
-610
1843
4085
5920
7197
7812
7727
6961
5597
3769
1650
-566
-2677
-4497
-5868
-6675
-6856
-6410
-5390
-3900
-2088
-127
1798
3512
4857
5716
6018
5744
4929
3660
2065
300
-1463
-3057
-4330
-5163
-5480
-5256
-4515
-3334
-1829
-149
1541
3077
4308
5114
5413
5174
4418
3214
1678
-44
-1787
-3380
-4667
-5517
-5843
-5603
-4811
-3534
-1885
-15
1901
3683
5159
6183
6647
6495
5729
4405
2634
571
-1599
-3681
-5479
-6822
-7576
-7660
-7049
-5785
-3966
-1745
687
3117
5327
7115
8312
8800
8520
7483
5764
3503
889
-1855
-4493
-6790
-8540
-9580
-9809
-9194
-7773
-5659
-3023
-86
2902
5686
8023
9706
10582
10566
9650
7901
5461
2529
-647
-3802
-6664
-8990
-10575
-11280
-11038
-9863
-7849
-5161
-2022
1303
4537
7405
9663
11118
11646
11199
9813
7602
4751
1500
-1877
-5099
-7893
-10025
-11318
-11662
-11033
-9484
-7148
-4225
-961
2368
5483
8124
10071
11165
11321
10532
8870
6482
3575
397
-2782
-5696
-8102
-9804
-10666
-10626
-9698
-7971
-5601
-2797
197
3129
5749
7843
9240
9835
9591
8543
6795
4509
1890
-831
-3422
-5663
-7369
-8406
-8700
-8242
-7090
-5360
-3216
-855
1512
3679
5461
6712
7336
7296
6614
5369
3689
1736
-305
-2247
-3918
-5173
-5909
-6074
-5670
-4752
-3420
-1813
-89
1582
3044
4161
4832
5004
4670
3876
2708
1290
-230
-1698
-2967
-3908
-4428
-4474
-4044
-3180
-1971
-540
967
2396
3598
4445
4842
4739
4135
3078
1662
21
-1687
-3295
-4638
-5575
-5997
-5846
-5113
-3849
-2155
-176
1910
3910
5633
6905
7591
7604
6917
5567
3651
1323
-1220
-3758
-6063
-7919
-9144
-9608
-9242
-8051
-6112
-3570
-628
2470
5461
8081
10092
11302
11584
10885
9239
6758
3632
108
-3523
-6959
-9903
-12094
-13328
-13479
-12507
-10469
-7510
-3856
201
4335
8202
11475
13871
15173
15253
14080
11727
8366
4257
-276
-4869
-9146
-12750
-15376
-16794
-16869
-15574
-12995
-9322
-4840
98
5099
9756
13689
16570
18152
18293
16963
14254
10368
5606
341
-5006
-10010
-14265
-17421
-19217
-19495
-18221
-15484
-11489
-6546
-1042
4587
9896
14460
17910
19964
20452
19325
16662
12666
7646
1994
-3845
-9413
-14269
-18025
-20381
-21146
-20253
-17766
-13876
-8884
-3177
2798
8574
13699
17768
20461
21565
20989
18776
15095
10232
4562
-1472
-7403
-12768
-17151
-20209
-21705
-21521
-19670
-16295
-11657
-6115
-96
5932
11507
16197
19639
21570
21840
20429
17447
13123
7792
1862
-4208
-9956
-14938
-18774
-21170
-21944
-21038
-18522
-14591
-9546
-3774
2283
8163
13417
17644
20523
21835
21482
19492
16018
11326
5773
-215
-6185
-11682
-16288
-19653
-21521
-21753
-20331
-17364
-13078
-7799
-1929
4086
9790
14749
18588
21014
0
0
0
0
0
0
0
0
0
0
0
0
0
0
0
0
0
0
0
0
0
0
0
0
0
0
0
0
0
0
0
0
0
0
0
0
0
0
0
0
0
0
0
0
0
0
0
0
0
0
0
0
0
0
0
0
0
0
0
0
0
0
0
0
0
0
0
-10922
-10402
-8890
-6527
-3534
-189
3193
6296
8826
10541
11273
10945
9577
7285
4274
816
-2773
-6162
-9033
-11112
-12196
-12168
-11013
-8818
-5767
-2125
1787
5619
9019
11673
13326
13811
13061
11121
8143
4372
130
-4213
-8276
-11692
-14148
-15409
-15340
-13925
-11263
-7563
-3130
1661
6402
10679
14113
16394
17304
16742
14734
11428
7087
2068
-3210
-8301
-12768
-16221
-18352
-18961
-17976
-15460
-11605
-6720
-1204
4485
9870
14496
17964
19972
20335
19005
16077
11780
6460
550
-5461
-11075
-15823
-19302
-21213
-21387
-19797
-16563
-11941
-6305
-113
6124
11896
16723
20203
22045
22090
20328
16897
12072
6245
-107
-6470
-12321
-17181
-20652
-22449
-22425
-20579
-17061
-12159
-6271
122
6503
12352
17196
20644
22419
22381
20538
17046
12190
6369
56
-6236
-12002
-16778
-20186
-21958
-21961
-20205
-16842
-12153
-6523
-410
5690
11292
15951
19300
21085
21177
19584
16449
12038
6716
915
-4896
-10257
-14746
-18018
-19828
-20050
-18688
-15870
-11839
-6931
-1544
3887
8936
13209
16383
18226
18613
17540
15116
11552
7150
2267
-2704
-7377
-11390
-14446
-16325
-16906
-16169
-14199
-11177
-7357
-3053
1391
5633
9349
12267
14183
14974
14608
13141
10715
7538
3871
5
-3761
-7148
-9911
-11859
-12871
-12897
-11965
-10172
-7678
-4689
-1440
1820
4853
7445
9419
10653
11080
10697
9558
7769
5479
2868
132
-2531
-4939
-6930
-8379
-9204
-9369
-8883
-7800
-6213
-4245
-2040
246
2460
4456
6108
7316
8011
8161
7768
6869
5531
3850
1939
-75
-2063
-3897
-5461
-6656
-7408
-7670
-7426
-6692
-5516
-3971
-2156
-190
1800
3684
5335
6640
7506
7870
7698
6995
5798
4182
2251
133
-2027
-4078
-5874
-7280
-8190
-8526
-8254
-7381
-5956
-4074
-1861
525
2913
5127
6997
8379
9160
9269
8687
7444
5622
3350
791
-1864
-4415
-6665
-8437
-9589
-10023
-9695
-8620
-6870
-4573
-1899
949
3752
6291
8367
9813
10509
10394
9470
7802
5514
2782
-182
-3150
-5887
-8175
-9834
-10727
-10782
-9991
-8412
-6168
-3434
-426
2619
5461
7873
9663
10690
10871
10192
8708
6538
3856
875
-2165
-5023
-7472
-9317
-10413
-10677
-10091
-8706
-6638
-4055
-1168
1790
4583
6988
8815
9923
10229
9716
8432
6489
4049
1314
-1494
-4149
-6438
-8183
-9250
-9561
-9102
-7921
-6123
-3862
-1327
1272
3726
5840
7447
8428
8713
8293
7215
5577
3524
1229
-1115
-3321
-5210
-6637
-7496
-7731
-7337
-6359
-4893
-3068
-1042
1014
2934
4564
5780
6494
6661
6283
5406
4118
2535
795
-952
-2567
-3919
-4907
-5461
-5550
-5184
-4408
-3300
-1963
-517
916
2218
3286
4042
4435
4446
4092
3415
2487
1395
238
-885
-1883
-2677
-3211
-3451
-3393
-3054
-2479
-1727
-871
11
843
1558
2100
2434
2542
2429
2116
1644
1062
427
-202
-771
-1235
-1560
-1728
-1733
-1588
-1316
-950
-530
-97
307
651
908
1061
1105
1046
899
685
430
163
-89
-305
-468
-568
-601
-573
-495
-379
-245
-108
14
112
178
209
207
180
136
86
41
10
0
10
41
86
136
180
207
209
178
112
14
-108
-245
-379
-495
-573
-601
-568
-468
-305
-89
163
430
685
899
1046
1105
1061
908
651
307
-97
-530
-950
-1316
-1588
-1733
-1728
-1560
-1235
-771
-202
427
1062
1644
2116
2429
2542
2434
2100
1558
843
11
-871
-1727
-2479
-3054
-3393
-3451
-3211
-2677
-1883
-885
238
1395
2487
3415
4092
4446
4435
4042
3286
2218
916
-517
-1963
-3300
-4408
-5184
-5550
-5461
-4907
-3919
-2567
-952
795
2535
4118
5406
6283
6661
6494
5780
4564
2934
1014
-1042
-3068
-4893
-6359
-7337
-7731
-7496
-6637
-5210
-3321
-1115
1229
3524
5577
7215
8293
8713
8428
7447
5840
3726
1272
-1327
-3862
-6123
-7921
-9102
-9561
-9250
-8183
-6438
-4149
-1494
1314
4049
6489
8432
9716
10229
9923
8815
6988
4583
1790
-1168
-4055
-6638
-8706
-10091
-10677
-10413
-9317
-7472
-5023
-2165
875
3856
6538
8708
10192
10871
10690
9663
7873
5461
2619
-426
-3434
-6168
-8412
-9991
-10782
-10727
-9834
-8175
-5887
-3150
-182
2782
5514
7802
9470
10394
10509
9813
8367
6291
3752
949
-1899
-4573
-6870
-8620
-9695
-10023
-9589
-8437
-6665
-4415
-1864
791
3350
5622
7444
8687
9269
9160
8379
6997
5127
2913
525
-1861
-4074
-5956
-7381
-8254
-8526
-8190
-7280
-5874
-4078
-2027
133
2251
4182
5798
6995
7698
7870
7506
6640
5335
3684
1800
-190
-2156
-3971
-5516
-6692
-7426
-7670
-7408
-6656
-5461
-3897
-2063
-75
1939
3850
5531
6869
7768
8161
8011
7316
6108
4456
2460
246
-2040
-4245
-6213
-7800
-8883
-9369
-9204
-8379
-6930
-4939
-2531
132
2868
5479
7769
9558
10697
11080
10653
9419
7445
4853
1820
-1440
-4689
-7678
-10172
-11965
-12897
-12871
-11859
-9911
-7148
-3761
5
3871
7538
10715
13141
14608
14974
14183
12267
9349
5633
1391
-3053
-7357
-11177
-14199
-16169
-16906
-16325
-14446
-11390
-7377
-2704
2267
7150
11552
15116
17540
18613
18226
16383
13209
8936
3887
-1544
-6931
-11839
-15870
-18688
-20050
-19828
-18018
-14746
-10257
-4896
915
6716
12038
16449
19584
21177
21085
19300
15951
11292
5690
-410
-6523
-12153
-16842
-20205
-21961
-21958
-20186
-16778
-12002
-6236
56
6369
12190
17046
20538
22381
22419
20644
17196
12352
6503
122
-6271
-12159
-17061
-20579
-22425
-22449
-20652
-17181
-12321
-6470
-107
6245
12072
16897
20328
22090
22045
20203
16723
11896
6124
-113
-6305
-11941
-16563
-19797
-21387
-21213
-19302
-15823
-11075
-5461
550
6460
11780
16077
19005
20335
19972
17964
14496
9870
4485
-1204
-6720
-11605
-15460
-17976
-18961
-18352
-16221
-12768
-8301
-3210
2068
7087
11428
14734
16742
17304
16394
14113
10679
6402
1661
-3130
-7563
-11263
-13925
-15340
-15409
-14148
-11692
-8276
-4213
130
4372
8143
11121
13061
13811
13326
11673
9019
5619
1787
-2125
-5767
-8818
-11013
-12168
-12196
-11112
-9033
-6162
-2773
816
4274
7285
9577
10945
11273
10541
8826
6296
3193
-189
-3534
-6527
-8890
-10402
0
0
0
0
0
0
0
0
0
0
0
0
0
0
0
0
0
0
0
0
0
0
0
0
0
0
0
0
0
0
0
0
0
0
0
0
0
0
0
0
0
0
0
0
0
0
0
0
0
0
0
0
0
0
0
0
0
0
0
0
0
0
0
0
0
0
0
-10922
-10542
-9428
-7656
-5347
-2660
220
3097
5770
8051
9781
10835
11134
10651
9414
7502
5044
2206
-814
-3807
-6559
-8872
-10575
-11540
-11687
-10995
-9503
-7306
-4554
-1437
1823
4992
7838
10149
11747
12505
12354
11292
9384
6758
3598
130
-3392
-6707
-9567
-11749
-13082
-13453
-12822
-11221
-8759
-5610
-2001
1799
5507
8841
11543
13399
14261
14049
12768
10505
7420
3742
-254
-4266
-7988
-11131
-13448
-14754
-14941
-13985
-11950
-8984
-5311
-1206
3014
7027
10521
13223
14920
15475
14840
13059
10265
6670
2550
-1777
-5978
-9726
-12729
-14753
-15639
-15317
-13810
-11236
-7793
-3749
582
4863
8762
11977
14258
15431
15407
14190
11880
8659
4781
549
-3704
-7650
-10984
-13450
-14862
-15115
-14199
-12192
-9258
-5631
-1599
2522
6414
9775
12352
13951
14459
13848
12178
9589
6292
2551
-1339
-5078
-8379
-10994
-12729
-13466
-13161
-11854
-9660
-6763
-3397
173
3671
6830
9414
11237
12174
12171
11246
9490
7051
4129
957
-2220
-5164
-7656
-9520
-10630
-10922
-10393
-9103
-7168
-4749
-2039
754
3421
5769
7633
8890
9465
9337
8534
7136
5261
3060
700
-1642
-3803
-5633
-7012
-7859
-8129
-7822
-6979
-5674
-4012
-2119
-131
1811
3581
5062
6165
6825
7012
6727
5999
4889
3477
1862
153
-1538
-3105
-4448
-5484
-6152
-6413
-6255
-5689
-4755
-3512
-2040
-433
1205
2772
4165
5291
6074
6459
6414
5935
5047
3803
2279
572
-1202
-2926
-4478
-5745
-6631
-7064
-7003
-6438
-5397
-3944
-2172
-203
1823
3760
5461
6793
7647
7948
7659
6786
5381
3540
1391
-906
-3180
-5255
-6965
-8169
-8764
-8689
-7937
-6553
-4633
-2317
218
2777
5157
7166
8638
9446
9515
8828
7427
5414
2943
205
-2580
-5192
-7414
-9062
-9995
-10128
-9441
-7982
-5860
-3243
-339
2615
5378
7722
9449
10411
10523
9770
8206
5955
3201
167
-2894
-5729
-8100
-9806
-10700
-10704
-9813
-8097
-5697
-2813
314
3423
6250
8554
10139
10868
10676
9577
7663
5093
2087
-1100
-4197
-6937
-9084
-10452
-10922
-10451
-9078
-6920
-4162
-1040
2173
5202
7781
9685
10747
10871
10044
8337
5895
2931
-296
-3505
-6414
-8764
-10348
-11022
-10723
-9473
-7378
-4620
-1438
1885
5059
7800
9862
11058
11275
10487
8758
6234
3134
-271
-3681
-6791
-9322
-11044
-11795
-11499
-10171
-7921
-4938
-1481
2148
5628
8648
10934
12273
12536
11685
9783
6984
3527
-291
-4137
-7671
-10575
-12585
-13510
-13254
-11823
-9327
-5971
-2037
2134
6181
9748
12513
14222
14712
13921
11900
8809
4901
507
-3997
-8223
-11797
-14400
-15791
-15834
-14506
-11903
-8232
-3797
1028
5834
10205
13758
16177
17239
16835
14980
11817
7599
2677
-2536
-7598
-12075
-15575
-17790
-18514
-17671
-15313
-11627
-6912
-1558
3985
9249
13783
17196
19186
19571
18305
15480
11321
6169
452
-5350
-10751
-15288
-18574
-20320
-20369
-18705
-15457
-10887
-5373
625
6609
12073
16555
19673
21158
20877
18845
15226
10317
4524
-1669
-7745
-13194
-17557
-20465
-21671
-21069
-18706
-14775
-9603
-3622
2669
8745
14097
18277
20933
21844
20933
18277
14097
8745
2669
-3622
-9603
-14775
-18706
-21069
-21671
-20465
-17557
-13194
-7745
-1669
4524
10317
15226
18845
20877
21158
19673
16555
12073
6609
625
-5373
-10887
-15457
-18705
-20369
-20320
-18574
-15288
-10751
-5350
452
6169
11321
15480
18305
19571
19186
17196
13783
9249
3985
-1558
-6912
-11627
-15313
-17671
-18514
-17790
-15575
-12075
-7598
-2536
2677
7599
11817
14980
16835
17239
16177
13758
10205
5834
1028
-3797
-8232
-11903
-14506
-15834
-15791
-14400
-11797
-8223
-3997
507
4901
8809
11900
13921
14712
14222
12513
9748
6181
2134
-2037
-5971
-9327
-11823
-13254
-13510
-12585
-10575
-7671
-4137
-291
3527
6984
9783
11685
12536
12273
10934
8648
5628
2148
-1481
-4938
-7921
-10171
-11499
-11795
-11044
-9322
-6791
-3681
-271
3134
6234
8758
10487
11275
11058
9862
7800
5059
1885
-1438
-4620
-7378
-9473
-10723
-11022
-10348
-8764
-6414
-3505
-296
2931
5895
8337
10044
10871
10747
9685
7781
5202
2173
-1040
-4162
-6920
-9078
-10451
-10922
-10452
-9084
-6937
-4197
-1100
2087
5093
7663
9577
10676
10868
10139
8554
6250
3423
314
-2813
-5697
-8097
-9813
-10704
-10700
-9806
-8100
-5729
-2894
167
3201
5955
8206
9770
10523
10411
9449
7722
5378
2615
-339
-3243
-5860
-7982
-9441
-10128
-9995
-9062
-7414
-5192
-2580
205
2943
5414
7427
8828
9515
9446
8638
7166
5157
2777
218
-2317
-4633
-6553
-7937
-8689
-8764
-8169
-6965
-5255
-3180
-906
1391
3540
5381
6786
7659
7948
7647
6793
5461
3760
1823
-203
-2172
-3944
-5397
-6438
-7003
-7064
-6631
-5745
-4478
-2926
-1202
572
2279
3803
5047
5935
6414
6459
6074
5291
4165
2772
1205
-433
-2040
-3512
-4755
-5689
-6255
-6413
-6152
-5484
-4448
-3105
-1538
153
1862
3477
4889
5999
6727
7012
6825
6165
5062
3581
1811
-131
-2119
-4012
-5674
-6979
-7822
-8129
-7859
-7012
-5633
-3803
-1642
700
3060
5261
7136
8534
9337
9465
8890
7633
5769
3421
754
-2039
-4749
-7168
-9103
-10393
-10922
-10630
-9520
-7656
-5164
-2220
957
4129
7051
9490
11246
12171
12174
11237
9414
6830
3671
173
-3397
-6763
-9660
-11854
-13161
-13466
-12729
-10994
-8379
-5078
-1339
2551
6292
9589
12178
13848
14459
13951
12352
9775
6414
2522
-1599
-5631
-9258
-12192
-14199
-15115
-14862
-13450
-10984
-7650
-3704
549
4781
8659
11880
14190
15407
15431
14258
11977
8762
4863
582
-3749
-7793
-11236
-13810
-15317
-15639
-14753
-12729
-9726
-5978
-1777
2550
6670
10265
13059
14840
15475
14920
13223
10521
7027
3014
-1206
-5311
-8984
-11950
-13985
-14941
-14754
-13448
-11131
-7988
-4266
-254
3742
7420
10505
12768
14049
14261
13399
11543
8841
5507
1799
-2001
-5610
-8759
-11221
-12822
-13453
-13082
-11749
-9567
-6707
-3392
130
3598
6758
9384
11292
12354
12505
11747
10149
7838
4992
1823
-1437
-4554
-7306
-9503
-10995
-11687
-11540
-10575
-8872
-6559
-3807
-814
2206
5044
7502
9414
10651
11134
10835
9781
8051
5770
3097
220
-2660
-5347
-7656
-9428
-10542
0
0
0
0
0
0
0
0
0
0
0
0
0
0
0
0
0
0
0
0
0
0
0
0
0
0
0
0
0
0
0
0
0
0
0
0
0
0
0
0
0
0
0
0
0
0
0
0
0
0
0
0
0
0
0
0
0
0
0
0
0
0
0
0
0
0
0
-10922
-10441
-9043
-6848
-4050
-894
2341
5375
7938
9806
10814
10873
9977
8203
5706
2704
-539
-3743
-6624
-8931
-10460
-11077
-10726
-9436
-7319
-4557
-1391
1903
5040
7745
9783
10974
11214
10480
8835
6419
3442
161
-3141
-6178
-8687
-10450
-11315
-11206
-10132
-8184
-5531
-2399
940
4203
7106
9403
10896
11457
11040
9680
7497
4676
1461
-1874
-5045
-7782
-9853
-11084
-11373
-10699
-9122
-6780
-3875
-654
2606
5632
8169
10005
10989
11045
10173
8455
6041
3140
0
-3113
-5938
-8242
-9834
-10591
-10458
-9455
-7677
-5283
-2481
489
3379
5947
7984
9328
9879
9603
8539
6788
4510
1903
-808
-3397
-5652
-7391
-8482
-8850
-8482
-7427
-5789
-3721
-1405
958
3172
5058
6470
7305
7514
7101
6123
4682
2916
983
-946
-2715
-4181
-5237
-5813
-5886
-5475
-4640
-3474
-2094
-630
788
2046
3046
3721
4037
3995
3626
2992
2171
1255
334
-504
-1195
-1688
-1960
-2014
-1874
-1585
-1201
-785
-396
-83
119
194
147
0
-209
-430
-612
-704
-668
-481
-138
340
914
1526
2106
2578
2871
2924
2697
2175
1376
345
-843
-2089
-3282
-4301
-5035
-5391
-5302
-4739
-3715
-2287
-551
1358
3286
5062
6522
7517
7932
7696
6794
5265
3208
771
-1855
-4458
-6812
-8706
-9957
-10432
-10054
-8822
-6802
-4134
-1016
2306
5562
8476
10791
12294
12830
12323
10780
8298
5054
1294
-2683
-6557
-10001
-12718
-14463
-15067
-14449
-12629
-9728
-5960
-1613
2966
7407
11340
14432
16409
17087
16383
14328
11064
6837
1974
-3136
-8081
-12453
-15885
-18080
-18840
-18080
-15840
-12280
-7672
-2377
3182
8556
13307
17037
19433
20283
19500
17131
13350
8450
2817
-3097
-8817
-13876
-17859
-20434
-21381
-20610
-18171
-14250
-9154
-3286
2881
8854
14148
18331
21061
22110
21385
18939
14961
9768
3773
-2542
-8670
-14118
-18445
-21301
-22454
-21809
-19416
-15467
-10277
-4264
2089
8274
13793
18204
21155
22411
21876
19594
15754
10666
4741
-1542
-7683
-13189
-17622
-20634
-21989
-21588
-19470
-15815
-10922
-5188
922
6921
12332
16726
19762
21207
20959
19051
15648
11034
5586
-255
-6022
-11258
-15552
-18573
-20095
-20012
-18350
-15257
-10995
-5915
-430
5021
10009
14144
17111
18692
18779
17388
14650
10800
6158
1103
-3960
-8634
-12556
-15429
-17046
-17299
-16194
-13841
-10447
-6297
-1732
2883
7186
10844
13585
15212
15620
14803
12851
9940
6319
2286
-1834
-5720
-9072
-11643
-13251
-13793
-13254
-11703
-9285
-6211
-2736
859
4293
7304
9670
11226
11875
11591
10425
8492
5965
3055
0
-2961
-5603
-7733
-9204
-9923
-9862
-9050
-7576
-5576
-3221
-704
1775
4031
5898
7248
7998
8114
7612
6555
5045
3216
1220
-784
-2645
-4226
-5421
-6156
-6396
-6146
-5448
-4375
-3026
-1518
28
1495
2774
3781
4452
4755
4689
4278
3574
2646
1577
458
-624
-1592
-2377
-2934
-3235
-3276
-3071
-2654
-2073
-1385
-652
67
717
1254
1646
1875
1940
1850
1631
1314
936
537
154
-180
-444
-622
-709
-712
-643
-524
-380
-234
-110
-28
0
-28
-110
-234
-380
-524
-643
-712
-709
-622
-444
-180
154
537
936
1314
1631
1850
1940
1875
1646
1254
717
67
-652
-1385
-2073
-2654
-3071
-3276
-3235
-2934
-2377
-1592
-624
458
1577
2646
3574
4278
4689
4755
4452
3781
2774
1495
28
-1518
-3026
-4375
-5448
-6146
-6396
-6156
-5421
-4226
-2645
-784
1220
3216
5045
6555
7612
8114
7998
7248
5898
4031
1775
-704
-3221
-5576
-7576
-9050
-9862
-9923
-9204
-7733
-5603
-2961
0
3055
5965
8492
10425
11591
11875
11226
9670
7304
4293
859
-2736
-6211
-9285
-11703
-13254
-13793
-13251
-11643
-9072
-5720
-1834
2286
6319
9940
12851
14803
15620
15212
13585
10844
7186
2883
-1732
-6297
-10447
-13841
-16194
-17299
-17046
-15429
-12556
-8634
-3960
1103
6158
10800
14650
17388
18779
18692
17111
14144
10009
5021
-430
-5915
-10995
-15257
-18350
-20012
-20095
-18573
-15552
-11258
-6022
-255
5586
11034
15648
19051
20959
21207
19762
16726
12332
6921
922
-5188
-10922
-15815
-19470
-21588
-21989
-20634
-17622
-13189
-7683
-1542
4741
10666
15754
19594
21876
22411
21155
18204
13793
8274
2089
-4264
-10277
-15467
-19416
-21809
-22454
-21301
-18445
-14118
-8670
-2542
3773
9768
14961
18939
21385
22110
21061
18331
14148
8854
2881
-3286
-9154
-14250
-18171
-20610
-21381
-20434
-17859
-13876
-8817
-3097
2817
8450
13350
17131
19500
20283
19433
17037
13307
8556
3182
-2377
-7672
-12280
-15840
-18080
-18840
-18080
-15885
-12453
-8081
-3136
1974
6837
11064
14328
16383
17087
16409
14432
11340
7407
2966
-1613
-5960
-9728
-12629
-14449
-15067
-14463
-12718
-10001
-6557
-2683
1294
5054
8298
10780
12323
12830
12294
10791
8476
5562
2306
-1016
-4134
-6802
-8822
-10054
-10432
-9957
-8706
-6812
-4458
-1855
771
3208
5265
6794
7696
7932
7517
6522
5062
3286
1358
-551
-2287
-3715
-4739
-5302
-5391
-5035
-4301
-3282
-2089
-843
345
1376
2175
2697
2924
2871
2578
2106
1526
914
340
-138
-481
-668
-704
-612
-430
-209
0
147
194
119
-83
-396
-785
-1201
-1585
-1874
-2014
-1960
-1688
-1195
-504
334
1255
2171
2992
3626
3995
4037
3721
3046
2046
788
-630
-2094
-3474
-4640
-5475
-5886
-5813
-5237
-4181
-2715
-946
983
2916
4682
6123
7101
7514
7305
6470
5058
3172
958
-1405
-3721
-5789
-7427
-8482
-8850
-8482
-7391
-5652
-3397
-808
1903
4510
6788
8539
9603
9879
9328
7984
5947
3379
489
-2481
-5283
-7677
-9455
-10458
-10591
-9834
-8242
-5938
-3113
0
3140
6041
8455
10173
11045
10989
10005
8169
5632
2606
-654
-3875
-6780
-9122
-10699
-11373
-11084
-9853
-7782
-5045
-1874
1461
4676
7497
9680
11040
11457
10896
9403
7106
4203
940
-2399
-5531
-8184
-10132
-11206
-11315
-10450
-8687
-6178
-3141
161
3442
6419
8835
10480
11214
10974
9783
7745
5040
1903
-1391
-4557
-7319
-9436
-10726
-11077
-10460
-8931
-6624
-3743
-539
2704
5706
8203
9977
10873
10814
9806
7938
5375
2341
-894
-4050
-6848
-9043
-10441
0
0
0
0
0
0
0
0
0
0
0
0
0
0
0
0
0
0
0
0
0
0
0
0
0
0
0
0
0
0
0
0
0
0
0
0
0
0
0
0
0
0
0
0
0
0
0
0
0
0
0
0
0
0
0
0
0
0
0
0
0
0
0
0
0
0
0
-10922
-10402
-8890
-6527
-3534
-189
3193
6296
8826
10541
11273
10945
9577
7285
4274
816
-2773
-6162
-9033
-11112
-12196
-12168
-11013
-8818
-5767
-2125
1787
5619
9019
11673
13326
13811
13061
11121
8143
4372
130
-4213
-8276
-11692
-14148
-15409
-15340
-13925
-11263
-7563
-3130
1661
6402
10679
14113
16394
17304
16742
14734
11428
7087
2068
-3210
-8301
-12768
-16221
-18352
-18961
-17976
-15460
-11605
-6720
-1204
4485
9870
14496
17964
19972
20335
19005
16077
11780
6460
550
-5461
-11075
-15823
-19302
-21213
-21387
-19797
-16563
-11941
-6305
-113
6124
11896
16723
20203
22045
22090
20328
16897
12072
6245
-107
-6470
-12321
-17181
-20652
-22449
-22425
-20579
-17061
-12159
-6271
122
6503
12352
17196
20644
22419
22381
20538
17046
12190
6369
56
-6236
-12002
-16778
-20186
-21958
-21961
-20205
-16842
-12153
-6523
-410
5690
11292
15951
19300
21085
21177
19584
16449
12038
6716
915
-4896
-10257
-14746
-18018
-19828
-20050
-18688
-15870
-11839
-6931
-1544
3887
8936
13209
16383
18226
18613
17540
15116
11552
7150
2267
-2704
-7377
-11390
-14446
-16325
-16906
-16169
-14199
-11177
-7357
-3053
1391
5633
9349
12267
14183
14974
14608
13141
10715
7538
3871
5
-3761
-7148
-9911
-11859
-12871
-12897
-11965
-10172
-7678
-4689
-1440
1820
4853
7445
9419
10653
11080
10697
9558
7769
5479
2868
132
-2531
-4939
-6930
-8379
-9204
-9369
-8883
-7800
-6213
-4245
-2040
246
2460
4456
6108
7316
8011
8161
7768
6869
5531
3850
1939
-75
-2063
-3897
-5461
-6656
-7408
-7670
-7426
-6692
-5516
-3971
-2156
-190
1800
3684
5335
6640
7506
7870
7698
6995
5798
4182
2251
133
-2027
-4078
-5874
-7280
-8190
-8526
-8254
-7381
-5956
-4074
-1861
525
2913
5127
6997
8379
9160
9269
8687
7444
5622
3350
791
-1864
-4415
-6665
-8437
-9589
-10023
-9695
-8620
-6870
-4573
-1899
949
3752
6291
8367
9813
10509
10394
9470
7802
5514
2782
-182
-3150
-5887
-8175
-9834
-10727
-10782
-9991
-8412
-6168
-3434
-426
2619
5461
7873
9663
10690
10871
10192
8708
6538
3856
875
-2165
-5023
-7472
-9317
-10413
-10677
-10091
-8706
-6638
-4055
-1168
1790
4583
6988
8815
9923
10229
9716
8432
6489
4049
1314
-1494
-4149
-6438
-8183
-9250
-9561
-9102
-7921
-6123
-3862
-1327
1272
3726
5840
7447
8428
8713
8293
7215
5577
3524
1229
-1115
-3321
-5210
-6637
-7496
-7731
-7337
-6359
-4893
-3068
-1042
1014
2934
4564
5780
6494
6661
6283
5406
4118
2535
795
-952
-2567
-3919
-4907
-5461
-5550
-5184
-4408
-3300
-1963
-517
916
2218
3286
4042
4435
4446
4092
3415
2487
1395
238
-885
-1883
-2677
-3211
-3451
-3393
-3054
-2479
-1727
-871
11
843
1558
2100
2434
2542
2429
2116
1644
1062
427
-202
-771
-1235
-1560
-1728
-1733
-1588
-1316
-950
-530
-97
307
651
908
1061
1105
1046
899
685
430
163
-89
-305
-468
-568
-601
-573
-495
-379
-245
-108
14
112
178
209
207
180
136
86
41
10
0
10
41
86
136
180
207
209
178
112
14
-108
-245
-379
-495
-573
-601
-568
-468
-305
-89
163
430
685
899
1046
1105
1061
908
651
307
-97
-530
-950
-1316
-1588
-1733
-1728
-1560
-1235
-771
-202
427
1062
1644
2116
2429
2542
2434
2100
1558
843
11
-871
-1727
-2479
-3054
-3393
-3451
-3211
-2677
-1883
-885
238
1395
2487
3415
4092
4446
4435
4042
3286
2218
916
-517
-1963
-3300
-4408
-5184
-5550
-5461
-4907
-3919
-2567
-952
795
2535
4118
5406
6283
6661
6494
5780
4564
2934
1014
-1042
-3068
-4893
-6359
-7337
-7731
-7496
-6637
-5210
-3321
-1115
1229
3524
5577
7215
8293
8713
8428
7447
5840
3726
1272
-1327
-3862
-6123
-7921
-9102
-9561
-9250
-8183
-6438
-4149
-1494
1314
4049
6489
8432
9716
10229
9923
8815
6988
4583
1790
-1168
-4055
-6638
-8706
-10091
-10677
-10413
-9317
-7472
-5023
-2165
875
3856
6538
8708
10192
10871
10690
9663
7873
5461
2619
-426
-3434
-6168
-8412
-9991
-10782
-10727
-9834
-8175
-5887
-3150
-182
2782
5514
7802
9470
10394
10509
9813
8367
6291
3752
949
-1899
-4573
-6870
-8620
-9695
-10023
-9589
-8437
-6665
-4415
-1864
791
3350
5622
7444
8687
9269
9160
8379
6997
5127
2913
525
-1861
-4074
-5956
-7381
-8254
-8526
-8190
-7280
-5874
-4078
-2027
133
2251
4182
5798
6995
7698
7870
7506
6640
5335
3684
1800
-190
-2156
-3971
-5516
-6692
-7426
-7670
-7408
-6656
-5461
-3897
-2063
-75
1939
3850
5531
6869
7768
8161
8011
7316
6108
4456
2460
246
-2040
-4245
-6213
-7800
-8883
-9369
-9204
-8379
-6930
-4939
-2531
132
2868
5479
7769
9558
10697
11080
10653
9419
7445
4853
1820
-1440
-4689
-7678
-10172
-11965
-12897
-12871
-11859
-9911
-7148
-3761
5
3871
7538
10715
13141
14608
14974
14183
12267
9349
5633
1391
-3053
-7357
-11177
-14199
-16169
-16906
-16325
-14446
-11390
-7377
-2704
2267
7150
11552
15116
17540
18613
18226
16383
13209
8936
3887
-1544
-6931
-11839
-15870
-18688
-20050
-19828
-18018
-14746
-10257
-4896
915
6716
12038
16449
19584
21177
21085
19300
15951
11292
5690
-410
-6523
-12153
-16842
-20205
-21961
-21958
-20186
-16778
-12002
-6236
56
6369
12190
17046
20538
22381
22419
20644
17196
12352
6503
122
-6271
-12159
-17061
-20579
-22425
-22449
-20652
-17181
-12321
-6470
-107
6245
12072
16897
20328
22090
22045
20203
16723
11896
6124
-113
-6305
-11941
-16563
-19797
-21387
-21213
-19302
-15823
-11075
-5461
550
6460
11780
16077
19005
20335
19972
17964
14496
9870
4485
-1204
-6720
-11605
-15460
-17976
-18961
-18352
-16221
-12768
-8301
-3210
2068
7087
11428
14734
16742
17304
16394
14113
10679
6402
1661
-3130
-7563
-11263
-13925
-15340
-15409
-14148
-11692
-8276
-4213
130
4372
8143
11121
13061
13811
13326
11673
9019
5619
1787
-2125
-5767
-8818
-11013
-12168
-12196
-11112
-9033
-6162
-2773
816
4274
7285
9577
10945
11273
10541
8826
6296
3193
-189
-3534
-6527
-8890
-10402
0
0
0
0
0
0
0
0
0
0
0
0
0
0
0
0
0
0
0
0
0
0
0
0
0
0
0
0
0
0
0
0
0
0
0
0
0
0
0
0
0
0
0
0
0
0
0
0
0
0
0
0
0
0
0
0
0
0
0
0
0
0
0
0
0
0
0
-10922
-10521
-9348
-7489
-5082
-2304
639
3533
6163
8338
9897
10729
10775
10032
8558
6463
3902
1065
-1840
-4602
-7018
-8916
-10158
-10658
-10383
-9357
-7658
-5412
-2785
31
2832
5417
7600
9227
10184
10407
9883
8654
6813
4493
1862
-889
-3568
-5983
-7964
-9374
-10116
-10139
-9446
-8088
-6162
-3806
-1185
1515
4108
6410
8262
9534
10139
10034
9225
7768
5763
3348
690
-2026
-4613
-6890
-8696
-9903
-10423
-10214
-9285
-7696
-5550
-2994
-202
2631
5310
7642
9459
10625
11050
10693
9568
7744
5340
2518
-526
-3578
-6418
-8839
-10658
-11733
-11973
-11345
-9879
-7666
-4853
-1636
1756
5078
8084
10544
12267
13110
12994
11907
9913
7143
3789
92
-3676
-7234
-10309
-12659
-14093
-14484
-13784
-12025
-9322
-5865
-1903
2268
6335
9981
12920
14913
15792
15468
13948
11330
7799
3613
-911
-5430
-9590
-13063
-15568
-16895
-16924
-15635
-13111
-9532
-5164
-341
4563
9168
13105
16056
17779
18123
17045
14615
11011
6504
1443
-3776
-8743
-13062
-16383
-18434
-19042
-18145
-15803
-12191
-7587
-2351
3104
8346
12953
16554
18856
19666
18911
16644
13038
8376
3028
-2580
-8001
-12797
-16581
-19045
-19988
-19329
-17117
-13527
-8846
-3450
2228
7729
12609
16474
19009
20009
19395
17215
13647
8981
3598
-2065
-7549
-12407
-16247
-18758
-19739
-19114
-16939
-13395
-8778
-3467
2101
7471
12204
15916
18308
19191
18501
16302
12784
8243
3059
-2337
-7501
-12010
-15496
-17679
-18390
-17580
-15329
-11835
-7397
-2390
2764
7640
11832
15001
16893
17362
16383
14053
10581
6267
1482
-3369
-7880
-11676
-14448
-15974
-16140
-14949
-12517
-9064
-4894
-368
4126
8210
11542
13848
14948
14761
13322
10769
7335
3325
-910
-5006
-8612
-11425
-13215
-13841
-13264
-11551
-8864
-5450
-1612
2308
5972
9064
11321
12558
12680
11689
9687
6861
3469
-183
-3773
-6985
-9540
-11220
-11885
-11489
-10076
-7782
-4819
-1457
2002
5250
8001
10011
11109
11203
10292
8464
5888
2799
-523
-3781
-6684
-8974
-10447
-10976
-10516
-9111
-6891
-4055
-859
2410
5461
8020
9860
10817
10805
9825
7965
5390
2329
-946
-4145
-6982
-9206
-10618
-11091
-10581
-9132
-6870
-3991
-750
2569
5675
8294
10194
11207
11241
10290
8436
5838
2721
-644
-3966
-6955
-9351
-10943
-11593
-11242
-9919
-7736
-4881
-1599
1827
5103
7948
10115
11420
11750
11076
9456
7031
4006
641
-2775
-5955
-8625
-10562
-11600
-11656
-10727
-8895
-6318
-3218
141
3476
6504
8971
10672
11470
11302
10188
8230
5598
2519
-746
-3922
-6744
-8978
-10442
-11024
-10683
-9459
-7463
-4872
-1909
1172
4116
6678
8650
9878
10270
9808
8544
6597
4141
1389
-1424
-4065
-6318
-8003
-8995
-9225
-8692
-7458
-5642
-3410
-956
1510
3784
5684
7062
7821
7916
7360
6222
4613
2684
606
-1442
-3295
-4805
-5860
-6392
-6380
-5847
-4862
-3529
-1974
-339
1236
2622
3715
4438
4754
4661
4193
3414
2412
1289
149
-906
-1795
-2453
-2844
-2957
-2810
-2444
-1914
-1290
-643
-37
471
845
1064
1129
1058
884
651
406
194
50
0
50
194
406
651
884
1058
1129
1064
845
471
-37
-643
-1290
-1914
-2444
-2810
-2957
-2844
-2453
-1795
-906
149
1289
2412
3414
4193
4661
4754
4438
3715
2622
1236
-339
-1974
-3529
-4862
-5847
-6380
-6392
-5860
-4805
-3295
-1442
606
2684
4613
6222
7360
7916
7821
7062
5684
3784
1510
-956
-3410
-5642
-7458
-8692
-9225
-8995
-8003
-6318
-4065
-1424
1389
4141
6597
8544
9808
10270
9878
8650
6678
4116
1172
-1909
-4872
-7463
-9459
-10683
-11024
-10442
-8978
-6744
-3922
-746
2519
5598
8230
10188
11302
11470
10672
8971
6504
3476
141
-3218
-6318
-8895
-10727
-11656
-11600
-10562
-8625
-5955
-2775
641
4006
7031
9456
11076
11750
11420
10115
7948
5103
1827
-1599
-4881
-7736
-9919
-11242
-11593
-10943
-9351
-6955
-3966
-644
2721
5838
8436
10290
11241
11207
10194
8294
5675
2569
-750
-3991
-6870
-9132
-10581
-11091
-10618
-9206
-6982
-4145
-946
2329
5390
7965
9825
10805
10817
9860
8020
5461
2410
-859
-4055
-6891
-9111
-10516
-10976
-10447
-8974
-6684
-3781
-523
2799
5888
8464
10292
11203
11109
10011
8001
5250
2002
-1457
-4819
-7782
-10076
-11489
-11885
-11220
-9540
-6985
-3773
-183
3469
6861
9687
11689
12680
12558
11321
9064
5972
2308
-1612
-5450
-8864
-11551
-13264
-13841
-13215
-11425
-8612
-5006
-910
3325
7335
10769
13322
14761
14948
13848
11542
8210
4126
-368
-4894
-9064
-12517
-14949
-16140
-15974
-14448
-11676
-7880
-3369
1482
6267
10581
14053
16383
17362
16893
15001
11832
7640
2764
-2390
-7397
-11835
-15329
-17580
-18390
-17679
-15496
-12010
-7501
-2337
3059
8243
12784
16302
18501
19191
18308
15916
12204
7471
2101
-3467
-8778
-13395
-16939
-19114
-19739
-18758
-16247
-12407
-7549
-2065
3598
8981
13647
17215
19395
20009
19009
16474
12609
7729
2228
-3450
-8846
-13527
-17117
-19329
-19988
-19045
-16581
-12797
-8001
-2580
3028
8376
13038
16644
18911
19666
18856
16554
12953
8346
3104
-2351
-7587
-12191
-15803
-18145
-19042
-18434
-16383
-13062
-8743
-3776
1443
6504
11011
14615
17045
18123
17779
16056
13105
9168
4563
-341
-5164
-9532
-13111
-15635
-16924
-16895
-15568
-13063
-9590
-5430
-911
3613
7799
11330
13948
15468
15792
14913
12920
9981
6335
2268
-1903
-5865
-9322
-12025
-13784
-14484
-14093
-12659
-10309
-7234
-3676
92
3789
7143
9913
11907
12994
13110
12267
10544
8084
5078
1756
-1636
-4853
-7666
-9879
-11345
-11973
-11733
-10658
-8839
-6418
-3578
-526
2518
5340
7744
9568
10693
11050
10625
9459
7642
5310
2631
-202
-2994
-5550
-7696
-9285
-10214
-10423
-9903
-8696
-6890
-4613
-2026
690
3348
5763
7768
9225
10034
10139
9534
8262
6410
4108
1515
-1185
-3806
-6162
-8088
-9446
-10139
-10116
-9374
-7964
-5983
-3568
-889
1862
4493
6813
8654
9883
10407
10184
9227
7600
5417
2832
31
-2785
-5412
-7658
-9357
-10383
-10658
-10158
-8916
-7018
-4602
-1840
1065
3902
6463
8558
10032
10775
10729
9897
8338
6163
3533
639
-2304
-5082
-7489
-9348
-10521
0
0
0
0
0
0
0
0
0
0
0
0
0
0
0
0
0
0
0
0
0
0
0
0
0
0
0
0
0
0
0
0
0
0
0
0
0
0
0
0
0
0
0
0
0
0
0
0
0
0
0
0
0
0
0
0
0
0
0
0
0
0
0
0
0
0
0
