0
4278
8485
12550
16402
19973
23203
26035
28419
30314
31684
32507
32766
32456
31581
30156
28203
25758
22860
19561
15917
11991
7852
3573
-771
-5106
-9352
-13436
-17284
-20829
-24006
-26759
-29038
-30801
-32015
-32660
-32720
-32196
-31094
-29434
-27244
-24563
-21439
-17925
-14087
-9991
-5712
-1327
3083
7441
11667
15683
19415
22796
25762
28259
30239
31667
32514
32764
32412
31462
29931
27847
25247
22178
18696
14865
10755
6443
2009
-2465
-6896
-11201
-15299
-19113
-22570
-25606
-28162
-30190
-31650
-32514
-32764
-32394
-31411
-29832
-27686
-25012
-21861
-18292
-14372
-10175
-5781
-1274
3259
7733
12062
16161
19951
23359
26318
28771
30668
31973
32659
32711
32127
30919
29107
26727
23823
20452
16679
12577
8226
3711
-879
-5455
-9926
-14204
-18204
-21846
-25058
-27775
-29942
-31516
-32464
-32766
-32415
-31417
-29790
-27567
-24790
-21514
-17805
-13736
-9388
-4849
-209
4437
8997
13377
17489
21248
24578
27411
29687
31359
32393
32765
32468
31507
29899
27676
24884
21579
17828
13707
9301
4700
0
-4703
-9311
-13729
-17864
-21629
-24947
-27746
-29968
-31566
-32503
-32761
-32332
-31225
-29460
-27076
-24119
-20653
-16748
-12488
-7961
-3263
1506
6246
10856
15238
19298
22949
26112
28719
30713
32051
32702
32651
31900
30461
28366
25658
22395
18646
14492
10022
5332
524
-4298
-9029
-13567
-17811
-21669
-25055
-27896
-30127
-31699
-32577
-32739
-32182
-30916
-28967
-26379
-23206
-19519
-15397
-10932
-6222
-1372
3511
8320
12945
17284
21240
24723
27655
29968
31611
32545
32748
32214
30954
28995
26381
23169
19431
15252
10724
5950
1038
-3899
-8751
-13405
-17757
-21705
-25159
-28038
-30277
-31822
-32637
-32702
-32014
-30588
-28456
-25665
-22280
-18377
-14047
-9388
-4509
477
5455
10308
14924
19194
23018
26305
28979
30974
32243
32756
32498
31476
29711
27244
24133
20449
16280
11722
6884
1880
-3170
-8148
-12935
-17416
-21484
-25041
-28000
-30291
-31856
-32659
-32677
-31909
-30373
-28105
-25157
-21600
-17520
-13013
-8189
-3163
1941
7001
11893
16499
20705
24407
27516
29953
31659
32589
32721
32049
30590
28377
25463
21921
17836
13307
8448
3377
-1780
-6896
-11843
-16499
-20746
-24479
-27603
-30040
-31727
-32621
-32699
-31957
-30413
-28105
-25088
-21439
-17247
-12618
-7668
-2522
2689
7836
12787
17416
21605
25247
28248
30530
32035
32723
32574
31592
29801
27244
23987
20112
15718
10917
5832
595
-4660
-9798
-14685
-19194
-23208
-26622
-29345
-31307
-32455
-32757
-32206
-30813
-28614
-25665
-22043
-17841
-13169
-8148
-2911
2405
7661
12717
17440
21705
25397
28419
30689
32146
32750
32483
31352
29385
26633
23169
19084
14487
9500
4255
-1105
-6439
-11603
-16457
-20870
-24723
-27911
-30346
-31961
-32712
-32578
-31559
-29684
-27001
-23582
-19519
-14922
-9916
-4636
771
6162
11386
16301
20770
24671
27896
30354
31977
32719
32558
31498
29565
26813
23317
19172
14492
9407
4058
-1405
-6833
-12073
-16978
-21411
-25247
-28377
-30713
-32188
-32760
-32410
-31148
-29007
-26047
-22351
-18021
-13179
-7961
-2516
3003
8440
13640
18454
22745
26389
29282
31340
32503
32737
32033
30409
27913
24613
20604
16000
10932
5547
0
-5550
-10942
-16021
-20637
-24657
-27963
-30458
-32068
-32745
-32468
-31244
-29107
-26118
-22364
-17952
-13013
-7689
-2137
3479
8997
14252
19090
23367
26955
29748
31662
32640
32650
31691
29790
27003
23411
19119
14256
8965
3403
-2262
-7862
-13230
-18204
-22633
-26385
-29345
-31423
-32556
-32707
-31871
-30072
-27362
-23823
-19561
-14703
-9397
-3803
1908
7565
12994
18030
22517
26318
29316
31419
32559
32702
31841
30001
27238
23635
19302
14372
8996
3339
-2422
-8112
-13553
-18577
-23026
-26761
-29667
-31650
-32648
-32629
-31591
-29565
-26615
-22829
-18327
-13249
-7752
-2009
3799
9491
14886
19815
24120
27666
30338
32052
32751
32412
31044
28690
25423
21345
16586
11295
5642
-193
-6025
-11667
-16938
-21669
-25706
-28920
-31206
-32489
-32726
-31909
-30063
-27244
-23544
-19081
-13998
-8460
-2644
3259
9060
14569
19606
24006
27626
30346
32075
32756
32366
30916
28451
25051
20827
15917
10480
4696
-1244
-7147
-12817
-18065
-22719
-26622
-29644
-31684
-32674
-32578
-31398
-29173
-25975
-21909
-17110
-11737
-5969
0
5972
11747
17130
21941
26016
29217
31436
32596
32657
31615
29504
26395
22390
17625
12260
6476
470
-5554
-11392
-16845
-21726
-25867
-29127
-31393
-32585
-32662
-31619
-29491
-26349
-22301
-17483
-12062
-6222
-166
5898
11762
17222
22088
26191
29387
31566
32648
32597
31411
29131
25835
21636
16679
11138
5205
-912
-7001
-12847
-18244
-23003
-26955
-29960
-31912
-32739
-32412
-30940
-28374
-24803
-20353
-15179
-9465
-3413
2763
8843
14612
19863
24407
28083
30758
32334
32755
32003
30103
27124
23169
18381
12929
7010
836
-5370
-11386
-16993
-21989
-26191
-29446
-31636
-32680
-32538
-31214
-28754
-25247
-20819
-15630
-9868
-3744
2518
8692
14551
19879
24480
28184
30855
32393
32739
31880
29845
26709
22585
17625
12011
5950
-333
-6607
-12639
-18204
-23094
-27128
-30152
-32055
-32763
-32248
-30528
-27666
-23767
-18976
-13473
-7461
-1167
5173
11322
17047
22132
26385
29644
31785
32724
32427
30901
28203
24435
19738
14288
8294
1981
-4409
-10635
-16457
-21654
-26025
-29402
-31656
-32697
-32485
-31027
-28377
-24634
-19943
-14481
-8460
-2109
4324
10594
16457
21686
26077
29459
31699
32710
32451
30929
28203
24378
19601
14056
7961
1552
-4919
-11201
-17047
-22227
-26537
-29806
-31906
-32751
-32307
-30590
-27666
-23648
-18696
-13002
-6791
-309
6187
12441
18204
23246
27366
30398
32222
32762
31995
29951
26709
22398
17189
11289
4935
-1619
-8112
-14281
-19879
-24678
-28486
-31147
-32552
-32643
-31416
-28917
-25247
-20553
-15023
-8882
-2378
4225
10659
16662
21989
26421
29777
31918
32756
32254
30432
27362
23169
18024
12137
5748
-879
-7473
-13762
-19485
-24407
-28323
-31070
-32533
-32650
-31414
-28875
-25136
-20353
-14721
-8475
-1874
4807
11292
17307
22602
26955
30182
32146
32765
32010
29911
26556
22083
16679
10571
4016
-2711
-9326
-15551
-21121
-25799
-29387
-31732
-32732
-32344
-30582
-27520
-23286
-18060
-12062
-5547
1206
7911
14280
20041
24947
28786
31393
32653
32513
30975
28105
24024
18906
12972
6476
-301
-7069
-13534
-19415
-24458
-28443
-31196
-32596
-32580
-31148
-28360
-24336
-19250
-13322
-6811
0
6813
13332
19269
24364
28393
31178
32594
32578
31129
28309
24241
19103
13120
6555
-301
-7147
-13680
-19609
-24671
-28641
-31340
-32648
-32505
-30916
-27948
-23735
-18460
-12360
-5706
1206
8067
14569
20421
25359
29162
31656
32728
32328
30473
27244
22786
17298
11027
4255
-2711
-9557
-15974
-21669
-26383
-29901
-32062
-32766
-31979
-29736
-26137
-21345
-15577
-9095
-2195
4807
11593
17850
23291
27666
30771
32464
32665
31362
28614
24546
19345
13249
6538
-477
-7473
-14125
-20126
-25196
-29098
-31650
-32732
-32292
-30349
-26991
-22374
-16712
-10266
-3339
3746
10659
17076
22694
27251
30530
32377
32702
31489
28793
24740
19519
13375
6597
-494
-7565
-14281
-20323
-25404
-29282
-31772
-32753
-32178
-30072
-26533
-21729
-15887
-9285
-2238
4919
11843
18204
23695
28052
31066
32589
32548
30942
27847
23411
17845
11416
4435
-2763
-9830
-16425
-22227
-26955
-30378
-32330
-32713
-31507
-28769
-24631
-19293
-13013
-6096
1120
8285
15047
21076
26077
29802
32068
32763
31850
29372
25451
20276
14101
7230
0
-7232
-14111
-20295
-25478
-29402
-31872
-32764
-32033
-29711
-25913
-20827
-14703
-7845
-595
6688
13640
19914
25196
29220
31785
32759
32093
29819
26047
20967
14832
7950
664
-6656
-13645
-19948
-25247
-29273
-31822
-32763
-32046
-29706
-25861
-20703
-14492
-7543
-209
7138
14125
20396
25629
29557
31977
32766
31880
29363
25342
20022
13674
6622
-771
-8129
-15071
-21240
-26318
-30042
-32219
-32734
-31559
-28754
-24461
-18901
-12360
-5177
2276
9615
16457
22447
27271
30678
32489
32608
31026
27825
23169
17302
10527
3199
-4298
-11573
-18244
-23960
-28419
-31387
-32705
-32302
-30198
-26501
-21406
-15179
-8148
-684
6817
13962
20369
25700
29668
32064
32757
31710
28975
24698
19103
12488
5205
-2358
-9798
-16717
-22745
-27557
-30894
-32577
-32513
-30703
-27244
-22319
-16192
-9191
-1693
5898
13175
19743
25247
29388
31941
32765
31816
29141
24884
19276
12618
5272
-2362
-9871
-16845
-22903
-27714
-31014
-32621
-32445
-30495
-26875
-21781
-15492
-8351
-749
6896
14165
20658
26016
29942
32220
32721
31417
28377
23767
17841
10926
3403
-4310
-11787
-18613
-24407
-28847
-31684
-32759
-32010
-29476
-25298
-19707
-13013
-5590
2148
9769
16845
22980
27828
31116
32659
32366
30254
26438
21133
14635
7310
-430
-8148
-15409
-21801
-26962
-30598
-32502
-32563
-30778
-27244
-22162
-15818
-8572
-836
6950
14343
20920
26305
30190
32350
32661
31103
27762
22829
16586
9388
1649
-6187
-13670
-20369
-25898
-29936
-32249
-32702
-31267
-28024
-23161
-16955
-9766
-2009
5867
13405
20168
25762
29860
32222
32709
31291
28049
23169
16936
9711
1916
-5992
-13553
-20323
-25904
-29968
-32275
-32687
-31179
-27837
-22855
-16527
-9222
-1372
6562
14111
20829
26318
30252
32397
32623
30916
27374
22206
15718
8294
373
-7571
-15067
-21669
-26980
-30683
-32556
-32483
-30469
-26631
-21197
-14492
-6916
1077
9009
16402
22811
27851
31216
32702
32218
29790
25564
19793
12824
5078
-2978
-10856
-18080
-24210
-28873
-31785
-32766
-31757
-28816
-24119
-17952
-10689
-2772
5316
13083
20053
25799
29968
32304
32662
31017
27469
22233
15630
8064
0
-8067
-15639
-22251
-27492
-31038
-32669
-32282
-29899
-25665
-19840
-12785
-4935
3223
11185
18454
24578
29176
31960
32754
31507
28295
23317
16881
9388
1306
-6859
-14599
-21426
-26913
-30713
-32587
-32415
-30206
-26096
-20343
-13307
-5431
2789
10837
18204
24423
29100
31937
32755
31498
28244
23199
16679
9099
938
-7285
-15047
-21854
-27271
-30951
-32659
-32282
-29844
-25497
-19519
-12290
-4271
4023
12062
19330
25359
29762
32252
32670
30984
27303
21861
15008
7184
-1105
-9326
-16947
-23474
-28484
-31650
-32766
-31757
-28687
-23753
-17274
-9670
-1435
6896
14781
21705
27215
30951
32666
32248
29720
25247
19119
11737
3583
-4807
-12886
-20121
-26035
-30239
-32455
-32534
-30469
-26395
-20578
-13400
-5336
3083
11302
18775
25007
29584
32200
32681
30992
27244
21684
14679
6695
-1736
-10055
-17706
-24178
-29038
-31959
-32744
-31340
-27837
-22468
-15592
-7668
771
9163
16942
23583
28641
31772
32764
31548
28203
22955
16155
8261
-193
-8637
-16499
-23246
-28419
-31667
-32766
-31641
-28366
-23161
-16378
-8479
0
8482
16388
23178
28387
31659
32766
31633
28334
23092
16267
8323
-193
-8699
-16610
-23382
-28547
-31748
-32764
-31521
-28105
-22748
-15818
-7793
771
9287
17161
23850
28887
31923
32744
31292
27666
22114
15023
6884
-1736
-10238
-18030
-24565
-29387
-32158
-32681
-30919
-26991
-21173
-13868
-5590
3083
11543
19194
25499
30012
32414
32534
30361
26047
19895
12336
3903
-4807
-13181
-20625
-26610
-30711
-32637
-32248
-29569
-24790
-18247
-10405
-1820
6896
15124
22277
27843
31423
32760
31757
28483
23169
16196
8060
-655
-9326
-17331
-24094
-29127
-32068
-32703
-30984
-27033
-21133
-13707
-5289
3511
12062
19743
25999
30374
32552
32371
29844
25150
18630
10754
2094
-6719
-15047
-22282
-27896
-31478
-32765
-31661
-28244
-22763
-15616
-7324
1506
10228
18204
24847
29668
32313
32585
30461
26096
19809
12062
3423
-5469
-13962
-21426
-27310
-31178
-32740
-31881
-28661
-23317
-16242
-7961
912
9721
17811
24578
29519
32265
32608
30520
26157
19840
12041
3339
-5613
-14150
-21629
-27492
-31296
-32755
-31758
-28377
-22863
-15630
-7219
1736
10564
18599
25234
29968
32443
32468
30041
25342
18725
10689
1842
-7147
-15598
-22868
-28404
-31785
-32751
-31227
-27327
-21345
-13736
-5078
3969
12717
20496
26712
30887
32702
32014
28875
23522
16364
7950
-1077
-10024
-18204
-24986
-29848
-32414
-32483
-30050
-25298
-18593
-10451
-1499
7571
16058
23305
28750
31969
32711
30916
26720
20449
12587
3744
-5391
-14111
-21734
-27666
-31442
-32766
-31533
-27837
-21964
-14372
-5653
3510
12401
20323
26654
30894
32710
31957
28692
23169
15822
7226
-1941
-10958
-19113
-25762
-30378
-32596
-32237
-29328
-24096
-16955
-8469
691
9799
18132
25028
29936
32465
32412
29778
24772
17791
9388
234
-8940
-17404
-24479
-29598
-32350
-32513
-30072
-25219
-18342
-9991
-836
8388
16942
24135
29387
32275
32563
30226
25451
18620
10283
1113
-8148
-16754
-24006
-29316
-32252
-32574
-30254
-25477
-18630
-10266
-1066
8222
16845
24098
29390
32286
32549
30156
25298
18372
9941
695
-8610
-17213
-24407
-29603
-32371
-32482
-29925
-24908
-17841
-9305
0
9307
17850
24924
29942
32491
32356
29546
24293
17028
8351
-1019
-10308
-18745
-25629
-30386
-32621
-32145
-28995
-23432
-15917
-7073
2362
11603
19879
26497
30903
32728
31816
28241
22301
14491
5464
-4023
-13175
-21224
-27492
-31451
-32766
-31324
-27244
-20868
-12732
-3519
5992
15001
22745
28568
31977
32682
30619
25962
19103
10622
1238
-8253
-17047
-24394
-29668
-32420
-32412
-29643
-24347
-16973
-8148
1373
10781
19269
26112
30723
32705
31886
28334
22351
14449
5304
-4298
-13534
-21608
-27826
-31650
-32749
-31026
-26627
-19930
-11510
-2094
7504
16457
23989
29446
32355
32460
29752
24461
17046
8148
-1459
-10942
-19477
-26318
-30870
-32732
-31742
-27983
-21780
-13674
-4371
5316
14541
22496
28484
31977
32669
30495
25645
18541
9807
209
-9410
-18204
-25397
-30356
-32640
-32046
-28625
-22675
-14721
-5464
4278
13645
21806
28038
31787
32719
30748
26047
19032
10324
695
-8997
-17892
-25196
-30256
-32621
-32077
-28669
-22701
-14703
-5389
4409
13816
21989
28193
31872
32694
30582
25725
18555
9715
0
-9718
-18563
-25739
-30598
-32699
-31850
-28126
-21861
-13619
-4144
5708
15047
23026
28920
32194
32549
29951
24631
17073
7961
-1876
-11547
-20168
-26955
-31287
-32766
-31257
-26894
-20073
-11416
-1713
8148
17267
24807
30076
32589
32113
28690
22632
14492
5018
-4919
-14407
-22570
-28657
-32104
-32591
-30072
-24775
-17189
-8012
1907
11653
20323
27113
31393
32763
31094
26539
19519
10683
852
-9060
-18132
-25519
-30530
-32697
-31816
-27965
-21503
-13031
-3339
6667
16052
23938
29584
32459
32292
29097
23169
15065
5543
-4501
-14125
-22423
-28612
-32108
-32578
-29977
-24546
-16798
-7461
2582
12385
21019
27666
31694
32721
30647
25665
18247
9095
-923
-10856
-19760
-26786
-31264
-32766
-31146
-26556
-19431
-10451
-470
9557
18675
26008
30855
32749
31507
27244
20368
11537
1595
-8501
-17784
-25359
-30497
-32702
-31758
-27754
-21074
-12360
-2451
7696
17103
24860
30215
32648
31922
28105
21563
12929
3039
-7147
-16643
-24525
-30025
-32607
-32016
-28309
-21844
-13249
-3359
6859
16412
24364
29939
32588
32050
28377
21924
13322
3413
-6833
-16412
-24382
-29960
-32596
-32028
-28309
-21804
-13150
-3199
7069
16643
24578
30089
32630
31946
28105
21482
12732
2719
-7565
-17103
-24947
-30318
-32680
-31797
-27754
-20951
-12062
-1970
8320
17784
25478
30633
32732
31565
27244
20200
11134
952
-9326
-18675
-26154
-31014
-32765
-31228
-26556
-19215
-9941
333
10578
19760
26955
31436
32749
30759
25665
17979
8475
-1887
-12062
-21019
-27851
-31864
-32650
-30126
-24546
-16475
-6728
3703
13762
22423
28806
32258
32427
29291
23169
14683
4696
-5772
-15653
-23938
-29777
-32571
-32033
-28214
-21503
-12587
-2378
8077
17706
25519
30711
32748
31416
26850
19519
10175
-219
-10594
-19879
-27113
-31549
-32726
-30520
-25157
-17189
-7439
3083
13289
22119
28657
32222
32441
29289
23092
14492
4381
-6187
-16114
-24364
-30076
-32652
-31820
-27666
-20619
-11416
-1017
9491
19008
26537
31287
32757
30792
25595
17709
7961
-2625
-12939
-21894
-28547
-32194
-32451
-29286
-23032
-14346
-4144
6498
16457
24678
30291
32699
31644
27238
19943
10531
0
-10533
-19951
-27251
-31656
-32694
-30254
-24592
-16309
-6286
4409
14637
23305
29487
32519
32077
28203
21312
12137
1660
-8997
-18692
-26385
-31248
-32757
-30748
-25434
-17383
-7461
3266
13645
22556
29038
32390
32248
28625
21909
12824
2351
-8378
-18204
-26061
-31098
-32765
-30880
-25645
-17625
-7689
3083
13524
22496
29023
32393
32235
28565
21780
12618
2077
-8692
-18516
-26318
-31245
-32755
-30681
-25247
-17046
-6975
3863
14280
23132
29446
32527
32033
28015
20915
11510
836
-9932
-19609
-27125
-31650
-32682
-30103
-24198
-15616
-5304
5596
15880
24407
30232
32705
31550
26894
19250
9465
-1373
-12062
-21411
-28379
-32188
-32412
-29022
-22395
-13267
-2656
8253
18244
26197
31222
32754
30619
25054
16679
6433
-4537
-15001
-23783
-29895
-32648
-31731
-27244
-19690
-9916
976
11762
21224
28293
32170
32415
28997
22301
13080
2378
-8595
-18599
-26497
-31393
-32729
-30352
-24528
-15917
-5494
5554
15974
24578
30386
32734
31352
26395
18425
8351
-2679
-13405
-22602
-29217
-32491
-32046
-27932
-20616
-10936
0
10939
20625
27944
32055
32482
29173
22507
13249
2462
-8610
-18692
-26622
-31481
-32707
-30156
-24119
-15293
-4696
6446
16845
25296
30817
32766
30916
25477
17079
6695
-4468
-15115
-24006
-30106
-32702
-31489
-26606
-18620
-8460
2689
13528
22788
29387
32552
31909
27532
19930
9991
-1120
-12103
-21669
-28693
-32350
-32208
-28280
-21025
-11295
-234
10856
20671
28052
32127
32412
28871
21921
12379
1372
-9799
-19815
-27487
-31906
-32545
-29328
-22632
-13249
-2291
8940
19113
27016
31708
32629
29666
23169
13911
2992
-8285
-18577
-26654
-31549
-32677
-29899
-23544
-14372
-3477
7836
18214
26411
31442
32702
30037
23764
14635
3744
-7598
-18030
-26293
-31393
-32711
-30086
-23833
-14703
-3796
7571
18026
26305
31405
32707
30050
23753
14577
3632
-7754
-18204
-26446
-31479
-32688
-29925
-23522
-14256
-3253
8148
18560
26712
31608
32650
29706
23135
13736
2656
-8751
-19090
-27095
-31785
-32581
-29385
-22585
-13013
-1842
9557
19786
27585
31994
32468
28947
21861
12081
809
-10564
-20637
-28166
-32219
-32293
-28377
-20951
-10932
440
11762
21629
28819
32437
32033
27653
19840
9561
-1907
-13142
-22745
-29519
-32621
-31661
-26755
-18514
-7961
3586
14689
23960
30239
32740
31148
25658
16955
6128
-5469
-16384
-25247
-30944
-32759
-30461
-24336
-15151
-4058
7546
18204
26572
31595
32638
29565
22763
13087
1756
-9798
-20118
-27896
-32148
-32332
-28424
-20915
-10754
771
12203
22088
29171
32552
31797
27001
18769
8148
-3511
-14727
-24069
-30346
-32754
-30984
-25260
-16309
-5272
6439
17331
26008
31359
32696
29845
23169
13521
2137
-9523
-19964
-27843
-32146
-32318
-28334
-20703
-10405
1234
12717
22564
29503
32637
31559
26407
17841
6968
-4807
-15965
-25058
-30909
-32757
-30361
-24028
-14577
-3233
8533
19194
27364
31977
32433
28669
21173
10917
-762
-12345
-22321
-29387
-32619
-31592
-26438
-17828
-6884
4961
16161
25247
31028
32744
30168
23635
13998
2522
-9287
-19879
-27860
-32179
-32265
-28105
-20242
-9711
2101
13640
23382
30040
32733
31103
25362
16267
5018
-6896
-17901
-26537
-31659
-32585
-29190
-21921
-11741
0
11743
21929
29201
32589
31641
26480
17791
6728
-5233
-16499
-25566
-31222
-32709
-29826
-22955
-13013
-1327
10537
20994
28641
32450
31909
27088
18630
7668
-4324
-15739
-25041
-30976
-32744
-30105
-23411
-13561
-1880
10055
20637
28436
32397
31982
27244
18822
7852
-4182
-15653
-25007
-30974
-32743
-30072
-23319
-13400
-1660
10308
20879
28612
32455
31881
26966
18377
7282
-4807
-16245
-25468
-31216
-32702
-29720
-22675
-12528
-664
11292
21705
29147
32596
31576
26225
17274
5950
-6193
-17489
-26383
-31650
-32564
-28995
-21433
-10917
1105
12978
23064
29968
32737
30984
24950
15465
3839
-8320
-19330
-27666
-32170
-32217
-27796
-19519
-8531
3643
15314
24860
30951
32739
29972
23032
12884
938
-11141
-21669
-29176
-32613
-31498
-25982
-16835
-5332
6918
18204
26944
31912
32410
28366
20343
9465
-2743
-14569
-24351
-30713
-32759
-30198
-23387
-13283
-1306
10856
21492
29100
32604
31507
25962
16748
5166
-7147
-18454
-27152
-32008
-32332
-28076
-19840
-8789
3510
15314
24947
31038
32720
29752
22551
12140
0
-12143
-22559
-29762
-32723
-31017
-24884
-15198
-3339
8998
20053
28242
32393
31908
26854
17952
6476
-5930
-17489
-26541
-31785
-32465
-28481
-20402
-9388
2978
14918
24714
30951
32730
29790
22554
12062
-172
-12385
-22811
-29942
-32746
-30813
-24421
-14492
-2462
9926
20879
28806
32556
31581
26021
16679
4912
-7571
-18956
-27585
-32200
-32127
-27374
-18630
-7167
5342
17076
26318
31719
32485
28504
20353
9222
-3259
-15267
-25041
-31147
-32687
-29434
-21861
-11077
1334
13553
23783
30517
32764
30189
23169
12736
423
-11953
-22570
-29860
-32743
-30792
-24293
-14202
-2009
10483
21426
29201
32652
31267
25247
15482
3419
-9153
-20369
-28563
-32514
-31633
-26047
-16586
-4654
7973
19415
27967
32350
31910
26709
17520
5712
-6950
-18577
-27428
-32179
-32116
-27244
-18292
-6597
6088
17864
26962
32015
32263
27666
18910
7310
-5391
-17284
-26579
-31872
-32366
-27983
-19380
-7852
4862
16845
26287
31760
32433
28203
19707
8226
-4501
-16550
-26094
-31684
-32472
-28334
-19895
-8434
4310
16402
26003
31651
32486
28377
19946
8475
-4288
-16402
-26016
-31662
-32478
-28334
-19861
-8351
4437
16550
26133
31717
32445
28203
19638
8060
-4756
-16845
-26351
-31812
-32386
-27983
-19276
-7602
5243
17284
26666
31941
32293
27666
18769
6975
-5898
-17864
-27071
-32095
-32157
-27244
-18113
-6176
6719
18577
27557
32265
31968
26709
17302
5205
-7702
-19415
-28111
-32434
-31710
-26047
-16326
-4058
8843
20369
28719
32588
31368
25247
15179
2736
-10137
-21426
-29364
-32705
-30922
-24293
-13853
-1238
11573
22570
30025
32764
30353
23169
12339
-434
-13142
-23783
-30678
-32739
-29638
-21861
-10632
2276
14829
25041
31296
32604
28754
20353
8727
-4282
-16616
-26318
-31849
-32328
-27676
-18630
-6622
6439
18480
27585
32302
31880
26381
16679
4318
-8734
-20396
-28806
-32620
-31227
-24845
-14492
-1820
11144
22329
29942
32763
30335
23047
12062
-859
-13645
-24243
-30951
-32688
-29173
-20967
-9388
3703
16202
26094
31785
32354
27709
18593
6476
-6688
-18775
-27832
-32393
-31718
-25913
-15915
-3339
9779
21317
29402
32723
30737
23764
12933
0
-12935
-23772
-30745
-32720
-29372
-21243
-9654
3510
16105
26077
31798
32332
27590
18342
6096
-7147
-19226
-28162
-32493
-31507
-25362
-15061
-2291
10856
22227
29953
32765
30198
22670
11416
-1716
-14569
-25028
-31370
-32548
-28366
-19509
-7435
5867
18204
27539
32330
31782
25982
15887
3163
-10086
-21669
-29667
-32753
-30413
-23032
-11831
1334
14281
24860
31312
32563
28403
19519
7387
-5976
-18347
-27666
-32377
-31693
-25725
-15465
-2622
10659
22164
29968
32766
30086
22374
10917
-2369
-15261
-25599
-31650
-32396
-27709
-18372
-5950
7473
19643
28516
32596
31195
24546
13765
664
-12550
-23653
-30771
-32702
-29116
-20616
-8634
4807
17440
27128
32230
31881
26137
15968
3092
-10308
-21966
-29901
-32766
-30072
-22272
-10689
2711
15653
25937
31812
32275
27244
17574
4908
-8595
-20637
-29162
-32712
-30681
-23411
-12140
1206
14349
25041
31451
32480
27948
18630
6117
-7445
-19735
-28641
-32634
-31026
-24089
-13013
301
13567
24501
31222
32570
28309
19172
6728
-6876
-19298
-28393
-32589
-31159
-24347
-13326
0
13328
24354
31166
32585
28360
19220
6748
-6896
-19347
-28443
-32604
-31103
-24198
-13087
301
13640
24608
31294
32533
28105
18778
6176
-7504
-19879
-28786
-32669
-30847
-23635
-12290
1206
14493
25247
31583
32389
27520
17828
5008
-8692
-20870
-29387
-32745
-30352
-22624
-10917
2711
15865
26229
31977
32094
26556
16335
3233
-10442
-22277
-30182
-32757
-29546
-21112
-8944
4807
17712
27483
32390
31559
25136
14256
845
-12717
-24026
-31070
-32598
-28334
-19032
-6345
7473
19964
28903
32697
30666
23169
11540
-2148
-15456
-26008
-31918
-32127
-26596
-16309
-3103
10659
22517
30346
32741
29270
20553
8148
-5719
-18563
-28078
-32552
-31179
-24202
-12874
771
14281
25223
31625
32332
27214
17189
4062
-9798
-21894
-30040
-32762
-29565
-21025
-8682
5233
18204
27882
32514
31257
24336
13002
-691
-14262
-25247
-31650
-32307
-27094
-16955
-3732
10171
22227
30239
32747
29289
20494
7961
-6025
-18915
-28356
-32621
-30929
-23586
-11931
1907
15400
26077
31982
32033
26215
15592
2109
-11762
-23479
-30889
-32629
-28377
-18910
-5966
8077
20637
29402
32756
30080
21861
9613
-4409
-17621
-27585
-32459
-31342
-24435
-13013
816
14497
25499
31785
32188
26631
16140
2656
-11322
-23203
-30782
-32650
-28456
-18976
-5969
8148
20755
29503
32763
29925
21514
9095
-5021
-18204
-27995
-32564
-31058
-23753
-12011
1977
15598
26305
32095
31880
25698
14703
952
-12978
-24480
-31393
-32418
-27360
-17165
-3744
10381
22559
30497
32702
28754
19394
6380
-7836
-20580
-29446
-32762
-29899
-21393
-8847
5370
18577
28275
32630
30814
23169
11138
-3003
-16579
-27016
-32334
-31523
-24733
-13249
751
14612
25700
31906
32048
26096
15179
1372
-12698
-24354
-31371
-32412
-27273
-16932
-3359
10856
23003
30758
32638
28280
18514
5205
-9101
-21669
-30089
-32747
-29131
-19930
-6905
7445
20371
29387
32762
29844
21189
8460
-5898
-19125
-28673
-32702
-30433
-22301
-9868
4468
17946
27963
32585
30916
23274
11134
-3159
-16845
-27275
-32428
-31305
-24119
-12260
1977
15833
26622
32247
31615
24845
13249
-923
-14918
-26016
-32055
-31858
-25461
-14105
0
14107
25468
31864
32046
25975
14832
792
-13405
-24986
-31684
-32188
-26395
-15435
-1452
12817
24578
31525
32292
26727
15917
1981
-12345
-24250
-31393
-32366
-26976
-16280
-2378
11993
24006
31293
32415
27148
16527
2644
-11762
-23850
-31230
-32442
-27244
-16660
-2779
11653
23783
31206
32451
27267
16679
2783
-11667
-23806
-31222
-32441
-27217
-16586
-2656
11803
23919
31277
32412
27094
16378
2398
-12062
-24120
-31370
-32361
-26894
-16056
-2009
12441
24407
31496
32285
26615
15616
1488
-12939
-24777
-31650
-32178
-26251
-15055
-836
13553
25223
31826
32033
25797
14372
52
-14280
-25739
-32015
-31841
-25247
-13561
863
15115
26318
32208
31592
24592
12618
-1908
-16052
-26950
-32393
-31276
-23823
-11540
3083
17085
27622
32556
30880
22932
10324
-4384
-18204
-28323
-32682
-30389
-21909
-8965
5807
19399
29038
32755
29790
20744
7461
-7347
-20658
-29748
-32757
-29067
-19428
-5811
8997
21966
30436
32669
28203
17952
4016
-10746
-23305
-31079
-32468
-27184
-16309
-2077
12583
24657
31656
32135
25992
14491
0
-14493
-25999
-32139
-31644
-24613
-12494
2208
16457
27304
32503
30975
23032
10317
-4537
-18454
-28547
-32719
-30103
-21238
-7961
6971
20458
29694
32757
29007
19220
5431
-9491
-22439
-30713
-32587
-27666
-16973
-2736
12073
24364
31568
32177
26060
14492
-108
-14689
-26197
-32222
-31498
-24174
-11781
3083
17304
27896
32634
30520
21996
8847
-6162
-19879
-29416
-32766
-29219
-19519
-5706
9311
22368
30711
32578
27570
16743
2378
-12491
-24723
-31732
-32033
-25558
-13674
1105
15653
26888
32428
31095
23169
10328
-4707
-18745
-28806
-32750
-29736
-20402
-6728
8378
21705
30414
32650
27932
17262
2911
-12062
-24465
-31651
-32083
-25665
-13765
1077
15692
26955
32455
31012
22932
9941
-5180
-19194
-29098
-32765
-29406
-19738
-5832
9326
22486
30817
32526
27244
16102
1495
-13436
-25478
-32035
-31693
-24521
-12062
2999
17416
28078
32680
30226
21243
7668
-7565
-21167
-30192
-32685
-28105
-17438
-2992
12103
24578
31727
31995
25321
13150
-1876
-16499
-27539
-32596
-30567
-21889
-8448
6833
20630
29936
32722
28377
17845
3419
-11753
-24364
-31659
-32040
-25423
-13249
1823
16499
27568
32607
30508
21729
8189
-7147
-20920
-30108
-32693
-28105
-17347
-2779
12401
24860
31856
31850
24838
12360
-2839
-17416
-28160
-32702
-30037
-20749
-6884
8501
22013
30668
32552
27244
15915
1066
-14020
-26008
-32243
-31342
-23500
-10451
4915
19194
29220
32766
29042
18871
4509
-10856
-23813
-31479
-32147
-25665
-13473
1720
16533
27666
32637
30335
21271
7461
-8015
-21705
-30552
-32578
-27327
-15968
-1038
14125
26133
32294
31228
23169
9920
-5554
-19786
-29584
-32748
-28565
-17970
-3339
12043
24723
31849
31816
24627
11897
-3511
-18132
-28673
-32755
-29458
-19519
-5177
10334
23516
31393
32182
25702
13414
-1907
-16800
-27896
-32682
-30072
-20653
-6555
9029
22570
30997
32395
26445
14492
-751
-15827
-27310
-32589
-30461
-21406
-7481
8148
21926
30713
32507
26894
15151
-48
-15238
-26955
-32522
-30664
-21804
-7961
7702
21608
30575
32549
27076
15403
202
-15047
-26852
-32503
-30703
-21861
-8002
7696
21629
30598
32538
27001
15255
0
-15257
-27007
-32541
-30582
-21579
-7602
8129
21989
30779
32468
26664
14703
-655
-15865
-27411
-32621
-30288
-20948
-6758
8997
22672
31098
32318
26047
13736
-1763
-16855
-28038
-32713
-29790
-19946
-5464
10289
23653
31516
32046
25116
12336
-3319
-18204
-28847
-32766
-29042
-18541
-3711
11987
24889
31977
31593
23823
10480
-5316
-19871
-29777
-32711
-27983
-16697
-1495
14059
26318
32404
30885
22114
8148
-7733
-21801
-30745
-32460
-26539
-14372
1180
16457
27860
32699
29832
19930
5325
-10537
-23916
-31650
-31910
-24631
-11530
4298
19113
29409
32747
28334
17210
2009
-13670
-26112
-32365
-30942
-22178
-8148
7817
21929
30833
32412
26285
13907
-1780
-17047
-28259
-32743
-29429
-19103
-4222
11667
24777
31977
31548
23586
9991
-5992
-20546
-30192
-32619
-27244
-15350
219
15739
27492
32660
30001
20149
5464
-10533
-24006
-31719
-31816
-24270
-10892
5106
19879
29873
32681
27625
15917
373
-15261
-27221
-32621
-30156
-20416
-5748
10308
23879
31684
31836
24293
10875
-5173
-19973
-29942
-32665
-27477
-15633
0
15636
27483
32666
29925
19920
5078
-10999
-24407
-31886
-31615
-23656
-9941
6193
20824
30386
32549
26782
14487
-1341
-16845
-28242
-32749
-29262
-18630
-3445
12583
25539
32252
31078
22301
8064
-8148
-22368
-31111
-32231
-25451
-12429
3643
18824
29387
32737
28047
16465
836
-15001
-27152
-32625
-30072
-20115
-5205
10989
24479
31937
31523
23335
9388
-6876
-21447
-30723
-32412
-26092
-13322
2743
18132
29038
32759
28371
16955
1338
-14612
-26944
-32596
-30164
-20247
-5304
10958
24501
31960
31477
23169
9099
-7236
-21774
-30894
-32323
-25702
-12676
3510
18824
29446
32724
27837
16000
166
-15711
-27666
-32707
-29572
-19041
-3744
12491
25602
32304
30916
21780
7184
-9215
-23305
-31551
-31880
-24205
-10451
5930
20824
30486
32483
26311
13518
-2679
-18204
-29147
-32749
-28098
-16364
-502
15488
27574
32702
29574
18976
3583
-12717
-25806
-32371
-30748
-21345
-6538
9926
23879
31785
31636
23467
9346
-7147
-21830
-30974
-32254
-25342
-11991
4409
19692
29968
32623
26976
14462
-1736
-17495
-28798
-32764
-28377
-16752
-852
15267
27492
32699
29554
18857
3339
-13034
-26077
-32450
-30520
-20777
-5712
10817
24578
32042
31291
22515
7961
-8637
-23021
-31496
-31881
-24075
-10079
6509
21426
30833
32307
25463
12062
-4448
-19815
-30076
-32585
-26689
-13907
2465
18204
29244
32732
27762
15616
-569
-16610
-28356
-32765
-28692
-17189
-1231
15047
27428
32699
29490
18630
2932
-13528
-26478
-32552
-30168
-19943
-4530
12062
25519
32337
30737
21133
6022
-10659
-24565
-32068
-31208
-22206
-7407
9326
23628
31760
31593
23169
8686
-8070
-22719
-31423
-31903
-24028
-9858
6896
21846
31070
32147
24790
10926
-5807
-21019
-30711
-32336
-25461
-11891
4807
20244
30356
32478
26047
12755
-3899
-19528
-30012
-32581
-26556
-13521
3083
18877
29687
32654
26991
14192
-2362
-18294
-29387
-32703
-27360
-14769
1736
17784
29119
32734
27666
15255
-1206
-17349
-28887
-32752
-27913
-15652
771
16993
28695
32761
28105
15962
-434
-16717
-28547
-32765
-28244
-16186
193
16523
28443
32766
28334
16326
-48
-16412
-28387
-32766
-28374
-16382
0
0
0
0
0
0
0
0
0
0
0
0
0
0
0
0
0
0
0
0
0
0
0
0
0
0
0
0
0
0
0
0
0
0
0
0
0
0
0
0
0
0
0
0
0
0
0
0
0
0
0
0
0
0
0
0
0
0
0
0
0
0
0
0
0
0
0
0
0
0
0
0
0
0
0
0
0
0
0
0
0
0
0
0
0
0
0
0
0
0
0
0
0
0
0
0
0
0
0
0
0
0
0
0
0
0
0
0
0
0
0
0
0
0
0
0
0
0
0
0
0
0
0
0
0
0
0
0
0
0
0
0
0
0
0
0
0
0
0
0
0
0
0
0
0
0
0
0
0
0
0
0
0
0
0
0
0
0
0
0
0
0
0
0
0
0
0
0
0
0
0
0
0
0
0
0
0
0
0
0
0
0
0
0
0
0
0
0
0
0
0
0
0
0
0
0
0
0
0
0
0
0
0
0
0
0
0
0
0
0
0
0
0
0
0
0
0
0
0
0
0
0
0
0
0
0
0
0
0
0
0
0
0
0
0
0
0
0
0
0
0
0
0
0
0
0
0
0
0
0
0
0
0
0
0
0
0
0
0
0
0
0
0
0
0
0
0
0
0
0
0
0
0
0
0
0
0
0
0
0
0
0
0
0
0
0
0
0
0
0
0
0
0
0
0
0
0
0
0
0
0
0
0
0
0
0
0
0
0
0
0
0
0
0
0
0
0
0
0
0
0
0
0
0
0
0
0
0
0
0
0
0
0
0
0
0
0
0
0
0
0
0
0
0
0
0
0
0
0
0
0
0
0
0
0
0
0
0
0
0
0
0
0
0
0
0
0
0
0
0
0
0
0
0
0
0
0
0
0
0
0
0
0
0
0
0
0
0
0
0
0
0
0
0
0
0
0
0
0
0
0
0
0
0
0
0
0
0
0
0
0
0
0
0
0
0
0
0
0
0
0
0
0
0
0
0
0
0
0
0
0
0
0
0
0
0
0
0
0
0
0
0
0
0
0
0
0
0
0
0
0
0
0
0
0
0
0
0
0
0
0
0
0
0
0
0
0
0
0
0
0
0
0
0
0
0
0
0
0
0
0
0
0
0
0
0
0
0
0
0
0
0
0
0
0
0
0
0
0
0
0
0
0
0
0
0
0
0
0
0
0
0
0
0
0
0
0
0
0
0
0
0
0
0
0
0
0
0
0
0
0
0
0
0
0
0
0
0
0
0
0
0
0
0
0
0
0
0
0
0
0
0
0
0
0
0
0
0
0
0
0
0
0
0
0
0
0
0
0
0
0
0
0
0
0
0
0
0
0
0
0
0
0
0
0
0
0
0
0
0
0
0
0
0
0
0
0
0
0
0
0
0
0
0
0
0
0
0
0
0
0
0
0
0
0
0
0
0
0
0
0
0
0
0
0
0
0
0
0
0
0
0
0
0
0
0
0
0
0
0
0
0
0
0
0
0
0
0
0
0
0
0
0
0
0
0
0
0
0
0
0
0
0
0
0
0
0
0
0
0
0
0
0
0
0
0
0
0
0
0
0
0
0
0
0
0
0
0
0
0
0
0
0
0
0
0
0
0
0
0
0
0
0
0
0
0
0
0
0
0
0
0
0
0
0
0
0
0
0
0
0
0
0
0
0
0
0
0
0
0
0
0
0
0
0
0
0
0
0
0
0
0
0
0
0
0
0
0
0
0
0
0
0
0
0
0
0
0
0
0
0
0
0
0
0
0
0
0
0
0
0
0
0
0
0
0
0
0
0
0
0
0
0
0
0
0
0
0
0
0
0
0
0
0
0
0
0
0
0
0
0
0
0
0
0
0
0
0
0
0
0
0
0
0
0
0
0
0
0
0
0
0
0
0
0
0
0
0
0
0
0
0
0
0
0
0
0
0
0
0
0
0
0
0
0
0
0
0
0
0
0
0
0
0
0
0
0
0
0
0
0
0
0
0
0
0
0
0
0
0
0
0
0
0
0
0
0
0
0
0
0
0
0
0
0
0
0
0
0
0
0
0
0
0
0
0
0
0
0
0
0
0
0
0
0
0
0
0
0
0
0
0
0
0
0
0
0
0
0
0
0
0
0
0
0
0
0
0
0
0
0
0
0
0
0
0
0
0
0
0
0
0
0
0
0
0
0
0
0
0
0
0
0
0
0
0
0
0
0
0
3770
4240
4620
4903
5083
5158
5128
4993
4759
4431
4018
3529
2974
2367
1721
1047
362
-323
-994
-1639
-2246
-2806
-3308
-3745
-4110
-4400
-4609
-4737
-4783
-4747
-4631
-4439
-4174
-3842
-3447
-2997
-2498
-1956
-1381
-779
-160
468
1098
1720
2325
2904
3447
3946
4393
4777
5090
5326
5477
5536
5498
5360
5119
4775
4328
3782
3143
2419
1618
755
-157
-1102
-2061
-3015
-3943
-4823
-5634
-6355
-6965
-7447
-7782
-7958
-7962
-7789
-7434
-6898
-6187
-5311
-4284
-3125
-1857
-507
894
2318
3728
5089
6368
7529
8542
9377
10007
10412
10576
10488
10145
9547
8705
7633
6353
4893
3286
1569
-216
-2028
-3819
-5545
-7160
-8623
-9893
-10935
-11721
-12225
-12433
-12335
-11929
-11223
-10232
-8977
-7489
-5803
-3960
-2006
8
2034
4020
5914
7669
9238
10581
11664
12458
13106
12943
12458
11664
10581
9238
7669
5914
4020
2034
8
-2006
-3960
-5803
-7489
-8977
-10232
-11223
-11929
-12335
-12433
-12225
-11721
-10935
-9893
-8623
-7160
-5545
-3819
-2028
-216
1569
3286
4893
6353
7633
8705
9547
10145
10488
10576
10412
10007
9377
8542
7529
6368
5089
3728
2318
894
-507
-1857
-3125
-4284
-5311
-6187
-6898
-7434
-7789
-7962
-7958
-7782
-7447
-6965
-6355
-5634
-4823
-3943
-3015
-2061
-1102
-157
755
1618
2419
3143
3782
4328
4775
5119
5360
5498
5536
5477
5326
5090
4777
4393
3946
3447
2904
2325
1720
1098
468
-160
-779
-1381
-1956
-2498
-2997
-3447
-3842
-4174
-4439
-4631
-4747
-4783
-4737
-4609
-4400
-4110
-3745
-3308
-2806
-2246
-1639
-994
-323
362
1047
1721
2367
2974
3529
4018
4431
4759
4993
5128
5158
5083
4903
4620
4240
3770
3221
2602
1928
1212
470
-280
-1025
-1747
-2430
-3059
-3621
-4103
-4496
-4791
-4981
-5065
-5040
-4908
-4673
-4341
-3920
-3421
-2856
-2238
-1580
-899
-210
473
1134
1761
2339
2857
3306
3676
3961
4158
4264
4279
4206
4046
3808
3497
3123
2695
2224
1721
1198
667
139
-374
-863
-1318
-1731
-2094
-2402
-2650
-2837
-2959
-3018
-3016
-2955
-2839
-2674
-2465
-2219
-1945
-1648
-1337
-1019
-702
-393
-97
179
432
659
855
1021
1154
1257
1329
1374
1393
1392
1372
1340
1298
1251
1203
1156
1114
1079
1052
1033
1022
1017
1016
1016
1012
1002
980
941
880
794
678
529
346
127
-127
-416
-734
-1078
-1440
-1813
-2188
-2553
-2898
-3210
-3478
-3690
-3834
-3900
-3879
-3764
-3550
-3234
-2817
-2302
-1694
-1003
-242
573
1427
2299
3167
4008
4799
5515
6135
6635
6998
7206
7246
7108
6788
6285
5603
4753
3749
2610
1361
31
-1350
-2749
-4128
-5452
-6684
-7788
-8731
-9484
-10021
-10321
-10369
-10156
-9681
-8949
-7971
-6768
-5364
-3793
-2090
-297
1539
3373
5156
6841
8381
9733
10858
11723
12301
12571
12524
12154
11468
10479
9211
7692
5961
4061
2041
-45
-2146
-4204
-6164
-7975
-9586
-10954
-12042
-12819
-13263
-13363
-13114
-12523
-11605
-10385
-8896
-7177
-5276
-3244
-1136
990
3079
5073
6919
8568
9976
11107
11932
12431
12593
12417
11911
11093
9987
8628
7056
5317
3462
1542
-386
-2272
-4062
-5709
-7167
-8401
-9379
-10077
-10483
-10589
-10398
-9922
-9179
-8197
-7009
-5652
-4170
-2607
-1012
569
2091
3511
4789
5892
6792
7467
7902
8091
8035
7741
7225
6508
5616
4582
3440
2228
985
-249
-1439
-2547
-3542
-4396
-5085
-5594
-5909
-6026
-5947
-5678
-5233
-4630
-3892
-3045
-2118
-1143
-152
823
1752
2606
3358
3988
4476
4811
4983
4990
4835
4524
4071
3490
2802
2030
1199
336
-532
-1380
-2180
-2910
-3546
-4072
-4473
-4737
-4858
-4834
-4667
-4363
-3933
-3390
-2750
-2034
-1262
-457
358
1161
1929
2641
3278
3824
4263
4587
4787
4860
4804
4624
4325
3916
3410
2822
2166
1462
728
-17
-755
-1466
-2134
-2742
-3276
-3725
-4078
-4329
-4472
-4508
-4436
-4259
-3986
-3622
-3180
-2670
-2106
-1503
-875
-239
391
1001
1577
2105
2575
2976
3300
3542
3698
3766
3746
3641
3456
3197
2871
2489
2060
1597
1112
615
122
-357
-812
-1231
-1605
-1926
-2188
-2387
-2519
-2585
-2585
-2522
-2401
-2227
-2009
-1754
-1471
-1171
-863
-558
-264
8
254
465
637
766
851
891
889
848
773
671
548
413
275
142
23
-73
-142
-175
-168
-120
-29
103
275
480
711
959
1216
1468
1706
1915
2085
2205
2263
2252
2166
1998
1749
1419
1012
535
-1
-585
-1202
-1834
-2463
-3069
-3632
-4133
-4552
-4872
-5078
-5157
-5099
-4900
-4557
-4073
-3456
-2716
-1869
-934
66
1106
2159
3196
4187
5103
5916
6602
7136
7499
7677
7660
7443
7026
6416
5626
4671
3576
2366
1072
-272
-1633
-2973
-4256
-5447
-6513
-7424
-8155
-8683
-8994
-9077
-8929
-8552
-7955
-7154
-6169
-5026
-3755
-2390
-966
477
1904
3276
4558
5716
6721
7549
8179
8597
8796
8772
8530
8080
7437
6621
5656
4571
3397
2166
910
-335
-1541
-2676
-3714
-4632
-5409
-6031
-6489
-6776
-6892
-6842
-6634
-6280
-5797
-5202
-4517
-3762
-2960
-2134
-1305
-493
284
1010
1672
2260
2766
3185
3516
3759
3919
3998
4005
3947
3831
3667
3463
3227
2965
2684
2388
2082
1767
1446
1119
786
446
99
-254
-616
-984
-1357
-1732
-2103
-2466
-2813
-3137
-3429
-3678
-3874
-4009
-4073
-4057
-3955
-3762
-3475
-3095
-2624
-2068
-1438
-743
0
773
1558
2335
3080
3772
4388
4909
5315
5590
5723
5704
5528
5196
4713
4089
3337
2479
1535
532
-499
-1531
-2532
-3469
-4315
-5041
-5623
-6041
-6280
-6329
-6185
-5851
-5333
-4647
-3813
-2856
-1804
-692
445
1572
2650
3646
4525
5257
5817
6186
6349
6299
6037
5570
4912
4083
3109
2024
862
-336
-1533
-2686
-3755
-4704
-5498
-6109
-6515
-6698
-6650
-6370
-5865
-5150
-4247
-3184
-1995
-720
599
1919
3195
4382
5440
6330
7022
7490
7714
7684
7399
6864
6095
5113
3950
2641
1228
-244
-1727
-3174
-4537
-5771
-6834
-7691
-8313
-8678
-8774
-8594
-8145
-7438
-6496
-5348
-4030
-2583
-1054
508
2055
3538
4909
6126
7151
7951
8503
8791
8807
8554
8041
7288
6321
5172
3882
2493
1051
-396
-1802
-3123
-4318
-5349
-6186
-6807
-7194
-7342
-7250
-6928
-6393
-5667
-4783
-3774
-2678
-1538
-394
711
1741
2660
3438
4050
4479
4715
4754
4602
4271
3780
3153
2421
1617
777
-60
-860
-1587
-2210
-2702
-3041
-3212
-3207
-3025
-2674
-2166
-1524
-773
54
924
1797
2635
3400
4055
4568
4911
5062
5007
4738
4257
3573
2702
1671
512
-738
-2037
-3339
-4596
-5762
-6790
-7640
-8274
-8663
-8782
-8619
-8168
-7435
-6435
-5191
-3737
-2113
-368
1445
3272
5053
6732
8252
9562
10616
11377
11813
11907
11648
11039
10092
8832
7293
5518
3558
1471
-681
-2834
-4924
-6886
-8661
-10194
-11438
-12355
-12917
-13106
-12917
-12355
-11438
-10194
-8661
-6886
-4924
-2834
-681
1471
3558
5518
7293
8832
10092
11039
11648
11907
11813
11377
10616
9562
8252
6732
5053
3272
1445
-368
-2113
-3737
-5191
-6435
-7435
-8168
-8619
-8782
-8663
-8274
-7640
-6790
-5762
-4596
-3339
-2037
-738
512
1671
2702
3573
4257
4738
5007
5062
4911
4568
4055
3400
2635
1797
924
54
-773
-1524
-2166
-2674
-3025
-3207
-3212
-3041
-2702
-2210
-1587
-860
-60
777
1617
2421
3153
3780
4271
4602
4754
4715
4479
4050
3438
2660
1741
711
-394
-1538
-2678
-3774
-4783
-5667
-6393
-6928
-7250
-7342
-7194
-6807
-6186
-5349
-4318
-3123
-1802
-396
1051
2493
3882
5172
6321
7288
8041
8554
8807
8791
8503
7951
7151
6126
4909
3538
2055
508
-1054
-2583
-4030
-5348
-6496
-7438
-8145
-8594
-8774
-8678
-8313
-7691
-6834
-5771
-4537
-3174
-1727
-244
1228
2641
3950
5113
6095
6864
7399
7684
7714
7490
7022
6330
5440
4382
3195
1919
599
-720
-1995
-3184
-4247
-5150
-5865
-6370
-6650
-6698
-6515
-6109
-5498
-4704
-3755
-2686
-1533
-336
862
2024
3109
4083
4912
5570
6037
6299
6349
6186
5817
5257
4525
3646
2650
1572
445
-692
-1804
-2856
-3813
-4647
-5333
-5851
-6185
-6329
-6280
-6041
-5623
-5041
-4315
-3469
-2532
-1531
-499
532
1535
2479
3337
4089
4713
5196
5528
5704
5723
5590
5315
4909
4388
3772
3080
2335
1558
773
0
-743
-1438
-2068
-2624
-3095
-3475
-3762
-3955
-4057
-4073
-4009
-3874
-3678
-3429
-3137
-2813
-2466
-2103
-1732
-1357
-984
-616
-254
99
446
786
1119
1446
1767
2082
2388
2684
2965
3227
3463
3667
3831
3947
4005
3998
3919
3759
3516
3185
2766
2260
1672
1010
284
-493
-1305
-2134
-2960
-3762
-4517
-5202
-5797
-6280
-6634
-6842
-6892
-6776
-6489
-6031
-5409
-4632
-3714
-2676
-1541
-335
910
2166
3397
4571
5656
6621
7437
8080
8530
8772
8796
8597
8179
7549
6721
5716
4558
3276
1904
477
-966
-2390
-3755
-5026
-6169
-7154
-7955
-8552
-8929
-9077
-8994
-8683
-8155
-7424
-6513
-5447
-4256
-2973
-1633
-272
1072
2366
3576
4671
5626
6416
7026
7443
7660
7677
7499
7136
6602
5916
5103
4187
3196
2159
1106
66
-934
-1869
-2716
-3456
-4073
-4557
-4900
-5099
-5157
-5078
-4872
-4552
-4133
-3632
-3069
-2463
-1834
-1202
-585
-1
535
1012
1419
1749
1998
2166
2252
2263
2205
2085
1915
1706
1468
1216
959
711
480
275
103
-29
-120
-168
-175
-142
-73
23
142
275
413
548
671
773
848
889
891
851
766
637
465
254
8
-264
-558
-863
-1171
-1471
-1754
-2009
-2227
-2401
-2522
-2585
-2585
-2519
-2387
-2188
-1926
-1605
-1231
-812
-357
122
615
1112
1597
2060
2489
2871
3197
3456
3641
3746
3766
3698
3542
3300
2976
2575
2105
1577
1001
391
-239
-875
-1503
-2106
-2670
-3180
-3622
-3986
-4259
-4436
-4508
-4472
-4329
-4078
-3725
-3276
-2742
-2134
-1466
-755
-17
728
1462
2166
2822
3410
3916
4325
4624
4804
4860
4787
4587
4263
3824
3278
2641
1929
1161
358
-457
-1262
-2034
-2750
-3390
-3933
-4363
-4667
-4834
-4858
-4737
-4473
-4072
-3546
-2910
-2180
-1380
-532
336
1199
2030
2802
3490
4071
4524
4835
4990
4983
4811
4476
3988
3358
2606
1752
823
-152
-1143
-2118
-3045
-3892
-4630
-5233
-5678
-5947
-6026
-5909
-5594
-5085
-4396
-3542
-2547
-1439
-249
985
2228
3440
4582
5616
6508
7225
7741
8035
8091
7902
7467
6792
5892
4789
3511
2091
569
-1012
-2607
-4170
-5652
-7009
-8197
-9179
-9922
-10398
-10589
-10483
-10077
-9379
-8401
-7167
-5709
-4062
-2272
-386
1542
3462
5317
7056
8628
9987
11093
11911
12417
12593
12431
11932
11107
9976
8568
6919
5073
3079
990
-1136
-3244
-5276
-7177
-8896
-10385
-11605
-12523
-13114
-13363
-13263
-12819
-12042
-10954
-9586
-7975
-6164
-4204
-2146
-45
2041
4061
5961
7692
9211
10479
11468
12154
12524
12571
12301
11723
10858
9733
8381
6841
5156
3373
1539
-297
-2090
-3793
-5364
-6768
-7971
-8949
-9681
-10156
-10369
-10321
-10021
-9484
-8731
-7788
-6684
-5452
-4128
-2749
-1350
31
1361
2610
3749
4753
5603
6285
6788
7108
7246
7206
6998
6635
6135
5515
4799
4008
3167
2299
1427
573
-242
-1003
-1694
-2302
-2817
-3234
-3550
-3764
-3879
-3900
-3834
-3690
-3478
-3210
-2898
-2553
-2188
-1813
-1440
-1078
-734
-416
-127
127
346
529
678
794
880
941
980
1002
1012
1016
1016
1017
1022
1033
1052
1079
1114
1156
1203
1251
1298
1340
1372
1392
1393
1374
1329
1257
1154
1021
855
659
432
179
-97
-393
-702
-1019
-1337
-1648
-1945
-2219
-2465
-2674
-2839
-2955
-3016
-3018
-2959
-2837
-2650
-2402
-2094
-1731
-1318
-863
-374
139
667
1198
1721
2224
2695
3123
3497
3808
4046
4206
4279
4264
4158
3961
3676
3306
2857
2339
1761
1134
473
-210
-899
-1580
-2238
-2856
-3421
-3920
-4341
-4673
-4908
-5040
-5065
-4981
-4791
-4496
-4103
-3621
-3059
-2430
-1747
-1025
-280
470
1212
1928
2602
3221
3770
4240
4620
4903
5083
5158
5128
4993
4759
4431
4018
3529
2974
2367
1721
1047
362
-323
-994
-1639
-2246
-2806
-3308
-3745
-4110
-4400
-4609
-4737
-4783
-4747
-4631
-4439
-4174
-3842
-3447
-2997
-2498
-1956
-1381
-779
-160
468
1098
1720
2325
2904
3447
3946
4393
4777
5090
5326
5477
5536
5498
5360
5119
4775
4328
3782
3143
2419
1618
755
-157
-1102
-2061
-3015
-3943
-4823
-5634
-6355
-6965
-7447
-7782
-7958
-7962
-7789
-7434
-6898
-6187
-5311
-4284
-3125
-1857
-507
894
2318
3728
5089
6368
7529
8542
9377
10007
10412
10576
10488
10145
9547
8705
7633
6353
4893
3286
1569
-216
-2028
-3819
-5545
-7160
-8623
-9893
-10935
-11721
-12225
-12433
-12335
-11929
-11223
-10232
-8977
-7489
-5803
-3960
-2006
8
2034
4020
5914
7669
9238
10581
11664
12458
12943
2080
503
-1076
-2612
-4062
-5386
-6546
-7514
-8263
-8776
-9042
-9058
-8827
-8361
-7677
-6797
-5751
-4569
-3289
-1946
-580
773
2076
3297
4404
5371
6177
6806
7245
7491
7543
7406
7091
6611
5986
5235
4383
3455
2475
1470
465
-516
-1454
-2328
-3121
-3819
-4412
-4893
-5257
-5501
-5628
-5640
-5542
-5343
-5049
-4670
-4217
-3700
-3130
-2516
-1871
-1203
-523
159
835
1496
2133
2738
3301
3816
4273
4665
4985
5224
5376
5436
5397
5257
5012
4663
4211
3658
3013
2282
1477
611
-298
-1235
-2179
-3108
-4000
-4833
-5583
-6229
-6752
-7132
-7355
-7409
-7286
-6982
-6499
-5843
-5024
-4058
-2966
-1771
-502
809
2131
3429
4668
5814
6834
7699
8383
8863
9124
9153
8947
8507
7840
6963
5894
4661
3294
1829
303
-1241
-2765
-4226
-5586
-6806
-7853
-8700
-9322
-9830
-9702
-9322
-8700
-7853
-6806
-5586
-4226
-2765
-1241
303
1829
3294
4661
5894
6963
7840
8507
8947
9153
9124
8863
8383
7699
6834
5814
4668
3429
2131
809
-502
-1771
-2966
-4058
-5024
-5843
-6499
-6982
-7286
-7409
-7355
-7132
-6752
-6229
-5583
-4833
-4000
-3108
-2179
-1235
-298
611
1477
2282
3013
3658
4211
4663
5012
5257
5397
5436
5376
5224
4985
4665
4273
3816
3301
2738
2133
1496
835
159
-523
-1203
-1871
-2516
-3130
-3700
-4217
-4670
-5049
-5343
-5542
-5640
-5628
-5501
-5257
-4893
-4412
-3819
-3121
-2328
-1454
-516
465
1470
2475
3455
4383
5235
5986
6611
7091
7406
7543
7491
7245
6806
6177
5371
4404
3297
2076
773
-580
-1946
-3289
-4569
-5751
-6797
-7677
-8361
-8827
-9058
-9042
-8776
-8263
-7514
-6546
-5386
-4062
-2612
-1076
503
2080
3609
5045
6346
7473
8392
9074
9499
9653
9530
9134
8475
7573
6454
5151
3703
2154
549
-1061
-2632
-4114
-5465
-6643
-7615
-8352
-8834
-9049
-8993
-8670
-8093
-7282
-6266
-5078
-3758
-2349
-896
553
1956
3266
4445
5458
6275
6873
7239
7365
7252
6911
6356
5612
4709
3682
2567
1406
240
-888
-1944
-2889
-3694
-4334
-4788
-5047
-5105
-4966
-4640
-4144
-3503
-2744
-1900
-1007
-102
777
1597
2322
2925
3380
3669
3781
3711
3462
3043
2471
1769
967
95
-808
-1707
-2563
-3339
-4000
-4515
-4859
-5012
-4961
-4701
-4236
-3575
-2737
-1746
-636
557
1792
3026
4214
5310
6272
7061
7644
7993
8086
7913
7470
6763
5807
4626
3252
1723
85
-1611
-3314
-4969
-6522
-7921
-9119
-10073
-10748
-11117
-11162
-10874
-10257
-9323
-8094
-6603
-4891
-3006
-1002
1063
3129
5133
7017
8722
10197
11398
12285
12833
13021
12844
12304
11417
10206
8706
6961
5019
2938
777
-1402
-3537
-5568
-7437
-9092
-10487
-11586
-12359
-12789
-12866
-12593
-11982
-11055
-9841
-8381
-6718
-4904
-2991
-1034
908
2786
4547
6144
7538
8695
9590
10205
10532
10572
10332
9830
9088
8136
7009
5745
4386
2973
1548
151
-1179
-2411
-3515
-4467
-5249
-5851
-6266
-6497
-6549
-6434
-6168
-5772
-5267
-4679
-4031
-3350
-2659
-1979
-1331
-730
-190
281
679
1003
1254
1439
1565
1644
1686
1704
1712
1719
1736
1773
1834
1923
2040
2183
2346
2520
2696
2861
3002
3105
3155
3141
3051
2875
2607
2244
1786
1238
608
-91
-847
-1638
-2444
-3241
-4004
-4710
-5332
-5849
-6238
-6483
-6569
-6485
-6228
-5798
-5200
-4446
-3551
-2538
-1431
-259
946
2151
3322
4426
5429
6302
7018
7555
7896
8029
7948
7655
7155
6462
5596
4580
3443
2216
936
-360
-1637
-2859
-3990
-4998
-5857
-6542
-7036
-7327
-7409
-7283
-6957
-6442
-5759
-4929
-3981
-2946
-1856
-746
348
1397
2367
3231
3965
4550
4972
5221
5296
5200
4940
4532
3994
3348
2619
1837
1030
227
-542
-1251
-1877
-2398
-2798
-3064
-3190
-3174
-3019
-2736
-2335
-1836
-1260
-629
28
687
1321
1903
2409
2818
3112
3276
3302
3186
2928
2534
2015
1388
671
-111
-933
-1767
-2584
-3355
-4051
-4646
-5116
-5443
-5609
-5605
-5424
-5067
-4538
-3849
-3015
-2059
-1004
119
1282
2450
3589
4666
5648
6505
7210
7739
8074
8201
8113
7808
7289
6567
5658
4582
3366
2040
636
-809
-2258
-3675
-5021
-6262
-7363
-8297
-9037
-9563
-9859
-9916
-9732
-9309
-8655
-7786
-6722
-5488
-4113
-2632
-1078
508
2091
3631
5091
6436
7634
8655
9475
10074
10439
10561
10437
10071
9471
8652
7635
6442
5104
3651
2118
540
-1043
-2598
-4088
-5478
-6736
-7835
-8750
-9461
-9953
-10216
-10246
-10044
-9616
-8973
-8133
-7117
-5948
-4656
-3271
-1826
-355
1109
2532
3882
5129
6246
7208
7996
8593
8990
9178
9157
8931
8508
7900
7125
6203
5157
4015
2804
1553
292
-949
-2144
-3264
-4286
-5189
-5953
-6565
-7015
-7295
-7404
-7344
-7120
-6743
-6226
-5585
-4838
-4008
-3115
-2183
-1235
-294
618
1481
2278
2991
3607
4116
4511
4788
4946
4986
4915
4738
4468
4114
3690
3212
2692
2147
1592
1040
504
-2
-472
-895
-1265
-1578
-1832
-2026
-2162
-2243
-2272
-2256
-2201
-2114
-2001
-1870
-1727
-1579
-1431
-1288
-1152
-1027
-913
-811
-719
-636
-559
-485
-411
-334
-249
-154
-47
75
213
367
536
718
910
1108
1307
1503
1688
1858
2005
2123
2207
2252
2253
2208
2113
1970
1777
1537
1255
934
581
204
-189
-590
-990
-1377
-1744
-2081
-2378
-2629
-2826
-2965
-3040
-3051
-2995
-2874
-2691
-2448
-2153
-1811
-1430
-1020
-589
-148
292
724
1137
1522
1871
2177
2433
2635
2779
2864
2889
2855
2764
2618
2424
2185
1908
1601
1270
922
566
208
-143
-483
-803
-1099
-1366
-1600
-1797
-1955
-2073
-2150
-2186
-2182
-2139
-2061
-1949
-1807
-1638
-1447
-1237
-1013
-780
-541
-301
-64
165
385
590
778
947
1094
1218
1316
1390
1438
1460
1459
1433
1386
1319
1235
1137
1026
906
781
652
523
397
275
160
53
-43
-131
-209
-277
-336
-388
-434
-476
-517
-557
-599
-645
-697
-755
-820
-891
-968
-1050
-1133
-1216
-1294
-1363
-1418
-1455
-1468
-1452
-1404
-1318
-1193
-1024
-812
-557
-261
72
439
832
1242
1661
2076
2477
2851
3185
3466
3683
3824
3880
3842
3704
3465
3122
2678
2140
1515
816
57
-744
-1569
-2395
-3202
-3965
-4661
-5269
-5767
-6137
-6362
-6432
-6336
-6070
-5636
-5038
-4286
-3395
-2385
-1279
-104
1108
2329
3523
4656
5697
6612
7375
7958
8343
8512
8456
8171
7660
6932
6002
4892
3629
2246
780
-730
-2244
-3718
-5111
-6381
-7491
-8408
-9103
-9553
-9742
-9662
-9313
-8700
-7838
-6750
-5465
-4018
-2448
-800
878
2540
4137
5623
6953
8087
8993
9642
10014
10097
9888
9391
8620
7597
6352
4920
3343
1668
-54
-1775
-3442
-5005
-6418
-7638
-8628
-9358
-9807
-9960
-9813
-9370
-8644
-7658
-6441
-5030
-3467
-1801
-82
1637
3305
4871
6286
7509
8500
9231
9679
9830
9679
9231
8500
7509
6286
4871
3305
1637
-82
-1801
-3467
-5030
-6441
-7658
-8644
-9370
-9813
-9960
-9807
-9358
-8628
-7638
-6418
-5005
-3442
-1775
-54
1668
3343
4920
6352
7597
8620
9391
9888
10097
10014
9642
8993
8087
6953
5623
4137
2540
878
-800
-2448
-4018
-5465
-6750
-7838
-8700
-9313
-9662
-9742
-9553
-9103
-8408
-7491
-6381
-5111
-3718
-2244
-730
780
2246
3629
4892
6002
6932
7660
8171
8456
8512
8343
7958
7375
6612
5697
4656
3523
2329
1108
-104
-1279
-2385
-3395
-4286
-5038
-5636
-6070
-6336
-6432
-6362
-6137
-5767
-5269
-4661
-3965
-3202
-2395
-1569
-744
57
816
1515
2140
2678
3122
3465
3704
3842
3880
3824
3683
3466
3185
2851
2477
2076
1661
1242
832
439
72
-261
-557
-812
-1024
-1193
-1318
-1404
-1452
-1468
-1455
-1418
-1363
-1294
-1216
-1133
-1050
-968
-891
-820
-755
-697
-645
-599
-557
-517
-476
-434
-388
-336
-277
-209
-131
-43
53
160
275
397
523
652
781
906
1026
1137
1235
1319
1386
1433
1459
1460
1438
1390
1316
1218
1094
947
778
590
385
165
-64
-301
-541
-780
-1013
-1237
-1447
-1638
-1807
-1949
-2061
-2139
-2182
-2186
-2150
-2073
-1955
-1797
-1600
-1366
-1099
-803
-483
-143
208
566
922
1270
1601
1908
2185
2424
2618
2764
2855
2889
2864
2779
2635
2433
2177
1871
1522
1137
724
292
-148
-589
-1020
-1430
-1811
-2153
-2448
-2691
-2874
-2995
-3051
-3040
-2965
-2826
-2629
-2378
-2081
-1744
-1377
-990
-590
-189
204
581
934
1255
1537
1777
1970
2113
2208
2253
2252
2207
2123
2005
1858
1688
1503
1307
1108
910
718
536
367
213
75
-47
-154
-249
-334
-411
-485
-559
-636
-719
-811
-913
-1027
-1152
-1288
-1431
-1579
-1727
-1870
-2001
-2114
-2201
-2256
-2272
-2243
-2162
-2026
-1832
-1578
-1265
-895
-472
-2
504
1040
1592
2147
2692
3212
3690
4114
4468
4738
4915
4986
4946
4788
4511
4116
3607
2991
2278
1481
618
-294
-1235
-2183
-3115
-4008
-4838
-5585
-6226
-6743
-7120
-7344
-7404
-7295
-7015
-6565
-5953
-5189
-4286
-3264
-2144
-949
292
1553
2804
4015
5157
6203
7125
7900
8508
8931
9157
9178
8990
8593
7996
7208
6246
5129
3882
2532
1109
-355
-1826
-3271
-4656
-5948
-7117
-8133
-8973
-9616
-10044
-10246
-10216
-9953
-9461
-8750
-7835
-6736
-5478
-4088
-2598
-1043
540
2118
3651
5104
6442
7635
8652
9471
10071
10437
10561
10439
10074
9475
8655
7634
6436
5091
3631
2091
508
-1078
-2632
-4113
-5488
-6722
-7786
-8655
-9309
-9732
-9916
-9859
-9563
-9037
-8297
-7363
-6262
-5021
-3675
-2258
-809
636
2040
3366
4582
5658
6567
7289
7808
8113
8201
8074
7739
7210
6505
5648
4666
3589
2450
1282
119
-1004
-2059
-3015
-3849
-4538
-5067
-5424
-5605
-5609
-5443
-5116
-4646
-4051
-3355
-2584
-1767
-933
-111
671
1388
2015
2534
2928
3186
3302
3276
3112
2818
2409
1903
1321
687
28
-629
-1260
-1836
-2335
-2736
-3019
-3174
-3190
-3064
-2798
-2398
-1877
-1251
-542
227
1030
1837
2619
3348
3994
4532
4940
5200
5296
5221
4972
4550
3965
3231
2367
1397
348
-746
-1856
-2946
-3981
-4929
-5759
-6442
-6957
-7283
-7409
-7327
-7036
-6542
-5857
-4998
-3990
-2859
-1637
-360
936
2216
3443
4580
5596
6462
7155
7655
7948
8029
7896
7555
7018
6302
5429
4426
3322
2151
946
-259
-1431
-2538
-3551
-4446
-5200
-5798
-6228
-6485
-6569
-6483
-6238
-5849
-5332
-4710
-4004
-3241
-2444
-1638
-847
-91
608
1238
1786
2244
2607
2875
3051
3141
3155
3105
3002
2861
2696
2520
2346
2183
2040
1923
1834
1773
1736
1719
1712
1704
1686
1644
1565
1439
1254
1003
679
281
-190
-730
-1331
-1979
-2659
-3350
-4031
-4679
-5267
-5772
-6168
-6434
-6549
-6497
-6266
-5851
-5249
-4467
-3515
-2411
-1179
151
1548
2973
4386
5745
7009
8136
9088
9830
10332
10572
10532
10205
9590
8695
7538
6144
4547
2786
908
-1034
-2991
-4904
-6718
-8381
-9841
-11055
-11982
-12593
-12866
-12789
-12359
-11586
-10487
-9092
-7437
-5568
-3537
-1402
777
2938
5019
6961
8706
10206
11417
12304
12844
13021
12833
12285
11398
10197
8722
7017
5133
3129
1063
-1002
-3006
-4891
-6603
-8094
-9323
-10257
-10874
-11162
-11117
-10748
-10073
-9119
-7921
-6522
-4969
-3314
-1611
85
1723
3252
4626
5807
6763
7470
7913
8086
7993
7644
7061
6272
5310
4214
3026
1792
557
-636
-1746
-2737
-3575
-4236
-4701
-4961
-5012
-4859
-4515
-4000
-3339
-2563
-1707
-808
95
967
1769
2471
3043
3462
3711
3781
3669
3380
2925
2322
1597
777
-102
-1007
-1900
-2744
-3503
-4144
-4640
-4966
-5105
-5047
-4788
-4334
-3694
-2889
-1944
-888
240
1406
2567
3682
4709
5612
6356
6911
7252
7365
7239
6873
6275
5458
4445
3266
1956
553
-896
-2349
-3758
-5078
-6266
-7282
-8093
-8670
-8993
-9049
-8834
-8352
-7615
-6643
-5465
-4114
-2632
-1061
549
2154
3703
5151
6454
7573
8475
9134
9530
9653
9499
9074
8392
7473
6346
5045
3609
2080
503
-1076
-2612
-4062
-5386
-6546
-7514
-8263
-8776
-9042
-9058
-8827
-8361
-7677
-6797
-5751
-4569
-3289
-1946
-580
773
2076
3297
4404
5371
6177
6806
7245
7491
7543
7406
7091
6611
5986
5235
4383
3455
2475
1470
465
-516
-1454
-2328
-3121
-3819
-4412
-4893
-5257
-5501
-5628
-5640
-5542
-5343
-5049
-4670
-4217
-3700
-3130
-2516
-1871
-1203
-523
159
835
1496
2133
2738
3301
3816
4273
4665
4985
5224
5376
5436
5397
5257
5012
4663
4211
3658
3013
2282
1477
611
-298
-1235
-2179
-3108
-4000
-4833
-5583
-6229
-6752
-7132
-7355
-7409
-7286
-6982
-6499
-5843
-5024
-4058
-2966
-1771
-502
809
2131
3429
4668
5814
6834
7699
8383
8863
9124
9153
8947
8507
7840
6963
5894
4661
3294
1829
303
-1241
-2765
-4226
-5586
-6806
-7853
-8700
-9322
-9702
-2071
-2804
-3394
-3819
-4065
-4124
-3997
-3689
-3217
-2599
-1862
-1038
-160
736
1612
2433
3164
3773
4235
4529
4640
4561
4290
3836
3211
2438
1541
553
-490
-1553
-2594
-3575
-4460
-5212
-5803
-6208
-6407
-6391
-6154
-5700
-5042
-4197
-3191
-2055
-825
458
1753
3017
4208
5285
6212
6957
7492
7799
7865
7686
7267
6617
5758
4715
3520
2210
827
-585
-1984
-3324
-4565
-5667
-6595
-7323
-7828
-8095
-8118
-7897
-7442
-6768
-5899
-4862
-3694
-2430
-1111
220
1524
2760
3891
4885
5713
6353
6791
7016
7027
6830
6435
5862
5132
4274
3318
2297
1246
199
-810
-1753
-2602
-3333
-3929
-4376
-4667
-4801
-4781
-4616
-4320
-3911
-3409
-2837
-2220
-1582
-947
-339
222
720
1141
1475
1717
1864
1921
1893
1791
1629
1420
1182
931
685
459
267
121
0
30
121
267
459
685
931
1182
1420
1629
1791
1893
1921
1864
1717
1475
1141
720
222
-339
-947
-1582
-2220
-2837
-3409
-3911
-4320
-4616
-4781
-4801
-4667
-4376
-3929
-3333
-2602
-1753
-810
199
1246
2297
3318
4274
5132
5862
6435
6830
7027
7016
6791
6353
5713
4885
3891
2760
1524
220
-1111
-2430
-3694
-4862
-5899
-6768
-7442
-7897
-8118
-8095
-7828
-7323
-6595
-5667
-4565
-3324
-1984
-585
827
2210
3520
4715
5758
6617
7267
7686
7865
7799
7492
6957
6212
5285
4208
3017
1753
458
-825
-2055
-3191
-4197
-5042
-5700
-6154
-6391
-6407
-6208
-5803
-5212
-4460
-3575
-2594
-1553
-490
553
1541
2438
3211
3836
4290
4561
4640
4529
4235
3773
3164
2433
1612
736
-160
-1038
-1862
-2599
-3217
-3689
-3997
-4124
-4065
-3819
-3394
-2804
-2071
-1222
-289
691
1681
2642
3534
4319
4965
5441
5724
5797
5651
5283
4700
3917
2956
1845
621
-677
-2006
-3320
-4572
-5718
-6714
-7522
-8109
-8450
-8525
-8326
-7851
-7110
-6118
-4904
-3499
-1947
-292
1413
3117
4766
6306
7686
8862
9793
10445
10795
10827
10535
9925
9010
7816
6375
4728
2924
1014
-942
-2889
-4768
-6521
-8096
-9446
-10528
-11310
-11768
-11889
-11668
-11111
-10236
-9068
-7642
-6001
-4193
-2272
-296
1679
3594
5395
7030
8452
9622
10509
11089
11349
11286
10905
10222
9260
8052
6636
5056
3362
1604
-166
-1897
-3540
-5049
-6383
-7508
-8395
-9026
-9388
-9477
-9297
-8862
-8191
-7310
-6250
-5048
-3742
-2373
-984
384
1695
2911
4000
4936
5697
6268
6641
6811
6783
6567
6175
5629
4950
4164
3300
2386
1452
526
-365
-1199
-1953
-2610
-3157
-3583
-3884
-4059
-4110
-4045
-3872
-3605
-3257
-2844
-2383
-1891
-1385
-880
-391
70
492
868
1190
1455
1661
1810
1902
1942
1935
1887
1804
1692
1559
1409
1249
1082
913
745
578
415
255
97
-56
-210
-362
-514
-666
-817
-965
-1109
-1246
-1372
-1482
-1573
-1638
-1673
-1673
-1634
-1551
-1423
-1249
-1028
-762
-456
-114
254
642
1039
1434
1813
2165
2476
2735
2930
3051
3089
3040
2899
2666
2342
1933
1448
896
293
-347
-1006
-1666
-2305
-2904
-3445
-3907
-4276
-4536
-4676
-4688
-4567
-4313
-3929
-3423
-2805
-2091
-1299
-450
433
1327
2205
3042
3815
4498
5073
5521
5826
5980
5974
5809
5485
5011
4399
3663
2823
1902
924
-83
-1095
-2082
-3019
-3880
-4642
-5285
-5793
-6152
-6354
-6394
-6274
-5996
-5572
-5012
-4334
-3556
-2701
-1791
-850
95
1023
1910
2735
3477
4122
4657
5070
5356
5512
5540
5442
5227
4904
4485
3984
3418
2801
2151
1483
814
157
-472
-1064
-1610
-2100
-2530
-2895
-3195
-3429
-3599
-3707
-3757
-3754
-3703
-3608
-3474
-3305
-3106
-2880
-2630
-2356
-2061
-1746
-1410
-1053
-677
-281
132
563
1009
1466
1929
2392
2849
3289
3706
4087
4423
4702
4913
5047
5093
5043
4890
4631
4263
3786
3204
2523
1754
907
0
-951
-1926
-2903
-3859
-4770
-5613
-6363
-6999
-7502
-7853
-8038
-8047
-7872
-7512
-6969
-6249
-5365
-4332
-3171
-1907
-566
820
2221
3604
4933
6177
7304
8285
9093
9705
10104
10276
10214
9915
9382
8625
7659
6503
5183
3727
2170
545
-1107
-2751
-4347
-5856
-7243
-8474
-9519
-10352
-10953
-11306
-11402
-11236
-10813
-10139
-9232
-8110
-6799
-5330
-3736
-2054
-323
1416
3124
4761
6288
7671
8877
9878
10652
11180
11452
11460
11206
10697
9944
8966
7787
6435
4943
3345
1679
-14
-1696
-3327
-4870
-6288
-7549
-8625
-9490
-10128
-10523
-10670
-10566
-10216
-9632
-8828
-7827
-6655
-5341
-3920
-2426
-897
629
2116
3528
4831
5995
6993
7803
8407
8795
8960
8902
8627
8145
7473
6632
5647
4547
3362
2125
870
-368
-1560
-2673
-3680
-4556
-5281
-5840
-6222
-6422
-6439
-6279
-5952
-5472
-4859
-4135
-3326
-2457
-1559
-658
215
1036
1781
2428
2960
3363
3628
3752
3735
3582
3304
2915
2431
1875
1267
634
0
-611
-1174
-1669
-2076
-2380
-2567
-2631
-2569
-2382
-2076
-1661
-1153
-570
65
732
1404
2055
2659
3193
3634
3962
4161
4219
4129
3888
3499
2969
2312
1545
688
-232
-1190
-2155
-3097
-3985
-4791
-5486
-6045
-6449
-6680
-6726
-6581
-6245
-5722
-5025
-4168
-3174
-2068
-880
358
1612
2847
4028
5121
6094
6920
7575
8037
8294
8337
8163
7775
7185
6406
5459
4371
3169
1885
555
-785
-2103
-3362
-4530
-5577
-6478
-7209
-7755
-8104
-8250
-8191
-7934
-7488
-6869
-6096
-5192
-4183
-3097
-1964
-813
325
1425
2460
3406
4244
4957
5534
5965
6248
6382
6371
6224
5951
5565
5082
4518
3893
3223
2526
1820
1119
439
-209
-815
-1372
-1874
-2318
-2701
-3026
-3292
-3504
-3664
-3778
-3848
-3879
-3873
-3835
-3764
-3663
-3530
-3365
-3165
-2929
-2653
-2336
-1975
-1568
-1116
-620
-82
492
1097
1724
2362
2999
3621
4211
4755
5235
5635
5938
6131
6200
6135
5930
5580
5085
4449
3680
2791
1799
722
-413
-1582
-2756
-3905
-4997
-6002
-6891
-7637
-8214
-8603
-8787
-8756
-8504
-8031
-7346
-6459
-5391
-4166
-2811
-1362
144
1671
3177
4621
5963
7167
8197
9025
9626
9980
10076
9909
9480
8800
7885
6759
5450
3994
2429
798
-854
-2484
-4046
-5497
-6798
-7912
-8809
-9465
-9862
-9989
-9844
-9432
-8765
-7863
-6753
-5466
-4039
-2515
-935
654
2209
3685
5042
6241
7251
8045
8600
8905
8954
8746
8292
7607
6713
5639
4418
3088
1688
260
-1152
-2510
-3773
-4905
-5874
-6654
-7225
-7571
-7685
-7567
-7224
-6668
-5919
-5002
-3946
-2785
-1555
-295
956
2163
3287
4297
5162
5857
6363
6666
6760
6643
6320
5804
5111
4265
3293
2225
1095
-61
-1210
-2314
-3342
-4261
-5044
-5667
-6113
-6369
-6427
-6286
-5952
-5436
-4752
-3924
-2976
-1937
-840
282
1397
2470
3468
4362
5124
5732
6169
6420
6479
6343
6018
5512
4841
4025
3089
2059
968
-152
-1270
-2350
-3362
-4275
-5062
-5699
-6169
-6456
-6553
-6456
-6169
-5699
-5062
-4275
-3362
-2350
-1270
-152
968
2059
3089
4025
4841
5512
6018
6343
6479
6420
6169
5732
5124
4362
3468
2470
1397
282
-840
-1937
-2976
-3924
-4752
-5436
-5952
-6286
-6427
-6369
-6113
-5667
-5044
-4261
-3342
-2314
-1210
-61
1095
2225
3293
4265
5111
5804
6320
6643
6760
6666
6363
5857
5162
4297
3287
2163
956
-295
-1555
-2785
-3946
-5002
-5919
-6668
-7224
-7567
-7685
-7571
-7225
-6654
-5874
-4905
-3773
-2510
-1152
260
1688
3088
4418
5639
6713
7607
8292
8746
8954
8905
8600
8045
7251
6241
5042
3685
2209
654
-935
-2515
-4039
-5466
-6753
-7863
-8765
-9432
-9844
-9989
-9862
-9465
-8809
-7912
-6798
-5497
-4046
-2484
-854
798
2429
3994
5450
6759
7885
8800
9480
9909
10076
9980
9626
9025
8197
7167
5963
4621
3177
1671
144
-1362
-2811
-4166
-5391
-6459
-7346
-8031
-8504
-8756
-8787
-8603
-8214
-7637
-6891
-6002
-4997
-3905
-2756
-1582
-413
722
1799
2791
3680
4449
5085
5580
5930
6135
6200
6131
5938
5635
5235
4755
4211
3621
2999
2362
1724
1097
492
-82
-620
-1116
-1568
-1975
-2336
-2653
-2929
-3165
-3365
-3530
-3663
-3764
-3835
-3873
-3879
-3848
-3778
-3664
-3504
-3292
-3026
-2701
-2318
-1874
-1372
-815
-209
439
1119
1820
2526
3223
3893
4518
5082
5565
5951
6224
6371
6382
6248
5965
5534
4957
4244
3406
2460
1425
325
-813
-1964
-3097
-4183
-5192
-6096
-6869
-7488
-7934
-8191
-8250
-8104
-7755
-7209
-6478
-5577
-4530
-3362
-2103
-785
555
1885
3169
4371
5459
6406
7185
7775
8163
8337
8294
8037
7575
6920
6094
5121
4028
2847
1612
358
-880
-2068
-3174
-4168
-5025
-5722
-6245
-6581
-6726
-6680
-6449
-6045
-5486
-4791
-3985
-3097
-2155
-1190
-232
688
1545
2312
2969
3499
3888
4129
4219
4161
3962
3634
3193
2659
2055
1404
732
65
-570
-1153
-1661
-2076
-2382
-2569
-2631
-2567
-2380
-2076
-1669
-1174
-611
0
634
1267
1875
2431
2915
3304
3582
3735
3752
3628
3363
2960
2428
1781
1036
215
-658
-1559
-2457
-3326
-4135
-4859
-5472
-5952
-6279
-6439
-6422
-6222
-5840
-5281
-4556
-3680
-2673
-1560
-368
870
2125
3362
4547
5647
6632
7473
8145
8627
8902
8960
8795
8407
7803
6993
5995
4831
3528
2116
629
-897
-2426
-3920
-5341
-6655
-7827
-8828
-9632
-10216
-10566
-10670
-10523
-10128
-9490
-8625
-7549
-6288
-4870
-3327
-1696
-14
1679
3345
4943
6435
7787
8966
9944
10697
11206
11460
11452
11180
10652
9878
8877
7671
6288
4761
3124
1416
-323
-2054
-3736
-5330
-6799
-8110
-9232
-10139
-10813
-11236
-11402
-11306
-10953
-10352
-9519
-8474
-7243
-5856
-4347
-2751
-1107
545
2170
3727
5183
6503
7659
8625
9382
9915
10214
10276
10104
9705
9093
8285
7304
6177
4933
3604
2221
820
-566
-1907
-3171
-4332
-5365
-6249
-6969
-7512
-7872
-8047
-8038
-7853
-7502
-6999
-6363
-5613
-4770
-3859
-2903
-1926
-951
0
907
1754
2523
3204
3786
4263
4631
4890
5043
5093
5047
4913
4702
4423
4087
3706
3289
2849
2392
1929
1466
1009
563
132
-281
-677
-1053
-1410
-1746
-2061
-2356
-2630
-2880
-3106
-3305
-3474
-3608
-3703
-3754
-3757
-3707
-3599
-3429
-3195
-2895
-2530
-2100
-1610
-1064
-472
157
814
1483
2151
2801
3418
3984
4485
4904
5227
5442
5540
5512
5356
5070
4657
4122
3477
2735
1910
1023
95
-850
-1791
-2701
-3556
-4334
-5012
-5572
-5996
-6274
-6394
-6354
-6152
-5793
-5285
-4642
-3880
-3019
-2082
-1095
-83
924
1902
2823
3663
4399
5011
5485
5809
5974
5980
5826
5521
5073
4498
3815
3042
2205
1327
433
-450
-1299
-2091
-2805
-3423
-3929
-4313
-4567
-4688
-4676
-4536
-4276
-3907
-3445
-2904
-2305
-1666
-1006
-347
293
896
1448
1933
2342
2666
2899
3040
3089
3051
2930
2735
2476
2165
1813
1434
1039
642
254
-114
-456
-762
-1028
-1249
-1423
-1551
-1634
-1673
-1673
-1638
-1573
-1482
-1372
-1246
-1109
-965
-817
-666
-514
-362
-210
-56
97
255
415
578
745
913
1082
1249
1409
1559
1692
1804
1887
1935
1942
1902
1810
1661
1455
1190
868
492
70
-391
-880
-1385
-1891
-2383
-2844
-3257
-3605
-3872
-4045
-4110
-4059
-3884
-3583
-3157
-2610
-1953
-1199
-365
526
1452
2386
3300
4164
4950
5629
6175
6567
6783
6811
6641
6268
5697
4936
4000
2911
1695
384
-984
-2373
-3742
-5048
-6250
-7310
-8191
-8862
-9297
-9477
-9388
-9026
-8395
-7508
-6383
-5049
-3540
-1897
-166
1604
3362
5056
6636
8052
9260
10222
10905
11286
11349
11089
10509
9622
8452
7030
5395
3594
1679
-296
-2272
-4193
-6001
-7642
-9068
-10236
-11111
-11668
-11889
-11768
-11310
-10528
-9446
-8096
-6521
-4768
-2889
-942
1014
2924
4728
6375
7816
9010
9925
10535
10827
10795
10445
9793
8862
7686
6306
4766
3117
1413
-292
-1947
-3499
-4904
-6118
-7110
-7851
-8326
-8525
-8450
-8109
-7522
-6714
-5718
-4572
-3320
-2006
-677
621
1845
2956
3917
4700
5283
5651
5797
5724
5441
4965
4319
3534
2642
1681
691
-289
-1222
-2071
-2804
-3394
-3819
-4065
-4124
-3997
-3689
-3217
-2599
-1862
-1038
-160
736
1612
2433
3164
3773
4235
4529
4640
4561
4290
3836
3211
2438
1541
553
-490
-1553
-2594
-3575
-4460
-5212
-5803
-6208
-6407
-6391
-6154
-5700
-5042
-4197
-3191
-2055
-825
458
1753
3017
4208
5285
6212
6957
7492
7799
7865
7686
7267
6617
5758
4715
3520
2210
827
-585
-1984
-3324
-4565
-5667
-6595
-7323
-7828
-8095
-8118
-7897
-7442
-6768
-5899
-4862
-3694
-2430
-1111
220
1524
2760
3891
4885
5713
6353
6791
7016
7027
6830
6435
5862
5132
4274
3318
2297
1246
199
-810
-1753
-2602
-3333
-3929
-4376
-4667
-4801
-4781
-4616
-4320
-3911
-3409
-2837
-2220
-1582
-947
-339
222
720
1141
1475
1717
1864
1921
1893
1791
1629
1420
1182
931
685
459
267
121
30
3596
3609
3553
3435
3259
3031
2759
2449
2108
1746
1368
982
595
214
-156
-511
-847
-1159
-1445
-1703
-1931
-2129
-2296
-2432
-2537
-2610
-2653
-2666
-2648
-2601
-2523
-2417
-2280
-2114
-1918
-1693
-1439
-1157
-848
-515
-160
213
602
1001
1404
1804
2196
2570
2920
3235
3509
3732
3896
3994
4019
3967
3832
3613
3310
2923
2457
1917
1311
649
-55
-791
-1541
-2290
-3019
-3711
-4347
-4911
-5386
-5757
-6010
-6136
-6124
-5971
-5675
-5238
-4664
-3964
-3148
-2235
-1241
-189
896
1991
3068
4100
5062
5926
6670
7272
7714
7980
8060
7947
7641
7144
6464
5616
4615
3485
2251
941
-411
-1775
-3117
-4401
-5596
-6670
-7596
-8346
-8902
-9245
-9367
-9260
-8925
-8368
-7602
-6643
-5514
-4242
-2857
-1394
110
1620
3097
4504
5805
6968
7962
8763
9351
9830
9709
9351
8763
7962
6968
5805
4504
3097
1620
110
-1394
-2857
-4242
-5514
-6643
-7602
-8368
-8925
-9260
-9367
-9245
-8902
-8346
-7596
-6670
-5596
-4401
-3117
-1775
-411
941
2251
3485
4615
5616
6464
7144
7641
7947
8060
7980
7714
7272
6670
5926
5062
4100
3068
1991
896
-189
-1241
-2235
-3148
-3964
-4664
-5238
-5675
-5971
-6124
-6136
-6010
-5757
-5386
-4911
-4347
-3711
-3019
-2290
-1541
-791
-55
649
1311
1917
2457
2923
3310
3613
3832
3967
4019
3994
3896
3732
3509
3235
2920
2570
2196
1804
1404
1001
602
213
-160
-515
-848
-1157
-1439
-1693
-1918
-2114
-2280
-2417
-2523
-2601
-2648
-2666
-2653
-2610
-2537
-2432
-2296
-2129
-1931
-1703
-1445
-1159
-847
-511
-156
214
595
982
1368
1746
2108
2449
2759
3031
3259
3435
3553
3609
3596
3514
3360
3134
2838
2475
2050
1571
1044
479
-110
-715
-1322
-1917
-2487
-3018
-3498
-3913
-4254
-4510
-4674
-4738
-4701
-4559
-4315
-3971
-3533
-3011
-2413
-1753
-1045
-305
450
1204
1938
2635
3278
3851
4341
4735
5022
5196
5251
5186
5002
4702
4295
3789
3196
2532
1812
1054
276
-501
-1260
-1982
-2650
-3248
-3762
-4179
-4492
-4694
-4782
-4755
-4617
-4374
-4033
-3606
-3105
-2547
-1945
-1319
-683
-55
547
1112
1624
2073
2449
2747
2961
3092
3139
3108
3003
2834
2610
2342
2043
1723
1396
1073
765
481
229
14
-158
-287
-375
-422
-435
-419
-382
-333
-281
-235
-205
-198
-223
-285
-386
-530
-715
-937
-1191
-1469
-1762
-2057
-2341
-2601
-2822
-2990
-3092
-3116
-3053
-2894
-2636
-2277
-1818
-1267
-632
73
833
1627
2436
3234
3998
4702
5323
5836
6221
6460
6538
6444
6173
5724
5102
4316
3384
2324
1161
-73
-1350
-2634
-3889
-5079
-6169
-7125
-7918
-8521
-8912
-9075
-9000
-8685
-8132
-7354
-6367
-5194
-3866
-2417
-886
686
2257
3782
5219
6527
7669
8611
9326
9794
10000
9937
9608
9020
8191
7144
5909
4521
3020
1449
-146
-1722
-3232
-4636
-5892
-6969
-7835
-8470
-8859
-8993
-8873
-8508
-7912
-7107
-6123
-4991
-3749
-2438
-1098
227
1501
2683
3740
4643
5367
5897
6220
6335
6244
5958
5494
4874
4125
3280
2371
1433
501
-389
-1208
-1926
-2520
-2971
-3267
-3400
-3371
-3185
-2856
-2401
-1843
-1208
-526
170
851
1484
2041
2494
2822
3007
3037
2908
2620
2180
1602
906
117
-736
-1621
-2504
-3349
-4120
-4785
-5313
-5678
-5858
-5839
-5612
-5176
-4538
-3711
-2717
-1582
-339
974
2316
3645
4915
6085
7113
7962
8599
8998
9140
9014
8616
7952
7037
5892
4547
3040
1412
-289
-2015
-3714
-5334
-6828
-8148
-9255
-10112
-10693
-10978
-10956
-10626
-9997
-9084
-7914
-6520
-4941
-3224
-1418
424
2250
4007
5645
7116
8380
9402
10155
10619
10785
10651
10224
9521
8567
7392
6035
4538
2946
1307
-328
-1916
-3409
-4768
-5956
-6944
-7708
-8233
-8512
-8543
-8334
-7901
-7264
-6450
-5491
-4421
-3276
-2096
-916
225
1297
2269
3117
3820
4366
4746
4959
5008
4903
4658
4291
3825
3283
2690
2073
1456
863
314
-171
-580
-903
-1135
-1273
-1322
-1289
-1184
-1022
-818
-589
-355
-132
62
214
311
343
306
197
18
-223
-519
-857
-1220
-1590
-1950
-2279
-2559
-2771
-2900
-2933
-2861
-2678
-2382
-1977
-1472
-878
-211
506
1253
2004
2732
3411
4013
4516
4897
5138
5224
5148
4905
4497
3933
3225
2393
1461
456
-590
-1645
-2674
-3642
-4516
-5266
-5865
-6288
-6519
-6546
-6365
-5976
-5390
-4622
-3693
-2630
-1467
-240
1012
2250
3433
4522
5479
6272
6873
7260
7417
7337
7018
6468
5702
4743
3617
2361
1012
-386
-1791
-3157
-4440
-5598
-6592
-7390
-7964
-8293
-8365
-8174
-7723
-7025
-6098
-4970
-3673
-2246
-732
821
2369
3864
5258
6509
7577
8430
9040
9386
9458
9251
8771
8029
7046
5852
4478
2966
1359
-296
-1954
-3566
-5086
-6470
-7679
-8680
-9444
-9951
-10186
-10145
-9830
-9249
-8421
-7368
-6122
-4716
-3190
-1585
55
1688
3270
4761
6122
7320
8327
9118
9677
9993
10061
9884
9469
8831
7988
6965
5789
4490
3103
1661
197
-1251
-2655
-3981
-5202
-6293
-7234
-8005
-8595
-8994
-9198
-9206
-9022
-8653
-8111
-7408
-6562
-5591
-4516
-3358
-2141
-888
377
1631
2851
4014
5100
6088
6962
7704
8300
8740
9013
9112
9035
8781
8350
7749
6987
6074
5026
3860
2598
1261
-124
-1531
-2931
-4294
-5591
-6793
-7870
-8797
-9549
-10104
-10447
-10563
-10445
-10088
-9497
-8678
-7647
-6422
-5028
-3494
-1856
-149
1584
3304
4968
6534
7960
9210
10250
11050
11586
11843
11809
11483
10869
9981
8838
7469
5906
4190
2364
475
-1426
-3291
-5070
-6715
-8183
-9435
-10437
-11161
-11591
-11714
-11528
-11041
-10266
-9226
-7952
-6481
-4855
-3120
-1325
478
2240
3911
5446
6803
7946
8846
9482
9838
9911
9703
9225
8497
7546
6403
5108
3703
2231
739
-725
-2122
-3407
-4544
-5503
-6258
-6790
-7089
-7153
-6985
-6598
-6012
-5250
-4344
-3328
-2240
-1118
-3
1067
2057
2934
3669
4241
4632
4832
4840
4657
4295
3771
3107
2330
1471
564
-357
-1257
-2102
-2859
-3500
-4002
-4343
-4513
-4502
-4311
-3945
-3417
-2745
-1951
-1063
-112
867
1842
2777
3639
4396
5020
5488
5781
5887
5798
5516
5045
4399
3596
2661
1620
506
-645
-1799
-2920
-3971
-4920
-5736
-6393
-6868
-7147
-7219
-7081
-6735
-6191
-5464
-4574
-3548
-2416
-1210
34
1281
2494
3638
4680
5591
6345
6921
7304
7483
7455
7223
6794
6183
5408
4493
3464
2353
1190
10
-1154
-2271
-3310
-4244
-5048
-5703
-6192
-6505
-6637
-6588
-6362
-5970
-5425
-4747
-3956
-3077
-2137
-1162
-180
780
1696
2540
3293
3936
4454
4836
5075
5168
5117
4927
4608
4171
3632
3008
2320
1589
835
81
-652
-1345
-1979
-2537
-3007
-3377
-3638
-3787
-3821
-3742
-3555
-3268
-2890
-2435
-1916
-1350
-753
-144
458
1039
1581
2068
2486
2825
3073
3225
3276
3225
3073
2825
2486
2068
1581
1039
458
-144
-753
-1350
-1916
-2435
-2890
-3268
-3555
-3742
-3821
-3787
-3638
-3377
-3007
-2537
-1979
-1345
-652
81
835
1589
2320
3008
3632
4171
4608
4927
5117
5168
5075
4836
4454
3936
3293
2540
1696
780
-180
-1162
-2137
-3077
-3956
-4747
-5425
-5970
-6362
-6588
-6637
-6505
-6192
-5703
-5048
-4244
-3310
-2271
-1154
10
1190
2353
3464
4493
5408
6183
6794
7223
7455
7483
7304
6921
6345
5591
4680
3638
2494
1281
34
-1210
-2416
-3548
-4574
-5464
-6191
-6735
-7081
-7219
-7147
-6868
-6393
-5736
-4920
-3971
-2920
-1799
-645
506
1620
2661
3596
4399
5045
5516
5798
5887
5781
5488
5020
4396
3639
2777
1842
867
-112
-1063
-1951
-2745
-3417
-3945
-4311
-4502
-4513
-4343
-4002
-3500
-2859
-2102
-1257
-357
564
1471
2330
3107
3771
4295
4657
4840
4832
4632
4241
3669
2934
2057
1067
-3
-1118
-2240
-3328
-4344
-5250
-6012
-6598
-6985
-7153
-7089
-6790
-6258
-5503
-4544
-3407
-2122
-725
739
2231
3703
5108
6403
7546
8497
9225
9703
9911
9838
9482
8846
7946
6803
5446
3911
2240
478
-1325
-3120
-4855
-6481
-7952
-9226
-10266
-11041
-11528
-11714
-11591
-11161
-10437
-9435
-8183
-6715
-5070
-3291
-1426
475
2364
4190
5906
7469
8838
9981
10869
11483
11809
11843
11586
11050
10250
9210
7960
6534
4968
3304
1584
-149
-1856
-3494
-5028
-6422
-7647
-8678
-9497
-10088
-10445
-10563
-10447
-10104
-9549
-8797
-7870
-6793
-5591
-4294
-2931
-1531
-124
1261
2598
3860
5026
6074
6987
7749
8350
8781
9035
9112
9013
8740
8300
7704
6962
6088
5100
4014
2851
1631
377
-888
-2141
-3358
-4516
-5591
-6562
-7408
-8111
-8653
-9022
-9206
-9198
-8994
-8595
-8005
-7234
-6293
-5202
-3981
-2655
-1251
197
1661
3103
4490
5789
6965
7988
8831
9469
9884
10061
9993
9677
9118
8327
7320
6122
4761
3270
1688
55
-1585
-3190
-4716
-6122
-7368
-8421
-9249
-9830
-10145
-10186
-9951
-9444
-8680
-7679
-6470
-5086
-3566
-1954
-296
1359
2966
4478
5852
7046
8029
8771
9251
9458
9386
9040
8430
7577
6509
5258
3864
2369
821
-732
-2246
-3673
-4970
-6098
-7025
-7723
-8174
-8365
-8293
-7964
-7390
-6592
-5598
-4440
-3157
-1791
-386
1012
2361
3617
4743
5702
6468
7018
7337
7417
7260
6873
6272
5479
4522
3433
2250
1012
-240
-1467
-2630
-3693
-4622
-5390
-5976
-6365
-6546
-6519
-6288
-5865
-5266
-4516
-3642
-2674
-1645
-590
456
1461
2393
3225
3933
4497
4905
5148
5224
5138
4897
4516
4013
3411
2732
2004
1253
506
-211
-878
-1472
-1977
-2382
-2678
-2861
-2933
-2900
-2771
-2559
-2279
-1950
-1590
-1220
-857
-519
-223
18
197
306
343
311
214
62
-132
-355
-589
-818
-1022
-1184
-1289
-1322
-1273
-1135
-903
-580
-171
314
863
1456
2073
2690
3283
3825
4291
4658
4903
5008
4959
4746
4366
3820
3117
2269
1297
225
-916
-2096
-3276
-4421
-5491
-6450
-7264
-7901
-8334
-8543
-8512
-8233
-7708
-6944
-5956
-4768
-3409
-1916
-328
1307
2946
4538
6035
7392
8567
9521
10224
10651
10785
10619
10155
9402
8380
7116
5645
4007
2250
424
-1418
-3224
-4941
-6520
-7914
-9084
-9997
-10626
-10956
-10978
-10693
-10112
-9255
-8148
-6828
-5334
-3714
-2015
-289
1412
3040
4547
5892
7037
7952
8616
9014
9140
8998
8599
7962
7113
6085
4915
3645
2316
974
-339
-1582
-2717
-3711
-4538
-5176
-5612
-5839
-5858
-5678
-5313
-4785
-4120
-3349
-2504
-1621
-736
117
906
1602
2180
2620
2908
3037
3007
2822
2494
2041
1484
851
170
-526
-1208
-1843
-2401
-2856
-3185
-3371
-3400
-3267
-2971
-2520
-1926
-1208
-389
501
1433
2371
3280
4125
4874
5494
5958
6244
6335
6220
5897
5367
4643
3740
2683
1501
227
-1098
-2438
-3749
-4991
-6123
-7107
-7912
-8508
-8873
-8993
-8859
-8470
-7835
-6969
-5892
-4636
-3232
-1722
-146
1449
3020
4521
5909
7144
8191
9020
9608
9937
10000
9794
9326
8611
7669
6527
5219
3782
2257
686
-886
-2417
-3866
-5194
-6367
-7354
-8132
-8685
-9000
-9075
-8912
-8521
-7918
-7125
-6169
-5079
-3889
-2634
-1350
-73
1161
2324
3384
4316
5102
5724
6173
6444
6538
6460
6221
5836
5323
4702
3998
3234
2436
1627
833
73
-632
-1267
-1818
-2277
-2636
-2894
-3053
-3116
-3092
-2990
-2822
-2601
-2341
-2057
-1762
-1469
-1191
-937
-715
-530
-386
-285
-223
-198
-205
-235
-281
-333
-382
-419
-435
-422
-375
-287
-158
14
229
481
765
1073
1396
1723
2043
2342
2610
2834
3003
3108
3139
3092
2961
2747
2449
2073
1624
1112
547
-55
-683
-1319
-1945
-2547
-3105
-3606
-4033
-4374
-4617
-4755
-4782
-4694
-4492
-4179
-3762
-3248
-2650
-1982
-1260
-501
276
1054
1812
2532
3196
3789
4295
4702
5002
5186
5251
5196
5022
4735
4341
3851
3278
2635
1938
1204
450
-305
-1045
-1753
-2413
-3011
-3533
-3971
-4315
-4559
-4701
-4738
-4674
-4510
-4254
-3913
-3498
-3018
-2487
-1917
-1322
-715
-110
479
1044
1571
2050
2475
2838
3134
3360
3514
3596
3609
3553
3435
3259
3031
2759
2449
2108
1746
1368
982
595
214
-156
-511
-847
-1159
-1445
-1703
-1931
-2129
-2296
-2432
-2537
-2610
-2653
-2666
-2648
-2601
-2523
-2417
-2280
-2114
-1918
-1693
-1439
-1157
-848
-515
-160
213
602
1001
1404
1804
2196
2570
2920
3235
3509
3732
3896
3994
4019
3967
3832
3613
3310
2923
2457
1917
1311
649
-55
-791
-1541
-2290
-3019
-3711
-4347
-4911
-5386
-5757
-6010
-6136
-6124
-5971
-5675
-5238
-4664
-3964
-3148
-2235
-1241
-189
896
1991
3068
4100
5062
5926
6670
7272
7714
7980
8060
7947
7641
7144
6464
5616
4615
3485
2251
941
-411
-1775
-3117
-4401
-5596
-6670
-7596
-8346
-8902
-9245
-9367
-9260
-8925
-8368
-7602
-6643
-5514
-4242
-2857
-1394
110
1620
3097
4504
5805
6968
7962
8763
9351
9709
