0
4278
8485
12550
16402
19973
23203
26035
28419
30314
31684
32507
32766
32456
31581
30156
28203
25758
22860
19561
15917
11991
7852
3573
-771
-5106
-9352
-13436
-17284
-20829
-24006
-26759
-29038
-30801
-32015
-32660
-32720
-32196
-31094
-29434
-27244
-24563
-21439
-17925
-14087
-9991
-5712
-1327
3083
7441
11667
15683
19415
22796
25762
28259
30239
31667
32514
32764
32412
31462
29931
27847
25247
22178
18696
14865
10755
6443
2009
-2465
-6896
-11201
-15299
-19113
-22570
-25606
-28162
-30190
-31650
-32514
-32764
-32394
-31411
-29832
-27686
-25012
-21861
-18292
-14372
-10175
-5781
-1274
3259
7733
12062
16161
19951
23359
26318
28771
30668
31973
32659
32711
32127
30919
29107
26727
23823
20452
16679
12577
8226
3711
-879
-5455
-9926
-14204
-18204
-21846
-25058
-27775
-29942
-31516
-32464
-32766
-32415
-31417
-29790
-27567
-24790
-21514
-17805
-13736
-9388
-4849
-209
4437
8997
13377
17489
21248
24578
27411
29687
31359
32393
32765
32468
31507
29899
27676
24884
21579
17828
13707
9301
4700
0
-4703
-9311
-13729
-17864
-21629
-24947
-27746
-29968
-31566
-32503
-32761
-32332
-31225
-29460
-27076
-24119
-20653
-16748
-12488
-7961
-3263
1506
6246
10856
15238
19298
22949
26112
28719
30713
32051
32702
32651
31900
30461
28366
25658
22395
18646
14492
10022
5332
524
-4298
-9029
-13567
-17811
-21669
-25055
-27896
-30127
-31699
-32577
-32739
-32182
-30916
-28967
-26379
-23206
-19519
-15397
-10932
-6222
-1372
3511
8320
12945
17284
21240
24723
27655
29968
31611
32545
32748
32214
30954
28995
26381
23169
19431
15252
10724
5950
1038
-3899
-8751
-13405
-17757
-21705
-25159
-28038
-30277
-31822
-32637
-32702
-32014
-30588
-28456
-25665
-22280
-18377
-14047
-9388
-4509
477
5455
10308
14924
19194
23018
26305
28979
30974
32243
32756
32498
31476
29711
27244
24133
20449
16280
11722
6884
1880
-3170
-8148
-12935
-17416
-21484
-25041
-28000
-30291
-31856
-32659
-32677
-31909
-30373
-28105
-25157
-21600
-17520
-13013
-8189
-3163
1941
7001
11893
16499
20705
24407
27516
29953
31659
32589
32721
32049
30590
28377
25463
21921
17836
13307
8448
3377
-1780
-6896
-11843
-16499
-20746
-24479
-27603
-30040
-31727
-32621
-32699
-31957
-30413
-28105
-25088
-21439
-17247
-12618
-7668
-2522
2689
7836
12787
17416
21605
25247
28248
30530
32035
32723
32574
31592
29801
27244
23987
20112
15718
10917
5832
595
-4660
-9798
-14685
-19194
-23208
-26622
-29345
-31307
-32455
-32757
-32206
-30813
-28614
-25665
-22043
-17841
-13169
-8148
-2911
2405
7661
12717
17440
21705
25397
28419
30689
32146
32750
32483
31352
29385
26633
23169
19084
14487
9500
4255
-1105
-6439
-11603
-16457
-20870
-24723
-27911
-30346
-31961
-32712
-32578
-31559
-29684
-27001
-23582
-19519
-14922
-9916
-4636
771
6162
11386
16301
20770
24671
27896
30354
31977
32719
32558
31498
29565
26813
23317
19172
14492
9407
4058
-1405
-6833
-12073
-16978
-21411
-25247
-28377
-30713
-32188
-32760
-32410
-31148
-29007
-26047
-22351
-18021
-13179
-7961
-2516
3003
8440
13640
18454
22745
26389
29282
31340
32503
32737
32033
30409
27913
24613
20604
16000
10932
5547
0
-5550
-10942
-16021
-20637
-24657
-27963
-30458
-32068
-32745
-32468
-31244
-29107
-26118
-22364
-17952
-13013
-7689
-2137
3479
8997
14252
19090
23367
26955
29748
31662
32640
32650
31691
29790
27003
23411
19119
14256
8965
3403
-2262
-7862
-13230
-18204
-22633
-26385
-29345
-31423
-32556
-32707
-31871
-30072
-27362
-23823
-19561
-14703
-9397
-3803
1908
7565
12994
18030
22517
26318
29316
31419
32559
32702
31841
30001
27238
23635
19302
14372
8996
3339
-2422
-8112
-13553
-18577
-23026
-26761
-29667
-31650
-32648
-32629
-31591
-29565
-26615
-22829
-18327
-13249
-7752
-2009
3799
9491
14886
19815
24120
27666
30338
32052
32751
32412
31044
28690
25423
21345
16586
11295
5642
-193
-6025
-11667
-16938
-21669
-25706
-28920
-31206
-32489
-32726
-31909
-30063
-27244
-23544
-19081
-13998
-8460
-2644
3259
9060
14569
19606
24006
27626
30346
32075
32756
32366
30916
28451
25051
20827
15917
10480
4696
-1244
-7147
-12817
-18065
-22719
-26622
-29644
-31684
-32674
-32578
-31398
-29173
-25975
-21909
-17110
-11737
-5969
0
5972
11747
17130
21941
26016
29217
31436
32596
32657
31615
29504
26395
22390
17625
12260
6476
470
-5554
-11392
-16845
-21726
-25867
-29127
-31393
-32585
-32662
-31619
-29491
-26349
-22301
-17483
-12062
-6222
-166
5898
11762
17222
22088
26191
29387
31566
32648
32597
31411
29131
25835
21636
16679
11138
5205
-912
-7001
-12847
-18244
-23003
-26955
-29960
-31912
-32739
-32412
-30940
-28374
-24803
-20353
-15179
-9465
-3413
2763
8843
14612
19863
24407
28083
30758
32334
32755
32003
30103
27124
23169
18381
12929
7010
836
-5370
-11386
-16993
-21989
-26191
-29446
-31636
-32680
-32538
-31214
-28754
-25247
-20819
-15630
-9868
-3744
2518
8692
14551
19879
24480
28184
30855
32393
32739
31880
29845
26709
22585
17625
12011
5950
-333
-6607
-12639
-18204
-23094
-27128
-30152
-32055
-32763
-32248
-30528
-27666
-23767
-18976
-13473
-7461
-1167
5173
11322
17047
22132
26385
29644
31785
32724
32427
30901
28203
24435
19738
14288
8294
1981
-4409
-10635
-16457
-21654
-26025
-29402
-31656
-32697
-32485
-31027
-28377
-24634
-19943
-14481
-8460
-2109
4324
10594
16457
21686
26077
29459
31699
32710
32451
30929
28203
24378
19601
14056
7961
1552
-4919
-11201
-17047
-22227
-26537
-29806
-31906
-32751
-32307
-30590
-27666
-23648
-18696
-13002
-6791
-309
6187
12441
18204
23246
27366
30398
32222
32762
31995
29951
26709
22398
17189
11289
4935
-1619
-8112
-14281
-19879
-24678
-28486
-31147
-32552
-32643
-31416
-28917
-25247
-20553
-15023
-8882
-2378
4225
10659
16662
21989
26421
29777
31918
32756
32254
30432
27362
23169
18024
12137
5748
-879
-7473
-13762
-19485
-24407
-28323
-31070
-32533
-32650
-31414
-28875
-25136
-20353
-14721
-8475
-1874
4807
11292
17307
22602
26955
30182
32146
32765
32010
29911
26556
22083
16679
10571
4016
-2711
-9326
-15551
-21121
-25799
-29387
-31732
-32732
-32344
-30582
-27520
-23286
-18060
-12062
-5547
1206
7911
14280
20041
24947
28786
31393
32653
32513
30975
28105
24024
18906
12972
6476
-301
-7069
-13534
-19415
-24458
-28443
-31196
-32596
-32580
-31148
-28360
-24336
-19250
-13322
-6811
0
6813
13332
19269
24364
28393
31178
32594
32578
31129
28309
24241
19103
13120
6555
-301
-7147
-13680
-19609
-24671
-28641
-31340
-32648
-32505
-30916
-27948
-23735
-18460
-12360
-5706
1206
8067
14569
20421
25359
29162
31656
32728
32328
30473
27244
22786
17298
11027
4255
-2711
-9557
-15974
-21669
-26383
-29901
-32062
-32766
-31979
-29736
-26137
-21345
-15577
-9095
-2195
4807
11593
17850
23291
27666
30771
32464
32665
31362
28614
24546
19345
13249
6538
-477
-7473
-14125
-20126
-25196
-29098
-31650
-32732
-32292
-30349
-26991
-22374
-16712
-10266
-3339
3746
10659
17076
22694
27251
30530
32377
32702
31489
28793
24740
19519
13375
6597
-494
-7565
-14281
-20323
-25404
-29282
-31772
-32753
-32178
-30072
-26533
-21729
-15887
-9285
-2238
4919
11843
18204
23695
28052
31066
32589
32548
30942
27847
23411
17845
11416
4435
-2763
-9830
-16425
-22227
-26955
-30378
-32330
-32713
-31507
-28769
-24631
-19293
-13013
-6096
1120
8285
15047
21076
26077
29802
32068
32763
31850
29372
25451
20276
14101
7230
0
-7232
-14111
-20295
-25478
-29402
-31872
-32764
-32033
-29711
-25913
-20827
-14703
-7845
-595
6688
13640
19914
25196
29220
31785
32759
32093
29819
26047
20967
14832
7950
664
-6656
-13645
-19948
-25247
-29273
-31822
-32763
-32046
-29706
-25861
-20703
-14492
-7543
-209
7138
14125
20396
25629
29557
31977
32766
31880
29363
25342
20022
13674
6622
-771
-8129
-15071
-21240
-26318
-30042
-32219
-32734
-31559
-28754
-24461
-18901
-12360
-5177
2276
9615
16457
22447
27271
30678
32489
32608
31026
27825
23169
17302
10527
3199
-4298
-11573
-18244
-23960
-28419
-31387
-32705
-32302
-30198
-26501
-21406
-15179
-8148
-684
6817
13962
20369
25700
29668
32064
32757
31710
28975
24698
19103
12488
5205
-2358
-9798
-16717
-22745
-27557
-30894
-32577
-32513
-30703
-27244
-22319
-16192
-9191
-1693
5898
13175
19743
25247
29388
31941
32765
31816
29141
24884
19276
12618
5272
-2362
-9871
-16845
-22903
-27714
-31014
-32621
-32445
-30495
-26875
-21781
-15492
-8351
-749
6896
14165
20658
26016
29942
32220
32721
31417
28377
23767
17841
10926
3403
-4310
-11787
-18613
-24407
-28847
-31684
-32759
-32010
-29476
-25298
-19707
-13013
-5590
2148
9769
16845
22980
27828
31116
32659
32366
30254
26438
21133
14635
7310
-430
-8148
-15409
-21801
-26962
-30598
-32502
-32563
-30778
-27244
-22162
-15818
-8572
-836
6950
14343
20920
26305
30190
32350
32661
31103
27762
22829
16586
9388
1649
-6187
-13670
-20369
-25898
-29936
-32249
-32702
-31267
-28024
-23161
-16955
-9766
-2009
5867
13405
20168
25762
29860
32222
32709
31291
28049
23169
16936
9711
1916
-5992
-13553
-20323
-25904
-29968
-32275
-32687
-31179
-27837
-22855
-16527
-9222
-1372
6562
14111
20829
26318
30252
32397
32623
30916
27374
22206
15718
8294
373
-7571
-15067
-21669
-26980
-30683
-32556
-32483
-30469
-26631
-21197
-14492
-6916
1077
9009
16402
22811
27851
31216
32702
32218
29790
25564
19793
12824
5078
-2978
-10856
-18080
-24210
-28873
-31785
-32766
-31757
-28816
-24119
-17952
-10689
-2772
5316
13083
20053
25799
29968
32304
32662
31017
27469
22233
15630
8064
0
-8067
-15639
-22251
-27492
-31038
-32669
-32282
-29899
-25665
-19840
-12785
-4935
3223
11185
18454
24578
29176
31960
32754
31507
28295
23317
16881
9388
1306
-6859
-14599
-21426
-26913
-30713
-32587
-32415
-30206
-26096
-20343
-13307
-5431
2789
10837
18204
24423
29100
31937
32755
31498
28244
23199
16679
9099
938
-7285
-15047
-21854
-27271
-30951
-32659
-32282
-29844
-25497
-19519
-12290
-4271
4023
12062
19330
25359
29762
32252
32670
30984
27303
21861
15008
7184
-1105
-9326
-16947
-23474
-28484
-31650
-32766
-31757
-28687
-23753
-17274
-9670
-1435
6896
14781
21705
27215
30951
32666
32248
29720
25247
19119
11737
3583
-4807
-12886
-20121
-26035
-30239
-32455
-32534
-30469
-26395
-20578
-13400
-5336
3083
11302
18775
25007
29584
32200
32681
30992
27244
21684
14679
6695
-1736
-10055
-17706
-24178
-29038
-31959
-32744
-31340
-27837
-22468
-15592
-7668
771
9163
16942
23583
28641
31772
32764
31548
28203
22955
16155
8261
-193
-8637
-16499
-23246
-28419
-31667
-32766
-31641
-28366
-23161
-16378
-8479
0
8482
16388
23178
28387
31659
32766
31633
28334
23092
16267
8323
-193
-8699
-16610
-23382
-28547
-31748
-32764
-31521
-28105
-22748
-15818
-7793
771
9287
17161
23850
28887
31923
32744
31292
27666
22114
15023
6884
-1736
-10238
-18030
-24565
-29387
-32158
-32681
-30919
-26991
-21173
-13868
-5590
3083
11543
19194
25499
30012
32414
32534
30361
26047
19895
12336
3903
-4807
-13181
-20625
-26610
-30711
-32637
-32248
-29569
-24790
-18247
-10405
-1820
6896
15124
22277
27843
31423
32760
31757
28483
23169
16196
8060
-655
-9326
-17331
-24094
-29127
-32068
-32703
-30984
-27033
-21133
-13707
-5289
3511
12062
19743
25999
30374
32552
32371
29844
25150
18630
10754
2094
-6719
-15047
-22282
-27896
-31478
-32765
-31661
-28244
-22763
-15616
-7324
1506
10228
18204
24847
29668
32313
32585
30461
26096
19809
12062
3423
-5469
-13962
-21426
-27310
-31178
-32740
-31881
-28661
-23317
-16242
-7961
912
9721
17811
24578
29519
32265
32608
30520
26157
19840
12041
3339
-5613
-14150
-21629
-27492
-31296
-32755
-31758
-28377
-22863
-15630
-7219
1736
10564
18599
25234
29968
32443
32468
30041
25342
18725
10689
1842
-7147
-15598
-22868
-28404
-31785
-32751
-31227
-27327
-21345
-13736
-5078
3969
12717
20496
26712
30887
32702
32014
28875
23522
16364
7950
-1077
-10024
-18204
-24986
-29848
-32414
-32483
-30050
-25298
-18593
-10451
-1499
7571
16058
23305
28750
31969
32711
30916
26720
20449
12587
3744
-5391
-14111
-21734
-27666
-31442
-32766
-31533
-27837
-21964
-14372
-5653
3510
12401
20323
26654
30894
32710
31957
28692
23169
15822
7226
-1941
-10958
-19113
-25762
-30378
-32596
-32237
-29328
-24096
-16955
-8469
691
9799
18132
25028
29936
32465
32412
29778
24772
17791
9388
234
-8940
-17404
-24479
-29598
-32350
-32513
-30072
-25219
-18342
-9991
-836
8388
16942
24135
29387
32275
32563
30226
25451
18620
10283
1113
-8148
-16754
-24006
-29316
-32252
-32574
-30254
-25477
-18630
-10266
-1066
8222
16845
24098
29390
32286
32549
30156
25298
18372
9941
695
-8610
-17213
-24407
-29603
-32371
-32482
-29925
-24908
-17841
-9305
0
9307
17850
24924
29942
32491
32356
29546
24293
17028
8351
-1019
-10308
-18745
-25629
-30386
-32621
-32145
-28995
-23432
-15917
-7073
2362
11603
19879
26497
30903
32728
31816
28241
22301
14491
5464
-4023
-13175
-21224
-27492
-31451
-32766
-31324
-27244
-20868
-12732
-3519
5992
15001
22745
28568
31977
32682
30619
25962
19103
10622
1238
-8253
-17047
-24394
-29668
-32420
-32412
-29643
-24347
-16973
-8148
1373
10781
19269
26112
30723
32705
31886
28334
22351
14449
5304
-4298
-13534
-21608
-27826
-31650
-32749
-31026
-26627
-19930
-11510
-2094
7504
16457
23989
29446
32355
32460
29752
24461
17046
8148
-1459
-10942
-19477
-26318
-30870
-32732
-31742
-27983
-21780
-13674
-4371
5316
14541
22496
28484
31977
32669
30495
25645
18541
9807
209
-9410
-18204
-25397
-30356
-32640
-32046
-28625
-22675
-14721
-5464
4278
13645
21806
28038
31787
32719
30748
26047
19032
10324
695
-8997
-17892
-25196
-30256
-32621
-32077
-28669
-22701
-14703
-5389
4409
13816
21989
28193
31872
32694
30582
25725
18555
9715
0
-9718
-18563
-25739
-30598
-32699
-31850
-28126
-21861
-13619
-4144
5708
15047
23026
28920
32194
32549
29951
24631
17073
7961
-1876
-11547
-20168
-26955
-31287
-32766
-31257
-26894
-20073
-11416
-1713
8148
17267
24807
30076
32589
32113
28690
22632
14492
5018
-4919
-14407
-22570
-28657
-32104
-32591
-30072
-24775
-17189
-8012
1907
11653
20323
27113
31393
32763
31094
26539
19519
10683
852
-9060
-18132
-25519
-30530
-32697
-31816
-27965
-21503
-13031
-3339
6667
16052
23938
29584
32459
32292
29097
23169
15065
5543
-4501
-14125
-22423
-28612
-32108
-32578
-29977
-24546
-16798
-7461
2582
12385
21019
27666
31694
32721
30647
25665
18247
9095
-923
-10856
-19760
-26786
-31264
-32766
-31146
-26556
-19431
-10451
-470
9557
18675
26008
30855
32749
31507
27244
20368
11537
1595
-8501
-17784
-25359
-30497
-32702
-31758
-27754
-21074
-12360
-2451
7696
17103
24860
30215
32648
31922
28105
21563
12929
3039
-7147
-16643
-24525
-30025
-32607
-32016
-28309
-21844
-13249
-3359
6859
16412
24364
29939
32588
32050
28377
21924
13322
3413
-6833
-16412
-24382
-29960
-32596
-32028
-28309
-21804
-13150
-3199
7069
16643
24578
30089
32630
31946
28105
21482
12732
2719
-7565
-17103
-24947
-30318
-32680
-31797
-27754
-20951
-12062
-1970
8320
17784
25478
30633
32732
31565
27244
20200
11134
952
-9326
-18675
-26154
-31014
-32765
-31228
-26556
-19215
-9941
333
10578
19760
26955
31436
32749
30759
25665
17979
8475
-1887
-12062
-21019
-27851
-31864
-32650
-30126
-24546
-16475
-6728
3703
13762
22423
28806
32258
32427
29291
23169
14683
4696
-5772
-15653
-23938
-29777
-32571
-32033
-28214
-21503
-12587
-2378
8077
17706
25519
30711
32748
31416
26850
19519
10175
-219
-10594
-19879
-27113
-31549
-32726
-30520
-25157
-17189
-7439
3083
13289
22119
28657
32222
32441
29289
23092
14492
4381
-6187
-16114
-24364
-30076
-32652
-31820
-27666
-20619
-11416
-1017
9491
19008
26537
31287
32757
30792
25595
17709
7961
-2625
-12939
-21894
-28547
-32194
-32451
-29286
-23032
-14346
-4144
6498
16457
24678
30291
32699
31644
27238
19943
10531
0
-10533
-19951
-27251
-31656
-32694
-30254
-24592
-16309
-6286
4409
14637
23305
29487
32519
32077
28203
21312
12137
1660
-8997
-18692
-26385
-31248
-32757
-30748
-25434
-17383
-7461
3266
13645
22556
29038
32390
32248
28625
21909
12824
2351
-8378
-18204
-26061
-31098
-32765
-30880
-25645
-17625
-7689
3083
13524
22496
29023
32393
32235
28565
21780
12618
2077
-8692
-18516
-26318
-31245
-32755
-30681
-25247
-17046
-6975
3863
14280
23132
29446
32527
32033
28015
20915
11510
836
-9932
-19609
-27125
-31650
-32682
-30103
-24198
-15616
-5304
5596
15880
24407
30232
32705
31550
26894
19250
9465
-1373
-12062
-21411
-28379
-32188
-32412
-29022
-22395
-13267
-2656
8253
18244
26197
31222
32754
30619
25054
16679
6433
-4537
-15001
-23783
-29895
-32648
-31731
-27244
-19690
-9916
976
11762
21224
28293
32170
32415
28997
22301
13080
2378
-8595
-18599
-26497
-31393
-32729
-30352
-24528
-15917
-5494
5554
15974
24578
30386
32734
31352
26395
18425
8351
-2679
-13405
-22602
-29217
-32491
-32046
-27932
-20616
-10936
0
10939
20625
27944
32055
32482
29173
22507
13249
2462
-8610
-18692
-26622
-31481
-32707
-30156
-24119
-15293
-4696
6446
16845
25296
30817
32766
30916
25477
17079
6695
-4468
-15115
-24006
-30106
-32702
-31489
-26606
-18620
-8460
2689
13528
22788
29387
32552
31909
27532
19930
9991
-1120
-12103
-21669
-28693
-32350
-32208
-28280
-21025
-11295
-234
10856
20671
28052
32127
32412
28871
21921
12379
1372
-9799
-19815
-27487
-31906
-32545
-29328
-22632
-13249
-2291
8940
19113
27016
31708
32629
29666
23169
13911
2992
-8285
-18577
-26654
-31549
-32677
-29899
-23544
-14372
-3477
7836
18214
26411
31442
32702
30037
23764
14635
3744
-7598
-18030
-26293
-31393
-32711
-30086
-23833
-14703
-3796
7571
18026
26305
31405
32707
30050
23753
14577
3632
-7754
-18204
-26446
-31479
-32688
-29925
-23522
-14256
-3253
8148
18560
26712
31608
32650
29706
23135
13736
2656
-8751
-19090
-27095
-31785
-32581
-29385
-22585
-13013
-1842
9557
19786
27585
31994
32468
28947
21861
12081
809
-10564
-20637
-28166
-32219
-32293
-28377
-20951
-10932
440
11762
21629
28819
32437
32033
27653
19840
9561
-1907
-13142
-22745
-29519
-32621
-31661
-26755
-18514
-7961
3586
14689
23960
30239
32740
31148
25658
16955
6128
-5469
-16384
-25247
-30944
-32759
-30461
-24336
-15151
-4058
7546
18204
26572
31595
32638
29565
22763
13087
1756
-9798
-20118
-27896
-32148
-32332
-28424
-20915
-10754
771
12203
22088
29171
32552
31797
27001
18769
8148
-3511
-14727
-24069
-30346
-32754
-30984
-25260
-16309
-5272
6439
17331
26008
31359
32696
29845
23169
13521
2137
-9523
-19964
-27843
-32146
-32318
-28334
-20703
-10405
1234
12717
22564
29503
32637
31559
26407
17841
6968
-4807
-15965
-25058
-30909
-32757
-30361
-24028
-14577
-3233
8533
19194
27364
31977
32433
28669
21173
10917
-762
-12345
-22321
-29387
-32619
-31592
-26438
-17828
-6884
4961
16161
25247
31028
32744
30168
23635
13998
2522
-9287
-19879
-27860
-32179
-32265
-28105
-20242
-9711
2101
13640
23382
30040
32733
31103
25362
16267
5018
-6896
-17901
-26537
-31659
-32585
-29190
-21921
-11741
0
11743
21929
29201
32589
31641
26480
17791
6728
-5233
-16499
-25566
-31222
-32709
-29826
-22955
-13013
-1327
10537
20994
28641
32450
31909
27088
18630
7668
-4324
-15739
-25041
-30976
-32744
-30105
-23411
-13561
-1880
10055
20637
28436
32397
31982
27244
18822
7852
-4182
-15653
-25007
-30974
-32743
-30072
-23319
-13400
-1660
10308
20879
28612
32455
31881
26966
18377
7282
-4807
-16245
-25468
-31216
-32702
-29720
-22675
-12528
-664
11292
21705
29147
32596
31576
26225
17274
5950
-6193
-17489
-26383
-31650
-32564
-28995
-21433
-10917
1105
12978
23064
29968
32737
30984
24950
15465
3839
-8320
-19330
-27666
-32170
-32217
-27796
-19519
-8531
3643
15314
24860
30951
32739
29972
23032
12884
938
-11141
-21669
-29176
-32613
-31498
-25982
-16835
-5332
6918
18204
26944
31912
32410
28366
20343
9465
-2743
-14569
-24351
-30713
-32759
-30198
-23387
-13283
-1306
10856
21492
29100
32604
31507
25962
16748
5166
-7147
-18454
-27152
-32008
-32332
-28076
-19840
-8789
3510
15314
24947
31038
32720
29752
22551
12140
0
-12143
-22559
-29762
-32723
-31017
-24884
-15198
-3339
8998
20053
28242
32393
31908
26854
17952
6476
-5930
-17489
-26541
-31785
-32465
-28481
-20402
-9388
2978
14918
24714
30951
32730
29790
22554
12062
-172
-12385
-22811
-29942
-32746
-30813
-24421
-14492
-2462
9926
20879
28806
32556
31581
26021
16679
4912
-7571
-18956
-27585
-32200
-32127
-27374
-18630
-7167
5342
17076
26318
31719
32485
28504
20353
9222
-3259
-15267
-25041
-31147
-32687
-29434
-21861
-11077
1334
13553
23783
30517
32764
30189
23169
12736
423
-11953
-22570
-29860
-32743
-30792
-24293
-14202
-2009
10483
21426
29201
32652
31267
25247
15482
3419
-9153
-20369
-28563
-32514
-31633
-26047
-16586
-4654
7973
19415
27967
32350
31910
26709
17520
5712
-6950
-18577
-27428
-32179
-32116
-27244
-18292
-6597
6088
17864
26962
32015
32263
27666
18910
7310
-5391
-17284
-26579
-31872
-32366
-27983
-19380
-7852
4862
16845
26287
31760
32433
28203
19707
8226
-4501
-16550
-26094
-31684
-32472
-28334
-19895
-8434
4310
16402
26003
31651
32486
28377
19946
8475
-4288
-16402
-26016
-31662
-32478
-28334
-19861
-8351
4437
16550
26133
31717
32445
28203
19638
8060
-4756
-16845
-26351
-31812
-32386
-27983
-19276
-7602
5243
17284
26666
31941
32293
27666
18769
6975
-5898
-17864
-27071
-32095
-32157
-27244
-18113
-6176
6719
18577
27557
32265
31968
26709
17302
5205
-7702
-19415
-28111
-32434
-31710
-26047
-16326
-4058
8843
20369
28719
32588
31368
25247
15179
2736
-10137
-21426
-29364
-32705
-30922
-24293
-13853
-1238
11573
22570
30025
32764
30353
23169
12339
-434
-13142
-23783
-30678
-32739
-29638
-21861
-10632
2276
14829
25041
31296
32604
28754
20353
8727
-4282
-16616
-26318
-31849
-32328
-27676
-18630
-6622
6439
18480
27585
32302
31880
26381
16679
4318
-8734
-20396
-28806
-32620
-31227
-24845
-14492
-1820
11144
22329
29942
32763
30335
23047
12062
-859
-13645
-24243
-30951
-32688
-29173
-20967
-9388
3703
16202
26094
31785
32354
27709
18593
6476
-6688
-18775
-27832
-32393
-31718
-25913
-15915
-3339
9779
21317
29402
32723
30737
23764
12933
0
-12935
-23772
-30745
-32720
-29372
-21243
-9654
3510
16105
26077
31798
32332
27590
18342
6096
-7147
-19226
-28162
-32493
-31507
-25362
-15061
-2291
10856
22227
29953
32765
30198
22670
11416
-1716
-14569
-25028
-31370
-32548
-28366
-19509
-7435
5867
18204
27539
32330
31782
25982
15887
3163
-10086
-21669
-29667
-32753
-30413
-23032
-11831
1334
14281
24860
31312
32563
28403
19519
7387
-5976
-18347
-27666
-32377
-31693
-25725
-15465
-2622
10659
22164
29968
32766
30086
22374
10917
-2369
-15261
-25599
-31650
-32396
-27709
-18372
-5950
7473
19643
28516
32596
31195
24546
13765
664
-12550
-23653
-30771
-32702
-29116
-20616
-8634
4807
17440
27128
32230
31881
26137
15968
3092
-10308
-21966
-29901
-32766
-30072
-22272
-10689
2711
15653
25937
31812
32275
27244
17574
4908
-8595
-20637
-29162
-32712
-30681
-23411
-12140
1206
14349
25041
31451
32480
27948
18630
6117
-7445
-19735
-28641
-32634
-31026
-24089
-13013
301
13567
24501
31222
32570
28309
19172
6728
-6876
-19298
-28393
-32589
-31159
-24347
-13326
0
13328
24354
31166
32585
28360
19220
6748
-6896
-19347
-28443
-32604
-31103
-24198
-13087
301
13640
24608
31294
32533
28105
18778
6176
-7504
-19879
-28786
-32669
-30847
-23635
-12290
1206
14493
25247
31583
32389
27520
17828
5008
-8692
-20870
-29387
-32745
-30352
-22624
-10917
2711
15865
26229
31977
32094
26556
16335
3233
-10442
-22277
-30182
-32757
-29546
-21112
-8944
4807
17712
27483
32390
31559
25136
14256
845
-12717
-24026
-31070
-32598
-28334
-19032
-6345
7473
19964
28903
32697
30666
23169
11540
-2148
-15456
-26008
-31918
-32127
-26596
-16309
-3103
10659
22517
30346
32741
29270
20553
8148
-5719
-18563
-28078
-32552
-31179
-24202
-12874
771
14281
25223
31625
32332
27214
17189
4062
-9798
-21894
-30040
-32762
-29565
-21025
-8682
5233
18204
27882
32514
31257
24336
13002
-691
-14262
-25247
-31650
-32307
-27094
-16955
-3732
10171
22227
30239
32747
29289
20494
7961
-6025
-18915
-28356
-32621
-30929
-23586
-11931
1907
15400
26077
31982
32033
26215
15592
2109
-11762
-23479
-30889
-32629
-28377
-18910
-5966
8077
20637
29402
32756
30080
21861
9613
-4409
-17621
-27585
-32459
-31342
-24435
-13013
816
14497
25499
31785
32188
26631
16140
2656
-11322
-23203
-30782
-32650
-28456
-18976
-5969
8148
20755
29503
32763
29925
21514
9095
-5021
-18204
-27995
-32564
-31058
-23753
-12011
1977
15598
26305
32095
31880
25698
14703
952
-12978
-24480
-31393
-32418
-27360
-17165
-3744
10381
22559
30497
32702
28754
19394
6380
-7836
-20580
-29446
-32762
-29899
-21393
-8847
5370
18577
28275
32630
30814
23169
11138
-3003
-16579
-27016
-32334
-31523
-24733
-13249
751
14612
25700
31906
32048
26096
15179
1372
-12698
-24354
-31371
-32412
-27273
-16932
-3359
10856
23003
30758
32638
28280
18514
5205
-9101
-21669
-30089
-32747
-29131
-19930
-6905
7445
20371
29387
32762
29844
21189
8460
-5898
-19125
-28673
-32702
-30433
-22301
-9868
4468
17946
27963
32585
30916
23274
11134
-3159
-16845
-27275
-32428
-31305
-24119
-12260
1977
15833
26622
32247
31615
24845
13249
-923
-14918
-26016
-32055
-31858
-25461
-14105
0
14107
25468
31864
32046
25975
14832
792
-13405
-24986
-31684
-32188
-26395
-15435
-1452
12817
24578
31525
32292
26727
15917
1981
-12345
-24250
-31393
-32366
-26976
-16280
-2378
11993
24006
31293
32415
27148
16527
2644
-11762
-23850
-31230
-32442
-27244
-16660
-2779
11653
23783
31206
32451
27267
16679
2783
-11667
-23806
-31222
-32441
-27217
-16586
-2656
11803
23919
31277
32412
27094
16378
2398
-12062
-24120
-31370
-32361
-26894
-16056
-2009
12441
24407
31496
32285
26615
15616
1488
-12939
-24777
-31650
-32178
-26251
-15055
-836
13553
25223
31826
32033
25797
14372
52
-14280
-25739
-32015
-31841
-25247
-13561
863
15115
26318
32208
31592
24592
12618
-1908
-16052
-26950
-32393
-31276
-23823
-11540
3083
17085
27622
32556
30880
22932
10324
-4384
-18204
-28323
-32682
-30389
-21909
-8965
5807
19399
29038
32755
29790
20744
7461
-7347
-20658
-29748
-32757
-29067
-19428
-5811
8997
21966
30436
32669
28203
17952
4016
-10746
-23305
-31079
-32468
-27184
-16309
-2077
12583
24657
31656
32135
25992
14491
0
-14493
-25999
-32139
-31644
-24613
-12494
2208
16457
27304
32503
30975
23032
10317
-4537
-18454
-28547
-32719
-30103
-21238
-7961
6971
20458
29694
32757
29007
19220
5431
-9491
-22439
-30713
-32587
-27666
-16973
-2736
12073
24364
31568
32177
26060
14492
-108
-14689
-26197
-32222
-31498
-24174
-11781
3083
17304
27896
32634
30520
21996
8847
-6162
-19879
-29416
-32766
-29219
-19519
-5706
9311
22368
30711
32578
27570
16743
2378
-12491
-24723
-31732
-32033
-25558
-13674
1105
15653
26888
32428
31095
23169
10328
-4707
-18745
-28806
-32750
-29736
-20402
-6728
8378
21705
30414
32650
27932
17262
2911
-12062
-24465
-31651
-32083
-25665
-13765
1077
15692
26955
32455
31012
22932
9941
-5180
-19194
-29098
-32765
-29406
-19738
-5832
9326
22486
30817
32526
27244
16102
1495
-13436
-25478
-32035
-31693
-24521
-12062
2999
17416
28078
32680
30226
21243
7668
-7565
-21167
-30192
-32685
-28105
-17438
-2992
12103
24578
31727
31995
25321
13150
-1876
-16499
-27539
-32596
-30567
-21889
-8448
6833
20630
29936
32722
28377
17845
3419
-11753
-24364
-31659
-32040
-25423
-13249
1823
16499
27568
32607
30508
21729
8189
-7147
-20920
-30108
-32693
-28105
-17347
-2779
12401
24860
31856
31850
24838
12360
-2839
-17416
-28160
-32702
-30037
-20749
-6884
8501
22013
30668
32552
27244
15915
1066
-14020
-26008
-32243
-31342
-23500
-10451
4915
19194
29220
32766
29042
18871
4509
-10856
-23813
-31479
-32147
-25665
-13473
1720
16533
27666
32637
30335
21271
7461
-8015
-21705
-30552
-32578
-27327
-15968
-1038
14125
26133
32294
31228
23169
9920
-5554
-19786
-29584
-32748
-28565
-17970
-3339
12043
24723
31849
31816
24627
11897
-3511
-18132
-28673
-32755
-29458
-19519
-5177
10334
23516
31393
32182
25702
13414
-1907
-16800
-27896
-32682
-30072
-20653
-6555
9029
22570
30997
32395
26445
14492
-751
-15827
-27310
-32589
-30461
-21406
-7481
8148
21926
30713
32507
26894
15151
-48
-15238
-26955
-32522
-30664
-21804
-7961
7702
21608
30575
32549
27076
15403
202
-15047
-26852
-32503
-30703
-21861
-8002
7696
21629
30598
32538
27001
15255
0
-15257
-27007
-32541
-30582
-21579
-7602
8129
21989
30779
32468
26664
14703
-655
-15865
-27411
-32621
-30288
-20948
-6758
8997
22672
31098
32318
26047
13736
-1763
-16855
-28038
-32713
-29790
-19946
-5464
10289
23653
31516
32046
25116
12336
-3319
-18204
-28847
-32766
-29042
-18541
-3711
11987
24889
31977
31593
23823
10480
-5316
-19871
-29777
-32711
-27983
-16697
-1495
14059
26318
32404
30885
22114
8148
-7733
-21801
-30745
-32460
-26539
-14372
1180
16457
27860
32699
29832
19930
5325
-10537
-23916
-31650
-31910
-24631
-11530
4298
19113
29409
32747
28334
17210
2009
-13670
-26112
-32365
-30942
-22178
-8148
7817
21929
30833
32412
26285
13907
-1780
-17047
-28259
-32743
-29429
-19103
-4222
11667
24777
31977
31548
23586
9991
-5992
-20546
-30192
-32619
-27244
-15350
219
15739
27492
32660
30001
20149
5464
-10533
-24006
-31719
-31816
-24270
-10892
5106
19879
29873
32681
27625
15917
373
-15261
-27221
-32621
-30156
-20416
-5748
10308
23879
31684
31836
24293
10875
-5173
-19973
-29942
-32665
-27477
-15633
0
15636
27483
32666
29925
19920
5078
-10999
-24407
-31886
-31615
-23656
-9941
6193
20824
30386
32549
26782
14487
-1341
-16845
-28242
-32749
-29262
-18630
-3445
12583
25539
32252
31078
22301
8064
-8148
-22368
-31111
-32231
-25451
-12429
3643
18824
29387
32737
28047
16465
836
-15001
-27152
-32625
-30072
-20115
-5205
10989
24479
31937
31523
23335
9388
-6876
-21447
-30723
-32412
-26092
-13322
2743
18132
29038
32759
28371
16955
1338
-14612
-26944
-32596
-30164
-20247
-5304
10958
24501
31960
31477
23169
9099
-7236
-21774
-30894
-32323
-25702
-12676
3510
18824
29446
32724
27837
16000
166
-15711
-27666
-32707
-29572
-19041
-3744
12491
25602
32304
30916
21780
7184
-9215
-23305
-31551
-31880
-24205
-10451
5930
20824
30486
32483
26311
13518
-2679
-18204
-29147
-32749
-28098
-16364
-502
15488
27574
32702
29574
18976
3583
-12717
-25806
-32371
-30748
-21345
-6538
9926
23879
31785
31636
23467
9346
-7147
-21830
-30974
-32254
-25342
-11991
4409
19692
29968
32623
26976
14462
-1736
-17495
-28798
-32764
-28377
-16752
-852
15267
27492
32699
29554
18857
3339
-13034
-26077
-32450
-30520
-20777
-5712
10817
24578
32042
31291
22515
7961
-8637
-23021
-31496
-31881
-24075
-10079
6509
21426
30833
32307
25463
12062
-4448
-19815
-30076
-32585
-26689
-13907
2465
18204
29244
32732
27762
15616
-569
-16610
-28356
-32765
-28692
-17189
-1231
15047
27428
32699
29490
18630
2932
-13528
-26478
-32552
-30168
-19943
-4530
12062
25519
32337
30737
21133
6022
-10659
-24565
-32068
-31208
-22206
-7407
9326
23628
31760
31593
23169
8686
-8070
-22719
-31423
-31903
-24028
-9858
6896
21846
31070
32147
24790
10926
-5807
-21019
-30711
-32336
-25461
-11891
4807
20244
30356
32478
26047
12755
-3899
-19528
-30012
-32581
-26556
-13521
3083
18877
29687
32654
26991
14192
-2362
-18294
-29387
-32703
-27360
-14769
1736
17784
29119
32734
27666
15255
-1206
-17349
-28887
-32752
-27913
-15652
771
16993
28695
32761
28105
15962
-434
-16717
-28547
-32765
-28244
-16186
193
16523
28443
32766
28334
16326
-48
-16412
-28387
-32766
-28374
-16382
0
0
0
0
0
0
0
0
0
0
0
0
0
0
0
0
0
0
0
0
0
0
0
0
0
0
0
0
0
0
0
0
0
0
0
0
0
0
0
0
0
0
0
0
0
0
0
0
0
0
0
0
0
0
0
0
0
0
0
0
0
0
0
0
0
0
0
0
0
0
0
0
0
0
0
0
0
0
0
0
0
0
0
0
0
0
0
0
0
0
0
0
0
0
0
0
0
0
0
0
0
0
0
0
0
0
0
0
0
0
0
0
0
0
0
0
0
0
0
0
0
0
0
0
0
0
0
0
0
0
0
0
0
0
0
0
0
0
0
0
0
0
0
0
0
0
0
0
0
0
0
0
0
0
0
0
0
0
0
0
0
0
0
0
0
0
0
0
0
0
0
0
0
0
0
0
0
0
0
0
0
0
0
0
0
0
0
0
0
0
0
0
0
0
0
0
0
0
0
0
0
0
0
0
0
0
0
0
0
0
0
0
0
0
0
0
0
0
0
0
0
0
0
0
0
0
0
0
0
0
0
0
0
0
0
0
0
0
0
0
0
0
0
0
0
0
0
0
0
0
0
0
0
0
0
0
0
0
0
0
0
0
0
0
0
0
0
0
0
0
0
0
0
0
0
0
0
0
0
0
0
0
0
0
0
0
0
0
0
0
0
0
0
0
0
0
0
0
0
0
0
0
0
0
0
0
0
0
0
0
0
0
0
0
0
0
0
0
0
0
0
0
0
0
0
0
0
0
0
0
0
0
0
0
0
0
0
0
0
0
0
0
0
0
0
0
0
0
0
0
0
0
0
0
0
0
0
0
0
0
0
0
0
0
0
0
0
0
0
0
0
0
0
0
0
0
0
0
0
0
0
0
0
0
0
0
0
0
0
0
0
0
0
0
0
0
0
0
0
0
0
0
0
0
0
0
0
0
0
0
0
0
0
0
0
0
0
0
0
0
0
0
0
0
0
0
0
0
0
0
0
0
0
0
0
0
0
0
0
0
0
0
0
0
0
0
0
0
0
0
0
0
0
0
0
0
0
0
0
0
0
0
0
0
0
0
0
0
0
0
0
0
0
0
0
0
0
0
0
0
0
0
0
0
0
0
0
0
0
0
0
0
0
0
0
0
0
0
0
0
0
0
0
0
0
0
0
0
0
0
0
0
0
0
0
0
0
0
0
0
0
0
0
0
0
0
0
0
0
0
0
0
0
0
0
0
0
0
0
0
0
0
0
0
0
0
0
0
0
0
0
0
0
0
0
0
0
0
0
0
0
0
0
0
0
0
0
0
0
0
0
0
0
0
0
0
0
0
0
0
0
0
0
0
0
0
0
0
0
0
0
0
0
0
0
0
0
0
0
0
0
0
0
0
0
0
0
0
0
0
0
0
0
0
0
0
0
0
0
0
0
0
0
0
0
0
0
0
0
0
0
0
0
0
0
0
0
0
0
0
0
0
0
0
0
0
0
0
0
0
0
0
0
0
0
0
0
0
0
0
0
0
0
0
0
0
0
0
0
0
0
0
0
0
0
0
0
0
0
0
0
0
0
0
0
0
0
0
0
0
0
0
0
0
0
0
0
0
0
0
0
0
0
0
0
0
0
0
0
0
0
0
0
0
0
0
0
0
0
0
0
0
0
0
0
0
0
0
0
0
0
0
0
0
0
0
0
0
0
0
0
0
0
0
0
0
0
0
0
0
0
0
0
0
0
0
0
0
0
0
0
0
0
0
0
0
0
0
0
0
0
0
0
0
0
0
0
0
0
0
0
0
0
0
0
0
0
0
0
0
0
0
0
0
0
0
0
0
0
0
0
0
0
0
0
0
0
0
0
0
0
0
0
0
0
0
0
0
0
0
0
0
0
0
0
0
0
0
0
0
0
0
0
0
0
0
0
0
0
0
0
0
0
0
0
0
0
0
0
0
0
0
0
0
0
0
0
0
0
0
0
0
0
0
0
0
0
0
0
0
0
0
0
0
0
0
0
0
0
0
0
0
0
0
0
0
0
0
0
0
0
0
0
0
0
0
0
0
0
0
0
0
0
0
0
0
0
0
0
0
0
0
0
0
0
0
0
0
0
0
0
0
0
0
0
0
0
0
0
0
0
0
0
0
0
0
0
0
0
0
0
0
0
0
0
0
0
0
0
0
0
0
0
0
0
0
0
0
0
0
13106
12943
12458
11664
10581
9238
7669
5914
4020
2034
8
-2006
-3960
-5803
-7489
-8977
-10232
-11223
-11929
-12335
-12433
-12225
-11721
-10935
-9893
-8623
-7160
-5545
-3819
-2028
-216
1569
3286
4893
6353
7633
8705
9547
10145
10488
10576
10412
10007
9377
8542
7529
6368
5089
3728
2318
894
-507
-1857
-3125
-4284
-5311
-6187
-6898
-7434
-7789
-7962
-7958
-7782
-7447
-6965
-6355
-5634
-4823
-3943
-3015
-2061
-1102
-157
755
1618
2419
3143
3782
4328
4775
5119
5360
5498
5536
5477
5326
5090
4777
4393
3946
3447
2904
2325
1720
1098
468
-160
-779
-1381
-1956
-2498
-2997
-3447
-3842
-4174
-4439
-4631
-4747
-4783
-4737
-4609
-4400
-4110
-3745
-3308
-2806
-2246
-1639
-994
-323
362
1047
1721
2367
2974
3529
4018
4431
4759
4993
5128
5158
5083
4903
4620
4240
3770
3221
2602
1928
1212
470
-280
-1025
-1747
-2430
-3059
-3621
-4103
-4496
-4791
-4981
-5065
-5040
-4908
-4673
-4341
-3920
-3421
-2856
-2238
-1580
-899
-210
473
1134
1761
2339
2857
3306
3676
3961
4158
4264
4279
4206
4046
3808
3497
3123
2695
2224
1721
1198
667
139
-374
-863
-1318
-1731
-2094
-2402
-2650
-2837
-2959
-3018
-3016
-2955
-2839
-2674
-2465
-2219
-1945
-1648
-1337
-1019
-702
-393
-97
179
432
659
855
1021
1154
1257
1329
1374
1393
1392
1372
1340
1298
1251
1203
1156
1114
1079
1052
1033
1022
1017
1016
1016
1012
1002
980
941
880
794
678
529
346
127
-127
-416
-734
-1078
-1440
-1813
-2188
-2553
-2898
-3210
-3478
-3690
-3834
-3900
-3879
-3764
-3550
-3234
-2817
-2302
-1694
-1003
-242
573
1427
2299
3167
4008
4799
5515
6135
6635
6998
7206
7246
7108
6788
6285
5603
4753
3749
2610
1361
31
-1350
-2749
-4128
-5452
-6684
-7788
-8731
-9484
-10021
-10321
-10369
-10156
-9681
-8949
-7971
-6768
-5364
-3793
-2090
-297
1539
3373
5156
6841
8381
9733
10858
11723
12301
12571
12524
12154
11468
10479
9211
7692
5961
4061
2041
-45
-2146
-4204
-6164
-7975
-9586
-10954
-12042
-12819
-13263
-13363
-13114
-12523
-11605
-10385
-8896
-7177
-5276
-3244
-1136
990
3079
5073
6919
8568
9976
11107
11932
12431
12593
12417
11911
11093
9987
8628
7056
5317
3462
1542
-386
-2272
-4062
-5709
-7167
-8401
-9379
-10077
-10483
-10589
-10398
-9922
-9179
-8197
-7009
-5652
-4170
-2607
-1012
569
2091
3511
4789
5892
6792
7467
7902
8091
8035
7741
7225
6508
5616
4582
3440
2228
985
-249
-1439
-2547
-3542
-4396
-5085
-5594
-5909
-6026
-5947
-5678
-5233
-4630
-3892
-3045
-2118
-1143
-152
823
1752
2606
3358
3988
4476
4811
4983
4990
4835
4524
4071
3490
2802
2030
1199
336
-532
-1380
-2180
-2910
-3546
-4072
-4473
-4737
-4858
-4834
-4667
-4363
-3933
-3390
-2750
-2034
-1262
-457
358
1161
1929
2641
3278
3824
4263
4587
4787
4860
4804
4624
4325
3916
3410
2822
2166
1462
728
-17
-755
-1466
-2134
-2742
-3276
-3725
-4078
-4329
-4472
-4508
-4436
-4259
-3986
-3622
-3180
-2670
-2106
-1503
-875
-239
391
1001
1577
2105
2575
2976
3300
3542
3698
3766
3746
3641
3456
3197
2871
2489
2060
1597
1112
615
122
-357
-812
-1231
-1605
-1926
-2188
-2387
-2519
-2585
-2585
-2522
-2401
-2227
-2009
-1754
-1471
-1171
-863
-558
-264
8
254
465
637
766
851
891
889
848
773
671
548
413
275
142
23
-73
-142
-175
-168
-120
-29
103
275
480
711
959
1216
1468
1706
1915
2085
2205
2263
2252
2166
1998
1749
1419
1012
535
-1
-585
-1202
-1834
-2463
-3069
-3632
-4133
-4552
-4872
-5078
-5157
-5099
-4900
-4557
-4073
-3456
-2716
-1869
-934
66
1106
2159
3196
4187
5103
5916
6602
7136
7499
7677
7660
7443
7026
6416
5626
4671
3576
2366
1072
-272
-1633
-2973
-4256
-5447
-6513
-7424
-8155
-8683
-8994
-9077
-8929
-8552
-7955
-7154
-6169
-5026
-3755
-2390
-966
477
1904
3276
4558
5716
6721
7549
8179
8597
8796
8772
8530
8080
7437
6621
5656
4571
3397
2166
910
-335
-1541
-2676
-3714
-4632
-5409
-6031
-6489
-6776
-6892
-6842
-6634
-6280
-5797
-5202
-4517
-3762
-2960
-2134
-1305
-493
284
1010
1672
2260
2766
3185
3516
3759
3919
3998
4005
3947
3831
3667
3463
3227
2965
2684
2388
2082
1767
1446
1119
786
446
99
-254
-616
-984
-1357
-1732
-2103
-2466
-2813
-3137
-3429
-3678
-3874
-4009
-4073
-4057
-3955
-3762
-3475
-3095
-2624
-2068
-1438
-743
0
773
1558
2335
3080
3772
4388
4909
5315
5590
5723
5704
5528
5196
4713
4089
3337
2479
1535
532
-499
-1531
-2532
-3469
-4315
-5041
-5623
-6041
-6280
-6329
-6185
-5851
-5333
-4647
-3813
-2856
-1804
-692
445
1572
2650
3646
4525
5257
5817
6186
6349
6299
6037
5570
4912
4083
3109
2024
862
-336
-1533
-2686
-3755
-4704
-5498
-6109
-6515
-6698
-6650
-6370
-5865
-5150
-4247
-3184
-1995
-720
599
1919
3195
4382
5440
6330
7022
7490
7714
7684
7399
6864
6095
5113
3950
2641
1228
-244
-1727
-3174
-4537
-5771
-6834
-7691
-8313
-8678
-8774
-8594
-8145
-7438
-6496
-5348
-4030
-2583
-1054
508
2055
3538
4909
6126
7151
7951
8503
8791
8807
8554
8041
7288
6321
5172
3882
2493
1051
-396
-1802
-3123
-4318
-5349
-6186
-6807
-7194
-7342
-7250
-6928
-6393
-5667
-4783
-3774
-2678
-1538
-394
711
1741
2660
3438
4050
4479
4715
4754
4602
4271
3780
3153
2421
1617
777
-60
-860
-1587
-2210
-2702
-3041
-3212
-3207
-3025
-2674
-2166
-1524
-773
54
924
1797
2635
3400
4055
4568
4911
5062
5007
4738
4257
3573
2702
1671
512
-738
-2037
-3339
-4596
-5762
-6790
-7640
-8274
-8663
-8782
-8619
-8168
-7435
-6435
-5191
-3737
-2113
-368
1445
3272
5053
6732
8252
9562
10616
11377
11813
11907
11648
11039
10092
8832
7293
5518
3558
1471
-681
-2834
-4924
-6886
-8661
-10194
-11438
-12355
-12917
-13106
-12917
-12355
-11438
-10194
-8661
-6886
-4924
-2834
-681
1471
3558
5518
7293
8832
10092
11039
11648
11907
11813
11377
10616
9562
8252
6732
5053
3272
1445
-368
-2113
-3737
-5191
-6435
-7435
-8168
-8619
-8782
-8663
-8274
-7640
-6790
-5762
-4596
-3339
-2037
-738
512
1671
2702
3573
4257
4738
5007
5062
4911
4568
4055
3400
2635
1797
924
54
-773
-1524
-2166
-2674
-3025
-3207
-3212
-3041
-2702
-2210
-1587
-860
-60
777
1617
2421
3153
3780
4271
4602
4754
4715
4479
4050
3438
2660
1741
711
-394
-1538
-2678
-3774
-4783
-5667
-6393
-6928
-7250
-7342
-7194
-6807
-6186
-5349
-4318
-3123
-1802
-396
1051
2493
3882
5172
6321
7288
8041
8554
8807
8791
8503
7951
7151
6126
4909
3538
2055
508
-1054
-2583
-4030
-5348
-6496
-7438
-8145
-8594
-8774
-8678
-8313
-7691
-6834
-5771
-4537
-3174
-1727
-244
1228
2641
3950
5113
6095
6864
7399
7684
7714
7490
7022
6330
5440
4382
3195
1919
599
-720
-1995
-3184
-4247
-5150
-5865
-6370
-6650
-6698
-6515
-6109
-5498
-4704
-3755
-2686
-1533
-336
862
2024
3109
4083
4912
5570
6037
6299
6349
6186
5817
5257
4525
3646
2650
1572
445
-692
-1804
-2856
-3813
-4647
-5333
-5851
-6185
-6329
-6280
-6041
-5623
-5041
-4315
-3469
-2532
-1531
-499
532
1535
2479
3337
4089
4713
5196
5528
5704
5723
5590
5315
4909
4388
3772
3080
2335
1558
773
0
-743
-1438
-2068
-2624
-3095
-3475
-3762
-3955
-4057
-4073
-4009
-3874
-3678
-3429
-3137
-2813
-2466
-2103
-1732
-1357
-984
-616
-254
99
446
786
1119
1446
1767
2082
2388
2684
2965
3227
3463
3667
3831
3947
4005
3998
3919
3759
3516
3185
2766
2260
1672
1010
284
-493
-1305
-2134
-2960
-3762
-4517
-5202
-5797
-6280
-6634
-6842
-6892
-6776
-6489
-6031
-5409
-4632
-3714
-2676
-1541
-335
910
2166
3397
4571
5656
6621
7437
8080
8530
8772
8796
8597
8179
7549
6721
5716
4558
3276
1904
477
-966
-2390
-3755
-5026
-6169
-7154
-7955
-8552
-8929
-9077
-8994
-8683
-8155
-7424
-6513
-5447
-4256
-2973
-1633
-272
1072
2366
3576
4671
5626
6416
7026
7443
7660
7677
7499
7136
6602
5916
5103
4187
3196
2159
1106
66
-934
-1869
-2716
-3456
-4073
-4557
-4900
-5099
-5157
-5078
-4872
-4552
-4133
-3632
-3069
-2463
-1834
-1202
-585
-1
535
1012
1419
1749
1998
2166
2252
2263
2205
2085
1915
1706
1468
1216
959
711
480
275
103
-29
-120
-168
-175
-142
-73
23
142
275
413
548
671
773
848
889
891
851
766
637
465
254
8
-264
-558
-863
-1171
-1471
-1754
-2009
-2227
-2401
-2522
-2585
-2585
-2519
-2387
-2188
-1926
-1605
-1231
-812
-357
122
615
1112
1597
2060
2489
2871
3197
3456
3641
3746
3766
3698
3542
3300
2976
2575
2105
1577
1001
391
-239
-875
-1503
-2106
-2670
-3180
-3622
-3986
-4259
-4436
-4508
-4472
-4329
-4078
-3725
-3276
-2742
-2134
-1466
-755
-17
728
1462
2166
2822
3410
3916
4325
4624
4804
4860
4787
4587
4263
3824
3278
2641
1929
1161
358
-457
-1262
-2034
-2750
-3390
-3933
-4363
-4667
-4834
-4858
-4737
-4473
-4072
-3546
-2910
-2180
-1380
-532
336
1199
2030
2802
3490
4071
4524
4835
4990
4983
4811
4476
3988
3358
2606
1752
823
-152
-1143
-2118
-3045
-3892
-4630
-5233
-5678
-5947
-6026
-5909
-5594
-5085
-4396
-3542
-2547
-1439
-249
985
2228
3440
4582
5616
6508
7225
7741
8035
8091
7902
7467
6792
5892
4789
3511
2091
569
-1012
-2607
-4170
-5652
-7009
-8197
-9179
-9922
-10398
-10589
-10483
-10077
-9379
-8401
-7167
-5709
-4062
-2272
-386
1542
3462
5317
7056
8628
9987
11093
11911
12417
12593
12431
11932
11107
9976
8568
6919
5073
3079
990
-1136
-3244
-5276
-7177
-8896
-10385
-11605
-12523
-13114
-13363
-13263
-12819
-12042
-10954
-9586
-7975
-6164
-4204
-2146
-45
2041
4061
5961
7692
9211
10479
11468
12154
12524
12571
12301
11723
10858
9733
8381
6841
5156
3373
1539
-297
-2090
-3793
-5364
-6768
-7971
-8949
-9681
-10156
-10369
-10321
-10021
-9484
-8731
-7788
-6684
-5452
-4128
-2749
-1350
31
1361
2610
3749
4753
5603
6285
6788
7108
7246
7206
6998
6635
6135
5515
4799
4008
3167
2299
1427
573
-242
-1003
-1694
-2302
-2817
-3234
-3550
-3764
-3879
-3900
-3834
-3690
-3478
-3210
-2898
-2553
-2188
-1813
-1440
-1078
-734
-416
-127
127
346
529
678
794
880
941
980
1002
1012
1016
1016
1017
1022
1033
1052
1079
1114
1156
1203
1251
1298
1340
1372
1392
1393
1374
1329
1257
1154
1021
855
659
432
179
-97
-393
-702
-1019
-1337
-1648
-1945
-2219
-2465
-2674
-2839
-2955
-3016
-3018
-2959
-2837
-2650
-2402
-2094
-1731
-1318
-863
-374
139
667
1198
1721
2224
2695
3123
3497
3808
4046
4206
4279
4264
4158
3961
3676
3306
2857
2339
1761
1134
473
-210
-899
-1580
-2238
-2856
-3421
-3920
-4341
-4673
-4908
-5040
-5065
-4981
-4791
-4496
-4103
-3621
-3059
-2430
-1747
-1025
-280
470
1212
1928
2602
3221
3770
4240
4620
4903
5083
5158
5128
4993
4759
4431
4018
3529
2974
2367
1721
1047
362
-323
-994
-1639
-2246
-2806
-3308
-3745
-4110
-4400
-4609
-4737
-4783
-4747
-4631
-4439
-4174
-3842
-3447
-2997
-2498
-1956
-1381
-779
-160
468
1098
1720
2325
2904
3447
3946
4393
4777
5090
5326
5477
5536
5498
5360
5119
4775
4328
3782
3143
2419
1618
755
-157
-1102
-2061
-3015
-3943
-4823
-5634
-6355
-6965
-7447
-7782
-7958
-7962
-7789
-7434
-6898
-6187
-5311
-4284
-3125
-1857
-507
894
2318
3728
5089
6368
7529
8542
9377
10007
10412
10576
10488
10145
9547
8705
7633
6353
4893
3286
1569
-216
-2028
-3819
-5545
-7160
-8623
-9893
-10935
-11721
-12225
-12433
-12335
-11929
-11223
-10232
-8977
-7489
-5803
-3960
-2006
8
2034
4020
5914
7669
9238
10581
11664
12458
12943
0
0
0
0
0
0
0
0
0
0
0
0
0
0
0
0
0
0
0
0
0
0
0
0
0
0
0
0
0
0
0
0
0
0
0
0
0
0
0
0
0
0
0
0
0
0
0
0
0
0
0
0
0
0
0
0
0
0
0
0
0
0
0
0
0
0
0
0
0
0
0
0
0
0
0
0
0
0
0
0
0
0
0
0
0
0
0
0
0
0
0
0
0
0
0
0
0
0
0
0
0
0
0
0
0
0
0
0
0
0
0
0
0
0
0
0
0
0
0
0
0
0
0
0
0
0
0
0
0
0
0
0
0
0
0
-3276
-3266
-3235
-3181
-3100
-2989
-2843
-2655
-2422
-2139
-1801
-1408
-958
-453
100
699
1332
1987
2651
3306
3936
4521
5041
5478
5812
6027
6109
6045
5827
5452
4920
4235
3408
2455
1394
249
-950
-2176
-3395
-4572
-5673
-6665
-7515
-8194
-8678
-8945
-8982
-8779
-8335
-7655
-6750
-5641
-4352
-2915
-1366
254
1901
3531
5097
6553
7857
8969
9855
10486
10841
10904
10669
10140
9326
8248
6932
5411
3728
1927
58
-1826
-3675
-5434
-7055
-8491
-9699
-10646
-11302
-11649
-11676
-11380
-10769
-9861
-8679
-7257
-5636
-3860
-1980
-49
1878
3748
5507
7107
8503
9657
10536
11118
11388
11340
10979
10315
9371
8175
6763
5177
3465
1674
-142
-1933
-3648
-5240
-6664
-7884
-8867
-9588
-10032
-10189
-10060
-9653
-8985
-8078
-6964
-5676
-4257
-2747
-1193
360
1870
3293
4590
5727
6677
7415
7926
8202
8240
8046
7632
7015
6220
5275
4212
3065
1870
664
-517
-1640
-2675
-3594
-4373
-4996
-5449
-5726
-5825
-5752
-5514
-5127
-4609
-3982
-3270
-2499
-1695
-887
-99
643
1319
1911
2403
2785
3050
3195
3222
3139
2953
2679
2331
1927
1486
1027
570
133
-265
-613
-897
-1107
-1237
-1285
-1251
-1140
-960
-719
-432
-113
222
558
877
1162
1400
1576
1681
1705
1644
1496
1263
950
566
120
-370
-891
-1425
-1951
-2450
-2903
-3291
-3598
-3807
-3909
-3893
-3754
-3490
-3105
-2604
-1999
-1302
-531
292
1148
2010
2853
3653
4385
5024
5549
5942
6187
6272
6190
5938
5519
4939
4209
3346
2369
1302
173
-990
-2157
-3296
-4378
-5370
-6246
-6980
-7550
-7937
-8129
-8118
-7899
-7476
-6856
-6053
-5085
-3975
-2749
-1438
-74
1307
2673
3986
5214
6324
7287
8078
8675
9062
9228
9168
8882
8376
7663
6760
5688
4475
3151
1748
301
-1152
-2578
-3940
-5204
-6340
-7320
-8120
-8722
-9113
-9282
-9229
-8956
-8472
-7790
-6929
-5912
-4765
-3518
-2202
-850
504
1829
3093
4266
5322
6237
6992
7573
7970
8176
8191
8020
7671
7156
6493
5700
4799
3815
2773
1699
618
-444
-1466
-2425
-3302
-4081
-4748
-5294
-5711
-5997
-6150
-6175
-6076
-5862
-5543
-5130
-4637
-4077
-3466
-2816
-2144
-1460
-780
-112
530
1141
1711
2236
2710
3130
3492
3796
4041
4226
4351
4417
4424
4373
4266
4101
3882
3609
3283
2906
2480
2010
1498
950
371
-231
-849
-1474
-2094
-2699
-3276
-3814
-4300
-4720
-5064
-5320
-5478
-5530
-5469
-5293
-4999
-4589
-4068
-3444
-2726
-1929
-1069
-164
765
1697
2609
3478
4282
4998
5607
6092
6436
6630
6666
6539
6251
5808
5218
4495
3658
2728
1727
683
-376
-1424
-2431
-3370
-4216
-4946
-5540
-5982
-6262
-6371
-6308
-6078
-5687
-5149
-4480
-3703
-2840
-1919
-968
-15
910
1782
2574
3264
3833
4266
4551
4685
4666
4498
4193
3762
3225
2602
1918
1197
468
-243
-911
-1513
-2027
-2435
-2723
-2882
-2908
-2802
-2568
-2219
-1767
-1233
-638
-7
634
1259
1841
2355
2778
3091
3276
3323
3226
2982
2596
2078
1442
707
-102
-960
-1836
-2701
-3522
-4268
-4911
-5424
-5784
-5973
-5976
-5788
-5407
-4837
-4090
-3183
-2139
-986
242
1514
2789
4031
5200
6259
7175
7916
8456
8775
8858
8698
8294
7653
6789
5721
4477
3088
1591
26
-1564
-3137
-4650
-6059
-7327
-8417
-9299
-9947
-10345
-10478
-10344
-9946
-9292
-8402
-7297
-6007
-4566
-3013
-1387
268
1911
3500
4995
6357
7555
8560
9349
9905
10218
10283
10103
9686
9046
8204
7183
6013
4723
3347
1921
478
-945
-2319
-3612
-4797
-5849
-6749
-7481
-8035
-8402
-8583
-8578
-8394
-8042
-7533
-6885
-6115
-5243
-4291
-3280
-2231
-1165
-105
931
1925
2861
3724
4501
5181
5755
6217
6562
6787
6890
6872
6735
6482
6119
5653
5090
4440
3713
2921
2075
1191
281
-637
-1551
-2443
-3296
-4094
-4822
-5464
-6007
-6436
-6742
-6915
-6949
-6840
-6587
-6193
-5663
-5007
-4235
-3364
-2411
-1397
-344
723
1780
2802
3764
4641
5411
6054
6553
6895
7070
7073
6903
6564
6066
5419
4643
3757
2786
1756
695
-367
-1404
-2385
-3284
-4078
-4745
-5268
-5636
-5840
-5877
-5750
-5466
-5037
-4479
-3812
-3059
-2247
-1402
-551
276
1057
1766
2381
2886
3267
3515
3627
3603
3449
3176
2798
2333
1802
1229
637
52
-501
-1002
-1428
-1764
-1996
-2114
-2113
-1995
-1765
-1431
-1009
-516
26
595
1166
1713
2212
2638
2971
3193
3290
3252
3075
2760
2313
1746
1075
321
-491
-1334
-2179
-2995
-3751
-4419
-4971
-5384
-5639
-5720
-5621
-5336
-4872
-4236
-3445
-2521
-1490
-382
767
1924
3050
4109
5066
5889
6549
7022
7292
7346
7179
6796
6205
5422
4471
3380
2182
915
-382
-1670
-2907
-4055
-5077
-5942
-6621
-7095
-7349
-7375
-7174
-6754
-6130
-5323
-4361
-3276
-2106
-888
334
1523
2640
3646
4511
5207
5713
6014
6104
5981
5654
5138
4452
3625
2689
1677
629
-416
-1421
-2349
-3165
-3841
-4352
-4679
-4812
-4747
-4487
-4042
-3431
-2677
-1809
-861
129
1125
2086
2975
3755
4395
4867
5151
5232
5102
4764
4224
3499
2612
1591
473
-704
-1901
-3072
-4175
-5169
-6015
-6679
-7134
-7358
-7337
-7066
-6546
-5791
-4818
-3657
-2339
-906
596
2124
3626
5053
6358
7496
8429
9123
9551
9697
9550
9110
8388
7402
6177
4750
3161
1456
-312
-2092
-3830
-5473
-6971
-8278
-9354
-10166
-10689
-10906
-10809
-10402
-9695
-8710
-7476
-6029
-4412
-2673
-864
963
2755
4460
6028
7415
8582
9498
10138
10487
10538
10293
9762
8966
7930
6688
5278
3745
2133
491
-1132
-2694
-4149
-5458
-6586
-7507
-8197
-8644
-8841
-8787
-8492
-7971
-7244
-6338
-5283
-4115
-2870
-1585
-298
953
2137
3222
4180
4990
5635
6102
6386
6485
6406
6156
5751
5208
4548
3795
2972
2106
1222
345
-502
-1299
-2027
-2670
-3216
-3656
-3983
-4196
-4296
-4285
-4170
-3960
-3663
-3293
-2861
-2381
-1864
-1326
-777
-230
303
814
1294
1734
2128
2470
2756
2981
3145
3243
3276
3243
3145
2981
2756
2470
2128
1734
1294
814
303
-230
-777
-1326
-1864
-2381
-2861
-3293
-3663
-3960
-4170
-4285
-4296
-4196
-3983
-3656
-3216
-2670
-2027
-1299
-502
345
1222
2106
2972
3795
4548
5208
5751
6156
6406
6485
6386
6102
5635
4990
4180
3222
2137
953
-298
-1585
-2870
-4115
-5283
-6338
-7244
-7971
-8492
-8787
-8841
-8644
-8197
-7507
-6586
-5458
-4149
-2694
-1132
491
2133
3745
5278
6688
7930
8966
9762
10293
10538
10487
10138
9498
8582
7415
6028
4460
2755
963
-864
-2673
-4412
-6029
-7476
-8710
-9695
-10402
-10809
-10906
-10689
-10166
-9354
-8278
-6971
-5473
-3830
-2092
-312
1456
3161
4750
6177
7402
8388
9110
9550
9697
9551
9123
8429
7496
6358
5053
3626
2124
596
-906
-2339
-3657
-4818
-5791
-6546
-7066
-7337
-7358
-7134
-6679
-6015
-5169
-4175
-3072
-1901
-704
473
1591
2612
3499
4224
4764
5102
5232
5151
4867
4395
3755
2975
2086
1125
129
-861
-1809
-2677
-3431
-4042
-4487
-4747
-4812
-4679
-4352
-3841
-3165
-2349
-1421
-416
629
1677
2689
3625
4452
5138
5654
5981
6104
6014
5713
5207
4511
3646
2640
1523
334
-888
-2106
-3276
-4361
-5323
-6130
-6754
-7174
-7375
-7349
-7095
-6621
-5942
-5077
-4055
-2907
-1670
-382
915
2182
3380
4471
5422
6205
6796
7179
7346
7292
7022
6549
5889
5066
4109
3050
1924
767
-382
-1490
-2521
-3445
-4236
-4872
-5336
-5621
-5720
-5639
-5384
-4971
-4419
-3751
-2995
-2179
-1334
-491
321
1075
1746
2313
2760
3075
3252
3290
3193
2971
2638
2212
1713
1166
595
26
-516
-1009
-1431
-1765
-1995
-2113
-2114
-1996
-1764
-1428
-1002
-501
52
637
1229
1802
2333
2798
3176
3449
3603
3627
3515
3267
2886
2381
1766
1057
276
-551
-1402
-2247
-3059
-3812
-4479
-5037
-5466
-5750
-5877
-5840
-5636
-5268
-4745
-4078
-3284
-2385
-1404
-367
695
1756
2786
3757
4643
5419
6066
6564
6903
7073
7070
6895
6553
6054
5411
4641
3764
2802
1780
723
-344
-1397
-2411
-3364
-4235
-5007
-5663
-6193
-6587
-6840
-6949
-6915
-6742
-6436
-6007
-5464
-4822
-4094
-3296
-2443
-1551
-637
281
1191
2075
2921
3713
4440
5090
5653
6119
6482
6735
6872
6890
6787
6562
6217
5755
5181
4501
3724
2861
1925
931
-105
-1165
-2231
-3280
-4291
-5243
-6115
-6885
-7533
-8042
-8394
-8578
-8583
-8402
-8035
-7481
-6749
-5849
-4797
-3612
-2319
-945
478
1921
3347
4723
6013
7183
8204
9046
9686
10103
10283
10218
9905
9349
8560
7555
6357
4995
3500
1911
268
-1387
-3013
-4566
-6007
-7297
-8402
-9292
-9946
-10344
-10478
-10345
-9947
-9299
-8417
-7327
-6059
-4650
-3137
-1564
26
1591
3088
4477
5721
6789
7653
8294
8698
8858
8775
8456
7916
7175
6259
5200
4031
2789
1514
242
-986
-2139
-3183
-4090
-4837
-5407
-5788
-5976
-5973
-5784
-5424
-4911
-4268
-3522
-2701
-1836
-960
-102
707
1442
2078
2596
2982
3226
3323
3276
3091
2778
2355
1841
1259
634
-7
-638
-1233
-1767
-2219
-2568
-2802
-2908
-2882
-2723
-2435
-2027
-1513
-911
-243
468
1197
1918
2602
3225
3762
4193
4498
4666
4685
4551
4266
3833
3264
2574
1782
910
-15
-968
-1919
-2840
-3703
-4480
-5149
-5687
-6078
-6308
-6371
-6262
-5982
-5540
-4946
-4216
-3370
-2431
-1424
-376
683
1727
2728
3658
4495
5218
5808
6251
6539
6666
6630
6436
6092
5607
4998
4282
3478
2609
1697
765
-164
-1069
-1929
-2726
-3444
-4068
-4589
-4999
-5293
-5469
-5530
-5478
-5320
-5064
-4720
-4300
-3814
-3276
-2699
-2094
-1474
-849
-231
371
950
1498
2010
2480
2906
3283
3609
3882
4101
4266
4373
4424
4417
4351
4226
4041
3796
3492
3130
2710
2236
1711
1141
530
-112
-780
-1460
-2144
-2816
-3466
-4077
-4637
-5130
-5543
-5862
-6076
-6175
-6150
-5997
-5711
-5294
-4748
-4081
-3302
-2425
-1466
-444
618
1699
2773
3815
4799
5700
6493
7156
7671
8020
8191
8176
7970
7573
6992
6237
5322
4266
3093
1829
504
-850
-2202
-3518
-4765
-5912
-6929
-7790
-8472
-8956
-9229
-9282
-9113
-8722
-8120
-7320
-6340
-5204
-3940
-2578
-1152
301
1748
3151
4475
5688
6760
7663
8376
8882
9168
9228
9062
8675
8078
7287
6324
5214
3986
2673
1307
-74
-1438
-2749
-3975
-5085
-6053
-6856
-7476
-7899
-8118
-8129
-7937
-7550
-6980
-6246
-5370
-4378
-3296
-2157
-990
173
1302
2369
3346
4209
4939
5519
5938
6190
6272
6187
5942
5549
5024
4385
3653
2853
2010
1148
292
-531
-1302
-1999
-2604
-3105
-3490
-3754
-3893
-3909
-3807
-3598
-3291
-2903
-2450
-1951
-1425
-891
-370
120
566
950
1263
1496
1644
1705
1681
1576
1400
1162
877
558
222
-113
-432
-719
-960
-1140
-1251
-1285
-1237
-1107
-897
-613
-265
133
570
1027
1486
1927
2331
2679
2953
3139
3222
3195
3050
2785
2403
1911
1319
643
-99
-887
-1695
-2499
-3270
-3982
-4609
-5127
-5514
-5752
-5825
-5726
-5449
-4996
-4373
-3594
-2675
-1640
-517
664
1870
3065
4212
5275
6220
7015
7632
8046
8240
8202
7926
7415
6677
5727
4590
3293
1870
360
-1193
-2747
-4257
-5676
-6964
-8078
-8985
-9653
-10060
-10189
-10032
-9588
-8867
-7884
-6664
-5240
-3648
-1933
-142
1674
3465
5177
6763
8175
9371
10315
10979
11340
11388
11118
10536
9657
8503
7107
5507
3748
1878
-49
-1980
-3860
-5636
-7257
-8679
-9861
-10769
-11380
-11676
-11649
-11302
-10646
-9699
-8491
-7055
-5434
-3675
-1826
58
1927
3728
5411
6932
8248
9326
10140
10669
10904
10841
10486
9855
8969
7857
6553
5097
3531
1901
254
-1366
-2915
-4352
-5641
-6750
-7655
-8335
-8779
-8982
-8945
-8678
-8194
-7515
-6665
-5673
-4572
-3395
-2176
-950
249
1394
2455
3408
4235
4920
5452
5827
6045
6109
6027
5812
5478
5041
4521
3936
3306
2651
1987
1332
699
100
-453
-958
-1408
-1801
-2139
-2422
-2655
-2843
-2989
-3100
-3181
-3235
-3266
0
0
0
0
0
0
0
0
0
0
0
0
0
0
0
0
0
0
0
0
0
0
0
0
0
0
0
0
0
0
0
0
0
0
0
0
0
0
0
0
0
0
0
0
0
0
0
0
0
0
0
0
0
0
0
0
0
0
0
0
0
0
0
0
0
0
0
0
0
0
0
0
0
0
0
0
0
0
0
0
0
0
0
0
0
0
0
0
0
0
0
0
0
0
0
0
0
0
0
0
0
0
0
0
0
0
0
0
0
0
0
0
0
0
0
0
0
0
0
0
0
0
0
0
0
0
0
0
0
0
0
0
0
0
0
3276
3250
3173
3044
2865
2637
2361
2040
1677
1275
840
377
-107
-605
-1109
-1609
-2094
-2554
-2977
-3354
-3672
-3921
-4093
-4179
-4174
-4072
-3871
-3573
-3180
-2697
-2134
-1501
-812
-83
668
1424
2165
2869
3517
4091
4572
4944
5196
5317
5301
5145
4851
4423
3871
3209
2452
1621
737
-173
-1088
-1980
-2823
-3594
-4270
-4830
-5259
-5544
-5676
-5650
-5467
-5133
-4658
-4054
-3342
-2540
-1675
-771
143
1043
1901
2691
3391
3981
4445
4770
4950
4980
4863
4605
4218
3715
3116
2442
1717
964
208
-523
-1210
-1830
-2363
-2796
-3116
-3316
-3394
-3351
-3194
-2931
-2578
-2149
-1666
-1148
-616
-94
398
842
1220
1517
1724
1833
1841
1750
1566
1298
959
566
136
-308
-749
-1163
-1531
-1834
-2055
-2182
-2204
-2117
-1918
-1612
-1206
-713
-148
468
1114
1766
2398
2985
3502
3926
4236
4416
4452
4337
4067
3645
3078
2378
1565
660
-310
-1316
-2326
-3309
-4230
-5059
-5766
-6325
-6714
-6914
-6915
-6710
-6301
-5694
-4903
-3947
-2852
-1646
-364
957
2280
3565
4774
5870
6818
7590
8160
8509
8625
8501
8139
7546
6739
5738
4570
3269
1869
411
-1063
-2515
-3902
-5185
-6328
-7300
-8074
-8628
-8948
-9026
-8862
-8461
-7835
-7005
-5994
-4832
-3552
-2190
-785
624
2000
3305
4506
5571
6474
7194
7715
8026
8123
8009
7691
7182
6500
5668
4710
3656
2535
1379
218
-915
-1996
-2995
-3891
-4665
-5300
-5785
-6113
-6283
-6295
-6156
-5874
-5463
-4937
-4314
-3613
-2854
-2058
-1244
-432
357
1110
1810
2443
2999
3470
3849
4132
4319
4409
4405
4310
4132
3876
3551
3164
2726
2246
1734
1200
653
103
-438
-965
-1466
-1934
-2360
-2738
-3060
-3321
-3515
-3637
-3685
-3656
-3550
-3366
-3108
-2778
-2381
-1925
-1419
-871
-293
301
899
1486
2048
2569
3035
3432
3749
3973
4097
4114
4020
3814
3500
3081
2568
1971
1306
588
-161
-923
-1675
-2395
-3061
-3652
-4148
-4533
-4792
-4915
-4893
-4724
-4411
-3957
-3375
-2679
-1886
-1019
-103
836
1770
2671
3510
4261
4898
5401
5751
5936
5945
5775
5429
4914
4242
3431
2503
1485
405
-704
-1810
-2880
-3881
-4782
-5555
-6175
-6623
-6883
-6945
-6807
-6469
-5941
-5238
-4377
-3385
-2288
-1121
84
1293
2469
3578
4588
5469
6196
6749
7111
7274
7233
6990
6556
5942
5169
4261
3245
2151
1012
-138
-1267
-2343
-3337
-4221
-4972
-5572
-6008
-6271
-6359
-6274
-6023
-5620
-5081
-4427
-3680
-2865
-2010
-1140
-282
540
1304
1992
2587
3077
3455
3717
3863
3897
3829
3669
3430
3128
2780
2403
2013
1627
1259
921
624
373
173
24
-75
-131
-151
-144
-122
-97
-80
-85
-121
-198
-323
-500
-730
-1012
-1341
-1708
-2102
-2509
-2913
-3297
-3642
-3929
-4140
-4258
-4268
-4160
-3923
-3554
-3053
-2425
-1678
-827
109
1109
2146
3193
4218
5191
6080
6854
7487
7952
8228
8300
8157
7793
7211
6418
5428
4263
2948
1515
0
-1559
-3121
-4643
-6084
-7402
-8561
-9525
-10266
-10760
-10989
-10943
-10620
-10025
-9169
-8073
-6762
-5268
-3630
-1888
-86
1727
3508
5210
6790
8206
9423
10410
11144
11605
11784
11677
11289
10631
9722
8586
7253
5759
4141
2440
700
-1037
-2730
-4338
-5825
-7157
-8306
-9246
-9962
-10439
-10673
-10664
-10417
-9943
-9259
-8385
-7346
-6169
-4884
-3523
-2116
-696
705
2060
3342
4525
5588
6513
7286
7895
8334
8598
8689
8609
8364
7965
7423
6750
5964
5081
4118
3096
2032
946
-142
-1215
-2254
-3241
-4160
-4996
-5735
-6364
-6874
-7254
-7499
-7604
-7565
-7384
-7061
-6603
-6016
-5309
-4496
-3590
-2609
-1571
-495
594
1678
2731
3732
4658
5488
6202
6784
7218
7493
7601
7538
7303
6901
6340
5633
4795
3846
2809
1710
576
-563
-1681
-2748
-3737
-4621
-5379
-5990
-6440
-6717
-6815
-6733
-6475
-6050
-5472
-4759
-3934
-3021
-2048
-1045
-41
931
1847
2677
3399
3992
4441
4734
4867
4838
4651
4319
3854
3276
2608
1876
1107
329
-428
-1137
-1773
-2312
-2735
-3027
-3177
-3182
-3041
-2761
-2352
-1832
-1220
-540
178
909
1622
2287
2876
3364
3727
3948
4013
3913
3648
3221
2641
1925
1094
173
-807
-1815
-2816
-3774
-4655
-5426
-6055
-6516
-6789
-6856
-6709
-6345
-5767
-4988
-4025
-2902
-1651
-306
1093
2508
3894
5208
6410
7461
8326
8976
9387
9542
9432
9057
8422
7541
6438
5139
3682
2104
450
-1234
-2901
-4504
-5997
-7338
-8489
-9417
-10097
-10508
-10640
-10490
-10062
-9370
-8433
-7279
-5940
-4455
-2867
-1218
444
2075
3631
5071
6358
7460
8349
9007
9421
9585
9500
9176
8628
7876
6946
5871
4682
3416
2109
798
-481
-1696
-2819
-3822
-4685
-5392
-5933
-6302
-6499
-6531
-6406
-6140
-5748
-5250
-4670
-4028
-3347
-2650
-1957
-1286
-653
-70
452
909
1297
1617
1872
2067
2211
2312
2381
2426
2459
2487
2517
2554
2603
2662
2730
2802
2873
2933
2973
2982
2948
2860
2709
2486
2184
1799
1330
781
156
-532
-1273
-2049
-2840
-3625
-4379
-5078
-5698
-6214
-6603
-6847
-6928
-6833
-6556
-6094
-5449
-4632
-3656
-2543
-1317
-8
1348
2717
4060
5339
6513
7547
8407
9063
9492
9673
9597
9257
8659
7812
6736
5456
4005
2421
746
-972
-2687
-4348
-5909
-7322
-8545
-9540
-10278
-10733
-10890
-10742
-10291
-9546
-8529
-7265
-5791
-4149
-2385
-550
1301
3116
4841
6424
7820
8986
9887
10498
10800
10784
10450
9809
8881
7693
6282
4690
2967
1164
-663
-2460
-4171
-5746
-7135
-8298
-9200
-9813
-10120
-10114
-9794
-9173
-8271
-7116
-5747
-4206
-2543
-809
939
2648
4265
5738
7021
8075
8867
9373
9577
9474
9068
8372
7410
6213
4818
3272
1622
-76
-1770
-3406
-4932
-6298
-7461
-8384
-9039
-9403
-9465
-9223
-8686
-7869
-6798
-5509
-4041
-2441
-760
948
2630
4233
5704
6998
8072
8893
9435
9679
9618
9254
8597
7668
6496
5117
3576
1919
200
-1527
-3209
-4792
-6227
-7468
-8476
-9220
-9676
-9830
-9676
-9220
-8476
-7468
-6227
-4792
-3209
-1527
200
1919
3576
5117
6496
7668
8597
9254
9618
9679
9435
8893
8072
6998
5704
4233
2630
948
-760
-2441
-4041
-5509
-6798
-7869
-8686
-9223
-9465
-9403
-9039
-8384
-7461
-6298
-4932
-3406
-1770
-76
1622
3272
4818
6213
7410
8372
9068
9474
9577
9373
8867
8075
7021
5738
4265
2648
939
-809
-2543
-4206
-5747
-7116
-8271
-9173
-9794
-10114
-10120
-9813
-9200
-8298
-7135
-5746
-4171
-2460
-663
1164
2967
4690
6282
7693
8881
9809
10450
10784
10800
10498
9887
8986
7820
6424
4841
3116
1301
-550
-2385
-4149
-5791
-7265
-8529
-9546
-10291
-10742
-10890
-10733
-10278
-9540
-8545
-7322
-5909
-4348
-2687
-972
746
2421
4005
5456
6736
7812
8659
9257
9597
9673
9492
9063
8407
7547
6513
5339
4060
2717
1348
-8
-1317
-2543
-3656
-4632
-5449
-6094
-6556
-6833
-6928
-6847
-6603
-6214
-5698
-5078
-4379
-3625
-2840
-2049
-1273
-532
156
781
1330
1799
2184
2486
2709
2860
2948
2982
2973
2933
2873
2802
2730
2662
2603
2554
2517
2487
2459
2426
2381
2312
2211
2067
1872
1617
1297
909
452
-70
-653
-1286
-1957
-2650
-3347
-4028
-4670
-5250
-5748
-6140
-6406
-6531
-6499
-6302
-5933
-5392
-4685
-3822
-2819
-1696
-481
798
2109
3416
4682
5871
6946
7876
8628
9176
9500
9585
9421
9007
8349
7460
6358
5071
3631
2075
444
-1218
-2867
-4455
-5940
-7279
-8433
-9370
-10062
-10490
-10640
-10508
-10097
-9417
-8489
-7338
-5997
-4504
-2901
-1234
450
2104
3682
5139
6438
7541
8422
9057
9432
9542
9387
8976
8326
7461
6410
5208
3894
2508
1093
-306
-1651
-2902
-4025
-4988
-5767
-6345
-6709
-6856
-6789
-6516
-6055
-5426
-4655
-3774
-2816
-1815
-807
173
1094
1925
2641
3221
3648
3913
4013
3948
3727
3364
2876
2287
1622
909
178
-540
-1220
-1832
-2352
-2761
-3041
-3182
-3177
-3027
-2735
-2312
-1773
-1137
-428
329
1107
1876
2608
3276
3854
4319
4651
4838
4867
4734
4441
3992
3399
2677
1847
931
-41
-1045
-2048
-3021
-3934
-4759
-5472
-6050
-6475
-6733
-6815
-6717
-6440
-5990
-5379
-4621
-3737
-2748
-1681
-563
576
1710
2809
3846
4795
5633
6340
6901
7303
7538
7601
7493
7218
6784
6202
5488
4658
3732
2731
1678
594
-495
-1571
-2609
-3590
-4496
-5309
-6016
-6603
-7061
-7384
-7565
-7604
-7499
-7254
-6874
-6364
-5735
-4996
-4160
-3241
-2254
-1215
-142
946
2032
3096
4118
5081
5964
6750
7423
7965
8364
8609
8689
8598
8334
7895
7286
6513
5588
4525
3342
2060
705
-696
-2116
-3523
-4884
-6169
-7346
-8385
-9259
-9943
-10417
-10664
-10673
-10439
-9962
-9246
-8306
-7157
-5825
-4338
-2730
-1037
700
2440
4141
5759
7253
8586
9722
10631
11289
11677
11784
11605
11144
10410
9423
8206
6790
5210
3508
1727
-86
-1888
-3630
-5268
-6762
-8073
-9169
-10025
-10620
-10943
-10989
-10760
-10266
-9525
-8561
-7402
-6084
-4643
-3121
-1559
0
1515
2948
4263
5428
6418
7211
7793
8157
8300
8228
7952
7487
6854
6080
5191
4218
3193
2146
1109
109
-827
-1678
-2425
-3053
-3554
-3923
-4160
-4268
-4258
-4140
-3929
-3642
-3297
-2913
-2509
-2102
-1708
-1341
-1012
-730
-500
-323
-198
-121
-85
-80
-97
-122
-144
-151
-131
-75
24
173
373
624
921
1259
1627
2013
2403
2780
3128
3430
3669
3829
3897
3863
3717
3455
3077
2587
1992
1304
540
-282
-1140
-2010
-2865
-3680
-4427
-5081
-5620
-6023
-6274
-6359
-6271
-6008
-5572
-4972
-4221
-3337
-2343
-1267
-138
1012
2151
3245
4261
5169
5942
6556
6990
7233
7274
7111
6749
6196
5469
4588
3578
2469
1293
84
-1121
-2288
-3385
-4377
-5238
-5941
-6469
-6807
-6945
-6883
-6623
-6175
-5555
-4782
-3881
-2880
-1810
-704
405
1485
2503
3431
4242
4914
5429
5775
5945
5936
5751
5401
4898
4261
3510
2671
1770
836
-103
-1019
-1886
-2679
-3375
-3957
-4411
-4724
-4893
-4915
-4792
-4533
-4148
-3652
-3061
-2395
-1675
-923
-161
588
1306
1971
2568
3081
3500
3814
4020
4114
4097
3973
3749
3432
3035
2569
2048
1486
899
301
-293
-871
-1419
-1925
-2381
-2778
-3108
-3366
-3550
-3656
-3685
-3637
-3515
-3321
-3060
-2738
-2360
-1934
-1466
-965
-438
103
653
1200
1734
2246
2726
3164
3551
3876
4132
4310
4405
4409
4319
4132
3849
3470
2999
2443
1810
1110
357
-432
-1244
-2058
-2854
-3613
-4314
-4937
-5463
-5874
-6156
-6295
-6283
-6113
-5785
-5300
-4665
-3891
-2995
-1996
-915
218
1379
2535
3656
4710
5668
6500
7182
7691
8009
8123
8026
7715
7194
6474
5571
4506
3305
2000
624
-785
-2190
-3552
-4832
-5994
-7005
-7835
-8461
-8862
-9026
-8948
-8628
-8074
-7300
-6328
-5185
-3902
-2515
-1063
411
1869
3269
4570
5738
6739
7546
8139
8501
8625
8509
8160
7590
6818
5870
4774
3565
2280
957
-364
-1646
-2852
-3947
-4903
-5694
-6301
-6710
-6915
-6914
-6714
-6325
-5766
-5059
-4230
-3309
-2326
-1316
-310
660
1565
2378
3078
3645
4067
4337
4452
4416
4236
3926
3502
2985
2398
1766
1114
468
-148
-713
-1206
-1612
-1918
-2117
-2204
-2182
-2055
-1834
-1531
-1163
-749
-308
136
566
959
1298
1566
1750
1841
1833
1724
1517
1220
842
398
-94
-616
-1148
-1666
-2149
-2578
-2931
-3194
-3351
-3394
-3316
-3116
-2796
-2363
-1830
-1210
-523
208
964
1717
2442
3116
3715
4218
4605
4863
4980
4950
4770
4445
3981
3391
2691
1901
1043
143
-771
-1675
-2540
-3342
-4054
-4658
-5133
-5467
-5650
-5676
-5544
-5259
-4830
-4270
-3594
-2823
-1980
-1088
-173
737
1621
2452
3209
3871
4423
4851
5145
5301
5317
5196
4944
4572
4091
3517
2869
2165
1424
668
-83
-812
-1501
-2134
-2697
-3180
-3573
-3871
-4072
-4174
-4179
-4093
-3921
-3672
-3354
-2977
-2554
-2094
-1609
-1109
-605
-107
377
840
1275
1677
2040
2361
2637
2865
3044
3173
3250
0
0
0
0
0
0
0
0
0
0
0
0
0
0
0
0
0
0
0
0
0
0
0
0
0
0
0
0
0
0
0
0
0
0
0
0
0
0
0
0
0
0
0
0
0
0
0
0
0
0
0
0
0
0
0
0
0
0
0
0
0
0
0
0
0
0
0
0
0
0
0
0
0
0
0
0
0
0
0
0
0
0
0
0
0
0
0
0
0
0
0
0
0
0
0
0
0
0
0
0
0
0
0
0
0
0
0
0
0
0
0
0
0
0
0
0
0
0
0
0
0
0
0
0
0
0
0
0
0
0
0
0
0
0
0
13106
12927
12394
11523
10339
8877
7177
5290
3269
1171
-942
-3014
-4985
-6801
-8414
-9778
-10861
-11633
-12079
-12189
-11966
-11422
-10577
-9460
-8108
-6563
-4873
-3088
-1261
556
2313
3960
5456
6761
7844
8682
9258
9565
9602
9377
8908
8216
7329
6280
5107
3847
2542
1231
-48
-1260
-2373
-3360
-4198
-4873
-5373
-5694
-5839
-5814
-5633
-5311
-4870
-4333
-3724
-3069
-2393
-1720
-1073
-471
69
536
921
1220
1431
1559
1611
1596
1526
1417
1281
1136
994
871
776
720
710
747
833
964
1135
1336
1557
1783
2001
2195
2350
2453
2490
2451
2327
2113
1809
1416
940
391
-218
-872
-1552
-2237
-2905
-3534
-4102
-4588
-4972
-5237
-5371
-5362
-5207
-4904
-4456
-3871
-3164
-2349
-1450
-487
510
1516
2502
3439
4301
5061
5698
6191
6526
6692
6683
6498
6143
5626
4961
4167
3266
2282
1244
179
-881
-1911
-2881
-3767
-4544
-5194
-5701
-6054
-6246
-6275
-6145
-5862
-5438
-4888
-4231
-3486
-2677
-1827
-960
-101
728
1507
2217
2842
3369
3790
4098
4291
4371
4343
4212
3990
3689
3322
2904
2450
1975
1493
1018
563
137
-250
-593
-889
-1133
-1328
-1474
-1576
-1638
-1666
-1666
-1647
-1613
-1571
-1528
-1487
-1452
-1426
-1407
-1397
-1393
-1392
-1391
-1383
-1364
-1329
-1272
-1189
-1075
-928
-746
-527
-274
10
323
658
1009
1366
1721
2064
2385
2674
2922
3118
3256
3329
3331
3260
3114
2893
2600
2240
1819
1346
831
284
-281
-853
-1419
-1965
-2479
-2948
-3362
-3711
-3987
-4182
-4294
-4318
-4253
-4102
-3867
-3552
-3164
-2711
-2203
-1648
-1058
-445
179
804
1417
2007
2563
3075
3533
3929
4256
4508
4679
4767
4768
4682
4509
4252
3912
3496
3008
2456
1848
1194
504
-208
-933
-1656
-2363
-3040
-3675
-4252
-4758
-5182
-5512
-5738
-5853
-5849
-5724
-5475
-5105
-4618
-4020
-3321
-2534
-1673
-757
195
1163
2126
3059
3941
4749
5463
6063
6533
6858
7028
7035
6876
6553
6071
5439
4671
3785
2801
1744
639
-484
-1600
-2679
-3692
-4613
-5419
-6087
-6601
-6947
-7117
-7105
-6915
-6550
-6024
-5350
-4550
-3645
-2661
-1628
-572
473
1483
2429
3284
4028
4641
5110
5424
5579
5576
5419
5118
4688
4145
3512
2810
2067
1306
553
-166
-832
-1422
-1921
-2316
-2599
-2765
-2814
-2753
-2588
-2335
-2007
-1625
-1207
-776
-353
40
386
668
871
986
1005
928
756
498
162
-233
-673
-1136
-1599
-2040
-2435
-2762
-3001
-3134
-3147
-3031
-2781
-2396
-1881
-1249
-513
304
1181
2088
2996
3873
4687
5408
6004
6452
6727
6813
6698
6376
5849
5123
4214
3142
1934
622
-756
-2164
-3558
-4897
-6138
-7243
-8173
-8899
-9392
-9634
-9612
-9320
-8762
-7950
-6902
-5644
-4211
-2642
-978
731
2440
4097
5656
7070
8299
9306
10062
10543
10736
10635
10242
9569
8635
7467
6100
4572
2930
1219
-509
-2208
-3828
-5324
-6655
-7784
-8683
-9328
-9706
-9810
-9641
-9210
-8534
-7638
-6553
-5313
-3960
-2534
-1079
360
1745
3035
4195
5195
6012
6628
7031
7218
7191
6960
6541
5955
5227
4385
3462
2491
1504
533
-391
-1242
-1996
-2635
-3145
-3516
-3746
-3837
-3795
-3631
-3361
-3004
-2579
-2109
-1616
-1123
-650
-217
161
472
706
858
928
919
836
692
498
269
23
-223
-453
-652
-803
-896
-920
-872
-747
-549
-282
44
417
822
1242
1657
2049
2398
2684
2893
3010
3023
2925
2715
2392
1963
1438
832
163
-546
-1274
-1993
-2678
-3303
-3843
-4275
-4580
-4742
-4751
-4600
-4290
-3825
-3216
-2480
-1638
-715
257
1251
2230
3162
4014
4754
5355
5792
6046
6104
5960
5611
5067
4339
3447
2418
1282
75
-1164
-2397
-3582
-4678
-5647
-6455
-7071
-7471
-7637
-7559
-7232
-6663
-5865
-4859
-3671
-2337
-896
607
2128
3619
5031
6318
7439
8353
9030
9444
9577
9420
8972
8243
7250
6018
4581
2979
1259
-531
-2337
-4108
-5788
-7327
-8679
-9801
-10657
-11219
-11468
-11393
-10994
-10278
-9264
-7977
-6453
-4732
-2863
-897
1110
3104
5028
6829
8455
9862
11010
11867
12409
12620
12496
12040
11264
10190
8848
7273
5509
3604
1608
-424
-2440
-4387
-6215
-7876
-9329
-10538
-11474
-12117
-12452
-12474
-12187
-11602
-10737
-9617
-8274
-6745
-5071
-3294
-1460
385
2197
3933
5551
7016
8296
9363
10198
10785
11116
11189
11007
10581
9925
9059
8008
6798
5461
4029
2535
1012
-504
-1984
-3396
-4712
-5907
-6958
-7847
-8559
-9084
-9415
-9549
-9486
-9233
-8797
-8189
-7425
-6521
-5497
-4375
-3176
-1925
-646
635
1895
3110
4256
5311
6255
7071
7742
8255
8600
8770
8761
8573
8208
7673
6979
6138
5167
4086
2916
1683
411
-871
-2136
-3358
-4507
-5558
-6487
-7271
-7893
-8337
-8591
-8649
-8508
-8170
-7644
-6940
-6075
-5069
-3947
-2736
-1465
-166
1128
2387
3577
4670
5637
6454
7102
7564
7829
7892
7753
7417
6895
6202
5360
4391
3326
2193
1025
-144
-1284
-2361
-3348
-4217
-4945
-5514
-5911
-6128
-6162
-6015
-5696
-5219
-4602
-3867
-3038
-2146
-1219
-287
618
1470
2240
2906
3448
3850
4102
4199
4140
3931
3583
3110
2532
1871
1154
407
-341
-1063
-1731
-2320
-2808
-3177
-3412
-3503
-3447
-3244
-2901
-2429
-1844
-1168
-422
363
1163
1946
2683
3346
3909
4349
4647
4788
4763
4568
4205
3682
3012
2213
1309
328
-700
-1744
-2769
-3742
-4628
-5398
-6025
-6483
-6756
-6830
-6698
-6359
-5819
-5092
-4195
-3151
-1992
-748
542
1842
3113
4316
5414
6373
7162
7755
8133
8282
8195
7872
7320
6553
5592
4464
3201
1839
416
-1024
-2442
-3794
-5042
-6149
-7081
-7811
-8318
-8586
-8608
-8383
-7917
-7226
-6329
-5253
-4031
-2699
-1297
132
1548
2908
4172
5302
6266
7035
7589
7911
7994
7837
7447
6837
6027
5045
3921
2691
1394
70
-1237
-2491
-3651
-4682
-5553
-6238
-6716
-6975
-7007
-6814
-6403
-5790
-4994
-4044
-2969
-1806
-593
630
1825
2953
3976
4863
5584
6117
6443
6553
6443
6117
5584
4863
3976
2953
1825
630
-593
-1806
-2969
-4044
-4994
-5790
-6403
-6814
-7007
-6975
-6716
-6238
-5553
-4682
-3651
-2491
-1237
70
1394
2691
3921
5045
6027
6837
7447
7837
7994
7911
7589
7035
6266
5302
4172
2908
1548
132
-1297
-2699
-4031
-5253
-6329
-7226
-7917
-8383
-8608
-8586
-8318
-7811
-7081
-6149
-5042
-3794
-2442
-1024
416
1839
3201
4464
5592
6553
7320
7872
8195
8282
8133
7755
7162
6373
5414
4316
3113
1842
542
-748
-1992
-3151
-4195
-5092
-5819
-6359
-6698
-6830
-6756
-6483
-6025
-5398
-4628
-3742
-2769
-1744
-700
328
1309
2213
3012
3682
4205
4568
4763
4788
4647
4349
3909
3346
2683
1946
1163
363
-422
-1168
-1844
-2429
-2901
-3244
-3447
-3503
-3412
-3177
-2808
-2320
-1731
-1063
-341
407
1154
1871
2532
3110
3583
3931
4140
4199
4102
3850
3448
2906
2240
1470
618
-287
-1219
-2146
-3038
-3867
-4602
-5219
-5696
-6015
-6162
-6128
-5911
-5514
-4945
-4217
-3348
-2361
-1284
-144
1025
2193
3326
4391
5360
6202
6895
7417
7753
7892
7829
7564
7102
6454
5637
4670
3577
2387
1128
-166
-1465
-2736
-3947
-5069
-6075
-6940
-7644
-8170
-8508
-8649
-8591
-8337
-7893
-7271
-6487
-5558
-4507
-3358
-2136
-871
411
1683
2916
4086
5167
6138
6979
7673
8208
8573
8761
8770
8600
8255
7742
7071
6255
5311
4256
3110
1895
635
-646
-1925
-3176
-4375
-5497
-6521
-7425
-8189
-8797
-9233
-9486
-9549
-9415
-9084
-8559
-7847
-6958
-5907
-4712
-3396
-1984
-504
1012
2535
4029
5461
6798
8008
9059
9925
10581
11007
11189
11116
10785
10198
9363
8296
7016
5551
3933
2197
385
-1460
-3294
-5071
-6745
-8274
-9617
-10737
-11602
-12187
-12474
-12452
-12117
-11474
-10538
-9329
-7876
-6215
-4387
-2440
-424
1608
3604
5509
7273
8848
10190
11264
12040
12496
12620
12409
11867
11010
9862
8455
6829
5028
3104
1110
-897
-2863
-4732
-6453
-7977
-9264
-10278
-10994
-11393
-11468
-11219
-10657
-9801
-8679
-7327
-5788
-4108
-2337
-531
1259
2979
4581
6018
7250
8243
8972
9420
9577
9444
9030
8353
7439
6318
5031
3619
2128
607
-896
-2337
-3671
-4859
-5865
-6663
-7232
-7559
-7637
-7471
-7071
-6455
-5647
-4678
-3582
-2397
-1164
75
1282
2418
3447
4339
5067
5611
5960
6104
6046
5792
5355
4754
4014
3162
2230
1251
257
-715
-1638
-2480
-3216
-3825
-4290
-4600
-4751
-4742
-4580
-4275
-3843
-3303
-2678
-1993
-1274
-546
163
832
1438
1963
2392
2715
2925
3023
3010
2893
2684
2398
2049
1657
1242
822
417
44
-282
-549
-747
-872
-920
-896
-803
-652
-453
-223
23
269
498
692
836
919
928
858
706
472
161
-217
-650
-1123
-1616
-2109
-2579
-3004
-3361
-3631
-3795
-3837
-3746
-3516
-3145
-2635
-1996
-1242
-391
533
1504
2491
3462
4385
5227
5955
6541
6960
7191
7218
7031
6628
6012
5195
4195
3035
1745
360
-1079
-2534
-3960
-5313
-6553
-7638
-8534
-9210
-9641
-9810
-9706
-9328
-8683
-7784
-6655
-5324
-3828
-2208
-509
1219
2930
4572
6100
7467
8635
9569
10242
10635
10736
10543
10062
9306
8299
7070
5656
4097
2440
731
-978
-2642
-4211
-5644
-6902
-7950
-8762
-9320
-9612
-9634
-9392
-8899
-8173
-7243
-6138
-4897
-3558
-2164
-756
622
1934
3142
4214
5123
5849
6376
6698
6813
6727
6452
6004
5408
4687
3873
2996
2088
1181
304
-513
-1249
-1881
-2396
-2781
-3031
-3147
-3134
-3001
-2762
-2435
-2040
-1599
-1136
-673
-233
162
498
756
928
1005
986
871
668
386
40
-353
-776
-1207
-1625
-2007
-2335
-2588
-2753
-2814
-2765
-2599
-2316
-1921
-1422
-832
-166
553
1306
2067
2810
3512
4145
4688
5118
5419
5576
5579
5424
5110
4641
4028
3284
2429
1483
473
-572
-1628
-2661
-3645
-4550
-5350
-6024
-6550
-6915
-7105
-7117
-6947
-6601
-6087
-5419
-4613
-3692
-2679
-1600
-484
639
1744
2801
3785
4671
5439
6071
6553
6876
7035
7028
6858
6533
6063
5463
4749
3941
3059
2126
1163
195
-757
-1673
-2534
-3321
-4020
-4618
-5105
-5475
-5724
-5849
-5853
-5738
-5512
-5182
-4758
-4252
-3675
-3040
-2363
-1656
-933
-208
504
1194
1848
2456
3008
3496
3912
4252
4509
4682
4768
4767
4679
4508
4256
3929
3533
3075
2563
2007
1417
804
179
-445
-1058
-1648
-2203
-2711
-3164
-3552
-3867
-4102
-4253
-4318
-4294
-4182
-3987
-3711
-3362
-2948
-2479
-1965
-1419
-853
-281
284
831
1346
1819
2240
2600
2893
3114
3260
3331
3329
3256
3118
2922
2674
2385
2064
1721
1366
1009
658
323
10
-274
-527
-746
-928
-1075
-1189
-1272
-1329
-1364
-1383
-1391
-1392
-1393
-1397
-1407
-1426
-1452
-1487
-1528
-1571
-1613
-1647
-1666
-1666
-1638
-1576
-1474
-1328
-1133
-889
-593
-250
137
563
1018
1493
1975
2450
2904
3322
3689
3990
4212
4343
4371
4291
4098
3790
3369
2842
2217
1507
728
-101
-960
-1827
-2677
-3486
-4231
-4888
-5438
-5862
-6145
-6275
-6246
-6054
-5701
-5194
-4544
-3767
-2881
-1911
-881
179
1244
2282
3266
4167
4961
5626
6143
6498
6683
6692
6526
6191
5698
5061
4301
3439
2502
1516
510
-487
-1450
-2349
-3164
-3871
-4456
-4904
-5207
-5362
-5371
-5237
-4972
-4588
-4102
-3534
-2905
-2237
-1552
-872
-218
391
940
1416
1809
2113
2327
2451
2490
2453
2350
2195
2001
1783
1557
1336
1135
964
833
747
710
720
776
871
994
1136
1281
1417
1526
1596
1611
1559
1431
1220
921
536
69
-471
-1073
-1720
-2393
-3069
-3724
-4333
-4870
-5311
-5633
-5814
-5839
-5694
-5373
-4873
-4198
-3360
-2373
-1260
-48
1231
2542
3847
5107
6280
7329
8216
8908
9377
9602
9565
9258
8682
7844
6761
5456
3960
2313
556
-1261
-3088
-4873
-6563
-8108
-9460
-10577
-11422
-11966
-12189
-12079
-11633
-10861
-9778
-8414
-6801
-4985
-3014
-942
1171
3269
5290
7177
8877
10339
11523
12394
12927
0
0
0
0
0
0
0
0
0
0
0
0
0
0
0
0
0
0
0
0
0
0
0
0
0
0
0
0
0
0
0
0
0
0
0
0
0
0
0
0
0
0
0
0
0
0
0
0
0
0
0
0
0
0
0
0
0
0
0
0
0
0
0
0
0
0
0
0
0
0
0
0
0
0
0
0
0
0
0
0
0
0
0
0
0
0
0
0
0
0
0
0
0
0
0
0
0
0
0
0
0
0
0
0
0
0
0
0
0
0
0
0
0
0
0
0
0
0
0
0
0
0
0
0
0
0
0
0
0
0
0
0
0
0
0
