69.49306506724126
69.38412157667354
72.26558717204527
75.13142165075509
73.48909879361018
93.63929454848282
101.98994255561487
87.34236289758698
88.23102268027311
92.0195434682111
94.53651295882355
91.34580749693586
107.383064923154
99.65703214532509
101.52641340679946
81.34872413623057
99.06499867901559
92.64212801732093
74.89685482830261
78.83565781070781
93.83271944491518
86.9686216515811
80.59052800670891
92.98689226784161
94.06825028531152
89.21642573615615
88.80634583203845
81.2838649400091
91.09759845165156
78.40914686208761
81.9918102082333
78.63553625325137
90.97991105677649
88.14349156728134
87.90731740439256
77.45265388463642
78.45871047203886
84.85421001270853
91.15903478741429
80.70802747498567
75.37808160082974
75.62418370150597
78.14824584984689
76.1239487219293
77.52034318654451
84.99496790795867
72.45741193974571
82.75245539879755
85.53127549031883
84.21908127891669
87.08130460528571
76.30028409861082
80.43758399054539
85.32633200830217
72.3550917152721
76.03665926581807
82.82221538072332
86.4216266644185
87.74529067244094
88.28555184152366
84.04221644868696
85.28237514522901
86.67474254337742
80.1172087063121
79.92589357161052
78.6507418067218
85.04041165464892
87.39365695728458
82.39260504901824
77.9362505547595
84.594579692559
79.67965989704695
84.41416248484616
82.4948060660155
84.72568353025963
74.485966816426
76.340723764997
77.68411145754177
74.57253855149072
83.84410155058544
78.0681691387896
79.78084544170278
80.89274045619362
87.2611626001479
70.74043766161562
76.56611672663082
86.32921081410716
85.04437075812416
81.4325963992236
84.51382193452447
83.66343963828628
85.23222093966433
89.37754673703805
89.86759584679751
81.33206498365607
77.36878307140006
75.42337437983322
91.0767023210696
100.15695285550788
77.65926575558989
92.99144871448294
86.83222549782157
88.4546199660814
87.40227760297938
68.44316371222068
89.28627738496843
87.46129429881508
98.22094793353924
101.3209711723016
93.81073414902585
90.37092100937228
91.34809490943043
96.72324479195228
100.38872809659335
93.54214057025129
95.48393073907513
93.04629028604808
99.94623390108768
98.41539649408622
94.58719960049508
100.92106720323235
95.048892994407
87.40866546457073
95.253465159512
100.16994735400584
99.32033839599443
103.3328072528927
104.79412517272823
97.75146462263496
109.420907177552
111.05095826781928
114.20229897060823
102.53078211725297
98.50448378688193
90.00570820636781
92.79044944075558
96.59541290434943
93.93224445591052
109.83667005029494
116.77464739614535
108.9701668797643
103.2365531698519
103.90599178509241
102.66250784504756
84.59945629644459
91.35863383509191
98.6906816685606
92.11385271792118
102.42135162991039
102.68205645051563
101.29197304013428
96.35383544570274
98.75307929775836
86.1476777515696
100.51164615165342
95.24576345922273
85.51222366501035
92.92869768798325
102.17243354544445
81.85393189313707
93.42319174712203
95.96050344612235
98.05666064341538
101.50157251432012
93.73957184327199
90.86931946645268
93.20907958248462
99.8111851930889
92.7814902269806
79.8395770190103
94.11698062560043
93.26414251137723
90.82168260525074
84.21997993386861
92.3407365326982
97.61825587566102
97.51692997937256
103.22525215082072
99.68070179016009
98.23613900907023
85.34455624771171
93.48955986337812
93.51555592531867
95.69810033748153
87.552126383653
94.84325532500988
94.00923641926282
94.47121179743291
92.61226135544577
90.76584383222409
82.45214288945095
94.92799535601463
96.88342572472577
102.3150311046681
91.94994023943951
95.5074630087028
93.99145284477896
102.15711587496953
102.51293599289575
91.12803040150337
75.96837011119229
94.34747929541399
100.44308978386655
95.14637704661502
97.47922631030745
95.34119347337764
89.3939398564819
101.42783355773155
96.10722605840539
98.09518867331437
93.05708123641293
85.4953131147258
98.41906767717539
103.643162893912
92.72133862106814
98.12455625456516
96.70130621995823
96.49691881127069
99.31311531599894
99.42029372429471
88.52616788205408
96.60884380925923
95.08654871654056
100.74097567590785
100.57254039242889
99.50923482772549
96.55287600254731
98.58117869474661
106.85123756079119
101.19041623870423
94.84373190309196
104.09728352514213
94.33834418401547
107.63700776684779
98.40763699108096
103.0993240834683
101.77565025163561
99.21147609494732
98.990240547216
88.29402493937087
107.00835895559791
97.12640230187984
101.36105634958855
102.27188781868935
96.33061574586708
105.54089898900295
95.31553163672007
98.03440156643526
97.87968583033708
89.6830414556488
99.7873384172751
94.9652600828218
91.88041345253099
91.82539282023045
90.32668600146282
101.12646188600326
89.69359917737818
101.89367072800209
104.82895222361384
95.36512020999403
96.50542286871725
99.7691389277948
104.5404502396357
94.52955586837902
94.37750160927321
101.8105873919616
102.2548746051571
106.35763759196742
102.03473030621156
91.33505451282232
105.06009428253563
92.60627324042504
103.09693543258311
106.26828360588904
99.24055277882637
94.83716709880922
101.18544960593727
102.02592979058493
106.83123836082396
96.31500577358892
101.58570110959046
94.7108511605896
104.98761023470598
78.15532295137868
97.01985935936005
104.01216494451995
102.58431985644565
94.89308013290969
101.93439449731208
102.4950214340844
93.53886155563339
89.61152556103985
107.63678221278911
101.72898090661229
101.73751324807746
97.63894466375967
93.11309352367681
97.13690353562848
99.72290571619297
101.7524965371557
100.25907463470645
94.0525216157454
103.40127888221558
106.86188262670177
104.51853963383672
94.23168278485697
101.77842151185266
108.34577272900458
104.39748190842923
97.32799335496337
90.76659006168927
96.63886673518431
105.37256421039484
98.86164941899473
90.20446770605396
97.89488475617222
93.98030961915566
97.58925555865723
88.38856906385107
101.04083391225137
100.22564941639402
93.1141022478117
100.2616895160061
94.9241811400941
92.21956772910184
95.59470339199484
94.84685745655852
96.66841545266928
105.71284786994528
93.8034193491359
98.52556955912335
93.72978767618939
102.22275815581222
97.54156277406818
82.27208907146662
90.78010599313441
83.94198830026205
94.51338883987395
80.27240431296605
90.358019605495
96.14849505735195
97.67680045285795
93.8989111458055
90.82901524488761
77.16641719346525
77.39515690667257
90.05352873843117
93.10626700363773
93.93863369697863
74.828058871312
77.43624942051879
95.95292281081316
97.43918960652259
99.88794695687533
96.56560922060245
85.89308402826829
85.58185838669911
90.15716026083223
93.76277199332775
88.73097275185528
82.24549681855835
75.66745158500783
87.24778042093985
85.68908165387059
79.9298514433944
86.91786465698931
80.58325328486188
84.07989961304834
94.41849087519083
90.8313726309346
88.32914615011306
92.11352217069123
94.6229688246984
90.6561135022905
76.6077640882017
90.4878487708882
84.02536536545354
76.47107713835044
89.68317517722735
83.80871730505308
79.56353849920261
78.33566469551889
86.93476830181802
81.01545194812608
84.53917977393138
89.51874186390226
80.44225588031951
85.88904021201381
86.22925769627562
88.3662358231426
87.69157466193056
81.69449207573352
93.97938067115103
79.73271993515266
88.77712906731827
98.1375666446618
93.2681021835104
99.69318613015503
86.03816259412972
86.8067743833247
77.16188291763304
86.19781410539831
95.06196502410361
94.96479714952513
88.52829515378707
81.00638049771582
72.32531221462301
89.68904451920301
65.17301841471036
89.24919481341476
83.92699972827678
88.02273686908526
84.93394801805415
72.9490915012491
81.26586705470054
79.14152047857347
80.66187596649726
85.0982487464189
84.46391298690406
63.06066867157777
72.91358265293502
70.8781787258924
71.49416871640477
55.203604784173415
69.15864211884924
75.0464381500234
73.62120065788841
82.09119532087871
72.54294484061421
79.44054120249204
75.85592044617658
75.80668597356556
81.03089297852955
76.74246505446256
73.21891423431013
74.34645318527652
70.1496831879856
73.4692504990343
81.8238477155268
55.12042238626617
72.6689229677552
60.580450388742584
79.66973838768139
78.94227991375963
72.29870910211966
63.054368356812766
70.55070720668346
56.39118129046874
78.67824908174929
74.8813037327651
63.76243565486596
68.7988948181423
68.72227928223256
75.16706269686415
67.29902156378452
57.288499398281154
69.37483936987356
73.6891285757745
63.51919671787748
69.10495415711966
77.09631328693528
68.67371338353075
61.62282016629721
77.97010638803437
63.38285858019721
69.32837683971866
64.2406578506991
75.10865264410789
64.6466506719443
57.1718368335453
66.59200205303654
59.359561993223636
68.85516770885668
70.48031564226508
70.40753945186525
62.85198845386151
67.55667543860784
66.5152995380304
70.27501054377137
69.55038659774118
76.2673968086523
68.20173421307422
68.65907471754377
70.60009772128777
71.53464712023673
76.716223502465
71.54243084263962
67.96695103992856
75.75615698055026
70.304815877035
79.06945015053707
72.65917915693353
73.07078017410592
69.48048877196689
68.53193167980515
69.65163852237409
70.78579487195651
70.09900647710492
73.06265799594254
69.63218259499703
71.43058336495822
69.025603004878
72.8422014481452
67.95504472693659
69.94774836678326
63.71182483164952
72.23178471784453
76.42260729267915
67.3280620038497
65.20641085718137
72.71522945933758
73.01742795974215
73.34906608290179
76.91039223754552
69.11200109238202
72.31572686332545
64.89212575031728
59.66053776780733
73.83909425595024
68.88963377557256
76.41921360719965
68.21173579286383
70.95764233382229
70.74865148548538
75.40229094817711
74.77176621194472
67.81519951576674
67.45742468633127
68.73005359545974
66.41347421656717
61.072452809447384
68.81339315412
63.56121377166641
70.49367304533033
76.11329548950602
85.92249081479359
78.97512419259085
74.32264653569081
71.63314085748132
69.63096702848114
65.43939981058531
72.53389502450861
64.37616695387794
67.71531407656876
74.55138154550836
75.06950481020851
64.28833174809101
64.2877277514981
59.229650738247564
70.53509781514666
78.1540172184974
73.91904786236734
69.83101928588228
72.66723854255795
69.53285354518714
73.2428261861923
60.1615567894482
60.05811443681082
72.60124850495717
71.97887034894934
81.23225892174986
74.10594390155117
67.71493636791696
76.36671776831565
80.30153724482894
76.90372741020286
77.48857987348427
76.94117054030346
67.82890414060721
71.11898776471848
69.5556416354118
76.20561432565933
71.51488068203275
79.52161415697358
74.26159129912345
87.16075526220229
81.01963304047226
73.64510216883619
76.00631858121837
75.68525700852364
84.57513625470827
78.20239644237998
64.62689768519766
61.49790663755108
70.31418298388974
85.00699580019175
65.25581115835821
76.73203533637326
77.76454275252706
70.77654049604136
73.30778943473595
76.89705809172719
72.22096415527533
71.48620696889856
69.76672891221808
77.0091616508711
71.55815200490653
65.05903064824359
55.65558074995898
73.7484059730009
86.05352404557914
75.5283242646806
68.47966457638516
58.7304798730253
65.76168519321718
76.69375561911582
73.06892196546086
63.473907737460905
74.10148693751132
70.94347849809856
81.1684177306964
76.15871648789026
71.11700882269766
70.30752875483333
77.26612861738087
80.7186432419472
80.77730191454911
70.83443513313891
70.69780375498834
76.50567567499326
75.07983298682271
80.55080404946104
70.95210237424905
72.20459524827737
76.34399946775537
81.25849941389521
70.0723253853498
64.63117870064535
71.2580203428989
65.25605338633396
81.4206143981813
65.91550554203974
68.1371311600831
72.570634333933
70.0929934864121
83.33955554078351
75.57303543380266
71.78665722769094
71.63551878857565
72.28553725000097
73.4220984087951
66.45956036567608
68.70575608683444
64.46786212506693
65.7988373529002
80.88511064184551
75.29568837804236
71.30895533055971
66.26292120043017
62.22144442752664
74.39850820759808
77.15010044429839
66.16441368606405
66.16337615187078
68.06148454886828
69.31990844593356
65.2304379017673
61.83241925799389
68.11454104217174
73.46392989583461
80.3767576146182
68.12043697036698
72.60405272949434
60.848856523835025
65.68063418925685
69.45659985121974
72.04978856594805
66.87013506031741
60.06817599665518
63.048881515279476
66.31001451456137
61.85486352213994
69.67099619016163
63.49188893061619
60.59007882144303
65.86805523249164
66.88798104569247
69.03646491802813
70.88986106702619
69.70239923884657
74.44226604675319
73.42042894731863
70.71656163319493
68.34844497031247
71.64916623126231
68.36847765806246
73.48882888502062
65.11056523969779
64.8677040853654
65.63120054682535
67.29553434488614
65.78432533828816
65.05201404961437
68.81396140516398
68.42782972469874
69.63132455432307
62.08206111425025
73.2211815062108
71.71154596662147
70.6819057317112
68.93691659218362
64.36549873234904
59.80178976933438
64.7051599714101
67.38590857468049
61.908591169397525
70.35320409094187
64.47010609413658
58.517596069855536
56.30950790320061
75.41177750757271
73.6253800385344
67.89944113254124
64.36933078354996
61.11292379594791
74.50861176905417
72.50085833232109
63.44851525199449
69.099657379258
63.247797293293004
56.94203677560549
61.45137976758835
67.41444716023834
63.98650620371082
69.31767253662412
69.81053184024817
66.65694108525459
66.33825924569553
55.98421850732457
56.37496750435568
66.96129640835497
60.87611171694973
60.82655054367785
66.23036505264426
58.58694982207365
74.81486101533802
63.042663435552896
64.64164613438426
72.06742864543287
68.90242868216407
71.42064213229551
72.97512345085094
56.81355936259806
70.02647600716455
73.56329116728831
73.44411262058408
69.78772685826253
54.71146426523238
58.51282919747799
54.063244338455085
72.88674038613986
63.404688282044894
63.446695098411006
72.47971930520598
70.19334686651659
74.80578162328128
72.37635992286297
64.92524183606635
63.20926302536616
57.262449293715356
70.00868345871046
61.70805390233838
70.14286816018142
56.709985802873575
60.287371534837774
73.89553865549038
59.936152789603284
60.58477579910203
60.09388379483418
64.5233472418385
62.17861155011737
68.69296821583167
66.66911310389223
50.60480486563408
68.50952686291627
70.67438522960396
63.99423811979025
63.848775497701254
66.6876444006979
64.74098807248392
63.937548284885885
61.912440170553765
61.32467593939409
57.06872783709203
64.20142603754142
59.28526241434259
64.96849541162086
67.6016291117011
60.99922966993121
68.27033271091462
60.66927406671035
63.825313128084474
58.03166338708504
67.56907400893559
72.36906371194182
52.20992190431108
59.29246956197049
63.23055081112173
55.478526332737005
65.18774214814587
71.58462760321835
69.41574224126204
72.82904673581235
65.58603818470084
59.96594229247842
69.68847779976235
67.46986083260127
64.67004827676314
64.86071438346039
64.23934179705405
67.03075631906135
70.50121308920578
71.15520438013513
71.14545639247618
52.91784544379625
62.739025831664684
66.15620408835201
61.33338212814736
69.16504834705133
64.777304481332
65.6205674036333
55.99374609952646
50.000992753791536
70.00606459295084
63.847296637545156
69.59586538633867
71.54303336614105
65.45739644134972
70.74893026683984
69.61107631407104
53.39867320518544
57.16855430665468
64.3618963169958
64.29501858012388
68.56939526877503
59.90307671680962
69.84218117303652
63.67994089603626
69.69090054827483
65.51933682064855
66.87137740765961
66.73850306311135
69.18484425350537
69.48855017880987
57.8362779149877
59.001815887774214
59.57458311447833
59.473948374356084
63.378508551085424
60.71235650541573
65.54502755676815
66.96299391685403
68.40275752612497
68.94761528422741
60.78278706342053
64.77191610363104
60.864363003668096
56.63629541567402
65.37978142669553
56.39275909652209
63.22703996129032
65.09882420889565
58.34680146225133
58.71162706410868
64.81639724791455
65.44495909733381
70.70151412195102
71.03934928482414
67.1055160850391
65.97812749604691
68.06702282850414
60.93484410684941
66.51025480772043
57.743627512416
53.58901710146356
65.79654433009289
64.74966896595772
63.91733547918129
40.106728843398535
61.42930572852654
63.23030746927428
66.30722590851408
63.549753240505346
70.59029993442923
61.816983932403474
65.92503085594417
60.45051978579262
58.640895202131645
55.92176582703644
58.74578878927197
65.0069250907745
58.023446299993
54.75836522680426
60.22162602117373
52.1249670408821
55.220547758707625
58.95200716509174
51.76090107605943
64.50969465994197
59.92856207077238
56.01211652690538
60.978436307644095
61.47235649101901
64.0565583469269
65.58697084110815
66.61808043859824
57.982614585728804
59.843530161300365
63.35083908318097
64.08960294990804
64.17469317457179
64.45946688594502
64.38641662940857
62.92430279294517
61.79996649817963
58.30035310188448
55.65975995113946
66.38459781021827
50.655543752997815
60.44607750615857
59.3177305936175
66.93589796545938
60.95113265321392
58.26529326724596
65.41776823676896
50.368369204857906
60.96853718384439
53.87600327735229
65.1082894163026
63.23270523727651
51.83958388809259
54.41791462803491
46.13807823623277
59.50872545160379
42.73242126751974
47.513808623267366
60.850132599468765
66.93019016165867
51.28433862564994
59.19546462257756
58.696761634514694
64.30248219107055
63.73961728363736
55.91368731551096
59.23074601156546
69.4434881427581
69.81283983072731
53.89633711095105
61.55642442865422
62.37116094593869
43.81617170913559
58.30369443121968
56.25813403235307
47.285279190775896
57.1648572643057
64.71297329971718
56.97404033367158
59.726811157192245
50.055077977342094
56.81142893416177
60.33808411738428
50.89355911232027
59.267909667385396
49.85180391529096
54.60546144331815
57.62504193793427
59.62260571802246
61.09337630515761
65.12053901525641
65.81229910436457
54.770344186466666
54.68670788325901
54.10821559249757
57.49235214127424
48.9929910539865
57.435471357120704
56.38220780108793
57.216213102414
55.7971591143362
58.57959482168182
65.40505390974106
48.04516987672222
63.53263638400173
64.33084186000106
58.015655488060354
57.857485640351044
64.11719563715235
53.44292882171733
63.76899040690886
58.32001768558673
56.227465112668675
54.04630690759558
48.121856429685195
60.36887518025682
58.1471822149271
61.939353681246814
59.42825463476203
53.924248779883364
57.41390304033573
44.926499785292364
54.788813846959314
59.59162524815574
55.40268840248592
54.168755703840915
53.79061776007531
52.29477730171067
52.077225349050195
49.29358091087409
52.48455993057186
58.73172413515803
52.770141591423595
43.306199390740076
55.487985351631465
53.10208990767948
44.31996900790112
60.40406487052511
57.30529452250718
54.605758213649054
31.68469269296262
58.60633332505108
56.32873004881346
51.717270858029565
56.37833450846052
50.41932262514868
45.23127689271571
55.47773392088815
50.68115942790372
40.83276758302944
57.66033710367911
59.40315403372956
38.38914429406783
55.76247422321448
55.80386422529946
59.27842586336261
61.68414700944537
59.176025138737145
53.85880060006127
64.53043232278056
58.05613030794672
60.39798802784068
58.40279076595274
60.00075346319037
62.07737840998651
57.29617676679539
57.09013631480577
50.85104836641349
61.125901583445305
62.872267995842854
61.15491391533941
52.04568358512453
59.86777524445593
63.849711599815265
57.76358622932247
55.763493344905214
56.644982379995184
52.84803951224946
57.8710975186656
61.87925349012015
62.34420117141318
59.37829616275351
43.21255696060891
52.116933348256524
55.057031315638916
44.770297980418626
38.850559101554126
59.29915801232758
52.535346825744014
64.75462596059776
63.33885364021748
61.02849751294734
57.63618780547452
59.027498335103765
63.86145163558365
59.44326920066068
59.82184830724221
55.61381722091812
60.646479690774314
59.60331059966198
59.1063542758917
64.33013846203079
57.61192445786566
50.50567003983797
54.85659148576636
65.42139441345158
63.73538673763433
61.00143112731761
60.15011663913948
51.364438388782354
58.23665174245589
55.88660901890927
57.47995129724898
66.0663782112908
57.18495936665478
57.709507629916274
62.37563344727679
53.954729539144815
64.99655898247818
63.059719270899954
63.867167355764145
60.966612977914494
60.91516982672684
58.38535242498126
50.48772269890206
64.66910219534078
55.724457331013284
59.50384212130115
53.71528982840408
63.65800206885868
60.20355638342362
64.78090119771737
52.81611661594759
54.863061063302574
51.113227543199244
60.602592199709164
55.041164531138605
60.995620184271814
62.30896661738171
62.46739543897661
70.07953201098697
52.67512283072943
53.55698065474979
58.45039985350432
64.64509305460628
57.61472448402141
56.033049169991564
62.71603995936441
65.63192198169143
66.88436514131435
64.16370943594536
62.79342778739264
55.2797249348064
63.635203552765994
63.002443394486335
63.419010804397814
59.84435803496626
59.653236829406104
60.725333723771335
42.501359741043494
54.44390932892694
63.135202483516636
63.361960674491456
60.34293728118402
54.548946700933804
56.622769584276796
60.715879296415444
60.95604414784769
59.74864696377064
49.21070671200383
66.22458052820636
53.813952543572405
62.761980084298486
54.10018011274923
49.67206339747826
55.626328824563856
56.99578865468169
50.56183424282959
53.610494891562446
64.4701973222051
45.425208200629
59.97209639335018
52.480773695130864
58.6621209115734
51.34522123268383
55.95102063665098
56.125015954918624
61.84040536735648
62.21332991617704
56.58811291003801
57.669181786103366
63.85142356141658
55.87977081699091
54.70639073662266
62.439033485290764
49.75686232822792
52.87293749433768
56.82501912602619
59.47729045964187
47.31651849341351
58.284251691216404
57.38418201512418
50.255397671131476
52.01003914469061
52.77284688125132
61.708723108782415
55.50284494135375
56.49210113047548
51.83392270752324
42.7218731629653
57.88571960604742
55.39201634868178
57.55773394587834
59.177511952662634
59.00929128674178
57.65143329280942
55.03632229411882
59.003185335266856
54.0482841900155
55.56631445951815
51.51570781593489
63.146122018152504
52.15967850531304
47.22619521188686
43.227180626183284
56.0517305917036
58.34461958736301
57.653697366748126
57.932349743521755
56.12381230984724
54.685256891094596
57.11646615108931
60.00816545880721
53.055560874948505
57.685531340940635
53.17793388733742
61.301409157830975
46.13209775927957
52.13490178981956
53.42884459580545
58.3778324367783
60.21020065976305
60.177893555027225
37.01376614201925
53.846758502967084
55.544094748481434
56.494939783006245
53.02613582694598
59.13493136951041
60.59548853089738
53.95988512081931
63.76143653363997
63.12959219008046
61.22604937529495
59.70760577905225
59.783739660325274
51.33049631829175
52.58764045894894
48.03076900267194
51.01483226358988
26.60910492426296
61.28375057764741
55.124378597514145
56.62912098783882
60.54754943482966
52.83373264901773
48.241579357421564
52.79789399509737
61.99485100192021
59.83602881310772
54.94537067654495
56.87617082301267
60.86078352402103
54.39139160532523
42.66495179047068
54.83791921579095
60.49966273561529
49.46165935965016
54.95017687365348
56.40083328549913
58.98615929281196
56.09940518896622
61.86702121794901
39.70157520647631
50.73211659213598
53.279143911031774
53.114701101740465
60.64479552283534
52.76121142221993
47.56063478725086
57.18266681250018
56.95600246060459
56.52422886748009
48.0278044760393
52.72158032802376
59.74906861828987
52.659465246967486
54.57693757817614
59.57795788854176
52.52438665885086
51.46205128419191
50.534059406028824
52.26031475885697
53.145888944776104
46.209884973014965
53.46191384704244
55.66127942517465
54.458001839362794
53.095541441596694
43.68212584870398
58.08454262766101
57.50782786186289
52.66863073525609
53.915015151735474
56.34114775434733
55.183928915649155
42.72685126243494
54.32049154368836
57.00811661018338
55.55148764984038
56.20533484788946
49.543000704234615
59.01085452936346
58.21986631852517
55.0997559443542
46.74855279072409
55.093847994699196
51.13043569363002
52.530432605645856
57.19920643072038
59.45959804112657
58.53638132173244
59.501503543775726
59.03649717520915
62.703686784745074
46.6261452154012
43.65683858783377
56.88090504470989
57.64360159557622
59.362742604932805
53.053996963211446
53.76385869468157
55.32485341607824
54.75487249016244
58.98816005245405
47.13469251962695
46.707596413551855
55.64906646863739
47.33966171198928
52.811989255011525
43.57513049004084
54.16173255106728
49.67776848744556
57.438930819334374
53.377630771066755
52.755988346777926
52.330901343048374
53.21346120298925
61.28175652063259
53.11660729652961
58.986152945498596
53.982693385432654
55.45430010753254
57.14117265477985
52.83776799126766
52.82434191162772
54.99747898482556
49.70508235037407
52.77966972568126
57.79078925711989
53.36712999794262
47.63147549266493
56.476130833802316
47.71617060416078
51.565954394107706
36.18808658250994
54.147706951279176
54.16328068371523
55.394894251957
57.82567680798302
54.65751075085642
58.4694855159585
55.781528281942116
51.70346586414222
55.52035792861551
54.96588384254657
44.26472498581148
52.03286911247914
58.378859903410714
48.760999120651
51.006798558822425
58.196912766093696
54.164107371952674
48.847911340037456
57.84715630008232
58.3660783650964
50.29516364258561
46.4613026227655
47.74024981285916
53.294238972958624
35.22804415576796
55.20057697135531
59.62577927675988
47.23934579548161
50.07558286777089
55.007801410386115
44.94497077420807
55.722423964698365
58.286231647550444
55.61395341070291
53.28154896146324
52.81039695905826
32.49350926644748
54.54521699346755
53.30611692506925
54.79715767839312
54.04659377785359
53.47950063581084
44.785769155286815
58.5806302792469
43.432976322804855
58.006162913064685
50.79663684858901
52.2496950453055
57.22078930472517
49.31623888125942
56.933748157551264
57.191710542784335
57.33394260879962
48.60381754575256
52.36314994655697
53.815684805815856
55.29162928904522
56.23746958458377
52.927461606172024
59.172278351677775
58.185649632482004
52.31503679992809
58.527320949858776
51.34939274662478
50.58058227083153
56.70807961495256
52.58197706178473
60.95892005405682
43.11904732468577
53.6480229185635
60.112579587595235
56.159636335003185
58.82644794585917
58.40426288231559
53.381785489165495
46.262008779642656
45.078361033837254
51.2169297415346
52.017592251358806
56.42924484191341
55.25026461808443
41.89544350674425
54.608895801275715
51.872676308203644
42.05759081591666
49.30639629903088
53.93740537558378
53.70087759967526
58.013384061866084
55.76524081976209
45.72600909962205
51.0908242231985
53.4773073561458
44.340652373380074
52.28698180509557
50.17957847526495
53.31860900958394
49.274585104012225
44.08144181419886
52.66416414748559
48.76714438407589
56.544392864649964
57.48748998160548
53.14554592836262
40.78510895502518
49.07295280620247
47.12349749986717
38.39678828615177
41.91893754528746
50.660127903048576
48.239706280420585
56.54472707711402
55.908969745846306
49.60445442949306
59.05384376721936
54.28551545286942
53.57685255696198
53.39368010822203
49.04600835108468
53.656351770832345
38.008991220204294
46.55344254822991
56.83325973232617
54.583997477139256
50.77426470073479
55.87561995302145
57.570376197402375
58.70654406220315
60.413974458153135
56.03494351402229
53.056951972854975
50.495467600086286
54.00016119295459
56.46148743387698
53.5505516769947
48.763532940558996
58.784951055408044
49.244528509321135
48.16126038302592
51.22729639863021
56.4913432194613
41.67238074704193
43.51441520036467
58.38418358368266
48.00654895106567
42.694098503443556
53.818193417211376
57.52033474094246
55.465953001785486
54.74943768231755
49.157947435630916
53.09292718670213
53.083189067234606
50.062410792647455
53.32268769525357
58.63442580911732
56.99397385946235
46.97234606177432
51.956472608578245
49.55640086946887
54.646212287632366
51.399303624083416
42.68804090799741
57.101391549518766
47.87886243048901
42.431524422212945
55.910850412450756
50.10935154185155
49.67474953494907
57.24116170182679
48.863679124242445
55.30384043551229
47.95785012619309
58.28079413697991
49.091893257525044
51.931465009108486
43.02116105641112
49.39283990438959
55.01017333800293
54.5544423034412
43.06643300468537
54.23994553791672
50.97471672494326
54.053741151130026
45.80682872118682
59.952226910555495
50.53952534809615
59.07847099000151
53.51346644316536
46.26931104313951
56.53377685489788
57.76083357428906
53.47735977315759
57.54749094109387
51.2980409340621
56.0479568116586
54.89236650749924
61.726658221539374
53.13689026852784
56.05574248010538
49.53660643633786
56.91373840989769
60.35397007948737
62.24011890199424
58.34113352067236
45.36425085241874
57.00865359254657
49.750081795156866
52.99985908761889
42.99109632295877
54.59181397058267
53.91652928883864
57.32345741897082
55.35103941212823
47.60980356866752
46.80777061937139
54.23071329877711
53.89155682286277
56.96952013779988
52.00936485697264
58.78744227346538
52.166772544230966
52.425102905137194
50.85999321113364
58.10049154879867
57.46429015227794
58.76081052437278
53.918393917464314
54.24989271709013
52.62252348943588
56.88542273342476
54.717728873724816
54.06286176833241
57.11039666593618
47.07084184164248
48.66295126490308
38.140608367543145
54.76718495450647
51.7681140009458
47.243577920772886
56.92828337977194
58.16017249618967
46.17368588512743
51.73285565983547
59.38566642912275
62.09106567113277
59.809232828345536
45.55064215171764
57.21739036746258
55.01555664370181
38.6196491378407
56.80506125601113
62.21494753894922
61.55304608791497
49.492029977856916
58.88099455358698
52.43722320048755
55.61257108153559
59.30332365801698
42.91858865501194
45.55933388733652
55.15051825394703
58.363742148962174
50.95168826467696
58.12052659011019
50.42829855242941
48.182575012300845
50.72175625708374
41.327253757462124
50.77068296494886
60.22166352472186
54.47559525250381
52.46088636138111
52.27275969687591
56.06221163736091
55.205488960952906
51.77582326008873
53.08140890761224
44.090430600459236
50.93684027998794
57.490698487864584
62.73343838525207
52.98673801939331
58.12606073207381
58.50678366167044
60.10160806870203
54.01101295554679
53.305238139821356
61.046587334168585
47.81404942525599
51.8047029958574
55.69197813030246
55.94389813642372
50.46562977683338
56.53666587528398
57.20343663780733
49.92058301767834
57.50685595500565
56.891925742510466
50.32615928914167
56.896278217502825
60.50765343459837
47.171469618226
59.802275646847804
55.480515343722956
44.813543180191104
56.055180811924046
59.33432876818756
56.50709373019999
53.50139558477576
61.48699172711652
50.222463205138304
56.55671869694588
47.522719125720094
54.69492368420547
57.60662176074848
52.13217813236941
53.70285711614859
49.40367858165175
50.657184536994095
49.93710805149042
33.17453716946525
56.6467401412855
52.42056751755351
46.25189804682607
57.41725618133198
54.62264950521964
50.51823164529569
47.74550228447698
57.96058876023259
59.39117981749341
51.2018754306715
42.510860891740876
43.84098440919637
59.4992571822678
42.238391104889544
60.02922995354645
55.92915033766857
51.780392720843466
53.44473156371193
55.193936912580845
54.98802518996082
60.94523109861622
41.71054960658928
51.790150550153975
56.16634815544743
56.02734959692463
55.66518583951346
48.06057439158635
54.09458638045679
57.50133905609403
62.957828841269475
56.58853961570636
53.32515745524182
57.37566459205893
53.37433486999467
48.38490623775613
40.170775770204024
57.317558876173976
58.08763454158185
54.54292753924132
44.65623909269497
53.91144972565581
48.320145038761524
62.46697864770685
49.90041062013997
42.28686474306711
47.15290666721352
48.10023449370537
53.79026753240933
51.036024951450365
57.81678081639114
50.173323008026784
58.35054080522881
54.37311756244359
60.18482446415851
48.1596488601124
47.0284580055024
50.22569988578666
52.435808313815
52.78601731618738
54.3379632499004
55.262010318261844
55.4347575529994
56.039225089067756
50.47613228947522
43.96742657441612
58.45173926106217
54.10314828729469
58.11576443783403
51.79708398975034
53.45577313369031
46.88513656986696
46.733649097457075
46.46708671429862
54.34738819568704
60.42672543193098
56.12397618380932
51.62141341023875
51.17216240964175
57.210491668035786
58.894772443404115
55.143832648210534
52.265420144125244
57.48462537256213
58.95455983938591
49.356466095544285
48.604007019001365
56.66695762286085
51.227307994508905
49.514611694631384
57.399940555428145
48.00934751754889
51.95067733117551
55.917557472910104
55.13511901675518
41.559822770148244
50.06769801736624
50.7978384698677
52.68994875980688
55.094807686335756
52.077836583946976
54.93188883745829
58.80367494767103
54.06435210818085
53.54600993524687
51.49293994971125
58.4659016739368
56.809355053748476
50.393026657723
55.02427746402907
53.63863457341989
57.07545941449211
56.79375884532994
50.74271594927035
51.08969721164566
57.030382984922355
45.45198764122943
54.11363665084694
55.37087101868082
55.70435544855455
63.88522228359369
58.69445105143734
59.74938364703054
49.667840575207975
47.426400079192376
57.16915863983472
56.57135570484581
54.45431104896364
55.05894774700279
58.32303950230149
54.52373867835423
41.38033186435885
56.35341360868008
62.57058664438648
55.84556589788654
51.86986113339177
60.13942769243607
49.983235032115246
51.16670702846221
52.8559002950896
47.39365093895878
58.90308094756462
53.50864812704838
58.09333781384157
59.7175592643939
55.56819379336205
45.35137600723206
60.571010727402054
59.111985002255885
46.019633923586724
52.903270580667595
51.67509305103298
47.08725239440335
61.01890121706351
56.82676172030477
60.89437008319998
57.7613712706306
53.86823363671731
53.91641919669751
56.68232973910698
59.38022168688181
54.89402312873218
42.9048218771601
51.754971297966975
56.75222964280766
58.93611850532113
58.32984501154005
55.970829760425914
52.666368160024064
51.146897171191874
44.60146159939613
56.80774887569268
48.09972894534437
55.77986788028551
56.40729590695055
52.18599202848546
60.954950899349356
56.80088090238857
53.39813241650099
57.95522097495706
52.320458834193886
55.69958115744427
46.81243508646012
56.80544874114134
58.0192017184395
44.49103873145457
55.99401178452162
55.52224155229719
43.728516555500256
56.26834438479555
56.86083708903931
57.48246381967262
50.567892474321894
45.61490690425951
57.81847466336234
51.26071079630759
61.277349465760025
60.47245612473872
58.55178746732171
48.57775329813642
54.94077803717257
52.252107400970175
56.96449726407836
52.34444675501316
48.45213940279314
41.32281785180155
59.272027698700526
61.08019424929212
58.20498263032377
37.23650235967186
56.53488748987811
50.592637372150776
54.19476713498533
49.36802689834069
55.01974902172053
52.208112613691355
59.889722231781946
52.32111956626219
57.33231621277444
56.604254439166866
52.95446501448534
60.686481731907556
41.583873679656534
42.51255652770137
47.22967958326562
53.396346466605344
49.189317744634344
57.04147924617522
42.49095784497966
48.86861234850265
50.002680920064165
49.453554026668556
51.54637364242535
59.3962851296949
58.043361949619594
60.90886361721641
59.184451796108284
53.22757324684205
62.4553576610274
54.226012062324315
52.67815651741859
53.91382239076994
60.868514264709816
53.85781806845978
56.67276902294997
40.02857625430279
59.738211531217246
52.128390778073275
53.416008859337126
53.48507602342316
59.20463539407763
60.24320295331493
57.07369287144903
54.39796621967541
54.034115102588714
51.40434515555754
52.736448341117885
55.348428110369966
53.69692166304559
57.069575181965305
52.06445708649849
55.1421291134534
57.4196048074483
58.86002375391384
56.87162949253703
50.53354186070163
60.440940266398925
57.328013786354916
54.57714686287546
51.524084447159105
53.332682175881416
58.7386524746084
54.72168140728938
59.97628736206767
56.23723291461146
53.85611293923808
52.42511631398047
50.38749240909242
51.89006684332631
61.111907319190635
50.36411330212875
59.1738026082755
59.545617129526704
53.72127684601044
57.733014559780386
58.198157676041276
53.27246634387306
36.74479708747269
57.190409523941845
59.24003271770444
57.89004462659043
55.134777677065344
61.86637597080968
59.82457045345918
56.22019662836662
60.45219849024952
57.51903835513568
60.14911947765868
41.69106014985722
52.50156109242099
60.33281426394552
59.095379357495446
55.53494204875395
57.62907977553034
50.75751654804938
38.21255847346056
62.74680478477414
52.56661547687895
58.86240372195469
61.52885319340437
55.97377160246489
54.65119576321363
51.23883956107031
57.485682169156426
63.16291377965995
45.00970163700636
52.09431266841773
57.9443452875518
52.083347069190715
44.61429929016865
54.68975471885719
58.51251861911818
52.52547500494471
58.15757965222306
58.050379480298695
61.57141322046293
48.30977951841861
58.761257332122995
58.322372282321695
50.65503875455942
52.82650614906862
56.895381282403996
48.31537317963448
52.04896038322285
54.06524514306931
61.252484160874594
54.48535623808965
57.16578386372369
62.800829696081955
54.65681607089823
61.31118841140777
41.80478659974174
56.33082129711753
62.96922385359041
54.367879435762696
54.18659574733298
64.22146685079642
54.11934272799667
57.24766950548644
57.85008751370349
54.95473654554182
60.98374840201754
55.284541212441844
58.237178694482026
55.623964427893355
57.22165411270487
59.48861472186174
60.816118516792386
54.63413700370134
48.461302208604764
57.88401601536904
56.5454990282726
40.8641762759132
56.72311095021535
50.167687777256724
56.375905277295615
59.16890994040258
50.3762117278701
48.76207105171637
51.64243966999658
56.401772798917364
58.45406380234358
47.46685776029296
57.0205271866731
40.539898203187114
60.958965026096664
57.614610801297005
57.99915016531298
58.396965196026
36.97042346330588
57.11116462404241
61.03832631090356
60.878004819849636
54.11508461304755
58.27884313032352
54.959753490682516
55.68539791361522
53.82664833651201
59.6347666313884
56.2500698912697
52.699259514351965
57.67618384382085
55.92999022622007
55.972682335824054
51.04356190775222
53.27767021125912
52.60974901220124
54.54557302834533
46.02504222338244
59.620927087166294
54.07350346081781
56.35282974162264
60.691123348749414
62.16307837633241
59.73146078252338
59.98969807719716
53.14093329796358
46.50273715466903
38.403358054706864
56.48745139804045
42.14824335391535
53.60180398256375
51.16647785535407
56.95579958236809
61.384299806944675
54.164753712255205
51.938856534018065
51.56339299002895
55.37400016034971
56.76528226956408
46.3616563669343
56.58667392607572
55.389150735394665
50.7813029774112
60.863073802382
52.100035694291414
60.92420156962804
58.91642660343925
57.45786778961565
60.34721547879812
62.35781944786637
62.123392798059186
50.22152977704568
50.00679544981186
58.4826396617563
62.18751185620944
54.16730799589622
58.08771803423003
58.22051152827094
49.87205779168881
48.510424720355665
49.68477653414544
49.5804691719369
55.83267469929905
60.116832725280375
59.31133258233827
57.33527517958401
60.208449611310016
59.09274923033122
54.063088516434064
59.31373225518141
28.353224964826474
53.367206757574195
55.489175113823734
59.75875196852215
50.48726623912132
57.34314953533048
53.07294326733707
41.43998893802306
56.10526621719384
57.87699826810457
59.80909757341236
59.14843679163808
50.00506565275954
44.21662385775584
54.796568058630506
54.76163785753939
49.45155652597238
53.85687810880263
56.64074611734741
50.05265316799619
54.13014083685251
59.88200284304941
49.38201391085137
45.705918579271966
58.392314847417126
49.26431152523625
57.734047563813775
43.98295741004621
55.6604716903709
58.96381433660757
60.76459580288468
53.62301410173586
60.049909736798945
53.454264718314484
48.338367611775894
50.340051774672396
49.21186103050832
55.36340229734507
50.86503707530301
61.82973588318479
50.66042473153691
60.81132323736375
51.830180171731186
59.65837273664854
39.74955611442435
52.37775525411543
44.98023886608742
60.17075796930637
49.71533385233607
61.345301924949744
57.51026812930239
51.844922320748054
43.459248039665006
63.1243821211733
57.83230531206431
49.24191399721935
54.15684103481869
52.146163934640825
58.61827630420479
55.48004714032987
55.597675351738765
52.46621219980888
58.47905131417455
51.17855564236025
55.79354706257065
52.878232313373545
53.048610248381806
56.96056326735275
50.29770782711033
53.81330708017772
60.84832866447001
59.57784302765659
45.46433233024338
49.03925055771214
51.04860650123459
52.86625520833095
51.656952398060234
45.522876067268065
54.636268728539235
47.18443528377164
60.22632864624739
55.450349849411836
55.4201838543939
53.39797338917805
49.1039104442325
55.963522102400816
56.6288692527766
54.206428466385226
54.670923162660465
42.702962316472075
55.23947419638836
58.09239987536528
56.359492157110296
58.90830744132528
50.94217916902264
58.667148412590535
57.65682834407269
45.978317344217075
58.53156167873322
55.130888426304345
49.926240973807964
53.98680473019115
54.26002323806622
46.10167186422792
54.46753471291153
54.3221506231404
57.04594389920079
54.98879161344405
59.91809192240565
56.23004884487568
56.33551865184923
54.54850584195506
34.4504850240898
48.715582130076214
55.34091434740687
51.667165183180074
52.21649381450228
55.24427656831438
54.9528070678126
53.726522339023724
42.27504965119279
58.056244367595504
55.37574718466941
56.89511999324712
53.15944788143689
49.503727446036706
58.531438620461145
57.31910506801468
40.59314779399863
47.32448170214677
48.989044982196575
43.28111221461691
53.50575243226179
44.77565559174789
56.96597685717383
49.91341134292107
57.26612433388261
56.00556438481733
53.03341154325035
53.50794343262286
53.978004478309806
52.836926964395666
51.065714444376795
48.21856634422172
53.0237082077716
47.640069150759636
55.098052804580355
41.030634797790945
54.637985060531065
53.240532468075735
52.7335108383534
55.419311202323115
58.379837479556
53.13461001097502
57.3244460155864
56.95736368226595
50.50181414081291
50.53978877004692
48.470516466522405
47.92230952470088
52.09309612909679
48.39656996326394
44.02274501260049
46.05106987144647
50.5144540623645
53.420741347804324
54.58987333526973
44.44243050547784
55.747550367782644
52.08909337181773
56.079084308098636
51.97930195743851
55.037150996396925
54.45923478612119
48.43495030736822
53.26442502514338
51.9725822402188
50.74098674483621
54.402130614833084
46.31119920479138
37.57696782113959
44.52096255144092
57.60364246589812
51.837992098957685
48.74334733464238
57.92624903631499
47.16459955058693
56.747189572696584
57.231160434847
48.61308628289039
49.92095953974608
49.326574419275495
57.793577010398955
52.59291059094576
41.550001466242286
51.57371224380644
44.179932586526164
43.21429643406284
47.54612881624232
47.83740778449846
48.339904897338684
55.84521469737889
52.42962792066706
49.871456736323736
55.78299774638989
55.55185550076444
56.30540137479916
49.01727421210887
52.9718806290588
50.08837148298773
57.40326107713199
49.938169880729546
55.16834585392572
55.551777842706414
53.170100722967454
55.24443683370889
47.86668596450609
57.385919026911466
57.55807448529312
55.996187487218705
54.01961340622533
56.01054922256354
51.60822757066798
49.85487388716977
53.19503927984484
51.717775955494794
48.77315593942076
47.13318245791246
54.36651835690023
52.37516512264577
55.48772363704076
46.7115031865725
58.34543953558942
56.6113285007233
52.16126169001729
48.98830505826662
48.26088411852208
48.02912296562531
57.90458811337474
53.00182212166932
47.239921425421976
54.357192152015145
49.63415714240018
39.41909971885341
51.20688433465447
55.14297644760785
50.804801445096956
54.410292651315416
53.4990985216686
50.32071134701481
39.840386786552
46.645141380466136
46.09664117713702
31.661319143129653
39.85930743374755
49.77456726467484
50.563254018561636
45.69603306554261
47.03451836013854
48.68815024487998
50.52467689899635
45.748876751214794
51.8269186957929
53.088427109494845
57.18930099361667
56.01617844318354
47.77539574563329
50.711211701468514
54.76151943908242
56.92873149738343
50.05881123054924
56.223417471614724
55.863926753784526
59.443732587610505
56.45643290606206
59.44373258761048
55.8639267537846
56.223417471614674
50.05881123054923
56.928731497383424
54.761519439082484
50.711211701468606
47.77539574563362
56.01617844318362
57.18930099361677
53.0884271094949
51.82691869579274
45.7488767512151
50.52467689899628
48.68815024488037
47.03451836013841
45.69603306554307
50.5632540185615
49.774567264674886
39.85930743374772
31.661319143131724
46.09664117713709
46.645141380466455
39.840386786552955
50.3207113470149
53.499098521668714
54.410292651315345
50.80480144509703
55.14297644760774
51.206884334654376
39.419099718854
49.63415714239997
54.35719215201501
47.23992142542163
53.0018221216691
57.90458811337479
48.02912296562512
48.260884118522256
48.98830505826634
52.16126169001743
56.611328500723374
58.34543953558946
46.7115031865717
55.48772363704063
52.37516512264595
54.36651835690023
47.133182457912454
48.773155939420725
51.717775955494645
53.195039279844956
49.85487388716966
51.60822757066798
56.01054922256353
54.01961340622535
55.996187487218606
57.55807448529314
57.385919026911516
47.86668596450602
55.24443683370865
53.17010072296754
55.551777842706485
55.16834585392553
49.9381698807296
57.403261077131845
50.08837148298756
52.97188062905896
49.017274212109
56.30540137479915
55.55185550076432
55.782997746389924
49.87145673632349
52.42962792066693
55.84521469737902
48.33990489733864
47.837407784498865
47.5461288162423
43.2142964340624
44.17993258652578
51.57371224380644
41.550001466242385
52.592910590945586
57.79357701039899
49.32657441927549
49.92095953974628
48.61308628289049
57.23116043484701
56.74718957269665
47.164599550587056
57.92624903631497
48.743347334642195
51.837992098957386
57.60364246589806
44.52096255144088
37.57696782113912
46.31119920479124
54.40213061483311
50.74098674483633
51.97258224021869
53.2644250251435
48.43495030736831
54.45923478612096
55.037150996397024
51.97930195743843
56.079084308098565
52.08909337181797
55.74755036778257
44.442430505477894
54.58987333526948
53.42074134780422
50.51445406236453
46.0510698714466
44.02274501260077
48.39656996326391
52.09309612909663
47.92230952470086
48.47051646652232
50.539788770047025
50.50181414081274
56.957363682265914
57.32444601558644
53.13461001097495
58.37983747955601
55.41931120232314
52.73351083835321
53.24053246807562
54.63798506053111
41.030634797789986
55.09805280458022
47.6400691507599
53.02370820777171
48.218566344221486
51.065714444376994
52.83692696439577
53.9780044783097
53.50794343262287
53.03341154325025
56.00556438481718
57.266124333882644
49.913411342921215
56.96597685717375
44.77565559174782
53.50575243226188
43.28111221461669
48.98904498219668
47.32448170214698
40.593147793998774
57.3191050680147
58.531438620461074
49.50372744603662
53.159447881436684
56.89511999324719
55.37574718466945
58.056244367595454
42.275049651192305
53.7265223390236
54.952807067812714
55.244276568313936
52.216493814501874
51.6671651831799
55.34091434740701
48.7155821300758
34.450485024088565
54.54850584195496
56.33551865184933
56.23004884487565
59.918091922405665
54.98879161344421
57.04594389920067
54.32215062314042
54.467534712911586
46.10167186422822
54.26002323806627
53.986804730190855
49.9262409738078
55.13088842630445
58.53156167873336
45.97831734421807
57.65682834407258
58.66714841259051
50.94217916902261
58.908307441325285
56.359492157110324
58.09239987536521
55.23947419638836
42.70296231647234
54.6709231626606
54.206428466385155
56.62886925277697
55.963522102400916
49.10391044423237
53.39797338917799
55.42018385439374
55.450349849411694
60.2263286462474
47.18443528377149
54.636268728539214
45.52287606726803
51.656952398060234
52.86625520833113
51.04860650123462
49.03925055771236
45.46433233024314
59.57784302765652
60.84832866446999
53.81330708017763
50.297707827110365
56.960563267352676
53.04861024838162
52.87823231337349
55.79354706257049
51.178555642360664
58.47905131417454
52.46621219980887
55.5976753517385
55.48004714032977
58.61827630420471
52.14616393464091
54.15684103481881
49.24191399721941
57.832305312064335
63.124382121173326
43.459248039664445
51.84492232074802
57.51026812930241
61.34530192494979
49.71533385233567
60.17075796930652
44.980238866087376
52.37775525411543
39.74955611442342
59.658372736648445
51.83018017173132
60.81132323736378
50.66042473153693
61.82973588318494
50.86503707530272
55.36340229734482
49.211861030508445
50.340051774672304
48.33836761177559
53.454264718314505
60.049909736799016
53.623014101735734
60.764595802884706
58.96381433660779
55.66047169037105
43.982957410046
57.73404756381371
49.26431152523649
58.39231484741704
45.705918579272364
49.382013910850795
59.88200284304935
54.130140836852334
50.0526531679961
56.64074611734734
53.85687810880272
49.45155652597243
54.76163785753948
54.79656805863047
44.21662385775586
50.0050656527596
59.1484367916381
59.8090975734124
57.876998268104565
56.10526621719386
41.43998893802128
53.07294326733688
57.34314953533057
50.487266239121446
59.758751968522134
55.48917511382385
53.367206757574515
28.353224964829987
59.31373225518143
54.063088516434085
59.09274923033128
60.20844961130999
57.335275179583995
59.31133258233828
60.11683272528036
55.83267469929913
49.58046917193671
49.68477653414526
48.510424720355694
49.872057791688995
58.22051152827083
58.08771803423
54.16730799589628
62.18751185620941
58.482639661756366
50.00679544981188
50.22152977704583
62.12339279805928
62.35781944786635
60.34721547879812
57.457867789615534
58.91642660343922
60.92420156962814
52.10003569429158
60.86307380238197
50.78130297741109
55.389150735394644
56.586673926075676
46.36165636693398
56.765282269564054
55.374000160349695
51.56339299002908
51.93885653401804
54.16475371225513
61.384299806944675
56.955799582368044
51.16647785535417
53.6018039825639
42.14824335391513
56.48745139804043
38.40335805470582
46.50273715466896
53.14093329796361
59.98969807719716
59.73146078252333
62.16307837633228
60.69112334874934
56.35282974162276
54.0735034608177
59.62092708716632
46.02504222338193
54.54557302834519
52.60974901220146
53.27767021125908
51.04356190775218
55.97268233582446
55.92999022622006
57.67618384382088
52.69925951435195
56.250069891269746
59.63476663138847
53.826648336511845
55.685397913615134
54.95975349068276
58.278843130324304
54.11508461304757
60.87800481984968
61.03832631090345
57.11116462404228
36.97042346330634
58.39696519602603
57.999150165312855
57.614610801296905
60.95896502609663
40.53989820318492
57.020527186673235
47.466857760292996
58.454063802343654
56.40177279891742
51.64243966999653
48.76207105171629
50.37621172787031
59.16890994040252
56.37590527729563
50.16768777725679
56.72311095021499
40.86417627591368
56.54549902827259
57.8840160153689
48.46130220860418
54.63413700370107
60.81611851679249
59.488614721861744
57.22165411270485
55.62396442789329
58.23717869448196
55.284541212441944
60.983748402017596
54.95473654554198
57.85008751370342
57.2476695054864
54.119342727996596
64.22146685079645
54.1865957473329
54.367879435762546
62.96922385359047
56.33082129711751
41.804786599741675
61.31118841140782
54.65681607089831
62.80082969608194
57.16578386372361
54.48535623808954
61.2524841608746
54.0652451430693
52.048960383222756
48.31537317963451
56.89538128240402
52.82650614906842
50.65503875455951
58.32237228232158
58.76125733212298
48.30977951841862
61.57141322046292
58.05037948029864
58.15757965222312
52.525475004944795
58.51251861911824
54.68975471885714
44.61429929016886
52.083347069190594
57.94434528755183
52.09431266841761
45.009701637006444
63.16291377965996
57.48568216915644
51.238839561070336
54.65119576321334
55.97377160246498
61.5288531934044
58.86240372195484
52.566615476879235
62.746804784774184
38.21255847346048
50.75751654804944
57.62907977553033
55.53494204875406
59.09537935749544
60.33281426394549
52.50156109242097
41.69106014985808
60.14911947765875
57.51903835513574
60.45219849024947
56.2201966283667
59.8245704534592
61.86637597080967
55.1347776770653
57.890044626590445
59.24003271770449
57.19040952394181
36.74479708747333
53.27246634387305
58.198157676041255
57.733014559780344
53.72127684601043
59.545617129526676
59.17380260827556
50.36411330212868
61.11190731919062
51.89006684332643
50.38749240909236
52.42511631398052
53.85611293923794
56.237232914611326
59.97628736206767
54.72168140728935
58.73865247460839
53.33268217588135
51.52408444715903
54.57714686287538
57.328013786354944
60.44094026639887
50.53354186070163
56.87162949253712
58.860023753913865
57.41960480744831
55.14212911345338
52.064457086498386
57.06957518196529
53.696921663045565
55.34842811036998
52.7364483411177
51.40434515555742
54.03411510258877
54.39796621967542
57.07369287144899
60.24320295331485
59.204635394077656
53.48507602342325
53.41600885933724
52.12839077807325
59.73821153121725
40.02857625430279
56.672769022950085
53.85781806845986
60.8685142647098
53.91382239076993
52.67815651741847
54.22601206232428
62.45535766102737
53.22757324684203
59.18445179610834
60.90886361721647
58.043361949619516
59.39628512969479
51.54637364242558
49.453554026668456
50.00268092006419
48.868612348502786
42.49095784497919
57.04147924617523
49.189317744634295
53.396346466605245
47.22967958326579
42.512556527701015
41.583873679656335
60.68648173190755
52.9544650144853
56.60425443916679
57.332316212774366
52.32111956626212
59.889722231781946
52.20811261369132
55.019749021720735
49.3680268983409
54.19476713498521
50.5926373721509
56.53488748987805
37.23650235967233
58.20498263032374
61.08019424929207
59.272027698700526
41.322817851801865
48.45213940279287
52.34444675501308
56.96449726407845
52.25210740097042
54.940778037172564
48.5777532981361
58.55178746732178
60.472456124738756
61.27734946576001
51.26071079630751
57.818474663362416
45.61490690426007
50.56789247432186
57.48246381967256
56.860837089039286
56.268344384795526
43.72851655550038
55.52224155229719
55.994011784521746
44.49103873145457
58.019201718439426
56.80544874114128
46.81243508646085
55.69958115744427
52.32045883419392
57.95522097495709
53.398132416501085
56.80088090238862
60.95495089934934
52.18599202848541
56.40729590695054
55.779867880285394
48.09972894534451
56.807748875692795
44.60146159939615
51.146897171191775
52.666368160023644
55.970829760425964
58.32984501154017
58.93611850532105
56.752229642807634
51.75497129796706
42.904821877160025
54.894023128732314
59.38022168688182
56.68232973910706
53.91641919669743
53.86823363671742
57.761371270630534
60.89437008320001
56.82676172030473
61.01890121706362
47.087252394403194
51.67509305103295
52.903270580667616
46.019633923586774
59.111985002255764
60.57101072740202
45.35137600723221
55.5681937933621
59.71755926439386
58.09333781384165
53.50864812704842
58.903080947564646
47.3936509389587
52.8559002950895
51.16670702846222
49.98323503211523
60.13942769243616
51.86986113339218
55.845565897886445
62.57058664438644
56.35341360868019
41.38033186435908
54.52373867835423
58.32303950230154
55.05894774700296
54.45431104896366
56.57135570484595
57.16915863983451
47.426400079192206
49.66784057520772
59.749383647030484
58.69445105143722
63.88522228359364
55.70435544855413
55.37087101868083
54.11363665084708
45.45198764122905
57.030382984922355
51.08969721164578
50.742715949270604
56.79375884533005
57.07545941449213
53.638634573419964
55.02427746402915
50.393026657722885
56.80935505374829
58.46590167393606
51.492939949710824
53.546009935246445
54.064352108181325
58.80367494767099
54.93188883745843
52.077836583946976
55.094807686335685
52.68994875980682
50.79783846986778
50.06769801736607
41.55982277014839
55.135119016755176
55.91755747291012
51.95067733117558
48.009347517548804
57.399940555428174
49.514611694631355
51.227307994509125
56.66695762286081
48.60400701900122
49.35646609554428
58.95455983938592
57.48462537256216
52.26542014412498
55.1438326482105
58.894772443404165
57.2104916680357
51.172162409641714
51.6214134102388
56.12397618380936
60.42672543193099
54.347388195686854
46.4670867142985
46.733649097456876
46.8851365698668
53.45577313369044
51.79708398975023
58.11576443783396
54.103148287294836
58.45173926106217
43.96742657441598
50.47613228947511
56.039225089067806
55.43475755299945
55.26201031826184
54.337963249900284
52.786017316187504
52.43580831381493
50.22569988578684
47.02845800550203
48.15964886011236
60.184824464158524
54.373117562443554
58.35054080522853
50.17332300802679
57.816780816391116
51.036024951450365
53.790267532409295
48.100234493705415
47.1529066672133
42.286864743067355
49.90041062013991
62.46697864770687
48.32014503876164
53.91144972565577
44.65623909269426
54.542927539241155
58.08763454158183
57.31755887617393
40.17077577020473
48.384906237755715
53.37433486999486
57.37566459205888
53.32515745524152
56.58853961570641
62.95782884126946
57.501339056094125
54.09458638045682
48.06057439158717
55.665185839513434
56.02734959692462
56.16634815544742
51.79015055015397
41.71054960658853
60.945231098616226
54.9880251899609
55.19393691258104
53.44473156371176
51.78039272084369
55.929150337668325
60.029229953546505
42.23839110489075
59.499257182267804
43.84098440919643
42.51086089174069
51.20187543067193
59.39117981749354
57.9605887602326
47.745502284476885
50.518231645295344
54.62264950522007
57.41725618133203
46.251898046826334
52.42056751755361
56.64674014128552
33.17453716946019
49.93710805148967
50.65718453699405
49.40367858165196
53.70285711614858
52.13217813236933
57.60662176074845
54.69492368420549
47.52271912572038
56.556718696945765
50.22246320513868
61.48699172711649
53.50139558477586
56.50709373019982
59.334328768187575
56.05518081192396
44.81354318019096
55.480515343722985
59.8022756468479
47.17146961822578
60.50765343459828
56.89627821750287
50.32615928914217
56.89192574251072
57.50685595500552
49.92058301767866
57.2034366378073
56.53666587528414
50.46562977683338
55.943898136423655
55.69197813030236
51.804702995857426
47.814049425255256
61.046587334168436
53.30523813982148
54.011012955546875
60.10160806870207
58.506783661670156
58.12606073207384
52.98673801939305
62.7334383852521
57.49069848786463
50.93684027998775
44.09043060045897
53.08140890761226
51.77582326008878
55.20548896095276
56.06221163736093
52.27275969687612
52.4608863613812
54.47559525250373
60.22166352472189
50.77068296494897
41.327253757462394
50.72175625708358
48.18257501230104
50.42829855242955
58.1205265901102
50.95168826467665
58.36374214896232
55.15051825394699
45.559333887336805
42.91858865501329
59.30332365801696
55.61257108153547
52.437223200487686
58.880994553586994
49.49202997785716
61.55304608791495
62.21494753894922
56.805061256011015
38.61964913784071
55.01555664370188
57.217390367462556
45.550642151717405
59.809232828345664
62.09106567113285
59.38566642912289
51.73285565983507
46.17368588512715
58.16017249618981
56.92828337977198
47.243577920772765
51.76811400094513
54.76718495450641
38.14060836754378
48.66295126490344
47.070841841642405
57.11039666593625
54.06286176833237
54.717728873724774
56.88542273342473
52.62252348943582
54.24989271708998
53.91839391746424
58.760810524372715
57.46429015227773
58.100491548798594
50.859993211133656
52.425102905137145
52.166772544231065
58.78744227346534
52.00936485697278
56.969520137799805
53.89155682286288
54.23071329877726
46.807770619370636
47.60980356866783
55.3510394121283
57.32345741897084
53.9165292888386
54.59181397058269
42.99109632295874
52.999859087618745
49.75008179515691
57.008653592546565
45.364250852418884
58.34113352067237
62.240118901994265
60.35397007948734
56.91373840989763
49.536606436337834
56.05574248010533
53.13689026852791
61.726658221539374
54.89236650749945
56.04795681165864
51.29804093406235
57.547490941093685
53.47735977315756
57.7608335742891
56.5337768548979
46.26931104313936
53.513466443165555
59.07847099000162
50.53952534809601
59.952226910555495
45.806828721186754
54.0537411511299
50.97471672494326
54.23994553791658
43.06643300468505
54.55444230344115
55.01017333800306
49.392839904389724
43.021161056411316
51.93146500910857
49.0918932575254
58.280794136979964
47.957850126192994
55.303840435512335
48.8636791242424
57.24116170182703
49.67474953494903
50.10935154185164
55.91085041245066
42.43152442221289
47.87886243048895
57.101391549518674
42.688040907997326
51.399303624083515
54.64621228763238
49.55640086946878
51.956472608578174
46.972346061774076
56.993973859462415
58.63442580911731
53.32268769525359
50.06241079264768
53.08318906723449
53.092927186701914
49.15794743563093
54.74943768231746
55.46595300178544
57.5203347409425
53.81819341721133
42.69409850344295
48.00654895106546
58.38418358368269
43.51441520036494
41.67238074704186
56.49134321946122
51.227296398630095
48.161260383025535
49.244528509321064
58.784951055408044
48.76353294055921
53.550551676994964
56.46148743387702
54.00016119295466
50.495467600086286
53.05695197285484
56.034943514022714
60.41397445815312
58.70654406220311
57.570376197402396
55.87561995302139
50.774264700734804
54.58399747713929
56.833259732326184
46.553442548230095
38.00899122020511
53.65635177083242
49.04600835108435
53.393680108222085
53.576852556961995
54.285515452869404
59.05384376721941
49.60445442949289
55.90896974584637
56.544727077114025
48.23970628042018
50.6601279030487
41.9189375452876
38.396788286152095
47.123497499866914
49.07295280620218
40.78510895502689
53.145545928362914
57.48748998160549
56.54439286464981
48.76714438407569
52.664164147485806
44.08144181419868
49.27458510401226
53.31860900958387
50.179578475264755
52.286981805095756
44.34065237338008
53.4773073561457
51.090824223198126
45.72600909962182
55.7652408197621
58.01338406186615
53.70087759967514
53.93740537558374
49.30639629903076
42.057590815916
51.87267630820354
54.608895801275864
41.895443506744215
55.25026461808438
56.42924484191333
52.01759225135861
51.21692974153456
45.07836103383732
46.26200877964247
53.381785489165566
58.404262882315614
58.82644794585925
56.15963633500323
60.11257958759515
53.64802291856351
43.11904732468574
60.95892005405682
52.58197706178451
56.70807961495256
50.580582270831485
51.349392746624844
58.52732094985883
52.31503679992814
58.185649632482
59.172278351677846
52.92746160617214
56.23746958458384
55.29162928904522
53.815684805815785
52.363149946557066
48.603817545752335
57.333942608799674
57.19171054278444
56.93374815755131
49.31623888125928
57.220789304725166
52.24969504530545
50.79663684858897
58.006162913064756
43.432976322804265
58.5806302792472
44.785769155286715
53.47950063581103
54.046593777853566
54.7971576783931
53.30611692506919
54.54521699346756
32.49350926644706
52.81039695905815
53.28154896146338
55.61395341070293
58.28623164755034
55.72242396469845
44.944970774207896
55.00780141038625
50.07558286777098
47.23934579548178
59.625779276759914
55.200576971355474
35.228044155768224
53.294238972958674
47.74024981285918
46.46130262276561
50.29516364258566
58.36607836509646
57.847156300082354
48.847911340037356
54.16410737195272
58.19691276609365
51.006798558822425
48.76099912065093
58.37885990341067
52.032869112479176
44.2647249858112
54.96588384254651
55.52035792861563
51.703465864142345
55.78152828194198
58.46948551595854
54.65751075085627
57.82567680798296
55.394894251956906
54.16328068371537
54.147706951279005
36.1880865825087
51.56595439410765
47.716170604160666
56.476130833802316
47.63147549266476
53.3671299979427
57.790789257119954
52.7796697256812
49.705082350373885
54.99747898482554
52.824341911627826
52.837767991267626
57.141172654779936
55.454300107532546
53.98269338543261
58.986152945498546
53.11660729652964
61.2817565206326
53.213461202989194
52.330901343048495
52.75598834677787
53.37763077106673
57.43893081933453
49.67776848744549
54.16173255106747
43.57513049004109
52.811989255011554
47.33966171198922
55.6490664686375
46.70759641355179
47.134692519626284
58.98816005245409
54.754872490162455
55.3248534160782
53.76385869468153
53.05399696321163
59.36274260493274
57.64360159557614
56.88090504470989
43.656838587834386
46.626145215401905
62.70368678474504
59.03649717520921
59.501503543775684
58.53638132173241
59.45959804112648
57.19920643072042
52.530432605645714
51.13043569362987
55.09384799469917
46.74855279072438
55.09975594435423
58.21986631852515
59.01085452936333
49.54300070423432
56.20533484788944
55.55148764984031
57.00811661018341
54.32049154368834
42.726851262435055
55.183928915648856
56.34114775434721
53.91501515173576
52.66863073525631
57.50782786186278
58.084542627660944
43.68212584870422
53.09554144159664
54.458001839362815
55.66127942517454
53.46191384704245
46.20988497301535
53.14588894477603
52.2603147588569
50.53405940602942
51.46205128419221
52.52438665885096
59.57795788854177
54.57693757817608
52.65946524696754
59.74906861828978
52.721580328023556
48.02780447603914
56.524228867480076
56.95600246060464
57.18266681250008
47.560634787250265
52.76121142222002
60.64479552283535
53.114701101740316
53.27914391103154
50.73211659213609
39.70157520647678
61.86702121794899
56.09940518896607
58.98615929281189
56.40083328549914
54.95017687365349
49.46165935965
60.49966273561522
54.837919215791004
42.66495179046985
54.39139160532513
60.860783524021016
56.87617082301277
54.945370676544854
59.83602881310773
61.9948510019201
52.79789399509741
48.24157935742133
52.833732649017705
60.54754943482977
56.629120987838775
55.124378597514216
61.28375057764739
26.609104924261352
51.0148322635899
48.030769002671974
52.58764045894884
51.330496318291274
59.78373966032532
59.707605779052315
61.226049375294984
63.12959219008056
63.76143653364
53.95988512081943
60.59548853089736
59.13493136951031
53.026135826946145
56.494939783006195
55.54409474848158
53.84675850296722
37.013766142018405
60.17789355502731
60.21020065976305
58.37783243677847
53.42884459580545
52.13490178981954
46.13209775927962
61.30140915783084
53.17793388733742
57.685531340940635
53.0555608749486
60.008165458807284
57.11646615108932
54.68525689109463
56.12381230984732
57.9323497435218
57.653697366748425
58.3446195873629
56.051730591703674
43.22718062618265
47.22619521188709
52.15967850531329
63.146122018152525
51.51570781593507
55.566314459518466
54.04828419001529
59.003185335267
55.03632229411876
57.65143329280938
59.0092912867418
59.17751195266269
57.55773394587831
55.39201634868192
57.885719606047736
42.7218731629657
51.833922707523186
56.492101130475376
55.50284494135375
61.70872310878232
52.77284688125143
52.01003914469034
50.25539767113153
57.38418201512413
58.284251691216454
47.316518493413284
59.47729045964185
56.82501912602617
52.87293749433761
49.75686232822842
62.43903348529077
54.70639073662261
55.87977081699088
63.85142356141661
57.669181786103465
56.58811291003788
62.21332991617702
61.84040536735662
56.12501595491851
55.95102063665095
51.3452212326839
58.66212091157333
52.48077369513082
59.9720963933502
45.4252082006294
64.4701973222051
53.610494891562546
50.56183424282945
56.995788654681704
55.626328824563885
49.67206339747825
54.10018011274909
62.76198008429846
53.81395254357248
66.22458052820635
49.2107067120039
59.74864696377067
60.956044147847706
60.715879296415395
56.62276958427677
54.548946700933946
60.342937281184035
63.361960674491435
63.13520248351668
54.443909328926864
42.50135974104324
60.72533372377138
59.653236829406026
59.84435803496628
63.41901080439784
63.002443394486356
63.63520355276602
55.2797249348065
62.79342778739263
64.16370943594538
66.88436514131433
65.63192198169139
62.716039959364416
56.03304916999163
57.61472448402138
64.64509305460628
58.45039985350431
53.55698065474974
52.67512283072943
70.07953201098698
62.46739543897667
62.30896661738173
60.99562018427182
55.041164531138435
60.60259219970915
51.11322754319919
54.86306106330275
52.81611661594755
64.78090119771736
60.20355638342362
63.658002068858664
53.71528982840399
59.50384212130118
55.72445733101321
64.66910219534078
50.48772269890215
58.38535242498132
60.91516982672666
60.96661297791455
63.86716735576399
63.05971927089999
64.99655898247815
53.95472953914495
62.37563344727679
57.709507629916324
57.184959366654965
66.0663782112908
57.47995129724902
55.88660901890919
58.2366517424559
51.36443838878246
60.15011663913947
61.00143112731758
63.735386737634286
65.42139441345155
54.85659148576651
50.50567003983784
57.61192445786557
64.33013846203082
59.106354275891704
59.60331059966207
60.64647969077424
55.613817220918015
59.82184830724218
59.44326920066065
63.861451635583705
59.0274983351038
57.63618780547439
61.028497512947396
63.33885364021748
64.75462596059783
52.535346825743765
59.29915801232755
38.85055910155391
44.770297980418604
55.057031315638966
52.11693334825638
43.21255696060902
59.3782961627535
62.3442011714132
61.87925349012023
57.87109751866563
52.84803951224955
56.64498237999513
55.76349334490522
57.76358622932253
63.84971159981525
59.86777524445576
52.04568358512468
61.15491391533947
62.872267995842854
61.125901583445234
50.8510483664137
57.09013631480575
57.2961767667955
62.07737840998653
60.00075346319038
58.40279076595277
60.397988027840654
58.05613030794685
64.53043232278058
53.85880060006124
59.176025138737096
61.68414700944535
59.27842586336268
55.80386422529944
55.76247422321451
38.3891442940683
59.40315403372953
57.66033710367915
40.83276758303016
50.681159427903665
55.47773392088824
45.23127689271587
50.41932262514834
56.37833450846037
51.71727085802982
56.32873004881348
58.60633332505111
31.684692692963722
54.60575821364907
57.30529452250734
60.40406487052516
44.319969007901044
53.1020899076796
55.487985351631586
43.30619939074027
52.77014159142367
58.73172413515804
52.48455993057202
49.29358091087404
52.07722534905016
52.29477730171057
53.79061776007524
54.16875570384093
55.40268840248591
59.591625248155715
54.788813846959314
44.92649978529249
57.41390304033576
53.924248779883435
59.428254634761984
61.93935368124684
58.14718221492694
60.36887518025686
48.12185642968535
54.046306907595564
56.227465112668625
58.32001768558677
63.76899040690887
53.442928821717416
64.11719563715236
57.85748564035096
58.01565548806036
64.33084186000107
63.53263638400175
48.045169876722255
65.40505390974103
58.579594821681866
55.79715911433624
57.216213102413995
56.38220780108793
57.43547135712077
48.99299105398632
57.492352141274154
54.108215592497395
54.68670788325901
54.770344186466716
65.81229910436457
65.12053901525638
61.0933763051576
59.62260571802248
57.62504193793422
54.60546144331815
49.85180391529079
59.267909667385354
50.89355911232036
60.33808411738428
56.81142893416171
50.05507797734196
59.72681115719225
56.974040333671596
64.71297329971716
57.16485726430566
47.28527919077593
56.25813403235309
58.303694431219725
43.81617170913532
62.37116094593869
61.55642442865414
53.89633711095088
69.81283983072731
69.44348814275811
59.230746011565415
55.91368731551097
63.73961728363736
64.30248219107052
58.69676163451467
59.195464622577546
51.28433862564974
66.9301901616587
60.85013259946871
47.51380862326732
42.7324212675197
59.50872545160381
46.138078236232865
54.41791462803488
51.839583888092804
63.2327052372765
65.10828941630264
53.87600327735231
60.96853718384441
50.3683692048582
65.41776823676895
58.26529326724593
60.95113265321389
66.93589796545935
59.31773059361751
60.44607750615863
50.65554375299772
66.38459781021831
55.65975995113952
58.300353101884454
61.799966498179685
62.9243027929452
64.38641662940856
64.459466885945
64.17469317457179
64.08960294990801
63.35083908318093
59.84353016130061
57.98261458572892
66.61808043859826
65.5869708411082
64.05655834692692
61.47235649101905
60.97843630764419
56.012116526905444
59.928562070772315
64.50969465994203
51.76090107605919
58.95200716509174
55.22054775870777
52.1249670408823
60.221626021173726
54.75836522680432
58.023446299993054
65.00692509077447
58.74578878927207
55.92176582703655
58.640895202131546
60.4505197857926
65.92503085594421
61.81698393240342
70.59029993442917
63.54975324050535
66.30722590851407
63.23030746927431
61.42930572852662
40.10672884339897
63.91733547918132
64.74966896595774
65.7965443300929
53.589017101463526
57.74362751241601
66.51025480772043
60.9348441068494
68.06702282850416
65.97812749604692
67.10551608503907
71.03934928482414
70.70151412195104
65.44495909733384
64.81639724791455
58.7116270641086
58.3468014622514
65.09882420889565
63.22703996129035
56.39275909652217
65.37978142669543
56.636295415673956
60.86436300366813
64.77191610363101
60.782787063420464
68.94761528422741
68.402757526125
66.96299391685406
65.54502755676818
60.71235650541571
63.37850855108549
59.47394837435601
59.574583114478386
59.00181588777411
57.836277914987555
69.48855017880989
69.18484425350533
66.73850306311137
66.87137740765957
65.51933682064855
69.69090054827484
63.679940896036314
69.8421811730365
59.903076716809586
68.56939526877505
64.29501858012388
64.36189631699582
57.16855430665463
53.39867320518483
69.61107631407108
70.74893026683982
65.45739644134977
71.54303336614105
69.59586538633869
63.84729663754514
70.00606459295084
50.00099275379172
55.993746099526255
65.6205674036333
64.77730448133194
69.16504834705131
61.333382128147505
66.15620408835204
62.73902583166461
52.91784544379613
71.14545639247616
71.1552043801351
70.50121308920579
67.0307563190614
64.23934179705407
64.86071438346036
64.67004827676314
67.46986083260128
69.68847779976234
59.96594229247832
65.5860381847009
72.82904673581237
69.41574224126205
71.58462760321834
65.18774214814589
55.47852633273705
63.23055081112176
59.29246956197045
52.2099219043111
72.36906371194182
67.56907400893559
58.03166338708503
63.82531312808449
60.66927406671036
68.27033271091462
60.99922966993118
67.60162911170111
64.96849541162084
59.28526241434247
64.20142603754138
57.06872783709191
61.32467593939414
61.91244017055382
63.93754828488596
64.74098807248394
66.6876444006979
63.84877549770123
63.994238119790225
70.67438522960397
68.50952686291623
50.60480486563441
66.66911310389226
68.69296821583167
62.17861155011738
64.52334724183848
60.09388379483417
60.58477579910207
59.936152789603305
73.89553865549037
60.287371534837746
56.70998580287359
70.14286816018148
61.708053902338435
70.0086834587105
57.262449293715356
63.20926302536612
64.92524183606636
72.37635992286299
74.80578162328126
70.19334686651659
72.47971930520595
63.446695098411006
63.404688282044866
72.88674038613985
54.06324433845522
58.51282919747797
54.7114642652323
69.78772685826254
73.44411262058406
73.56329116728831
70.02647600716456
56.81355936259817
72.97512345085093
71.42064213229551
68.90242868216407
72.06742864543288
64.64164613438419
63.042663435552896
74.81486101533804
58.58694982207366
66.23036505264426
60.826550543677804
60.87611171694974
66.96129640835494
56.37496750435591
55.98421850732451
66.33825924569541
66.6569410852546
69.81053184024822
69.31767253662406
63.98650620371075
67.41444716023834
61.451379767588335
56.94203677560546
63.24779729329305
69.09965737925803
63.44851525199451
72.50085833232109
74.50861176905418
61.11292379594771
64.36933078354996
67.89944113254126
73.62538003853442
75.4117775075727
56.309507903200505
58.51759606985552
64.47010609413675
70.35320409094186
61.90859116939745
67.38590857468049
64.7051599714101
59.801789769334384
64.36549873234907
68.93691659218362
70.68190573171117
71.71154596662143
73.2211815062108
62.08206111425024
69.63132455432309
68.42782972469877
68.81396140516401
65.05201404961434
65.78432533828817
67.29553434488619
65.63120054682537
64.86770408536535
65.11056523969773
73.48882888502061
68.36847765806246
71.64916623126234
68.3484449703125
70.71656163319494
73.4204289473186
74.4422660467532
69.70239923884654
70.88986106702622
69.03646491802809
66.88798104569257
65.86805523249166
60.590078821443
63.49188893061617
69.67099619016162
61.85486352213992
66.31001451456133
63.04888151527944
60.068175996655256
66.87013506031735
72.04978856594806
69.45659985121975
65.68063418925686
60.84885652383501
72.60405272949433
68.12043697036704
80.37675761461819
73.46392989583465
68.11454104217172
61.83241925799406
65.23043790176722
69.31990844593355
68.06148454886831
66.1633761518708
66.16441368606412
77.1501004442984
74.39850820759807
62.22144442752668
66.26292120043026
71.3089553305597
75.29568837804234
80.88511064184551
65.79883735290016
64.4678621250669
68.70575608683444
66.45956036567617
73.42209840879505
72.28553725000097
71.63551878857564
71.78665722769091
75.57303543380266
83.33955554078351
70.09299348641213
72.57063433393299
68.13713116008317
65.91550554203974
81.4206143981813
65.25605338633389
71.25802034289893
64.63117870064536
70.0723253853498
81.25849941389521
76.34399946775537
72.20459524827736
70.95210237424905
80.55080404946104
75.07983298682271
76.50567567499324
70.69780375498834
70.83443513313894
80.77730191454911
80.7186432419472
77.26612861738089
70.30752875483337
71.11700882269764
76.15871648789026
81.1684177306964
70.94347849809857
74.10148693751134
63.473907737460884
73.06892196546086
76.6937556191158
65.76168519321718
58.73047987302541
68.47966457638515
75.5283242646806
86.05352404557914
73.7484059730009
55.65558074995898
65.0590306482436
71.55815200490653
77.00916165087109
69.76672891221807
71.48620696889856
72.22096415527533
76.8970580917272
73.30778943473595
70.7765404960414
77.76454275252708
76.73203533637323
65.25581115835821
85.00699580019175
70.31418298388971
61.49790663755102
64.6268976851976
78.20239644237999
84.57513625470827
75.6852570085236
76.00631858121835
73.64510216883617
81.01963304047226
87.16075526220229
74.26159129912344
79.52161415697358
71.51488068203275
76.20561432565933
69.55564163541182
71.11898776471848
67.8289041406072
76.94117054030346
77.48857987348427
76.90372741020286
80.30153724482894
76.36671776831564
67.71493636791698
74.10594390155117
81.23225892174985
71.97887034894933
72.60124850495717
60.05811443681078
60.16155678944824
73.24282618619233
69.53285354518712
72.66723854255795
69.83101928588228
73.91904786236732
78.1540172184974
70.53509781514666
59.22965073824759
64.28772775149815
64.28833174809098
75.06950481020851
74.55138154550836
67.71531407656876
64.37616695387791
72.5338950245086
65.43939981058526
69.63096702848115
71.63314085748135
74.3226465356908
78.97512419259087
85.92249081479359
76.11329548950602
70.49367304533031
63.56121377166643
68.81339315411998
61.072452809447384
66.41347421656715
68.73005359545972
67.45742468633127
67.81519951576675
74.77176621194471
75.40229094817714
70.74865148548538
70.95764233382228
68.21173579286383
76.41921360719965
68.88963377557252
73.83909425595024
59.66053776780731
64.89212575031726
72.31572686332544
69.11200109238202
76.91039223754554
73.3490660829018
73.01742795974215
72.71522945933759
65.20641085718137
67.3280620038497
76.42260729267915
72.23178471784456
63.711824831649565
69.94774836678323
67.9550447269366
72.84220144814522
69.02560300487801
71.4305833649582
69.63218259499699
73.06265799594253
70.09900647710494
70.78579487195648
69.65163852237411
68.53193167980523
69.48048877196685
73.0707801741059
72.65917915693352
79.06945015053707
70.30481587703501
75.75615698055026
67.96695103992857
71.54243084263962
76.71622350246498
71.53464712023673
70.60009772128775
68.6590747175438
68.20173421307423
76.26739680865231
69.55038659774117
70.27501054377137
66.51529953803032
67.55667543860781
62.851988453861566
70.40753945186522
70.48031564226508
68.85516770885667
59.359561993223615
66.5920020530365
57.171836833545214
64.6466506719443
75.1086526441079
64.24065785069911
69.32837683971866
63.382858580197194
77.97010638803437
61.62282016629722
68.67371338353071
77.09631328693528
69.1049541571197
63.51919671787742
73.68912857577453
69.37483936987354
57.2884993982812
67.29902156378455
75.16706269686416
68.72227928223255
68.79889481814229
63.762435654866046
74.88130373276513
78.67824908174929
56.391181290468765
70.55070720668338
63.05436835681277
72.29870910211966
78.94227991375962
79.66973838768139
60.58045038874269
72.66892296775518
55.12042238626637
81.82384771552678
73.46925049903432
70.14968318798556
74.34645318527652
73.21891423431015
76.74246505446254
81.03089297852955
75.80668597356556
75.85592044617658
79.44054120249204
72.54294484061424
82.09119532087871
73.62120065788841
75.0464381500234
69.15864211884924
55.203604784173315
71.49416871640479
70.8781787258924
72.91358265293503
63.06066867157781
84.46391298690403
85.0982487464189
80.66187596649726
79.14152047857345
81.26586705470055
72.94909150124913
84.93394801805417
88.02273686908526
83.92699972827678
89.24919481341476
65.17301841471037
89.68904451920301
72.32531221462301
81.00638049771582
88.52829515378707
94.96479714952513
95.06196502410361
86.1978141053983
77.16188291763304
86.8067743833247
86.03816259412972
99.69318613015503
93.2681021835104
98.1375666446618
88.77712906731827
79.73271993515267
93.97938067115103
81.69449207573352
87.69157466193053
88.3662358231426
86.22925769627562
85.88904021201381
80.44225588031952
89.51874186390226
84.53917977393138
81.01545194812607
86.93476830181802
78.33566469551886
79.56353849920261
83.80871730505307
89.68317517722735
76.47107713835044
84.02536536545354
90.4878487708882
76.6077640882017
90.6561135022905
94.6229688246984
92.11352217069121
88.32914615011306
90.8313726309346
94.41849087519083
84.07989961304834
80.58325328486188
86.91786465698931
79.92985144339438
85.68908165387059
87.24778042093985
75.66745158500783
82.24549681855835
88.73097275185528
93.76277199332775
90.15716026083223
85.58185838669911
85.89308402826829
96.56560922060245
99.88794695687533
97.43918960652259
95.95292281081316
77.43624942051878
74.82805887131201
93.93863369697863
93.10626700363773
90.05352873843117
77.39515690667258
77.16641719346525
90.82901524488761
93.8989111458055
97.67680045285795
96.14849505735195
90.358019605495
80.27240431296605
94.51338883987395
83.94198830026205
90.78010599313443
82.27208907146662
97.54156277406818
102.22275815581222
93.7297876761894
98.52556955912335
93.8034193491359
105.71284786994528
96.66841545266928
94.84685745655852
95.59470339199484
92.21956772910184
94.9241811400941
100.2616895160061
93.1141022478117
100.22564941639402
101.04083391225137
88.38856906385107
97.58925555865723
93.98030961915566
97.89488475617222
90.20446770605396
98.86164941899473
105.37256421039484
96.63886673518431
90.76659006168927
97.32799335496337
104.39748190842923
108.3457727290046
101.77842151185266
94.23168278485697
104.51853963383672
106.86188262670177
103.40127888221558
94.05252161574539
100.25907463470645
101.7524965371557
99.72290571619297
97.13690353562848
93.11309352367681
97.6389446637597
101.73751324807746
101.72898090661229
107.63678221278911
89.61152556103985
93.53886155563337
102.4950214340844
101.93439449731208
94.89308013290969
102.58431985644565
104.01216494451995
97.01985935936005
78.15532295137865
104.98761023470598
94.7108511605896
101.58570110959046
96.31500577358892
106.83123836082396
102.02592979058493
101.18544960593727
94.83716709880922
99.24055277882637
106.26828360588904
103.09693543258311
92.60627324042504
105.06009428253563
91.33505451282234
102.03473030621156
106.35763759196742
102.2548746051571
101.8105873919616
94.37750160927321
94.52955586837902
104.5404502396357
99.7691389277948
96.50542286871725
95.36512020999403
104.82895222361384
101.89367072800209
89.69359917737818
101.12646188600326
90.32668600146282
91.82539282023045
91.88041345253099
94.9652600828218
99.7873384172751
89.6830414556488
97.87968583033708
98.03440156643526
95.31553163672004
105.54089898900295
96.33061574586708
102.27188781868935
101.36105634958858
97.12640230187984
107.00835895559791
88.29402493937087
98.990240547216
99.21147609494732
101.77565025163561
103.0993240834683
98.40763699108096
107.63700776684779
94.33834418401547
104.09728352514213
94.84373190309198
101.19041623870423
106.85123756079119
98.5811786947466
96.55287600254731
99.50923482772549
100.57254039242889
100.74097567590785
95.08654871654056
96.60884380925923
88.52616788205407
99.42029372429471
99.31311531599891
96.49691881127069
96.70130621995823
98.12455625456516
92.72133862106814
103.643162893912
98.41906767717539
85.4953131147258
93.05708123641293
98.09518867331437
96.10722605840539
101.42783355773155
89.3939398564819
95.34119347337764
97.47922631030745
95.14637704661502
100.44308978386655
94.34747929541399
75.96837011119226
91.12803040150337
102.51293599289576
102.15711587496953
93.99145284477896
95.5074630087028
91.94994023943951
102.3150311046681
96.88342572472577
94.92799535601462
82.45214288945095
90.76584383222409
92.61226135544577
94.47121179743291
94.0092364192628
94.84325532500988
87.55212638365299
95.69810033748153
93.51555592531867
93.48955986337812
85.34455624771171
98.23613900907023
99.68070179016009
103.22525215082072
97.51692997937256
97.61825587566102
92.3407365326982
84.21997993386861
90.82168260525074
93.26414251137723
94.11698062560043
79.8395770190103
92.7814902269806
99.8111851930889
93.20907958248462
90.86931946645267
93.73957184327199
101.50157251432012
98.05666064341538
95.96050344612235
93.42319174712203
81.85393189313707
102.17243354544445
92.92869768798325
85.51222366501035
95.24576345922273
100.51164615165342
86.1476777515696
98.75307929775836
96.35383544570274
101.29197304013428
102.68205645051563
102.42135162991039
92.11385271792118
98.6906816685606
91.35863383509191
84.59945629644459
102.66250784504756
103.90599178509241
103.2365531698519
108.97016687976429
116.77464739614537
109.83667005029494
93.93224445591052
96.59541290434943
92.79044944075558
90.00570820636781
98.50448378688193
102.53078211725297
114.20229897060823
111.05095826781928
109.420907177552
97.75146462263494
104.79412517272823
103.3328072528927
99.32033839599443
100.16994735400584
95.253465159512
87.40866546457073
95.048892994407
100.92106720323235
94.58719960049508
98.41539649408622
99.94623390108768
93.04629028604806
95.48393073907513
93.54214057025129
100.38872809659335
96.72324479195228
91.34809490943044
90.37092100937228
93.81073414902586
101.3209711723016
98.22094793353924
87.46129429881508
89.28627738496843
68.44316371222075
87.4022776029794
88.45461996608138
86.83222549782157
92.99144871448294
77.65926575558989
100.15695285550788
91.0767023210696
75.42337437983322
77.36878307140005
81.33206498365608
89.86759584679751
89.37754673703805
85.23222093966436
83.66343963828628
84.51382193452447
81.43259639922361
85.04437075812416
86.32921081410716
76.56611672663084
70.7404376616156
87.2611626001479
80.89274045619362
79.78084544170275
78.06816913878959
83.84410155058545
74.57253855149072
77.6841114575418
76.34072376499698
74.48596681642597
84.72568353025963
82.4948060660155
84.41416248484616
79.67965989704693
84.594579692559
77.93625055475951
82.39260504901823
87.39365695728458
85.04041165464892
78.65074180672181
79.92589357161053
80.11720870631208
86.67474254337742
85.282375145229
84.04221644868696
88.28555184152364
87.74529067244094
86.42162666441851
82.82221538072332
76.03665926581806
72.35509171527211
85.32633200830219
80.43758399054539
76.3002840986108
87.08130460528571
84.21908127891669
85.53127549031883
82.75245539879755
72.45741193974568
84.99496790795867
77.5203431865445
76.12394872192927
78.14824584984689
75.62418370150598
75.37808160082974
80.70802747498567
91.15903478741429
84.85421001270853
78.45871047203887
77.45265388463645
87.90731740439256
88.14349156728134
90.97991105677649
78.63553625325139
81.99181020823329
78.40914686208761
91.09759845165155
81.28386494000908
88.80634583203845
89.21642573615615
94.06825028531152
92.98689226784161
80.59052800670891
86.9686216515811
93.83271944491518
78.83565781070783
74.8968548283026
92.64212801732091
99.06499867901559
81.34872413623057
101.52641340679946
99.65703214532509
107.383064923154
91.34580749693586
94.53651295882355
92.01954346821111
88.23102268027311
87.34236289758698
101.98994255561487
93.63929454848282
73.48909879361017
75.1314216507551
72.26558717204526
69.38412157667352
