17269
10860
2323
-6503
-13675
-17624
-17552
-13646
-7044
438
6748
10116
9502
4874
-2766
-11612
-19489
-24393
-24992
-20975
-13146
-3247
6453
13713
16874
15271
9419
894
-8039
-14981
-17991
-16075
-9452
484
11483
20977
26708
27284
22529
13547
2464
-8071
-15531
-18124
-15240
-7608
2863
13539
21694
25174
22923
15258
3804
-8879
-19903
-26744
-27847
-23008
-13430
-1444
10040
18230
21115
17953
9452
-2389
-14751
-24660
-29696
-28562
-21402
-9768
3740
16081
24488
27110
23450
14470
2370
-9933
-19489
-23995
-22337
-14836
-3174
10002
21698
29260
30980
26482
16796
4110
-8737
-18907
-24204
-23562
-17269
-6882
5141
16010
23227
25144
21317
12579
836
-11371
-21439
-27272
-27724
-22829
-13764
-2566
8328
16611
20598
19566
13876
4870
-5444
-14830
-21300
-23513
-21037
-14409
-4991
5321
14505
20812
23111
21086
15278
6950
-2178
-10279
-15767
-17601
-15467
-9822
-1797
7032
14943
20394
22308
20275
14624
6366
-2997
-11743
-18255
-21326
-20385
-15618
-7946
1143
9863
16470
19603
18552
13416
5102
-4831
-14468
-21899
-25605
-24765
-19436
-10561
202
10793
19159
23661
23411
18457
9790
-852
-11321
-19489
-23676
-22989
-17506
-8259
2970
14002
22701
27390
27185
22159
13316
2383
-8538
-17386
-22537
-23111
-19117
-11435
-1619
8414
16757
21866
22839
19557
12675
3479
-6373
-15156
-21389
-24077
-22861
-18059
-10579
-1745
6935
14023
18380
19340
16806
11247
3621
-4785
-12557
-18379
-21238
-20593
-16466
-9452
-634
8577
16669
22278
24419
22671
17266
9070
-547
-9934
-17446
-21735
-21998
-18136
-10784
-1216
8878
17691
23626
25585
23172
16768
7458
-3158
-13264
-21146
-25502
-25659
-21680
-14337
-4956
4831
13373
19282
21658
20214
15302
7819
-962
-9610
-16770
-21364
-22742
-20752
-15744
-8489
-60
8328
15489
20425
22454
21302
17139
10562
2517
-5819
-13200
-18490
-20833
-19793
-15444
-8376
370
9452
17427
22985
25167
23534
18256
10098
306
-9595
-18051
-23738
-25781
-23899
-18445
-10342
-916
8328
15950
20809
22233
20100
14836
7317
-1280
-9676
-16676
-21335
-23071
-21720
-17531
-11107
-3316
4831
12303
18167
21692
22436
20294
15522
8715
749
-7315
-14367
-19391
-21614
-20635
-16499
-9718
-1216
7793
15984
22118
25243
24846
20941
14071
5225
-4317
-13185
-20136
-24233
-24981
-22385
-16923
-9452
-1064
7079
13917
18615
20664
19908
16541
11055
4160
-3299
-10441
-16433
-20571
-22346
-21500
-18059
-12350
-4978
3219
11256
18121
22898
24907
23810
19683
13021
4692
-4186
-12397
-18810
-22546
-23111
-20461
-15010
-7549
873
9116
16108
20992
23227
22631
19380
13947
7025
-575
-8021
-14540
-19489
-22393
-22979
-21192
-17198
-11380
-4318
3252
10500
16581
20738
22403
21287
17441
11278
3530
-4831
-12726
-19119
-23164
-24330
-22475
-17858
-11093
-3053
5263
12871
18928
22826
24245
23158
19803
14624
8203
1193
-5740
-11965
-16925
-20162
-21356
-20348
-17173
-12078
-5526
1827
9185
15695
20553
23111
22980
20099
14756
7561
-632
-8844
-16108
-21593
-24718
-25209
-23119
-18786
-12774
-5772
1491
8328
14156
18525
21131
21815
20554
17456
12759
6829
157
-6661
-12962
-18074
-21393
-22467
-21073
-17269
-11407
-4108
3815
11459
17953
22575
24845
24580
21894
17166
10967
3970
-3141
-9741
-15316
-19489
-22014
-22770
-21741
-19008
-14749
-9242
-2876
3856
10372
16048
20279
22562
22571
20219
15695
9452
2160
-5382
-12349
-18005
-21791
-23390
-22743
-20034
-15633
-10027
-3752
2675
8791
14203
18591
21694
23307
23278
21529
18082
13090
6866
-124
-7279
-13920
-19371
-23050
-24552
-23716
-20646
-15704
-9452
-2566
4252
10371
15295
18702
20448
20539
19094
16300
12377
7562
2112
-3683
-9486
-14901
-19489
-22805
-24451
-24142
-21768
-17438
-11484
-4439
3027
10196
16398
21097
23949
24833
23833
21195
17269
12441
7082
1521
-3964
-9127
-13732
-17535
-20273
-21685
-21548
-19726
-16225
-11226
-5098
1631
8328
14339
19077
22108
23198
22340
19731
15719
10741
5241
-379
-5798
-10778
-15145
-18756
-21466
-23111
-23512
-22505
-19986
-15959
-10586
-4196
2727
9595
15790
20750
24052
25465
24976
22770
19180
14624
9523
4248
-917
-5776
-10197
-14077
-17297
-19700
-21088
-21249
-20007
-17276
-13115
-7755
-1596
4831
10938
16157
20031
22272
22793
21697
19237
15748
11578
7027
2319
-2403
-7049
-11537
-15747
-19489
-22499
-24467
-25085
-24121
-21478
-17245
-11701
-5294
1425
7882
13568
18106
21295
23105
23647
23111
21701
19579
16838
13498
9548
4992
-89
-5505
-10937
-15966
-20131
-23004
-24269
-23789
-21632
-18059
-13479
-8369
-3188
1692
6031
9732
12810
15333
17361
18889
19825
19992
19174
17181
13920
9452
4016
-1983
-8031
-13586
-18168
-21437
-23239
-23614
-22759
-20961
-18517
-15660
-12521
-9114
-5374
-1216
3394
8381
13521
18461
22755
25952
27680
27728
26088
22961
18716
13812
8707
3772
-764
-4831
-8490
-11867
-15078
-18157
-21005
-23396
-25007
-25498
-24600
-22191
-18354
-13373
-7699
-1865
3613
8328
12050
14744
16547
17693
18431
18934
19241
19243
18710
17367
14982
11457
6883
1553
-4073
-9452
-14062
-17506
-19582
-20313
-19919
-18745
-17163
-15467
-13805
-12147
-10313
-8037
-5073
-1287
3267
8328
13456
18116
21785
24065
24768
23951
21896
19028
15815
12647
9751
7146
4666
2023
-1077
-4831
-9250
-14115
-19011
-23395
-26721
-28561
-28704
-27204
-24367
-20675
-16664
-12802
-9378
-6445
-3833
-1216
1772
5409
9781
14721
19828
24540
28256
30482
30944
29657
26921
23245
19226
15398
12111
9452
7239
5094
2565
-728
-4965
-10045
-15584
-20986
-25578
-28767
-30179
-29755
-27760
-24720
-21282
-18059
-15470
-13644
-12393
-11282
-9753
-7294
-3603
1312
7104
13150
18690
23005
25590
26278
25276
23111
20490
18120
16519
15885
16045
16506
16589
15621
13129
8982
3453
-2828
-9013
-14239
-17836
-19489
-19316
-17833
-15814
-14091
-13329
-13846
-15527
-17844
-19995
-21112
-20496
-17815
-13207
-7266
-912
4831
9088
11343
11577
10263
8243
6510
5936
7044
9852
13860
18163
21681
23433
22803
19704
14624
8515
2563
-2101
-4690
-4961
-3277
-517
2150
3571
2915
-95
-5096
-11155
-16996
-21313
-23111
-21957
-18111
-12473
-6364
-1202
1858
2218
0
-3978
-8403
-11804
-12923
-11061
-6263
661
8328
15110
19547
20709
18446
13439
7038
933
-3268
-4451
-2288
2670
9109
15281
19436
20270
-17269
-10860
-2323
6503
13675
17624
17552
13646
7044
-438
-6748
-10116
-9502
-4874
2766
11612
19489
24393
24992
20975
13146
3247
-6453
-13713
-16874
-15271
-9419
-894
8039
14981
17991
16075
9452
-484
-11483
-20977
-26708
-27284
-22529
-13547
-2464
8071
15531
18124
15240
7608
-2863
-13539
-21694
-25174
-22923
-15258
-3804
8879
19903
26744
27847
23008
13430
1444
-10040
-18230
-21115
-17953
-9452
2389
14751
24660
29696
28562
21402
9768
-3740
-16081
-24488
-27110
-23450
-14470
-2370
9933
19489
23995
22337
14836
3174
-10002
-21698
-29260
-30980
-26482
-16796
-4110
8737
18907
24204
23562
17269
6882
-5141
-16010
-23227
-25144
-21317
-12579
-836
11371
21439
27272
27724
22829
13764
2566
-8328
-16611
-20598
-19566
-13876
-4870
5444
14830
21300
23513
21037
14409
4991
-5321
-14505
-20812
-23111
-21086
-15278
-6950
2178
10279
15767
17601
15467
9822
1797
-7032
-14943
-20394
-22308
-20275
-14624
-6366
2997
11743
18255
21326
20385
15618
7946
-1143
-9863
-16470
-19603
-18552
-13416
-5102
4831
14468
21899
25605
24765
19436
10561
-202
-10793
-19159
-23661
-23411
-18457
-9790
852
11321
19489
23676
22989
17506
8259
-2970
-14002
-22701
-27390
-27185
-22159
-13316
-2383
8538
17386
22537
23111
19117
11435
1619
-8414
-16757
-21866
-22839
-19557
-12675
-3479
6373
15156
21389
24077
22861
18059
10579
1745
-6935
-14023
-18380
-19340
-16806
-11247
-3621
4785
12557
18379
21238
20593
16466
9452
634
-8577
-16669
-22278
-24419
-22671
-17266
-9070
547
9934
17446
21735
21998
18136
10784
1216
-8878
-17691
-23626
-25585
-23172
-16768
-7458
3158
13264
21146
25502
25659
21680
14337
4956
-4831
-13373
-19282
-21658
-20214
-15302
-7819
962
9610
16770
21364
22742
20752
15744
8489
60
-8328
-15489
-20425
-22454
-21302
-17139
-10562
-2517
5819
13200
18490
20833
19793
15444
8376
-370
-9452
-17427
-22985
-25167
-23534
-18256
-10098
-306
9595
18051
23738
25781
23899
18445
10342
916
-8328
-15950
-20809
-22233
-20100
-14836
-7317
1280
9676
16676
21335
23071
21720
17531
11107
3316
-4831
-12303
-18167
-21692
-22436
-20294
-15522
-8715
-749
7315
14367
19391
21614
20635
16499
9718
1216
-7793
-15984
-22118
-25243
-24846
-20941
-14071
-5225
4317
13185
20136
24233
24981
22385
16923
9452
1064
-7079
-13917
-18615
-20664
-19908
-16541
-11055
-4160
3299
10441
16433
20571
22346
21500
18059
12350
4978
-3219
-11256
-18121
-22898
-24907
-23810
-19683
-13021
-4692
4186
12397
18810
22546
23111
20461
15010
7549
-873
-9116
-16108
-20992
-23227
-22631
-19380
-13947
-7025
575
8021
14540
19489
22393
22979
21192
17198
11380
4318
-3252
-10500
-16581
-20738
-22403
-21287
-17441
-11278
-3530
4831
12726
19119
23164
24330
22475
17858
11093
3053
-5263
-12871
-18928
-22826
-24245
-23158
-19803
-14624
-8203
-1193
5740
11965
16925
20162
21356
20348
17173
12078
5526
-1827
-9185
-15695
-20553
-23111
-22980
-20099
-14756
-7561
632
8844
16108
21593
24718
25209
23119
18786
12774
5772
-1491
-8328
-14156
-18525
-21131
-21815
-20554
-17456
-12759
-6829
-157
6661
12962
18074
21393
22467
21073
17269
11407
4108
-3815
-11459
-17953
-22575
-24845
-24580
-21894
-17166
-10967
-3970
3141
9741
15316
19489
22014
22770
21741
19008
14749
9242
2876
-3856
-10372
-16048
-20279
-22562
-22571
-20219
-15695
-9452
-2160
5382
12349
18005
21791
23390
22743
20034
15633
10027
3752
-2675
-8791
-14203
-18591
-21694
-23307
-23278
-21529
-18082
-13090
-6866
124
7279
13920
19371
23050
24552
23716
20646
15704
9452
2566
-4252
-10371
-15295
-18702
-20448
-20539
-19094
-16300
-12377
-7562
-2112
3683
9486
14901
19489
22805
24451
24142
21768
17438
11484
4439
-3027
-10196
-16398
-21097
-23949
-24833
-23833
-21195
-17269
-12441
-7082
-1521
3964
9127
13732
17535
20273
21685
21548
19726
16225
11226
5098
-1631
-8328
-14339
-19077
-22108
-23198
-22340
-19731
-15719
-10741
-5241
379
5798
10778
15145
18756
21466
23111
23512
22505
19986
15959
10586
4196
-2727
-9595
-15790
-20750
-24052
-25465
-24976
-22770
-19180
-14624
-9523
-4248
917
5776
10197
14077
17297
19700
21088
21249
20007
17276
13115
7755
1596
-4831
-10938
-16157
-20031
-22272
-22793
-21697
-19237
-15748
-11578
-7027
-2319
2403
7049
11537
15747
19489
22499
24467
25085
24121
21478
17245
11701
5294
-1425
-7882
-13568
-18106
-21295
-23105
-23647
-23111
-21701
-19579
-16838
-13498
-9548
-4992
89
5505
10937
15966
20131
23004
24269
23789
21632
18059
13479
8369
3188
-1692
-6031
-9732
-12810
-15333
-17361
-18889
-19825
-19992
-19174
-17181
-13920
-9452
-4016
1983
8031
13586
18168
21437
23239
23614
22759
20961
18517
15660
12521
9114
5374
1216
-3394
-8381
-13521
-18461
-22755
-25952
-27680
-27728
-26088
-22961
-18716
-13812
-8707
-3772
764
4831
8490
11867
15078
18157
21005
23396
25007
25498
24600
22191
18354
13373
7699
1865
-3613
-8328
-12050
-14744
-16547
-17693
-18431
-18934
-19241
-19243
-18710
-17367
-14982
-11457
-6883
-1553
4073
9452
14062
17506
19582
20313
19919
18745
17163
15467
13805
12147
10313
8037
5073
1287
-3267
-8328
-13456
-18116
-21785
-24065
-24768
-23951
-21896
-19028
-15815
-12647
-9751
-7146
-4666
-2023
1077
4831
9250
14115
19011
23395
26721
28561
28704
27204
24367
20675
16664
12802
9378
6445
3833
1216
-1772
-5409
-9781
-14721
-19828
-24540
-28256
-30482
-30944
-29657
-26921
-23245
-19226
-15398
-12111
-9452
-7239
-5094
-2565
728
4965
10045
15584
20986
25578
28767
30179
29755
27760
24720
21282
18059
15470
13644
12393
11282
9753
7294
3603
-1312
-7104
-13150
-18690
-23005
-25590
-26278
-25276
-23111
-20490
-18120
-16519
-15885
-16045
-16506
-16589
-15621
-13129
-8982
-3453
2828
9013
14239
17836
19489
19316
17833
15814
14091
13329
13846
15527
17844
19995
21112
20496
17815
13207
7266
912
-4831
-9088
-11343
-11577
-10263
-8243
-6510
-5936
-7044
-9852
-13860
-18163
-21681
-23433
-22803
-19704
-14624
-8515
-2563
2101
4690
4961
3277
517
-2150
-3571
-2915
95
5096
11155
16996
21313
23111
21957
18111
12473
6364
1202
-1858
-2218
0
3978
8403
11804
12923
11061
6263
-661
-8328
-15110
-19547
-20709
-18446
-13439
-7038
-933
3268
4451
2288
-2670
-9109
-15281
-19436
-20270
-17269
-10860
-2323
6503
13675
17624
17552
13646
7044
-438
-6748
-10116
-9502
-4874
2766
11612
19489
24393
24992
20975
13146
3247
-6453
-13713
-16874
-15271
-9419
-894
8039
14981
17991
16075
9452
-484
-11483
-20977
-26708
-27284
-22529
-13547
-2464
8071
15531
18124
15240
7608
-2863
-13539
-21694
-25174
-22923
-15258
-3804
8879
19903
26744
27847
23008
13430
1444
-10040
-18230
-21115
-17953
-9452
2389
14751
24660
29696
28562
21402
9768
-3740
-16081
-24488
-27110
-23450
-14470
-2370
9933
19489
23995
22337
14836
3174
-10002
-21698
-29260
-30980
-26482
-16796
-4110
8737
18907
24204
23562
17269
6882
-5141
-16010
-23227
-25144
-21317
-12579
-836
11371
21439
27272
27724
22829
13764
2566
-8328
-16611
-20598
-19566
-13876
-4870
5444
14830
21300
23513
21037
14409
4991
-5321
-14505
-20812
-23111
-21086
-15278
-6950
2178
10279
15767
17601
15467
9822
1797
-7032
-14943
-20394
-22308
-20275
-14624
-6366
2997
11743
18255
21326
20385
15618
7946
-1143
-9863
-16470
-19603
-18552
-13416
-5102
4831
14468
21899
25605
24765
19436
10561
-202
-10793
-19159
-23661
-23411
-18457
-9790
852
11321
19489
23676
22989
17506
8259
-2970
-14002
-22701
-27390
-27185
-22159
-13316
-2383
8538
17386
22537
23111
19117
11435
1619
-8414
-16757
-21866
-22839
-19557
-12675
-3479
6373
15156
21389
24077
22861
18059
10579
1745
-6935
-14023
-18380
-19340
-16806
-11247
-3621
4785
12557
18379
21238
20593
16466
9452
634
-8577
-16669
-22278
-24419
-22671
-17266
-9070
547
9934
17446
21735
21998
18136
10784
1216
-8878
-17691
-23626
-25585
-23172
-16768
-7458
3158
13264
21146
25502
25659
21680
14337
4956
-4831
-13373
-19282
-21658
-20214
-15302
-7819
962
9610
16770
21364
22742
20752
15744
8489
60
-8328
-15489
-20425
-22454
-21302
-17139
-10562
-2517
5819
13200
18490
20833
19793
15444
8376
-370
-9452
-17427
-22985
-25167
-23534
-18256
-10098
-306
9595
18051
23738
25781
23899
18445
10342
916
-8328
-15950
-20809
-22233
-20100
-14836
-7317
1280
9676
16676
21335
23071
21720
17531
11107
3316
-4831
-12303
-18167
-21692
-22436
-20294
-15522
-8715
-749
7315
14367
19391
21614
20635
16499
9718
1216
-7793
-15984
-22118
-25243
-24846
-20941
-14071
-5225
4317
13185
20136
24233
24981
22385
16923
9452
1064
-7079
-13917
-18615
-20664
-19908
-16541
-11055
-4160
3299
10441
16433
20571
22346
21500
18059
12350
4978
-3219
-11256
-18121
-22898
-24907
-23810
-19683
-13021
-4692
4186
12397
18810
22546
23111
20461
15010
7549
-873
-9116
-16108
-20992
-23227
-22631
-19380
-13947
-7025
575
8021
14540
19489
22393
22979
21192
17198
11380
4318
-3252
-10500
-16581
-20738
-22403
-21287
-17441
-11278
-3530
4831
12726
19119
23164
24330
22475
17858
11093
3053
-5263
-12871
-18928
-22826
-24245
-23158
-19803
-14624
-8203
-1193
5740
11965
16925
20162
21356
20348
17173
12078
5526
-1827
-9185
-15695
-20553
-23111
-22980
-20099
-14756
-7561
632
8844
16108
21593
24718
25209
23119
18786
12774
5772
-1491
-8328
-14156
-18525
-21131
-21815
-20554
-17456
-12759
-6829
-157
6661
12962
18074
21393
22467
21073
17269
11407
4108
-3815
-11459
-17953
-22575
-24845
-24580
-21894
-17166
-10967
-3970
3141
9741
15316
19489
22014
22770
21741
19008
14749
9242
2876
-3856
-10372
-16048
-20279
-22562
-22571
-20219
-15695
-9452
-2160
5382
12349
18005
21791
23390
22743
20034
15633
10027
3752
-2675
-8791
-14203
-18591
-21694
-23307
-23278
-21529
-18082
-13090
-6866
124
7279
13920
19371
23050
24552
23716
20646
15704
9452
2566
-4252
-10371
-15295
-18702
-20448
-20539
-19094
-16300
-12377
-7562
-2112
3683
9486
14901
19489
22805
24451
24142
21768
17438
11484
4439
-3027
-10196
-16398
-21097
-23949
-24833
-23833
-21195
-17269
-12441
-7082
-1521
3964
9127
13732
17535
20273
21685
21548
19726
16225
11226
5098
-1631
-8328
-14339
-19077
-22108
-23198
-22340
-19731
-15719
-10741
-5241
379
5798
10778
15145
18756
21466
23111
23512
22505
19986
15959
10586
4196
-2727
-9595
-15790
-20750
-24052
-25465
-24976
-22770
-19180
-14624
-9523
-4248
917
5776
10197
14077
17297
19700
21088
21249
20007
17276
13115
7755
1596
-4831
-10938
-16157
-20031
-22272
-22793
-21697
-19237
-15748
-11578
-7027
-2319
2403
7049
11537
15747
19489
22499
24467
25085
24121
21478
17245
11701
5294
-1425
-7882
-13568
-18106
-21295
-23105
-23647
-23111
-21701
-19579
-16838
-13498
-9548
-4992
89
5505
10937
15966
20131
23004
24269
23789
21632
18059
13479
8369
3188
-1692
-6031
-9732
-12810
-15333
-17361
-18889
-19825
-19992
-19174
-17181
-13920
-9452
-4016
1983
8031
13586
18168
21437
23239
23614
22759
20961
18517
15660
12521
9114
5374
1216
-3394
-8381
-13521
-18461
-22755
-25952
-27680
-27728
-26088
-22961
-18716
-13812
-8707
-3772
764
4831
8490
11867
15078
18157
21005
23396
25007
25498
24600
22191
18354
13373
7699
1865
-3613
-8328
-12050
-14744
-16547
-17693
-18431
-18934
-19241
-19243
-18710
-17367
-14982
-11457
-6883
-1553
4073
9452
14062
17506
19582
20313
19919
18745
17163
15467
13805
12147
10313
8037
5073
1287
-3267
-8328
-13456
-18116
-21785
-24065
-24768
-23951
-21896
-19028
-15815
-12647
-9751
-7146
-4666
-2023
1077
4831
9250
14115
19011
23395
26721
28561
28704
27204
24367
20675
16664
12802
9378
6445
3833
1216
-1772
-5409
-9781
-14721
-19828
-24540
-28256
-30482
-30944
-29657
-26921
-23245
-19226
-15398
-12111
-9452
-7239
-5094
-2565
728
4965
10045
15584
20986
25578
28767
30179
29755
27760
24720
21282
18059
15470
13644
12393
11282
9753
7294
3603
-1312
-7104
-13150
-18690
-23005
-25590
-26278
-25276
-23111
-20490
-18120
-16519
-15885
-16045
-16506
-16589
-15621
-13129
-8982
-3453
2828
9013
14239
17836
19489
19316
17833
15814
14091
13329
13846
15527
17844
19995
21112
20496
17815
13207
7266
912
-4831
-9088
-11343
-11577
-10263
-8243
-6510
-5936
-7044
-9852
-13860
-18163
-21681
-23433
-22803
-19704
-14624
-8515
-2563
2101
4690
4961
3277
517
-2150
-3571
-2915
95
5096
11155
16996
21313
23111
21957
18111
12473
6364
1202
-1858
-2218
0
3978
8403
11804
12923
11061
6263
-661
-8328
-15110
-19547
-20709
-18446
-13439
-7038
-933
3268
4451
2288
-2670
-9109
-15281
-19436
-20270
-17269
-10860
-2323
6503
13675
17624
17552
13646
7044
-438
-6748
-10116
-9502
-4874
2766
11612
19489
24393
24992
20975
13146
3247
-6453
-13713
-16874
-15271
-9419
-894
8039
14981
17991
16075
9452
-484
-11483
-20977
-26708
-27284
-22529
-13547
-2464
8071
15531
18124
15240
7608
-2863
-13539
-21694
-25174
-22923
-15258
-3804
8879
19903
26744
27847
23008
13430
1444
-10040
-18230
-21115
-17953
-9452
2389
14751
24660
29696
28562
21402
9768
-3740
-16081
-24488
-27110
-23450
-14470
-2370
9933
19489
23995
22337
14836
3174
-10002
-21698
-29260
-30980
-26482
-16796
-4110
8737
18907
24204
23562
17269
6882
-5141
-16010
-23227
-25144
-21317
-12579
-836
11371
21439
27272
27724
22829
13764
2566
-8328
-16611
-20598
-19566
-13876
-4870
5444
14830
21300
23513
21037
14409
4991
-5321
-14505
-20812
-23111
-21086
-15278
-6950
2178
10279
15767
17601
15467
9822
1797
-7032
-14943
-20394
-22308
-20275
-14624
-6366
2997
11743
18255
21326
20385
15618
7946
-1143
-9863
-16470
-19603
-18552
-13416
-5102
4831
14468
21899
25605
24765
19436
10561
-202
-10793
-19159
-23661
-23411
-18457
-9790
852
11321
19489
23676
22989
17506
8259
-2970
-14002
-22701
-27390
-27185
-22159
-13316
-2383
8538
17386
22537
23111
19117
11435
1619
-8414
-16757
-21866
-22839
-19557
-12675
-3479
6373
15156
21389
24077
22861
18059
10579
1745
-6935
-14023
-18380
-19340
-16806
-11247
-3621
4785
12557
18379
21238
20593
16466
9452
634
-8577
-16669
-22278
-24419
-22671
-17266
-9070
547
9934
17446
21735
21998
18136
10784
1216
-8878
-17691
-23626
-25585
-23172
-16768
-7458
3158
13264
21146
25502
25659
21680
14337
4956
-4831
-13373
-19282
-21658
-20214
-15302
-7819
962
9610
16770
21364
22742
20752
15744
8489
60
-8328
-15489
-20425
-22454
-21302
-17139
-10562
-2517
5819
13200
18490
20833
19793
15444
8376
-370
-9452
-17427
-22985
-25167
-23534
-18256
-10098
-306
9595
18051
23738
25781
23899
18445
10342
916
-8328
-15950
-20809
-22233
-20100
-14836
-7317
1280
9676
16676
21335
23071
21720
17531
11107
3316
-4831
-12303
-18167
-21692
-22436
-20294
-15522
-8715
-749
7315
14367
19391
21614
20635
16499
9718
1216
-7793
-15984
-22118
-25243
-24846
-20941
-14071
-5225
4317
13185
20136
24233
24981
22385
16923
9452
1064
-7079
-13917
-18615
-20664
-19908
-16541
-11055
-4160
3299
10441
16433
20571
22346
21500
18059
12350
4978
-3219
-11256
-18121
-22898
-24907
-23810
-19683
-13021
-4692
4186
12397
18810
22546
23111
20461
15010
7549
-873
-9116
-16108
-20992
-23227
-22631
-19380
-13947
-7025
575
8021
14540
19489
22393
22979
21192
17198
11380
4318
-3252
-10500
-16581
-20738
-22403
-21287
-17441
-11278
-3530
4831
12726
19119
23164
24330
22475
17858
11093
3053
-5263
-12871
-18928
-22826
-24245
-23158
-19803
-14624
-8203
-1193
5740
11965
16925
20162
21356
20348
17173
12078
5526
-1827
-9185
-15695
-20553
-23111
-22980
-20099
-14756
-7561
632
8844
16108
21593
24718
25209
23119
18786
12774
5772
-1491
-8328
-14156
-18525
-21131
-21815
-20554
-17456
-12759
-6829
-157
6661
12962
18074
21393
22467
21073
17269
11407
4108
-3815
-11459
-17953
-22575
-24845
-24580
-21894
-17166
-10967
-3970
3141
9741
15316
19489
22014
22770
21741
19008
14749
9242
2876
-3856
-10372
-16048
-20279
-22562
-22571
-20219
-15695
-9452
-2160
5382
12349
18005
21791
23390
22743
20034
15633
10027
3752
-2675
-8791
-14203
-18591
-21694
-23307
-23278
-21529
-18082
-13090
-6866
124
7279
13920
19371
23050
24552
23716
20646
15704
9452
2566
-4252
-10371
-15295
-18702
-20448
-20539
-19094
-16300
-12377
-7562
-2112
3683
9486
14901
19489
22805
24451
24142
21768
17438
11484
4439
-3027
-10196
-16398
-21097
-23949
-24833
-23833
-21195
-17269
-12441
-7082
-1521
3964
9127
13732
17535
20273
21685
21548
19726
16225
11226
5098
-1631
-8328
-14339
-19077
-22108
-23198
-22340
-19731
-15719
-10741
-5241
379
5798
10778
15145
18756
21466
23111
23512
22505
19986
15959
10586
4196
-2727
-9595
-15790
-20750
-24052
-25465
-24976
-22770
-19180
-14624
-9523
-4248
917
5776
10197
14077
17297
19700
21088
21249
20007
17276
13115
7755
1596
-4831
-10938
-16157
-20031
-22272
-22793
-21697
-19237
-15748
-11578
-7027
-2319
2403
7049
11537
15747
19489
22499
24467
25085
24121
21478
17245
11701
5294
-1425
-7882
-13568
-18106
-21295
-23105
-23647
-23111
-21701
-19579
-16838
-13498
-9548
-4992
89
5505
10937
15966
20131
23004
24269
23789
21632
18059
13479
8369
3188
-1692
-6031
-9732
-12810
-15333
-17361
-18889
-19825
-19992
-19174
-17181
-13920
-9452
-4016
1983
8031
13586
18168
21437
23239
23614
22759
20961
18517
15660
12521
9114
5374
1216
-3394
-8381
-13521
-18461
-22755
-25952
-27680
-27728
-26088
-22961
-18716
-13812
-8707
-3772
764
4831
8490
11867
15078
18157
21005
23396
25007
25498
24600
22191
18354
13373
7699
1865
-3613
-8328
-12050
-14744
-16547
-17693
-18431
-18934
-19241
-19243
-18710
-17367
-14982
-11457
-6883
-1553
4073
9452
14062
17506
19582
20313
19919
18745
17163
15467
13805
12147
10313
8037
5073
1287
-3267
-8328
-13456
-18116
-21785
-24065
-24768
-23951
-21896
-19028
-15815
-12647
-9751
-7146
-4666
-2023
1077
4831
9250
14115
19011
23395
26721
28561
28704
27204
24367
20675
16664
12802
9378
6445
3833
1216
-1772
-5409
-9781
-14721
-19828
-24540
-28256
-30482
-30944
-29657
-26921
-23245
-19226
-15398
-12111
-9452
-7239
-5094
-2565
728
4965
10045
15584
20986
25578
28767
30179
29755
27760
24720
21282
18059
15470
13644
12393
11282
9753
7294
3603
-1312
-7104
-13150
-18690
-23005
-25590
-26278
-25276
-23111
-20490
-18120
-16519
-15885
-16045
-16506
-16589
-15621
-13129
-8982
-3453
2828
9013
14239
17836
19489
19316
17833
15814
14091
13329
13846
15527
17844
19995
21112
20496
17815
13207
7266
912
-4831
-9088
-11343
-11577
-10263
-8243
-6510
-5936
-7044
-9852
-13860
-18163
-21681
-23433
-22803
-19704
-14624
-8515
-2563
2101
4690
4961
3277
517
-2150
-3571
-2915
95
5096
11155
16996
21313
23111
21957
18111
12473
6364
1202
-1858
-2218
0
3978
8403
11804
12923
11061
6263
-661
-8328
-15110
-19547
-20709
-18446
-13439
-7038
-933
3268
4451
2288
-2670
-9109
-15281
-19436
-20270
-17269
-10860
-2323
6503
13675
17624
17552
13646
7044
-438
-6748
-10116
-9502
-4874
2766
11612
19489
24393
24992
20975
13146
3247
-6453
-13713
-16874
-15271
-9419
-894
8039
14981
17991
16075
9452
-484
-11483
-20977
-26708
-27284
-22529
-13547
-2464
8071
15531
18124
15240
7608
-2863
-13539
-21694
-25174
-22923
-15258
-3804
8879
19903
26744
27847
23008
13430
1444
-10040
-18230
-21115
-17953
-9452
2389
14751
24660
29696
28562
21402
9768
-3740
-16081
-24488
-27110
-23450
-14470
-2370
9933
19489
23995
22337
14836
3174
-10002
-21698
-29260
-30980
-26482
-16796
-4110
8737
18907
24204
23562
17269
6882
-5141
-16010
-23227
-25144
-21317
-12579
-836
11371
21439
27272
27724
22829
13764
2566
-8328
-16611
-20598
-19566
-13876
-4870
5444
14830
21300
23513
21037
14409
4991
-5321
-14505
-20812
-23111
-21086
-15278
-6950
2178
10279
15767
17601
15467
9822
1797
-7032
-14943
-20394
-22308
-20275
-14624
-6366
2997
11743
18255
21326
20385
15618
7946
-1143
-9863
-16470
-19603
-18552
-13416
-5102
4831
14468
21899
25605
24765
19436
10561
-202
-10793
-19159
-23661
-23411
-18457
-9790
852
11321
19489
23676
22989
17506
8259
-2970
-14002
-22701
-27390
-27185
-22159
-13316
-2383
8538
17386
22537
23111
19117
11435
1619
-8414
-16757
-21866
-22839
-19557
-12675
-3479
6373
15156
21389
24077
22861
18059
10579
1745
-6935
-14023
-18380
-19340
-16806
-11247
-3621
4785
12557
18379
21238
20593
16466
9452
634
-8577
-16669
-22278
-24419
-22671
-17266
-9070
547
9934
17446
21735
21998
18136
10784
1216
-8878
-17691
-23626
-25585
-23172
-16768
-7458
3158
13264
21146
25502
25659
21680
14337
4956
-4831
-13373
-19282
-21658
-20214
-15302
-7819
962
9610
16770
21364
22742
20752
15744
8489
60
-8328
-15489
-20425
-22454
-21302
-17139
-10562
-2517
5819
13200
18490
20833
19793
15444
8376
-370
-9452
-17427
-22985
-25167
-23534
-18256
-10098
-306
9595
18051
23738
25781
23899
18445
10342
916
-8328
-15950
-20809
-22233
-20100
-14836
-7317
1280
9676
16676
21335
23071
21720
17531
11107
3316
-4831
-12303
-18167
-21692
-22436
-20294
-15522
-8715
-749
7315
14367
19391
21614
20635
16499
9718
1216
-7793
-15984
-22118
-25243
-24846
-20941
-14071
-5225
4317
13185
20136
24233
24981
22385
16923
9452
1064
-7079
-13917
-18615
-20664
-19908
-16541
-11055
-4160
3299
10441
16433
20571
22346
21500
18059
12350
4978
-3219
-11256
-18121
-22898
-24907
-23810
-19683
-13021
-4692
4186
12397
18810
22546
23111
20461
15010
7549
-873
-9116
-16108
-20992
-23227
-22631
-19380
-13947
-7025
575
8021
14540
19489
22393
22979
21192
17198
11380
4318
-3252
-10500
-16581
-20738
-22403
-21287
-17441
-11278
-3530
4831
12726
19119
23164
24330
22475
17858
11093
3053
-5263
-12871
-18928
-22826
-24245
-23158
-19803
-14624
-8203
-1193
5740
11965
16925
20162
21356
20348
17173
12078
5526
-1827
-9185
-15695
-20553
-23111
-22980
-20099
-14756
-7561
632
8844
16108
21593
24718
25209
23119
18786
12774
5772
-1491
-8328
-14156
-18525
-21131
-21815
-20554
-17456
-12759
-6829
-157
6661
12962
18074
21393
22467
21073
17269
11407
4108
-3815
-11459
-17953
-22575
-24845
-24580
-21894
-17166
-10967
-3970
3141
9741
15316
19489
22014
22770
21741
19008
14749
9242
2876
-3856
-10372
-16048
-20279
-22562
-22571
-20219
-15695
-9452
-2160
5382
12349
18005
21791
23390
22743
20034
15633
10027
3752
-2675
-8791
-14203
-18591
-21694
-23307
-23278
-21529
-18082
-13090
-6866
124
7279
13920
19371
23050
24552
23716
20646
15704
9452
2566
-4252
-10371
-15295
-18702
-20448
-20539
-19094
-16300
-12377
-7562
-2112
3683
9486
14901
19489
22805
24451
24142
21768
17438
11484
4439
-3027
-10196
-16398
-21097
-23949
-24833
-23833
-21195
-17269
-12441
-7082
-1521
3964
9127
13732
17535
20273
21685
21548
19726
16225
11226
5098
-1631
-8328
-14339
-19077
-22108
-23198
-22340
-19731
-15719
-10741
-5241
379
5798
10778
15145
18756
21466
23111
23512
22505
19986
15959
10586
4196
-2727
-9595
-15790
-20750
-24052
-25465
-24976
-22770
-19180
-14624
-9523
-4248
917
5776
10197
14077
17297
19700
21088
21249
20007
17276
13115
7755
1596
-4831
-10938
-16157
-20031
-22272
-22793
-21697
-19237
-15748
-11578
-7027
-2319
2403
7049
11537
15747
19489
22499
24467
25085
24121
21478
17245
11701
5294
-1425
-7882
-13568
-18106
-21295
-23105
-23647
-23111
-21701
-19579
-16838
-13498
-9548
-4992
89
5505
10937
15966
20131
23004
24269
23789
21632
18059
13479
8369
3188
-1692
-6031
-9732
-12810
-15333
-17361
-18889
-19825
-19992
-19174
-17181
-13920
-9452
-4016
1983
8031
13586
18168
21437
23239
23614
22759
20961
18517
15660
12521
9114
5374
1216
-3394
-8381
-13521
-18461
-22755
-25952
-27680
-27728
-26088
-22961
-18716
-13812
-8707
-3772
764
4831
8490
11867
15078
18157
21005
23396
25007
25498
24600
22191
18354
13373
7699
1865
-3613
-8328
-12050
-14744
-16547
-17693
-18431
-18934
-19241
-19243
-18710
-17367
-14982
-11457
-6883
-1553
4073
9452
14062
17506
19582
20313
19919
18745
17163
15467
13805
12147
10313
8037
5073
1287
-3267
-8328
-13456
-18116
-21785
-24065
-24768
-23951
-21896
-19028
-15815
-12647
-9751
-7146
-4666
-2023
1077
4831
9250
14115
19011
23395
26721
28561
28704
27204
24367
20675
16664
12802
9378
6445
3833
1216
-1772
-5409
-9781
-14721
-19828
-24540
-28256
-30482
-30944
-29657
-26921
-23245
-19226
-15398
-12111
-9452
-7239
-5094
-2565
728
4965
10045
15584
20986
25578
28767
30179
29755
27760
24720
21282
18059
15470
13644
12393
11282
9753
7294
3603
-1312
-7104
-13150
-18690
-23005
-25590
-26278
-25276
-23111
-20490
-18120
-16519
-15885
-16045
-16506
-16589
-15621
-13129
-8982
-3453
2828
9013
14239
17836
19489
19316
17833
15814
14091
13329
13846
15527
17844
19995
21112
20496
17815
13207
7266
912
-4831
-9088
-11343
-11577
-10263
-8243
-6510
-5936
-7044
-9852
-13860
-18163
-21681
-23433
-22803
-19704
-14624
-8515
-2563
2101
4690
4961
3277
517
-2150
-3571
-2915
95
5096
11155
16996
21313
23111
21957
18111
12473
6364
1202
-1858
-2218
0
3978
8403
11804
12923
11061
6263
-661
-8328
-15110
-19547
-20709
-18446
-13439
-7038
-933
3268
4451
2288
-2670
-9109
-15281
-19436
-20270
-17269
-10860
-2323
6503
13675
17624
17552
13646
7044
-438
-6748
-10116
-9502
-4874
2766
11612
19489
24393
24992
20975
13146
3247
-6453
-13713
-16874
-15271
-9419
-894
8039
14981
17991
16075
9452
-484
-11483
-20977
-26708
-27284
-22529
-13547
-2464
8071
15531
18124
15240
7608
-2863
-13539
-21694
-25174
-22923
-15258
-3804
8879
19903
26744
27847
23008
13430
1444
-10040
-18230
-21115
-17953
-9452
2389
14751
24660
29696
28562
21402
9768
-3740
-16081
-24488
-27110
-23450
-14470
-2370
9933
19489
23995
22337
14836
3174
-10002
-21698
-29260
-30980
-26482
-16796
-4110
8737
18907
24204
23562
17269
6882
-5141
-16010
-23227
-25144
-21317
-12579
-836
11371
21439
27272
27724
22829
13764
2566
-8328
-16611
-20598
-19566
-13876
-4870
5444
14830
21300
23513
21037
14409
4991
-5321
-14505
-20812
-23111
-21086
-15278
-6950
2178
10279
15767
17601
15467
9822
1797
-7032
-14943
-20394
-22308
-20275
-14624
-6366
2997
11743
18255
21326
20385
15618
7946
-1143
-9863
-16470
-19603
-18552
-13416
-5102
4831
14468
21899
25605
24765
19436
10561
-202
-10793
-19159
-23661
-23411
-18457
-9790
852
11321
19489
23676
22989
17506
8259
-2970
-14002
-22701
-27390
-27185
-22159
-13316
-2383
8538
17386
22537
23111
19117
11435
1619
-8414
-16757
-21866
-22839
-19557
-12675
-3479
6373
15156
21389
24077
22861
18059
10579
1745
-6935
-14023
-18380
-19340
-16806
-11247
-3621
4785
12557
18379
21238
20593
16466
9452
634
-8577
-16669
-22278
-24419
-22671
-17266
-9070
547
9934
17446
21735
21998
18136
10784
1216
-8878
-17691
-23626
-25585
-23172
-16768
-7458
3158
13264
21146
25502
25659
21680
14337
4956
-4831
-13373
-19282
-21658
-20214
-15302
-7819
962
9610
16770
21364
22742
20752
15744
8489
60
-8328
-15489
-20425
-22454
-21302
-17139
-10562
-2517
5819
13200
18490
20833
19793
15444
8376
-370
-9452
-17427
-22985
-25167
-23534
-18256
-10098
-306
9595
18051
23738
25781
23899
18445
10342
916
-8328
-15950
-20809
-22233
-20100
-14836
-7317
1280
9676
16676
21335
23071
21720
17531
11107
3316
-4831
-12303
-18167
-21692
-22436
-20294
-15522
-8715
-749
7315
14367
19391
21614
20635
16499
9718
1216
-7793
-15984
-22118
-25243
-24846
-20941
-14071
-5225
4317
13185
20136
24233
24981
22385
16923
9452
1064
-7079
-13917
-18615
-20664
-19908
-16541
-11055
-4160
3299
10441
16433
20571
22346
21500
18059
12350
4978
-3219
-11256
-18121
-22898
-24907
-23810
-19683
-13021
-4692
4186
12397
18810
22546
23111
20461
15010
7549
-873
-9116
-16108
-20992
-23227
-22631
-19380
-13947
-7025
575
8021
14540
19489
22393
22979
21192
17198
11380
4318
-3252
-10500
-16581
-20738
-22403
-21287
-17441
-11278
-3530
4831
12726
19119
23164
24330
22475
17858
11093
3053
-5263
-12871
-18928
-22826
-24245
-23158
-19803
-14624
-8203
-1193
5740
11965
16925
20162
21356
20348
17173
12078
5526
-1827
-9185
-15695
-20553
-23111
-22980
-20099
-14756
-7561
632
8844
16108
21593
24718
25209
23119
18786
12774
5772
-1491
-8328
-14156
-18525
-21131
-21815
-20554
-17456
-12759
-6829
-157
6661
12962
18074
21393
22467
21073
17269
11407
4108
-3815
-11459
-17953
-22575
-24845
-24580
-21894
-17166
-10967
-3970
3141
9741
15316
19489
22014
22770
21741
19008
14749
9242
2876
-3856
-10372
-16048
-20279
-22562
-22571
-20219
-15695
-9452
-2160
5382
12349
18005
21791
23390
22743
20034
15633
10027
3752
-2675
-8791
-14203
-18591
-21694
-23307
-23278
-21529
-18082
-13090
-6866
124
7279
13920
19371
23050
24552
23716
20646
15704
9452
2566
-4252
-10371
-15295
-18702
-20448
-20539
-19094
-16300
-12377
-7562
-2112
3683
9486
14901
19489
22805
24451
24142
21768
17438
11484
4439
-3027
-10196
-16398
-21097
-23949
-24833
-23833
-21195
-17269
-12441
-7082
-1521
3964
9127
13732
17535
20273
21685
21548
19726
16225
11226
5098
-1631
-8328
-14339
-19077
-22108
-23198
-22340
-19731
-15719
-10741
-5241
379
5798
10778
15145
18756
21466
23111
23512
22505
19986
15959
10586
4196
-2727
-9595
-15790
-20750
-24052
-25465
-24976
-22770
-19180
-14624
-9523
-4248
917
5776
10197
14077
17297
19700
21088
21249
20007
17276
13115
7755
1596
-4831
-10938
-16157
-20031
-22272
-22793
-21697
-19237
-15748
-11578
-7027
-2319
2403
7049
11537
15747
19489
22499
24467
25085
24121
21478
17245
11701
5294
-1425
-7882
-13568
-18106
-21295
-23105
-23647
-23111
-21701
-19579
-16838
-13498
-9548
-4992
89
5505
10937
15966
20131
23004
24269
23789
21632
18059
13479
8369
3188
-1692
-6031
-9732
-12810
-15333
-17361
-18889
-19825
-19992
-19174
-17181
-13920
-9452
-4016
1983
8031
13586
18168
21437
23239
23614
22759
20961
18517
15660
12521
9114
5374
1216
-3394
-8381
-13521
-18461
-22755
-25952
-27680
-27728
-26088
-22961
-18716
-13812
-8707
-3772
764
4831
8490
11867
15078
18157
21005
23396
25007
25498
24600
22191
18354
13373
7699
1865
-3613
-8328
-12050
-14744
-16547
-17693
-18431
-18934
-19241
-19243
-18710
-17367
-14982
-11457
-6883
-1553
4073
9452
14062
17506
19582
20313
19919
18745
17163
15467
13805
12147
10313
8037
5073
1287
-3267
-8328
-13456
-18116
-21785
-24065
-24768
-23951
-21896
-19028
-15815
-12647
-9751
-7146
-4666
-2023
1077
4831
9250
14115
19011
23395
26721
28561
28704
27204
24367
20675
16664
12802
9378
6445
3833
1216
-1772
-5409
-9781
-14721
-19828
-24540
-28256
-30482
-30944
-29657
-26921
-23245
-19226
-15398
-12111
-9452
-7239
-5094
-2565
728
4965
10045
15584
20986
25578
28767
30179
29755
27760
24720
21282
18059
15470
13644
12393
11282
9753
7294
3603
-1312
-7104
-13150
-18690
-23005
-25590
-26278
-25276
-23111
-20490
-18120
-16519
-15885
-16045
-16506
-16589
-15621
-13129
-8982
-3453
2828
9013
14239
17836
19489
19316
17833
15814
14091
13329
13846
15527
17844
19995
21112
20496
17815
13207
7266
912
-4831
-9088
-11343
-11577
-10263
-8243
-6510
-5936
-7044
-9852
-13860
-18163
-21681
-23433
-22803
-19704
-14624
-8515
-2563
2101
4690
4961
3277
517
-2150
-3571
-2915
95
5096
11155
16996
21313
23111
21957
18111
12473
6364
1202
-1858
-2218
0
3978
8403
11804
12923
11061
6263
-661
-8328
-15110
-19547
-20709
-18446
-13439
-7038
-933
3268
4451
2288
-2670
-9109
-15281
-19436
-20270
17269
10860
2323
-6503
-13675
-17624
-17552
-13646
-7044
438
6748
10116
9502
4874
-2766
-11612
-19489
-24393
-24992
-20975
-13146
-3247
6453
13713
16874
15271
9419
894
-8039
-14981
-17991
-16075
-9452
484
11483
20977
26708
27284
22529
13547
2464
-8071
-15531
-18124
-15240
-7608
2863
13539
21694
25174
22923
15258
3804
-8879
-19903
-26744
-27847
-23008
-13430
-1444
10040
18230
21115
17953
9452
-2389
-14751
-24660
-29696
-28562
-21402
-9768
3740
16081
24488
27110
23450
14470
2370
-9933
-19489
-23995
-22337
-14836
-3174
10002
21698
29260
30980
26482
16796
4110
-8737
-18907
-24204
-23562
-17269
-6882
5141
16010
23227
25144
21317
12579
836
-11371
-21439
-27272
-27724
-22829
-13764
-2566
8328
16611
20598
19566
13876
4870
-5444
-14830
-21300
-23513
-21037
-14409
-4991
5321
14505
20812
23111
21086
15278
6950
-2178
-10279
-15767
-17601
-15467
-9822
-1797
7032
14943
20394
22308
20275
14624
6366
-2997
-11743
-18255
-21326
-20385
-15618
-7946
1143
9863
16470
19603
18552
13416
5102
-4831
-14468
-21899
-25605
-24765
-19436
-10561
202
10793
19159
23661
23411
18457
9790
-852
-11321
-19489
-23676
-22989
-17506
-8259
2970
14002
22701
27390
27185
22159
13316
2383
-8538
-17386
-22537
-23111
-19117
-11435
-1619
8414
16757
21866
22839
19557
12675
3479
-6373
-15156
-21389
-24077
-22861
-18059
-10579
-1745
6935
14023
18380
19340
16806
11247
3621
-4785
-12557
-18379
-21238
-20593
-16466
-9452
-634
8577
16669
22278
24419
22671
17266
9070
-547
-9934
-17446
-21735
-21998
-18136
-10784
-1216
8878
17691
23626
25585
23172
16768
7458
-3158
-13264
-21146
-25502
-25659
-21680
-14337
-4956
4831
13373
19282
21658
20214
15302
7819
-962
-9610
-16770
-21364
-22742
-20752
-15744
-8489
-60
8328
15489
20425
22454
21302
17139
10562
2517
-5819
-13200
-18490
-20833
-19793
-15444
-8376
370
9452
17427
22985
25167
23534
18256
10098
306
-9595
-18051
-23738
-25781
-23899
-18445
-10342
-916
8328
15950
20809
22233
20100
14836
7317
-1280
-9676
-16676
-21335
-23071
-21720
-17531
-11107
-3316
4831
12303
18167
21692
22436
20294
15522
8715
749
-7315
-14367
-19391
-21614
-20635
-16499
-9718
-1216
7793
15984
22118
25243
24846
20941
14071
5225
-4317
-13185
-20136
-24233
-24981
-22385
-16923
-9452
-1064
7079
13917
18615
20664
19908
16541
11055
4160
-3299
-10441
-16433
-20571
-22346
-21500
-18059
-12350
-4978
3219
11256
18121
22898
24907
23810
19683
13021
4692
-4186
-12397
-18810
-22546
-23111
-20461
-15010
-7549
873
9116
16108
20992
23227
22631
19380
13947
7025
-575
-8021
-14540
-19489
-22393
-22979
-21192
-17198
-11380
-4318
3252
10500
16581
20738
22403
21287
17441
11278
3530
-4831
-12726
-19119
-23164
-24330
-22475
-17858
-11093
-3053
5263
12871
18928
22826
24245
23158
19803
14624
8203
1193
-5740
-11965
-16925
-20162
-21356
-20348
-17173
-12078
-5526
1827
9185
15695
20553
23111
22980
20099
14756
7561
-632
-8844
-16108
-21593
-24718
-25209
-23119
-18786
-12774
-5772
1491
8328
14156
18525
21131
21815
20554
17456
12759
6829
157
-6661
-12962
-18074
-21393
-22467
-21073
-17269
-11407
-4108
3815
11459
17953
22575
24845
24580
21894
17166
10967
3970
-3141
-9741
-15316
-19489
-22014
-22770
-21741
-19008
-14749
-9242
-2876
3856
10372
16048
20279
22562
22571
20219
15695
9452
2160
-5382
-12349
-18005
-21791
-23390
-22743
-20034
-15633
-10027
-3752
2675
8791
14203
18591
21694
23307
23278
21529
18082
13090
6866
-124
-7279
-13920
-19371
-23050
-24552
-23716
-20646
-15704
-9452
-2566
4252
10371
15295
18702
20448
20539
19094
16300
12377
7562
2112
-3683
-9486
-14901
-19489
-22805
-24451
-24142
-21768
-17438
-11484
-4439
3027
10196
16398
21097
23949
24833
23833
21195
17269
12441
7082
1521
-3964
-9127
-13732
-17535
-20273
-21685
-21548
-19726
-16225
-11226
-5098
1631
8328
14339
19077
22108
23198
22340
19731
15719
10741
5241
-379
-5798
-10778
-15145
-18756
-21466
-23111
-23512
-22505
-19986
-15959
-10586
-4196
2727
9595
15790
20750
24052
25465
24976
22770
19180
14624
9523
4248
-917
-5776
-10197
-14077
-17297
-19700
-21088
-21249
-20007
-17276
-13115
-7755
-1596
4831
10938
16157
20031
22272
22793
21697
19237
15748
11578
7027
2319
-2403
-7049
-11537
-15747
-19489
-22499
-24467
-25085
-24121
-21478
-17245
-11701
-5294
1425
7882
13568
18106
21295
23105
23647
23111
21701
19579
16838
13498
9548
4992
-89
-5505
-10937
-15966
-20131
-23004
-24269
-23789
-21632
-18059
-13479
-8369
-3188
1692
6031
9732
12810
15333
17361
18889
19825
19992
19174
17181
13920
9452
4016
-1983
-8031
-13586
-18168
-21437
-23239
-23614
-22759
-20961
-18517
-15660
-12521
-9114
-5374
-1216
3394
8381
13521
18461
22755
25952
27680
27728
26088
22961
18716
13812
8707
3772
-764
-4831
-8490
-11867
-15078
-18157
-21005
-23396
-25007
-25498
-24600
-22191
-18354
-13373
-7699
-1865
3613
8328
12050
14744
16547
17693
18431
18934
19241
19243
18710
17367
14982
11457
6883
1553
-4073
-9452
-14062
-17506
-19582
-20313
-19919
-18745
-17163
-15467
-13805
-12147
-10313
-8037
-5073
-1287
3267
8328
13456
18116
21785
24065
24768
23951
21896
19028
15815
12647
9751
7146
4666
2023
-1077
-4831
-9250
-14115
-19011
-23395
-26721
-28561
-28704
-27204
-24367
-20675
-16664
-12802
-9378
-6445
-3833
-1216
1772
5409
9781
14721
19828
24540
28256
30482
30944
29657
26921
23245
19226
15398
12111
9452
7239
5094
2565
-728
-4965
-10045
-15584
-20986
-25578
-28767
-30179
-29755
-27760
-24720
-21282
-18059
-15470
-13644
-12393
-11282
-9753
-7294
-3603
1312
7104
13150
18690
23005
25590
26278
25276
23111
20490
18120
16519
15885
16045
16506
16589
15621
13129
8982
3453
-2828
-9013
-14239
-17836
-19489
-19316
-17833
-15814
-14091
-13329
-13846
-15527
-17844
-19995
-21112
-20496
-17815
-13207
-7266
-912
4831
9088
11343
11577
10263
8243
6510
5936
7044
9852
13860
18163
21681
23433
22803
19704
14624
8515
2563
-2101
-4690
-4961
-3277
-517
2150
3571
2915
-95
-5096
-11155
-16996
-21313
-23111
-21957
-18111
-12473
-6364
-1202
1858
2218
0
-3978
-8403
-11804
-12923
-11061
-6263
661
8328
15110
19547
20709
18446
13439
7038
933
-3268
-4451
-2288
2670
9109
15281
19436
20270
-17269
-10860
-2323
6503
13675
17624
17552
13646
7044
-438
-6748
-10116
-9502
-4874
2766
11612
19489
24393
24992
20975
13146
3247
-6453
-13713
-16874
-15271
-9419
-894
8039
14981
17991
16075
9452
-484
-11483
-20977
-26708
-27284
-22529
-13547
-2464
8071
15531
18124
15240
7608
-2863
-13539
-21694
-25174
-22923
-15258
-3804
8879
19903
26744
27847
23008
13430
1444
-10040
-18230
-21115
-17953
-9452
2389
14751
24660
29696
28562
21402
9768
-3740
-16081
-24488
-27110
-23450
-14470
-2370
9933
19489
23995
22337
14836
3174
-10002
-21698
-29260
-30980
-26482
-16796
-4110
8737
18907
24204
23562
17269
6882
-5141
-16010
-23227
-25144
-21317
-12579
-836
11371
21439
27272
27724
22829
13764
2566
-8328
-16611
-20598
-19566
-13876
-4870
5444
14830
21300
23513
21037
14409
4991
-5321
-14505
-20812
-23111
-21086
-15278
-6950
2178
10279
15767
17601
15467
9822
1797
-7032
-14943
-20394
-22308
-20275
-14624
-6366
2997
11743
18255
21326
20385
15618
7946
-1143
-9863
-16470
-19603
-18552
-13416
-5102
4831
14468
21899
25605
24765
19436
10561
-202
-10793
-19159
-23661
-23411
-18457
-9790
852
11321
19489
23676
22989
17506
8259
-2970
-14002
-22701
-27390
-27185
-22159
-13316
-2383
8538
17386
22537
23111
19117
11435
1619
-8414
-16757
-21866
-22839
-19557
-12675
-3479
6373
15156
21389
24077
22861
18059
10579
1745
-6935
-14023
-18380
-19340
-16806
-11247
-3621
4785
12557
18379
21238
20593
16466
9452
634
-8577
-16669
-22278
-24419
-22671
-17266
-9070
547
9934
17446
21735
21998
18136
10784
1216
-8878
-17691
-23626
-25585
-23172
-16768
-7458
3158
13264
21146
25502
25659
21680
14337
4956
-4831
-13373
-19282
-21658
-20214
-15302
-7819
962
9610
16770
21364
22742
20752
15744
8489
60
-8328
-15489
-20425
-22454
-21302
-17139
-10562
-2517
5819
13200
18490
20833
19793
15444
8376
-370
-9452
-17427
-22985
-25167
-23534
-18256
-10098
-306
9595
18051
23738
25781
23899
18445
10342
916
-8328
-15950
-20809
-22233
-20100
-14836
-7317
1280
9676
16676
21335
23071
21720
17531
11107
3316
-4831
-12303
-18167
-21692
-22436
-20294
-15522
-8715
-749
7315
14367
19391
21614
20635
16499
9718
1216
-7793
-15984
-22118
-25243
-24846
-20941
-14071
-5225
4317
13185
20136
24233
24981
22385
16923
9452
1064
-7079
-13917
-18615
-20664
-19908
-16541
-11055
-4160
3299
10441
16433
20571
22346
21500
18059
12350
4978
-3219
-11256
-18121
-22898
-24907
-23810
-19683
-13021
-4692
4186
12397
18810
22546
23111
20461
15010
7549
-873
-9116
-16108
-20992
-23227
-22631
-19380
-13947
-7025
575
8021
14540
19489
22393
22979
21192
17198
11380
4318
-3252
-10500
-16581
-20738
-22403
-21287
-17441
-11278
-3530
4831
12726
19119
23164
24330
22475
17858
11093
3053
-5263
-12871
-18928
-22826
-24245
-23158
-19803
-14624
-8203
-1193
5740
11965
16925
20162
21356
20348
17173
12078
5526
-1827
-9185
-15695
-20553
-23111
-22980
-20099
-14756
-7561
632
8844
16108
21593
24718
25209
23119
18786
12774
5772
-1491
-8328
-14156
-18525
-21131
-21815
-20554
-17456
-12759
-6829
-157
6661
12962
18074
21393
22467
21073
17269
11407
4108
-3815
-11459
-17953
-22575
-24845
-24580
-21894
-17166
-10967
-3970
3141
9741
15316
19489
22014
22770
21741
19008
14749
9242
2876
-3856
-10372
-16048
-20279
-22562
-22571
-20219
-15695
-9452
-2160
5382
12349
18005
21791
23390
22743
20034
15633
10027
3752
-2675
-8791
-14203
-18591
-21694
-23307
-23278
-21529
-18082
-13090
-6866
124
7279
13920
19371
23050
24552
23716
20646
15704
9452
2566
-4252
-10371
-15295
-18702
-20448
-20539
-19094
-16300
-12377
-7562
-2112
3683
9486
14901
19489
22805
24451
24142
21768
17438
11484
4439
-3027
-10196
-16398
-21097
-23949
-24833
-23833
-21195
-17269
-12441
-7082
-1521
3964
9127
13732
17535
20273
21685
21548
19726
16225
11226
5098
-1631
-8328
-14339
-19077
-22108
-23198
-22340
-19731
-15719
-10741
-5241
379
5798
10778
15145
18756
21466
23111
23512
22505
19986
15959
10586
4196
-2727
-9595
-15790
-20750
-24052
-25465
-24976
-22770
-19180
-14624
-9523
-4248
917
5776
10197
14077
17297
19700
21088
21249
20007
17276
13115
7755
1596
-4831
-10938
-16157
-20031
-22272
-22793
-21697
-19237
-15748
-11578
-7027
-2319
2403
7049
11537
15747
19489
22499
24467
25085
24121
21478
17245
11701
5294
-1425
-7882
-13568
-18106
-21295
-23105
-23647
-23111
-21701
-19579
-16838
-13498
-9548
-4992
89
5505
10937
15966
20131
23004
24269
23789
21632
18059
13479
8369
3188
-1692
-6031
-9732
-12810
-15333
-17361
-18889
-19825
-19992
-19174
-17181
-13920
-9452
-4016
1983
8031
13586
18168
21437
23239
23614
22759
20961
18517
15660
12521
9114
5374
1216
-3394
-8381
-13521
-18461
-22755
-25952
-27680
-27728
-26088
-22961
-18716
-13812
-8707
-3772
764
4831
8490
11867
15078
18157
21005
23396
25007
25498
24600
22191
18354
13373
7699
1865
-3613
-8328
-12050
-14744
-16547
-17693
-18431
-18934
-19241
-19243
-18710
-17367
-14982
-11457
-6883
-1553
4073
9452
14062
17506
19582
20313
19919
18745
17163
15467
13805
12147
10313
8037
5073
1287
-3267
-8328
-13456
-18116
-21785
-24065
-24768
-23951
-21896
-19028
-15815
-12647
-9751
-7146
-4666
-2023
1077
4831
9250
14115
19011
23395
26721
28561
28704
27204
24367
20675
16664
12802
9378
6445
3833
1216
-1772
-5409
-9781
-14721
-19828
-24540
-28256
-30482
-30944
-29657
-26921
-23245
-19226
-15398
-12111
-9452
-7239
-5094
-2565
728
4965
10045
15584
20986
25578
28767
30179
29755
27760
24720
21282
18059
15470
13644
12393
11282
9753
7294
3603
-1312
-7104
-13150
-18690
-23005
-25590
-26278
-25276
-23111
-20490
-18120
-16519
-15885
-16045
-16506
-16589
-15621
-13129
-8982
-3453
2828
9013
14239
17836
19489
19316
17833
15814
14091
13329
13846
15527
17844
19995
21112
20496
17815
13207
7266
912
-4831
-9088
-11343
-11577
-10263
-8243
-6510
-5936
-7044
-9852
-13860
-18163
-21681
-23433
-22803
-19704
-14624
-8515
-2563
2101
4690
4961
3277
517
-2150
-3571
-2915
95
5096
11155
16996
21313
23111
21957
18111
12473
6364
1202
-1858
-2218
0
3978
8403
11804
12923
11061
6263
-661
-8328
-15110
-19547
-20709
-18446
-13439
-7038
-933
3268
4451
2288
-2670
-9109
-15281
-19436
-20270
0
0
0
0
0
0
0
0
0
0
0
0
0
0
0
0
0
0
0
0
0
0
0
0
0
0
0
0
0
0
0
0
0
0
0
0
0
0
0
0
0
0
0
0
0
0
0
0
0
0
0
0
0
0
0
0
0
0
0
0
0
0
0
0
0
0
0
0
0
0
0
0
0
0
0
0
0
0
0
0
0
0
0
0
0
0
0
0
0
0
0
0
0
0
0
0
0
0
0
0
0
0
0
0
0
0
0
0
0
0
0
0
0
0
0
0
0
0
0
0
0
0
0
0
0
0
0
0
0
0
0
0
0
0
0
0
0
0
0
0
0
0
0
0
0
0
0
0
0
0
0
0
0
0
0
0
0
0
0
0
0
0
0
0
0
0
0
0
0
0
0
0
0
0
0
0
0
0
0
0
0
0
0
0
0
0
0
0
0
0
0
0
0
0
0
0
0
0
0
0
0
0
0
0
0
0
0
0
0
0
0
0
0
0
0
0
0
0
0
0
0
0
0
0
0
0
0
0
0
0
0
0
0
0
0
0
0
0
0
0
0
0
0
0
0
0
0
0
0
0
0
0
0
0
0
0
0
0
0
0
0
0
0
0
0
0
0
0
0
0
0
0
0
0
0
0
0
0
0
0
0
0
0
0
0
0
0
0
0
0
0
0
0
0
0
0
0
0
0
0
0
0
0
0
0
0
0
0
0
0
0
0
0
0
0
0
0
0
0
0
0
0
0
0
0
0
0
0
0
0
0
0
0
0
0
0
0
0
0
0
0
0
0
0
0
0
0
0
0
0
0
0
0
0
0
0
0
0
0
0
0
0
0
0
0
0
0
0
0
0
0
0
0
0
0
0
0
0
0
0
0
0
0
0
0
0
0
0
0
0
0
0
0
0
0
0
0
0
0
0
0
0
0
0
0
0
0
0
0
0
0
0
0
0
0
0
0
0
0
0
0
0
0
0
0
0
0
0
0
0
0
0
0
0
0
0
0
0
0
0
0
0
0
0
0
0
0
0
0
0
0
0
0
0
0
0
0
0
0
0
0
0
0
0
0
0
0
0
0
0
0
0
0
0
0
0
0
0
0
0
0
0
0
0
0
0
0
0
0
0
0
0
0
0
0
0
0
0
0
0
0
0
0
0
0
0
0
0
0
0
0
0
0
0
0
0
0
0
0
0
0
0
0
0
0
0
0
0
0
0
0
0
0
0
0
0
0
0
0
0
0
0
0
0
0
0
0
0
0
0
0
0
0
0
0
0
0
0
0
0
0
0
0
0
0
0
0
0
0
0
0
0
0
0
0
0
0
0
0
0
0
0
0
0
0
0
0
0
0
0
0
0
0
0
0
0
0
0
0
0
0
0
0
0
0
0
0
0
0
0
0
0
0
0
0
0
0
0
0
0
0
0
0
0
0
0
0
0
0
0
0
0
0
0
0
0
0
0
0
0
0
0
0
0
0
0
0
0
0
0
0
0
0
0
0
0
0
0
0
0
0
0
0
0
0
0
0
0
0
0
0
0
0
0
0
0
0
0
0
0
0
0
0
0
0
0
0
0
0
0
0
0
0
0
0
0
0
0
0
0
0
0
0
0
0
0
0
0
0
0
0
0
0
0
0
0
0
0
0
0
0
0
0
0
0
0
0
0
0
0
0
0
0
0
0
0
0
0
0
0
0
0
0
0
0
0
0
0
0
0
0
0
0
0
0
0
0
0
0
0
0
0
0
0
0
0
0
0
0
0
0
0
0
0
0
0
0
0
0
0
0
0
0
0
0
0
0
0
0
0
0
0
0
0
0
0
0
0
0
0
0
0
0
0
0
0
0
0
0
0
0
0
0
0
0
0
0
0
0
0
0
0
0
0
0
0
0
0
0
0
0
0
0
0
0
0
0
0
0
0
0
0
0
0
0
0
0
0
0
0
0
0
0
0
0
0
0
0
0
0
0
0
0
0
0
0
0
0
0
0
0
0
0
0
0
0
0
0
0
0
0
0
0
0
0
0
0
0
0
0
0
0
0
0
0
0
0
0
0
0
0
0
0
0
0
0
0
0
0
0
0
0
0
0
0
0
0
0
0
0
0
0
0
0
0
0
0
0
0
0
0
0
0
0
0
0
0
0
0
0
0
0
0
0
0
0
0
0
0
0
0
0
0
0
0
0
0
0
0
0
19660
19384
18566
17229
15412
13166
10558
7662
4562
1346
-1894
-5065
-8079
-10850
-13302
-15367
-16990
-18128
-18753
-18852
-18428
-17497
-16092
-14257
-12050
-9537
-6793
-3898
-937
2006
4850
7516
9933
12037
13775
15105
15999
16440
16426
15968
15088
13822
12214
10317
8193
5905
3523
1115
-1251
-3513
-5610
-7491
-9111
-10435
-11439
-12107
-12435
-12427
-12100
-11475
-10585
-9466
-8160
-6712
-5170
-3581
-1990
-440
1028
2382
3594
4640
5506
6183
6667
6965
7083
7038
6848
6532
6114
5618
5066
4482
3885
3293
2720
2177
1671
1206
781
393
36
-296
-616
-931
-1251
-1585
-1938
-2316
-2719
-3146
-3592
-4048
-4503
-4941
-5346
-5699
-5981
-6171
-6250
-6201
-6010
-5665
-5160
-4492
-3666
-2689
-1578
-353
959
2331
3725
5105
6432
7665
8764
9693
10416
10903
11132
11083
10747
10122
9214
8038
6617
4983
3174
1235
-783
-2830
-4849
-6783
-8578
-10182
-11547
-12631
-13401
-13830
-13902
-13610
-12958
-11960
-10640
-9032
-7177
-5126
-2932
-657
1638
3890
6038
8021
9786
11284
12476
13328
13821
13941
13689
13075
12118
10850
9308
7539
5595
3534
1414
-702
-2757
-4693
-6458
-8005
-9294
-10294
-10984
-11350
-11391
-11113
-10533
-9677
-8578
-7275
-5814
-4242
-2612
-973
622
2129
3503
4707
5709
6486
7022
7309
7349
7149
6728
6109
5321
4398
3380
2304
1214
148
-855
-1761
-2539
-3164
-3618
-3890
-3973
-3870
-3591
-3152
-2573
-1881
-1108
-285
551
1366
2126
2798
3354
3769
4025
4106
4008
3729
3276
2662
1906
1031
68
-951
-1993
-3020
-3996
-4885
-5654
-6274
-6719
-6969
-7010
-6836
-6445
-5843
-5043
-4065
-2934
-1680
-337
1056
2462
3838
5146
6346
7402
8283
8962
9416
9629
9594
9308
8776
8009
7026
5852
4515
3049
1492
-115
-1733
-3319
-4834
-6239
-7497
-8578
-9454
-10105
-10513
-10671
-10574
-10227
-9638
-8824
-7805
-6606
-5259
-3796
-2252
-665
927
2489
3983
5376
6636
7736
8653
9368
9868
10143
10191
10013
9617
9014
8220
7256
6145
4915
3592
2209
795
-617
-1998
-3318
-4550
-5667
-6648
-7474
-8129
-8601
-8884
-8973
-8869
-8578
-8108
-7472
-6686
-5769
-4742
-3630
-2457
-1250
-35
1159
2310
3391
4379
5254
5998
6597
7039
7317
7426
7368
7145
6767
6245
5593
4830
3974
3050
2079
1088
100
-860
-1769
-2606
-3351
-3988
-4503
-4886
-5131
-5235
-5200
-5032
-4739
-4335
-3834
-3254
-2616
-1941
-1251
-568
86
693
1234
1694
2059
2322
2477
2523
2461
2300
2048
1719
1328
895
438
-19
-460
-861
-1205
-1474
-1655
-1736
-1710
-1575
-1332
-986
-547
-30
548
1168
1805
2436
3034
3574
4031
4383
4610
4695
4626
4395
4001
3445
2737
1892
929
-128
-1251
-2408
-3564
-4685
-5733
-6674
-7474
-8103
-8535
-8749
-8729
-8467
-7962
-7217
-6247
-5071
-3715
-2211
-598
1082
2786
4466
6074
7566
8895
10024
10915
11539
11874
11906
11627
11040
10157
8995
7583
5955
4152
2221
212
-1821
-3825
-5747
-7533
-9136
-10512
-11623
-12440
-12938
-13106
-12938
-12440
-11623
-10512
-9136
-7533
-5747
-3825
-1821
212
2221
4152
5955
7583
8995
10157
11040
11627
11906
11874
11539
10915
10024
8895
7566
6074
4466
2786
1082
-598
-2211
-3715
-5071
-6247
-7217
-7962
-8467
-8729
-8749
-8535
-8103
-7474
-6674
-5733
-4685
-3564
-2408
-1251
-128
929
1892
2737
3445
4001
4395
4626
4695
4610
4383
4031
3574
3034
2436
1805
1168
548
-30
-547
-986
-1332
-1575
-1710
-1736
-1655
-1474
-1205
-861
-460
-19
438
895
1328
1719
2048
2300
2461
2523
2477
2322
2059
1694
1234
693
86
-568
-1251
-1941
-2616
-3254
-3834
-4335
-4739
-5032
-5200
-5235
-5131
-4886
-4503
-3988
-3351
-2606
-1769
-860
100
1088
2079
3050
3974
4830
5593
6245
6767
7145
7368
7426
7317
7039
6597
5998
5254
4379
3391
2310
1159
-35
-1250
-2457
-3630
-4742
-5769
-6686
-7472
-8108
-8578
-8869
-8973
-8884
-8601
-8129
-7474
-6648
-5667
-4550
-3318
-1998
-617
795
2209
3592
4915
6145
7256
8220
9014
9617
10013
10191
10143
9868
9368
8653
7736
6636
5376
3983
2489
927
-665
-2252
-3796
-5259
-6606
-7805
-8824
-9638
-10227
-10574
-10671
-10513
-10105
-9454
-8578
-7497
-6239
-4834
-3319
-1733
-115
1492
3049
4515
5852
7026
8009
8776
9308
9594
9629
9416
8962
8283
7402
6346
5146
3838
2462
1056
-337
-1680
-2934
-4065
-5043
-5843
-6445
-6836
-7010
-6969
-6719
-6274
-5654
-4885
-3996
-3020
-1993
-951
68
1031
1906
2662
3276
3729
4008
4106
4025
3769
3354
2798
2126
1366
551
-285
-1108
-1881
-2573
-3152
-3591
-3870
-3973
-3890
-3618
-3164
-2539
-1761
-855
148
1214
2304
3380
4398
5321
6109
6728
7149
7349
7309
7022
6486
5709
4707
3503
2129
622
-973
-2612
-4242
-5814
-7275
-8578
-9677
-10533
-11113
-11391
-11350
-10984
-10294
-9294
-8005
-6458
-4693
-2757
-702
1414
3534
5595
7539
9308
10850
12118
13075
13689
13941
13821
13328
12476
11284
9786
8021
6038
3890
1638
-657
-2932
-5126
-7177
-9032
-10640
-11960
-12958
-13610
-13902
-13830
-13401
-12631
-11547
-10182
-8578
-6783
-4849
-2830
-783
1235
3174
4983
6617
8038
9214
10122
10747
11083
11132
10903
10416
9693
8764
7665
6432
5105
3725
2331
959
-353
-1578
-2689
-3666
-4492
-5160
-5665
-6010
-6201
-6250
-6171
-5981
-5699
-5346
-4941
-4503
-4048
-3592
-3146
-2719
-2316
-1938
-1585
-1251
-931
-616
-296
36
393
781
1206
1671
2177
2720
3293
3885
4482
5066
5618
6114
6532
6848
7038
7083
6965
6667
6183
5506
4640
3594
2382
1028
-440
-1990
-3581
-5170
-6712
-8160
-9466
-10585
-11475
-12100
-12427
-12435
-12107
-11439
-10435
-9111
-7491
-5610
-3513
-1251
1115
3523
5905
8193
10317
12214
13822
15088
15968
16426
16440
15999
15105
13775
12037
9933
7516
4850
2006
-937
-3898
-6793
-9537
-12050
-14257
-16092
-17497
-18428
-18852
-18753
-18128
-16990
-15367
-13302
-10850
-8079
-5065
-1894
1346
4562
7662
10558
13166
15412
17229
18566
19384
0
0
0
0
0
0
0
0
0
0
0
0
0
0
0
0
0
0
0
0
0
0
0
0
0
0
0
0
0
0
0
0
0
0
0
0
0
0
0
0
0
0
0
0
0
0
0
0
0
0
0
0
0
0
0
0
0
0
0
0
0
0
0
0
0
0
0
-13106
-12920
-12365
-11458
-10226
-8704
-6937
-4975
-2875
-699
1491
3632
5663
7525
9166
10540
11606
12337
12713
12725
12373
11671
10639
9311
7725
5928
3975
1921
-171
-2245
-4239
-6096
-7765
-9198
-10356
-11209
-11734
-11918
-11760
-11266
-10454
-9350
-7989
-6410
-4662
-2797
-868
1067
2955
4742
6377
7816
9019
9953
10596
10932
10953
10663
10073
9201
8077
6733
5209
3551
1805
22
-1747
-3456
-5056
-6503
-7760
-8792
-9575
-10087
-10319
-10266
-9931
-9326
-8471
-7390
-6114
-4679
-3125
-1493
170
1823
3422
4924
6291
7489
8487
9261
9793
10070
10087
9845
9352
8621
7673
6531
5227
3792
2263
677
-924
-2503
-4022
-5444
-6734
-7862
-8800
-9528
-10027
-10286
-10300
-10067
-9594
-8891
-7975
-6867
-5593
-4182
-2666
-1081
536
2150
3722
5216
6597
7833
8895
9757
10399
10805
10963
10869
10524
9933
9110
8070
6838
5439
3906
2272
575
-1146
-2853
-4504
-6062
-7490
-8753
-9821
-10668
-11272
-11619
-11698
-11506
-11047
-10330
-9371
-8191
-6818
-5283
-3622
-1875
-82
1713
3469
5143
6696
8090
9292
10275
11015
11496
11706
11643
11309
10714
9874
8811
7554
6133
4586
2950
1266
-423
-2080
-3663
-5135
-6464
-7620
-8578
-9320
-9833
-10111
-10151
-9960
-9549
-8935
-8137
-7182
-6098
-4914
-3664
-2379
-1091
168
1372
2494
3513
4410
5171
5788
6254
6570
6738
6767
6665
6447
6126
5720
5246
4719
4158
3577
2989
2406
1839
1293
773
281
-182
-619
-1033
-1428
-1809
-2181
-2547
-2912
-3276
-3641
-4003
-4358
-4700
-5021
-5309
-5552
-5737
-5850
-5876
-5802
-5616
-5307
-4869
-4297
-3591
-2755
-1797
-731
426
1653
2923
4206
5471
6684
7809
8813
9661
10322
10770
10980
10936
10626
10045
9197
8093
6750
5195
3460
1584
-387
-2407
-4424
-6384
-8234
-9923
-11402
-12628
-13562
-14174
-14441
-14349
-13894
-13083
-11932
-10465
-8718
-6733
-4561
-2258
116
2501
4831
7045
9083
10891
12420
13629
14486
14968
15063
14771
14100
13072
11716
10072
8186
6112
3909
1638
-638
-2858
-4961
-6891
-8600
-10044
-11188
-12008
-12488
-12623
-12419
-11890
-11060
-9963
-8637
-7128
-5486
-3763
-2011
-285
1367
2899
4270
5446
6400
7114
7577
7789
7755
7491
7018
6365
5565
4655
3673
2660
1655
695
-186
-959
-1601
-2093
-2426
-2595
-2604
-2464
-2189
-1803
-1330
-801
-247
299
808
1248
1594
1823
1919
1869
1671
1326
842
237
-469
-1251
-2077
-2912
-3722
-4471
-5123
-5646
-6010
-6192
-6174
-5944
-5498
-4840
-3983
-2944
-1752
-438
957
2394
3826
5206
6488
7628
8584
9320
9807
10021
9950
9586
8935
8009
6831
5432
3850
2129
320
-1523
-3348
-5097
-6717
-8158
-9376
-10331
-10993
-11342
-11364
-11059
-10434
-9509
-8311
-6876
-5250
-3481
-1624
263
2124
3901
5540
6991
8212
9167
9829
10180
10214
9933
9351
8491
7384
6070
4595
3010
1367
-275
-1866
-3351
-4683
-5820
-6726
-7374
-7747
-7836
-7644
-7182
-6471
-5540
-4426
-3172
-1826
-438
940
2258
3467
4522
5386
6026
6420
6553
6420
6026
5386
4522
3467
2258
940
-438
-1826
-3172
-4426
-5540
-6471
-7182
-7644
-7836
-7747
-7374
-6726
-5820
-4683
-3351
-1866
-275
1367
3010
4595
6070
7384
8491
9351
9933
10214
10180
9829
9167
8212
6991
5540
3901
2124
263
-1624
-3481
-5250
-6876
-8311
-9509
-10434
-11059
-11364
-11342
-10993
-10331
-9376
-8158
-6717
-5097
-3348
-1523
320
2129
3850
5432
6831
8009
8935
9586
9950
10021
9807
9320
8584
7628
6488
5206
3826
2394
957
-438
-1752
-2944
-3983
-4840
-5498
-5944
-6174
-6192
-6010
-5646
-5123
-4471
-3722
-2912
-2077
-1251
-469
237
842
1326
1671
1869
1919
1823
1594
1248
808
299
-247
-801
-1330
-1803
-2189
-2464
-2604
-2595
-2426
-2093
-1601
-959
-186
695
1655
2660
3673
4655
5565
6365
7018
7491
7755
7789
7577
7114
6400
5446
4270
2899
1367
-285
-2011
-3763
-5486
-7128
-8637
-9963
-11060
-11890
-12419
-12623
-12488
-12008
-11188
-10044
-8600
-6891
-4961
-2858
-638
1638
3909
6112
8186
10072
11716
13072
14100
14771
15063
14968
14486
13629
12420
10891
9083
7045
4831
2501
116
-2258
-4561
-6733
-8718
-10465
-11932
-13083
-13894
-14349
-14441
-14174
-13562
-12628
-11402
-9923
-8234
-6384
-4424
-2407
-387
1584
3460
5195
6750
8093
9197
10045
10626
10936
10980
10770
10322
9661
8813
7809
6684
5471
4206
2923
1653
426
-731
-1797
-2755
-3591
-4297
-4869
-5307
-5616
-5802
-5876
-5850
-5737
-5552
-5309
-5021
-4700
-4358
-4003
-3641
-3276
-2912
-2547
-2181
-1809
-1428
-1033
-619
-182
281
773
1293
1839
2406
2989
3577
4158
4719
5246
5720
6126
6447
6665
6767
6738
6570
6254
5788
5171
4410
3513
2494
1372
168
-1091
-2379
-3664
-4914
-6098
-7182
-8137
-8935
-9549
-9960
-10151
-10111
-9833
-9320
-8578
-7620
-6464
-5135
-3663
-2080
-423
1266
2950
4586
6133
7554
8811
9874
10714
11309
11643
11706
11496
11015
10275
9292
8090
6696
5143
3469
1713
-82
-1875
-3622
-5283
-6818
-8191
-9371
-10330
-11047
-11506
-11698
-11619
-11272
-10668
-9821
-8753
-7490
-6062
-4504
-2853
-1146
575
2272
3906
5439
6838
8070
9110
9933
10524
10869
10963
10805
10399
9757
8895
7833
6597
5216
3722
2150
536
-1081
-2666
-4182
-5593
-6867
-7975
-8891
-9594
-10067
-10300
-10286
-10027
-9528
-8800
-7862
-6734
-5444
-4022
-2503
-924
677
2263
3792
5227
6531
7673
8621
9352
9845
10087
10070
9793
9261
8487
7489
6291
4924
3422
1823
170
-1493
-3125
-4679
-6114
-7390
-8471
-9326
-9931
-10266
-10319
-10087
-9575
-8792
-7760
-6503
-5056
-3456
-1747
22
1805
3551
5209
6733
8077
9201
10073
10663
10953
10932
10596
9953
9019
7816
6377
4742
2955
1067
-868
-2797
-4662
-6410
-7989
-9350
-10454
-11266
-11760
-11918
-11734
-11209
-10356
-9198
-7765
-6096
-4239
-2245
-171
1921
3975
5928
7725
9311
10639
11671
12373
12725
12713
12337
11606
10540
9166
7525
5663
3632
1491
-699
-2875
-4975
-6937
-8704
-10226
-11458
-12365
-12920
0
0
0
0
0
0
0
0
0
0
0
0
0
0
0
0
0
0
0
0
0
0
0
0
0
0
0
0
0
0
0
0
0
0
0
0
0
0
0
0
0
0
0
0
0
0
0
0
0
0
0
0
0
0
0
0
0
0
0
0
0
0
0
0
0
0
0
-6553
-6429
-6060
-5459
-4646
-3649
-2502
-1243
83
1434
2760
4016
5158
6145
6941
7515
7845
7914
7716
7251
6530
5572
4402
3053
1565
-17
-1648
-3275
-4850
-6321
-7643
-8773
-9671
-10308
-10660
-10710
-10453
-9890
-9032
-7901
-6523
-4935
-3179
-1301
645
2609
4534
6368
8059
9559
10825
11820
12517
12893
12937
12645
12023
11086
9857
8368
6656
4766
2747
649
-1470
-3560
-5566
-7436
-9124
-10587
-11789
-12701
-13301
-13576
-13521
-13139
-12442
-11449
-10186
-8688
-6992
-5141
-3183
-1164
864
2855
4761
6537
8143
9543
10707
11611
12236
12574
12619
12376
11855
11072
10049
8814
7399
5839
4172
2438
678
-1068
-2763
-4368
-5849
-7175
-8320
-9262
-9982
-10471
-10721
-10731
-10506
-10055
-9393
-8538
-7513
-6343
-5058
-3688
-2264
-820
613
2003
3320
4537
5629
6572
7351
7949
8357
8570
8587
8412
8051
7518
6828
6000
5056
4021
2921
1783
636
-493
-1577
-2592
-3513
-4321
-4998
-5530
-5907
-6125
-6181
-6080
-5826
-5433
-4915
-4288
-3575
-2797
-1978
-1144
-318
473
1210
1871
2438
2896
3235
3448
3531
3486
3318
3038
2659
2196
1670
1101
512
-72
-631
-1141
-1583
-1937
-2190
-2330
-2350
-2248
-2025
-1687
-1247
-718
-119
527
1199
1868
2510
3097
3605
4011
4293
4436
4427
4258
3927
3438
2798
2023
1131
146
-903
-1987
-3071
-4122
-5105
-5986
-6734
-7319
-7719
-7913
-7888
-7637
-7160
-6462
-5558
-4466
-3214
-1833
-358
1170
2710
4218
5650
6965
8122
9087
9830
10324
10553
10507
10182
9584
8727
7630
6322
4837
3214
1497
-269
-2035
-3755
-5380
-6868
-8178
-9275
-10131
-10723
-11037
-11067
-10815
-10289
-9507
-8493
-7278
-5897
-4390
-2798
-1168
457
2034
3522
4883
6084
7099
7905
8488
8840
8961
8855
8537
8023
7336
6505
5558
4528
3448
2350
1266
225
-746
-1628
-2401
-3054
-3579
-3974
-4240
-4384
-4418
-4354
-4210
-4003
-3753
-3477
-3193
-2917
-2662
-2438
-2252
-2106
-2001
-1930
-1887
-1860
-1837
-1803
-1742
-1638
-1477
-1246
-936
-538
-51
524
1181
1910
2694
3513
4345
5161
5933
6631
7224
7682
7979
8090
7996
7683
7144
6377
5390
4196
2817
1282
-372
-2107
-3876
-5629
-7315
-8884
-10284
-11469
-12396
-13027
-13334
-13295
-12900
-12147
-11044
-9614
-7884
-5896
-3697
-1344
1100
3572
6002
8320
10461
12360
13960
15211
16073
16515
16518
16076
15196
13896
12209
10177
7854
5301
2589
-208
-3014
-5750
-8338
-10707
-12789
-14526
-15868
-16778
-17230
-17213
-16726
-15786
-14420
-12667
-10580
-8217
-5649
-2947
-189
2545
5181
7644
9867
11789
13360
14540
15301
15626
15515
14976
14032
12718
11078
9164
7038
4764
2411
49
-2253
-4432
-6428
-8186
-9664
-10825
-11644
-12109
-12217
-11975
-11402
-10527
-9386
-8022
-6485
-4827
-3102
-1365
330
1936
3406
4703
5794
6656
7275
7643
7764
7646
7308
6775
6075
5242
4314
3328
2321
1331
391
-469
-1225
-1858
-2354
-2706
-2915
-2985
-2928
-2760
-2501
-2175
-1806
-1421
-1043
-698
-406
-185
-47
0
-47
-185
-406
-698
-1043
-1421
-1806
-2175
-2501
-2760
-2928
-2985
-2915
-2706
-2354
-1858
-1225
-469
391
1331
2321
3328
4314
5242
6075
6775
7308
7646
7764
7643
7275
6656
5794
4703
3406
1936
330
-1365
-3102
-4827
-6485
-8022
-9386
-10527
-11402
-11975
-12217
-12109
-11644
-10825
-9664
-8186
-6428
-4432
-2253
49
2411
4764
7038
9164
11078
12718
14032
14976
15515
15626
15301
14540
13360
11789
9867
7644
5181
2545
-189
-2947
-5649
-8217
-10580
-12667
-14420
-15786
-16726
-17213
-17230
-16778
-15868
-14526
-12789
-10707
-8338
-5750
-3014
-208
2589
5301
7854
10177
12209
13896
15196
16076
16518
16515
16073
15211
13960
12360
10461
8320
6002
3572
1100
-1344
-3697
-5896
-7884
-9614
-11044
-12147
-12900
-13295
-13334
-13027
-12396
-11469
-10284
-8884
-7315
-5629
-3876
-2107
-372
1282
2817
4196
5390
6377
7144
7683
7996
8090
7979
7682
7224
6631
5933
5161
4345
3513
2694
1910
1181
524
-51
-538
-936
-1246
-1477
-1638
-1742
-1803
-1837
-1860
-1887
-1930
-2001
-2106
-2252
-2438
-2662
-2917
-3193
-3477
-3753
-4003
-4210
-4354
-4418
-4384
-4240
-3974
-3579
-3054
-2401
-1628
-746
225
1266
2350
3448
4528
5558
6505
7336
8023
8537
8855
8961
8840
8488
7905
7099
6084
4883
3522
2034
457
-1168
-2798
-4390
-5897
-7278
-8493
-9507
-10289
-10815
-11067
-11037
-10723
-10131
-9275
-8178
-6868
-5380
-3755
-2035
-269
1497
3214
4837
6322
7630
8727
9584
10182
10507
10553
10324
9830
9087
8122
6965
5650
4218
2710
1170
-358
-1833
-3214
-4466
-5558
-6462
-7160
-7637
-7888
-7913
-7719
-7319
-6734
-5986
-5105
-4122
-3071
-1987
-903
146
1131
2023
2798
3438
3927
4258
4427
4436
4293
4011
3605
3097
2510
1868
1199
527
-119
-718
-1247
-1687
-2025
-2248
-2350
-2330
-2190
-1937
-1583
-1141
-631
-72
512
1101
1670
2196
2659
3038
3318
3486
3531
3448
3235
2896
2438
1871
1210
473
-318
-1144
-1978
-2797
-3575
-4288
-4915
-5433
-5826
-6080
-6181
-6125
-5907
-5530
-4998
-4321
-3513
-2592
-1577
-493
636
1783
2921
4021
5056
6000
6828
7518
8051
8412
8587
8570
8357
7949
7351
6572
5629
4537
3320
2003
613
-820
-2264
-3688
-5058
-6343
-7513
-8538
-9393
-10055
-10506
-10731
-10721
-10471
-9982
-9262
-8320
-7175
-5849
-4368
-2763
-1068
678
2438
4172
5839
7399
8814
10049
11072
11855
12376
12619
12574
12236
11611
10707
9543
8143
6537
4761
2855
864
-1164
-3183
-5141
-6992
-8688
-10186
-11449
-12442
-13139
-13521
-13576
-13301
-12701
-11789
-10587
-9124
-7436
-5566
-3560
-1470
649
2747
4766
6656
8368
9857
11086
12023
12645
12937
12893
12517
11820
10825
9559
8059
6368
4534
2609
645
-1301
-3179
-4935
-6523
-7901
-9032
-9890
-10453
-10710
-10660
-10308
-9671
-8773
-7643
-6321
-4850
-3275
-1648
-17
1565
3053
4402
5572
6530
7251
7716
7914
7845
7515
6941
6145
5158
4016
2760
1434
83
-1243
-2502
-3649
-4646
-5459
-6060
-6429
0
0
0
0
0
0
0
0
0
0
0
0
0
0
0
0
0
0
0
0
0
0
0
0
0
0
0
0
0
0
0
0
0
0
0
0
0
0
0
0
0
0
0
0
0
0
0
0
0
0
0
0
0
0
0
0
0
0
0
0
0
0
0
0
0
0
0
13106
12893
12259
11225
9824
8101
6110
3915
1587
-801
-3172
-5451
-7565
-9446
-11034
-12278
-13138
-13586
-13607
-13198
-12373
-11156
-9584
-7705
-5577
-3265
-841
1620
4045
6359
8491
10376
11958
13189
14032
14463
14469
14051
13224
12013
10454
8597
6496
4215
1820
-616
-3024
-5336
-7484
-9409
-11059
-12389
-13367
-13968
-14183
-14009
-13460
-12556
-11329
-9820
-8077
-6152
-4103
-1988
130
2197
4157
5960
7561
8925
10021
10832
11345
11559
11480
11122
10508
9665
8626
7430
6114
4720
3287
1855
460
-864
-2092
-3199
-4167
-4985
-5646
-6148
-6496
-6698
-6764
-6711
-6553
-6309
-5995
-5629
-5227
-4801
-4362
-3919
-3478
-3039
-2603
-2166
-1725
-1272
-801
-305
222
785
1387
2029
2706
3412
4138
4871
5593
6286
6927
7494
7962
8307
8507
8541
8391
8044
7491
6730
5764
4602
3262
1766
144
-1568
-3333
-5105
-6838
-8484
-9995
-11325
-12430
-13271
-13815
-14036
-13915
-13444
-12623
-11463
-9983
-8213
-6192
-3966
-1590
878
3374
5834
8191
10382
12345
14025
15374
16350
16924
17076
16796
16088
14968
13461
11604
9445
7039
4449
1743
-1007
-3731
-6355
-8811
-11034
-12966
-14557
-15767
-16565
-16935
-16870
-16374
-15466
-14174
-12537
-10603
-8427
-6071
-3600
-1082
1414
3824
6085
8137
9932
11427
12589
13394
13831
13897
13601
12961
12005
10770
9297
7636
5838
3957
2050
169
-1632
-3309
-4819
-6126
-7203
-8030
-8594
-8893
-8931
-8721
-8282
-7641
-6827
-5876
-4824
-3712
-2577
-1457
-387
600
1480
2229
2831
3276
3560
3685
3658
3492
3205
2818
2355
1842
1306
773
267
-185
-568
-862
-1056
-1143
-1119
-986
-751
-426
-25
433
928
1437
1936
2402
2813
3146
3385
3513
3519
3397
3143
2760
2254
1637
924
134
-710
-1584
-2462
-3317
-4121
-4849
-5477
-5981
-6345
-6553
-6594
-6464
-6160
-5688
-5055
-4275
-3367
-2351
-1252
-98
1081
2258
3401
4481
5470
6341
7072
7644
8040
8250
8267
8090
7721
7168
6444
5565
4551
3426
2216
949
-345
-1638
-2898
-4098
-5208
-6205
-7064
-7767
-8297
-8642
-8796
-8753
-8515
-8087
-7479
-6705
-5780
-4726
-3566
-2326
-1032
285
1598
2877
4094
5222
6235
7111
7829
8374
8732
8895
8858
8622
8191
7574
6784
5838
4757
3565
2290
959
-395
-1743
-3052
-4292
-5433
-6448
-7311
-8002
-8503
-8800
-8887
-8759
-8419
-7874
-7137
-6225
-5161
-3969
-2680
-1326
59
1440
2782
4050
5211
6235
7094
7767
8236
8487
8514
8316
7899
7274
6457
5472
4345
3107
1793
438
-917
-2238
-3487
-4629
-5632
-6467
-7112
-7550
-7767
-7760
-7528
-7081
-6431
-5599
-4611
-3496
-2287
-1022
260
1523
2729
3840
4824
5651
6298
6744
6978
6993
6791
6377
5767
4981
4042
2983
1836
638
-571
-1756
-2878
-3901
-4793
-5527
-6079
-6432
-6575
-6504
-6223
-5740
-5071
-4239
-3270
-2196
-1053
123
1294
2423
3472
4407
5198
5820
6252
6481
6498
6305
5906
5314
4550
3638
2607
1491
325
-850
-2000
-3085
-4070
-4924
-5619
-6132
-6447
-6553
-6447
-6132
-5619
-4924
-4070
-3085
-2000
-850
325
1491
2607
3638
4550
5314
5906
6305
6498
6481
6252
5820
5198
4407
3472
2423
1294
123
-1053
-2196
-3270
-4239
-5071
-5740
-6223
-6504
-6575
-6432
-6079
-5527
-4793
-3901
-2878
-1756
-571
638
1836
2983
4042
4981
5767
6377
6791
6993
6978
6744
6298
5651
4824
3840
2729
1523
260
-1022
-2287
-3496
-4611
-5599
-6431
-7081
-7528
-7760
-7767
-7550
-7112
-6467
-5632
-4629
-3487
-2238
-917
438
1793
3107
4345
5472
6457
7274
7899
8316
8514
8487
8236
7767
7094
6235
5211
4050
2782
1440
59
-1326
-2680
-3969
-5161
-6225
-7137
-7874
-8419
-8759
-8887
-8800
-8503
-8002
-7311
-6448
-5433
-4292
-3052
-1743
-395
959
2290
3565
4757
5838
6784
7574
8191
8622
8858
8895
8732
8374
7829
7111
6235
5222
4094
2877
1598
285
-1032
-2326
-3566
-4726
-5780
-6705
-7479
-8087
-8515
-8753
-8796
-8642
-8297
-7767
-7064
-6205
-5208
-4098
-2898
-1638
-345
949
2216
3426
4551
5565
6444
7168
7721
8090
8267
8250
8040
7644
7072
6341
5470
4481
3401
2258
1081
-98
-1252
-2351
-3367
-4275
-5055
-5688
-6160
-6464
-6594
-6553
-6345
-5981
-5477
-4849
-4121
-3317
-2462
-1584
-710
134
924
1637
2254
2760
3143
3397
3519
3513
3385
3146
2813
2402
1936
1437
928
433
-25
-426
-751
-986
-1119
-1143
-1056
-862
-568
-185
267
773
1306
1842
2355
2818
3205
3492
3658
3685
3560
3276
2831
2229
1480
600
-387
-1457
-2577
-3712
-4824
-5876
-6827
-7641
-8282
-8721
-8931
-8893
-8594
-8030
-7203
-6126
-4819
-3309
-1632
169
2050
3957
5838
7636
9297
10770
12005
12961
13601
13897
13831
13394
12589
11427
9932
8137
6085
3824
1414
-1082
-3600
-6071
-8427
-10603
-12537
-14174
-15466
-16374
-16870
-16935
-16565
-15767
-14557
-12966
-11034
-8811
-6355
-3731
-1007
1743
4449
7039
9445
11604
13461
14968
16088
16796
17076
16924
16350
15374
14025
12345
10382
8191
5834
3374
878
-1590
-3966
-6192
-8213
-9983
-11463
-12623
-13444
-13915
-14036
-13815
-13271
-12430
-11325
-9995
-8484
-6838
-5105
-3333
-1568
144
1766
3262
4602
5764
6730
7491
8044
8391
8541
8507
8307
7962
7494
6927
6286
5593
4871
4138
3412
2706
2029
1387
785
222
-305
-801
-1272
-1725
-2166
-2603
-3039
-3478
-3919
-4362
-4801
-5227
-5629
-5995
-6309
-6553
-6711
-6764
-6698
-6496
-6148
-5646
-4985
-4167
-3199
-2092
-864
460
1855
3287
4720
6114
7430
8626
9665
10508
11122
11480
11559
11345
10832
10021
8925
7561
5960
4157
2197
130
-1988
-4103
-6152
-8077
-9820
-11329
-12556
-13460
-14009
-14183
-13968
-13367
-12389
-11059
-9409
-7484
-5336
-3024
-616
1820
4215
6496
8597
10454
12013
13224
14051
14469
14463
14032
13189
11958
10376
8491
6359
4045
1620
-841
-3265
-5577
-7705
-9584
-11156
-12373
-13198
-13607
-13586
-13138
-12278
-11034
-9446
-7565
-5451
-3172
-801
1587
3915
6110
8101
9824
11225
12259
12893
0
0
0
0
0
0
0
0
0
0
0
0
0
0
0
0
0
0
0
0
0
0
0
0
0
0
0
0
0
0
0
0
0
0
0
0
0
0
0
0
0
0
0
0
0
0
0
0
0
0
0
0
0
0
0
0
0
0
0
0
0
0
0
0
0
0
0
6553
6473
6235
5846
5317
4662
3901
3053
2142
1193
230
-719
-1633
-2488
-3263
-3941
-4507
-4950
-5265
-5446
-5497
-5420
-5224
-4920
-4521
-4043
-3503
-2917
-2304
-1680
-1061
-463
103
627
1101
1520
1881
2183
2429
2622
2767
2870
2937
2976
2992
2991
2977
2953
2921
2879
2826
2758
2669
2555
2407
2219
1985
1698
1354
949
485
-38
-614
-1237
-1894
-2572
-3254
-3923
-4556
-5134
-5634
-6034
-6314
-6456
-6445
-6269
-5920
-5397
-4702
-3844
-2837
-1701
-461
853
2209
3568
4893
6142
7278
8260
9056
9633
9965
10034
9828
9341
8578
7552
6282
4799
3139
1344
-536
-2450
-4344
-6160
-7843
-9341
-10605
-11592
-12267
-12603
-12582
-12197
-11452
-10362
-8952
-7258
-5325
-3205
-959
1348
3650
5878
7964
9844
11459
12756
13692
14235
14363
14066
13348
12226
10727
8894
6776
4434
1937
-642
-3228
-5741
-8107
-10252
-12109
-13621
-14738
-15423
-15653
-15417
-14717
-13571
-12011
-10080
-7833
-5335
-2661
111
2899
5620
8191
10535
12581
14265
15537
16355
16695
16543
15902
14789
13237
11289
9002
6443
3686
814
-2090
-4941
-7655
-10151
-12358
-14210
-15654
-16647
-17161
-17183
-16712
-15764
-14368
-12565
-10409
-7964
-5301
-2499
360
3196
5927
8475
10769
12746
14352
15545
16296
16587
16416
15794
14743
13299
11508
9425
7114
4644
2085
-487
-3002
-5391
-7588
-9537
-11189
-12504
-13454
-14021
-14200
-13994
-13421
-12507
-11287
-9804
-8108
-6251
-4291
-2286
-293
1634
3445
5094
6542
7759
8721
9413
9830
9973
9853
9488
8901
8122
7183
6122
4977
3784
2581
1402
281
-757
-1688
-2496
-3168
-3698
-4084
-4332
-4449
-4449
-4347
-4161
-3911
-3616
-3296
-2970
-2653
-2359
-2099
-1879
-1702
-1570
-1478
-1419
-1384
-1363
-1341
-1307
-1245
-1144
-993
-783
-508
-164
246
721
1251
1826
2430
3047
3656
4237
4769
5229
5596
5852
5980
5968
5805
5486
5012
4387
3621
2729
1729
644
-497
-1669
-2838
-3974
-5043
-6017
-6865
-7562
-8087
-8422
-8554
-8478
-8191
-7700
-7015
-6152
-5133
-3984
-2733
-1414
-61
1291
2608
3855
5001
6017
6878
7564
8059
8354
8445
8333
8025
7533
6874
6070
5144
4124
3038
1917
790
-314
-1368
-2348
-3232
-4002
-4645
-5151
-5515
-5735
-5817
-5766
-5593
-5312
-4939
-4490
-3984
-3440
-2875
-2307
-1751
-1221
-727
-278
120
465
757
998
1193
1348
1472
1572
1657
1738
1822
1915
2025
2153
2302
2471
2656
2852
3052
3247
3424
3573
3681
3735
3724
3636
3464
3199
2837
2378
1822
1176
448
-349
-1202
-2091
-2996
-3895
-4764
-5578
-6313
-6946
-7455
-7819
-8024
-8055
-7903
-7564
-7038
-6330
-5451
-4414
-3240
-1952
-578
852
2307
3752
5152
6473
7682
8747
9641
10338
10818
11065
11070
10827
10339
9612
8659
7499
6155
4656
3033
1322
-438
-2210
-3953
-5629
-7197
-8624
-9875
-10922
-11739
-12307
-12612
-12646
-12407
-11897
-11128
-10115
-8879
-7447
-5848
-4118
-2293
-413
1480
3347
5147
6841
8391
9765
10933
11868
12551
12967
13106
12967
12551
11868
10933
9765
8391
6841
5147
3347
1480
-413
-2293
-4118
-5848
-7447
-8879
-10115
-11128
-11897
-12407
-12646
-12612
-12307
-11739
-10922
-9875
-8624
-7197
-5629
-3953
-2210
-438
1322
3033
4656
6155
7499
8659
9612
10339
10827
11070
11065
10818
10338
9641
8747
7682
6473
5152
3752
2307
852
-578
-1952
-3240
-4414
-5451
-6330
-7038
-7564
-7903
-8055
-8024
-7819
-7455
-6946
-6313
-5578
-4764
-3895
-2996
-2091
-1202
-349
448
1176
1822
2378
2837
3199
3464
3636
3724
3735
3681
3573
3424
3247
3052
2852
2656
2471
2302
2153
2025
1915
1822
1738
1657
1572
1472
1348
1193
998
757
465
120
-278
-727
-1221
-1751
-2307
-2875
-3440
-3984
-4490
-4939
-5312
-5593
-5766
-5817
-5735
-5515
-5151
-4645
-4002
-3232
-2348
-1368
-314
790
1917
3038
4124
5144
6070
6874
7533
8025
8333
8445
8354
8059
7564
6878
6017
5001
3855
2608
1291
-61
-1414
-2733
-3984
-5133
-6152
-7015
-7700
-8191
-8478
-8554
-8422
-8087
-7562
-6865
-6017
-5043
-3974
-2838
-1669
-497
644
1729
2729
3621
4387
5012
5486
5805
5968
5980
5852
5596
5229
4769
4237
3656
3047
2430
1826
1251
721
246
-164
-508
-783
-993
-1144
-1245
-1307
-1341
-1363
-1384
-1419
-1478
-1570
-1702
-1879
-2099
-2359
-2653
-2970
-3296
-3616
-3911
-4161
-4347
-4449
-4449
-4332
-4084
-3698
-3168
-2496
-1688
-757
281
1402
2581
3784
4977
6122
7183
8122
8901
9488
9853
9973
9830
9413
8721
7759
6542
5094
3445
1634
-293
-2286
-4291
-6251
-8108
-9804
-11287
-12507
-13421
-13994
-14200
-14021
-13454
-12504
-11189
-9537
-7588
-5391
-3002
-487
2085
4644
7114
9425
11508
13299
14743
15794
16416
16587
16296
15545
14352
12746
10769
8475
5927
3196
360
-2499
-5301
-7964
-10409
-12565
-14368
-15764
-16712
-17183
-17161
-16647
-15654
-14210
-12358
-10151
-7655
-4941
-2090
814
3686
6443
9002
11289
13237
14789
15902
16543
16695
16355
15537
14265
12581
10535
8191
5620
2899
111
-2661
-5335
-7833
-10080
-12011
-13571
-14717
-15417
-15653
-15423
-14738
-13621
-12109
-10252
-8107
-5741
-3228
-642
1937
4434
6776
8894
10727
12226
13348
14066
14363
14235
13692
12756
11459
9844
7964
5878
3650
1348
-959
-3205
-5325
-7258
-8952
-10362
-11452
-12197
-12582
-12603
-12267
-11592
-10605
-9341
-7843
-6160
-4344
-2450
-536
1344
3139
4799
6282
7552
8578
9341
9828
10034
9965
9633
9056
8260
7278
6142
4893
3568
2209
853
-461
-1701
-2837
-3844
-4702
-5397
-5920
-6269
-6445
-6456
-6314
-6034
-5634
-5134
-4556
-3923
-3254
-2572
-1894
-1237
-614
-38
485
949
1354
1698
1985
2219
2407
2555
2669
2758
2826
2879
2921
2953
2977
2991
2992
2976
2937
2870
2767
2622
2429
2183
1881
1520
1101
627
103
-463
-1061
-1680
-2304
-2917
-3503
-4043
-4521
-4920
-5224
-5420
-5497
-5446
-5265
-4950
-4507
-3941
-3263
-2488
-1633
-719
230
1193
2142
3053
3901
4662
5317
5846
6235
6473
0
0
0
0
0
0
0
0
0
0
0
0
0
0
0
0
0
0
0
0
0
0
0
0
0
0
0
0
0
0
0
0
0
0
0
0
0
0
0
0
0
0
0
0
0
0
0
0
0
0
0
0
0
0
0
0
0
0
0
0
0
0
0
0
0
0
0
-6553
-6501
-6346
-6091
-5738
-5292
-4759
-4146
-3463
-2717
-1921
-1085
-221
656
1535
2400
3239
4036
4778
5451
6043
6541
6934
7213
7370
7399
7295
7056
6684
6180
5550
4802
3946
2996
1966
875
-258
-1413
-2567
-3697
-4779
-5790
-6707
-7507
-8172
-8682
-9024
-9183
-9153
-8929
-8509
-7898
-7105
-6142
-5027
-3780
-2428
-997
479
1971
3443
4860
6188
7394
8447
9320
9987
10430
10634
10589
10294
9750
8969
7965
6761
5384
3867
2245
558
-1149
-2837
-4461
-5977
-7347
-8534
-9505
-10234
-10700
-10890
-10796
-10422
-9775
-8872
-7737
-6401
-4901
-3276
-1573
161
1878
3531
5071
6455
7644
8605
9310
9739
9881
9732
9299
8594
7640
6467
5111
3614
2023
388
-1241
-2813
-4280
-5593
-6713
-7603
-8236
-8591
-8656
-8430
-7918
-7139
-6116
-4883
-3480
-1952
-351
1271
2859
4361
5723
6900
7848
8534
8930
9020
8794
8257
7421
6308
4951
3391
1675
-141
-2003
-3847
-5615
-7245
-8683
-9877
-10783
-11366
-11599
-11468
-10968
-10107
-8904
-7388
-5601
-3591
-1416
860
3172
5448
7618
9616
11377
12844
13968
14708
15037
14937
14403
13445
12084
10353
8296
5970
3437
767
-1964
-4679
-7302
-9756
-11970
-13880
-15428
-16570
-17269
-17503
-17264
-16555
-15394
-13813
-11853
-9567
-7019
-4279
-1421
1476
4332
7071
9618
11903
13866
15457
16633
17367
17642
17455
16815
15744
14277
12456
10337
7979
5449
2818
157
-2462
-4971
-7306
-9408
-11226
-12719
-13856
-14615
-14987
-14972
-14582
-13838
-12772
-11420
-9830
-8049
-6133
-4136
-2113
-119
1796
3587
5211
6636
7834
8785
9479
9913
10089
10019
9721
9218
8535
7704
6756
5726
4645
3547
2459
1409
419
-491
-1310
-2026
-2635
-3136
-3533
-3831
-4041
-4172
-4237
-4250
-4222
-4166
-4090
-4005
-3914
-3822
-3729
-3633
-3530
-3414
-3276
-3109
-2903
-2649
-2340
-1968
-1530
-1023
-450
185
876
1611
2375
3151
3920
4660
5349
5964
6483
6885
7150
7263
7212
6988
6588
6015
5275
4380
3349
2204
970
-321
-1638
-2946
-4211
-5397
-6471
-7402
-8163
-8731
-9088
-9221
-9126
-8801
-8256
-7501
-6558
-5450
-4207
-2863
-1453
-15
1411
2788
4080
5254
6278
7128
7784
8232
8463
8476
8275
7872
7282
6527
5632
4626
3539
2405
1256
124
-959
-1969
-2880
-3672
-4329
-4841
-5203
-5413
-5477
-5402
-5202
-4891
-4489
-4015
-3491
-2937
-2374
-1821
-1294
-806
-369
8
325
579
773
914
1009
1068
1104
1129
1154
1190
1249
1336
1458
1618
1814
2042
2296
2565
2837
3098
3330
3518
3644
3692
3649
3501
3241
2863
2366
1753
1035
222
-665
-1608
-2579
-3550
-4491
-5371
-6157
-6821
-7333
-7670
-7811
-7741
-7451
-6939
-6209
-5274
-4150
-2865
-1449
59
1621
3192
4725
6174
7494
8641
9576
10267
10686
10813
10636
10155
9375
8312
6991
5446
3717
1851
-99
-2079
-4032
-5899
-7625
-9157
-10448
-11456
-12150
-12504
-12505
-12149
-11442
-10403
-9058
-7443
-5605
-3595
-1470
706
2874
4968
6928
8696
10220
11454
12363
12919
13106
12919
12363
11454
10220
8696
6928
4968
2874
706
-1470
-3595
-5605
-7443
-9058
-10403
-11442
-12149
-12505
-12504
-12150
-11456
-10448
-9157
-7625
-5899
-4032
-2079
-99
1851
3717
5446
6991
8312
9375
10155
10636
10813
10686
10267
9576
8641
7494
6174
4725
3192
1621
59
-1449
-2865
-4150
-5274
-6209
-6939
-7451
-7741
-7811
-7670
-7333
-6821
-6157
-5371
-4491
-3550
-2579
-1608
-665
222
1035
1753
2366
2863
3241
3501
3649
3692
3644
3518
3330
3098
2837
2565
2296
2042
1814
1618
1458
1336
1249
1190
1154
1129
1104
1068
1009
914
773
579
325
8
-369
-806
-1294
-1821
-2374
-2937
-3491
-4015
-4489
-4891
-5202
-5402
-5477
-5413
-5203
-4841
-4329
-3672
-2880
-1969
-959
124
1256
2405
3539
4626
5632
6527
7282
7872
8275
8476
8463
8232
7784
7128
6278
5254
4080
2788
1411
-15
-1453
-2863
-4207
-5450
-6558
-7501
-8256
-8801
-9126
-9221
-9088
-8731
-8163
-7402
-6471
-5397
-4211
-2946
-1638
-321
970
2204
3349
4380
5275
6015
6588
6988
7212
7263
7150
6885
6483
5964
5349
4660
3920
3151
2375
1611
876
185
-450
-1023
-1530
-1968
-2340
-2649
-2903
-3109
-3276
-3414
-3530
-3633
-3729
-3822
-3914
-4005
-4090
-4166
-4222
-4250
-4237
-4172
-4041
-3831
-3533
-3136
-2635
-2026
-1310
-491
419
1409
2459
3547
4645
5726
6756
7704
8535
9218
9721
10019
10089
9913
9479
8785
7834
6636
5211
3587
1796
-119
-2113
-4136
-6133
-8049
-9830
-11420
-12772
-13838
-14582
-14972
-14987
-14615
-13856
-12719
-11226
-9408
-7306
-4971
-2462
157
2818
5449
7979
10337
12456
14277
15744
16815
17455
17642
17367
16633
15457
13866
11903
9618
7071
4332
1476
-1421
-4279
-7019
-9567
-11853
-13813
-15394
-16555
-17264
-17503
-17269
-16570
-15428
-13880
-11970
-9756
-7302
-4679
-1964
767
3437
5970
8296
10353
12084
13445
14403
14937
15037
14708
13968
12844
11377
9616
7618
5448
3172
860
-1416
-3591
-5601
-7388
-8904
-10107
-10968
-11468
-11599
-11366
-10783
-9877
-8683
-7245
-5615
-3847
-2003
-141
1675
3391
4951
6308
7421
8257
8794
9020
8930
8534
7848
6900
5723
4361
2859
1271
-351
-1952
-3480
-4883
-6116
-7139
-7918
-8430
-8656
-8591
-8236
-7603
-6713
-5593
-4280
-2813
-1241
388
2023
3614
5111
6467
7640
8594
9299
9732
9881
9739
9310
8605
7644
6455
5071
3531
1878
161
-1573
-3276
-4901
-6401
-7737
-8872
-9775
-10422
-10796
-10890
-10700
-10234
-9505
-8534
-7347
-5977
-4461
-2837
-1149
558
2245
3867
5384
6761
7965
8969
9750
10294
10589
10634
10430
9987
9320
8447
7394
6188
4860
3443
1971
479
-997
-2428
-3780
-5027
-6142
-7105
-7898
-8509
-8929
-9153
-9183
-9024
-8682
-8172
-7507
-6707
-5790
-4779
-3697
-2567
-1413
-258
875
1966
2996
3946
4802
5550
6180
6684
7056
7295
7399
7370
7213
6934
6541
6043
5451
4778
4036
3239
2400
1535
656
-221
-1085
-1921
-2717
-3463
-4146
-4759
-5292
-5738
-6091
-6346
-6501
0
0
0
0
0
0
0
0
0
0
0
0
0
0
0
0
0
0
0
0
0
0
0
0
0
0
0
0
0
0
0
0
0
0
0
0
0
0
0
0
0
0
0
0
0
0
0
0
0
0
0
0
0
0
0
0
0
0
0
0
0
0
0
0
0
0
0
