0
4278
8485
12550
16402
19973
23203
26035
28419
30314
31684
32507
32766
32456
31581
30156
28203
25758
22860
19561
15917
11991
7852
3573
-771
-5106
-9352
-13436
-17284
-20829
-24006
-26759
-29038
-30801
-32015
-32660
-32720
-32196
-31094
-29434
-27244
-24563
-21439
-17925
-14087
-9991
-5712
-1327
3083
7441
11667
15683
19415
22796
25762
28259
30239
31667
32514
32764
32412
31462
29931
27847
25247
22178
18696
14865
10755
6443
2009
-2465
-6896
-11201
-15299
-19113
-22570
-25606
-28162
-30190
-31650
-32514
-32764
-32394
-31411
-29832
-27686
-25012
-21861
-18292
-14372
-10175
-5781
-1274
3259
7733
12062
16161
19951
23359
26318
28771
30668
31973
32659
32711
32127
30919
29107
26727
23823
20452
16679
12577
8226
3711
-879
-5455
-9926
-14204
-18204
-21846
-25058
-27775
-29942
-31516
-32464
-32766
-32415
-31417
-29790
-27567
-24790
-21514
-17805
-13736
-9388
-4849
-209
4437
8997
13377
17489
21248
24578
27411
29687
31359
32393
32765
32468
31507
29899
27676
24884
21579
17828
13707
9301
4700
0
-4703
-9311
-13729
-17864
-21629
-24947
-27746
-29968
-31566
-32503
-32761
-32332
-31225
-29460
-27076
-24119
-20653
-16748
-12488
-7961
-3263
1506
6246
10856
15238
19298
22949
26112
28719
30713
32051
32702
32651
31900
30461
28366
25658
22395
18646
14492
10022
5332
524
-4298
-9029
-13567
-17811
-21669
-25055
-27896
-30127
-31699
-32577
-32739
-32182
-30916
-28967
-26379
-23206
-19519
-15397
-10932
-6222
-1372
3511
8320
12945
17284
21240
24723
27655
29968
31611
32545
32748
32214
30954
28995
26381
23169
19431
15252
10724
5950
1038
-3899
-8751
-13405
-17757
-21705
-25159
-28038
-30277
-31822
-32637
-32702
-32014
-30588
-28456
-25665
-22280
-18377
-14047
-9388
-4509
477
5455
10308
14924
19194
23018
26305
28979
30974
32243
32756
32498
31476
29711
27244
24133
20449
16280
11722
6884
1880
-3170
-8148
-12935
-17416
-21484
-25041
-28000
-30291
-31856
-32659
-32677
-31909
-30373
-28105
-25157
-21600
-17520
-13013
-8189
-3163
1941
7001
11893
16499
20705
24407
27516
29953
31659
32589
32721
32049
30590
28377
25463
21921
17836
13307
8448
3377
-1780
-6896
-11843
-16499
-20746
-24479
-27603
-30040
-31727
-32621
-32699
-31957
-30413
-28105
-25088
-21439
-17247
-12618
-7668
-2522
2689
7836
12787
17416
21605
25247
28248
30530
32035
32723
32574
31592
29801
27244
23987
20112
15718
10917
5832
595
-4660
-9798
-14685
-19194
-23208
-26622
-29345
-31307
-32455
-32757
-32206
-30813
-28614
-25665
-22043
-17841
-13169
-8148
-2911
2405
7661
12717
17440
21705
25397
28419
30689
32146
32750
32483
31352
29385
26633
23169
19084
14487
9500
4255
-1105
-6439
-11603
-16457
-20870
-24723
-27911
-30346
-31961
-32712
-32578
-31559
-29684
-27001
-23582
-19519
-14922
-9916
-4636
771
6162
11386
16301
20770
24671
27896
30354
31977
32719
32558
31498
29565
26813
23317
19172
14492
9407
4058
-1405
-6833
-12073
-16978
-21411
-25247
-28377
-30713
-32188
-32760
-32410
-31148
-29007
-26047
-22351
-18021
-13179
-7961
-2516
3003
8440
13640
18454
22745
26389
29282
31340
32503
32737
32033
30409
27913
24613
20604
16000
10932
5547
0
-5550
-10942
-16021
-20637
-24657
-27963
-30458
-32068
-32745
-32468
-31244
-29107
-26118
-22364
-17952
-13013
-7689
-2137
3479
8997
14252
19090
23367
26955
29748
31662
32640
32650
31691
29790
27003
23411
19119
14256
8965
3403
-2262
-7862
-13230
-18204
-22633
-26385
-29345
-31423
-32556
-32707
-31871
-30072
-27362
-23823
-19561
-14703
-9397
-3803
1908
7565
12994
18030
22517
26318
29316
31419
32559
32702
31841
30001
27238
23635
19302
14372
8996
3339
-2422
-8112
-13553
-18577
-23026
-26761
-29667
-31650
-32648
-32629
-31591
-29565
-26615
-22829
-18327
-13249
-7752
-2009
3799
9491
14886
19815
24120
27666
30338
32052
32751
32412
31044
28690
25423
21345
16586
11295
5642
-193
-6025
-11667
-16938
-21669
-25706
-28920
-31206
-32489
-32726
-31909
-30063
-27244
-23544
-19081
-13998
-8460
-2644
3259
9060
14569
19606
24006
27626
30346
32075
32756
32366
30916
28451
25051
20827
15917
10480
4696
-1244
-7147
-12817
-18065
-22719
-26622
-29644
-31684
-32674
-32578
-31398
-29173
-25975
-21909
-17110
-11737
-5969
0
5972
11747
17130
21941
26016
29217
31436
32596
32657
31615
29504
26395
22390
17625
12260
6476
470
-5554
-11392
-16845
-21726
-25867
-29127
-31393
-32585
-32662
-31619
-29491
-26349
-22301
-17483
-12062
-6222
-166
5898
11762
17222
22088
26191
29387
31566
32648
32597
31411
29131
25835
21636
16679
11138
5205
-912
-7001
-12847
-18244
-23003
-26955
-29960
-31912
-32739
-32412
-30940
-28374
-24803
-20353
-15179
-9465
-3413
2763
8843
14612
19863
24407
28083
30758
32334
32755
32003
30103
27124
23169
18381
12929
7010
836
-5370
-11386
-16993
-21989
-26191
-29446
-31636
-32680
-32538
-31214
-28754
-25247
-20819
-15630
-9868
-3744
2518
8692
14551
19879
24480
28184
30855
32393
32739
31880
29845
26709
22585
17625
12011
5950
-333
-6607
-12639
-18204
-23094
-27128
-30152
-32055
-32763
-32248
-30528
-27666
-23767
-18976
-13473
-7461
-1167
5173
11322
17047
22132
26385
29644
31785
32724
32427
30901
28203
24435
19738
14288
8294
1981
-4409
-10635
-16457
-21654
-26025
-29402
-31656
-32697
-32485
-31027
-28377
-24634
-19943
-14481
-8460
-2109
4324
10594
16457
21686
26077
29459
31699
32710
32451
30929
28203
24378
19601
14056
7961
1552
-4919
-11201
-17047
-22227
-26537
-29806
-31906
-32751
-32307
-30590
-27666
-23648
-18696
-13002
-6791
-309
6187
12441
18204
23246
27366
30398
32222
32762
31995
29951
26709
22398
17189
11289
4935
-1619
-8112
-14281
-19879
-24678
-28486
-31147
-32552
-32643
-31416
-28917
-25247
-20553
-15023
-8882
-2378
4225
10659
16662
21989
26421
29777
31918
32756
32254
30432
27362
23169
18024
12137
5748
-879
-7473
-13762
-19485
-24407
-28323
-31070
-32533
-32650
-31414
-28875
-25136
-20353
-14721
-8475
-1874
4807
11292
17307
22602
26955
30182
32146
32765
32010
29911
26556
22083
16679
10571
4016
-2711
-9326
-15551
-21121
-25799
-29387
-31732
-32732
-32344
-30582
-27520
-23286
-18060
-12062
-5547
1206
7911
14280
20041
24947
28786
31393
32653
32513
30975
28105
24024
18906
12972
6476
-301
-7069
-13534
-19415
-24458
-28443
-31196
-32596
-32580
-31148
-28360
-24336
-19250
-13322
-6811
0
6813
13332
19269
24364
28393
31178
32594
32578
31129
28309
24241
19103
13120
6555
-301
-7147
-13680
-19609
-24671
-28641
-31340
-32648
-32505
-30916
-27948
-23735
-18460
-12360
-5706
1206
8067
14569
20421
25359
29162
31656
32728
32328
30473
27244
22786
17298
11027
4255
-2711
-9557
-15974
-21669
-26383
-29901
-32062
-32766
-31979
-29736
-26137
-21345
-15577
-9095
-2195
4807
11593
17850
23291
27666
30771
32464
32665
31362
28614
24546
19345
13249
6538
-477
-7473
-14125
-20126
-25196
-29098
-31650
-32732
-32292
-30349
-26991
-22374
-16712
-10266
-3339
3746
10659
17076
22694
27251
30530
32377
32702
31489
28793
24740
19519
13375
6597
-494
-7565
-14281
-20323
-25404
-29282
-31772
-32753
-32178
-30072
-26533
-21729
-15887
-9285
-2238
4919
11843
18204
23695
28052
31066
32589
32548
30942
27847
23411
17845
11416
4435
-2763
-9830
-16425
-22227
-26955
-30378
-32330
-32713
-31507
-28769
-24631
-19293
-13013
-6096
1120
8285
15047
21076
26077
29802
32068
32763
31850
29372
25451
20276
14101
7230
0
-7232
-14111
-20295
-25478
-29402
-31872
-32764
-32033
-29711
-25913
-20827
-14703
-7845
-595
6688
13640
19914
25196
29220
31785
32759
32093
29819
26047
20967
14832
7950
664
-6656
-13645
-19948
-25247
-29273
-31822
-32763
-32046
-29706
-25861
-20703
-14492
-7543
-209
7138
14125
20396
25629
29557
31977
32766
31880
29363
25342
20022
13674
6622
-771
-8129
-15071
-21240
-26318
-30042
-32219
-32734
-31559
-28754
-24461
-18901
-12360
-5177
2276
9615
16457
22447
27271
30678
32489
32608
31026
27825
23169
17302
10527
3199
-4298
-11573
-18244
-23960
-28419
-31387
-32705
-32302
-30198
-26501
-21406
-15179
-8148
-684
6817
13962
20369
25700
29668
32064
32757
31710
28975
24698
19103
12488
5205
-2358
-9798
-16717
-22745
-27557
-30894
-32577
-32513
-30703
-27244
-22319
-16192
-9191
-1693
5898
13175
19743
25247
29388
31941
32765
31816
29141
24884
19276
12618
5272
-2362
-9871
-16845
-22903
-27714
-31014
-32621
-32445
-30495
-26875
-21781
-15492
-8351
-749
6896
14165
20658
26016
29942
32220
32721
31417
28377
23767
17841
10926
3403
-4310
-11787
-18613
-24407
-28847
-31684
-32759
-32010
-29476
-25298
-19707
-13013
-5590
2148
9769
16845
22980
27828
31116
32659
32366
30254
26438
21133
14635
7310
-430
-8148
-15409
-21801
-26962
-30598
-32502
-32563
-30778
-27244
-22162
-15818
-8572
-836
6950
14343
20920
26305
30190
32350
32661
31103
27762
22829
16586
9388
1649
-6187
-13670
-20369
-25898
-29936
-32249
-32702
-31267
-28024
-23161
-16955
-9766
-2009
5867
13405
20168
25762
29860
32222
32709
31291
28049
23169
16936
9711
1916
-5992
-13553
-20323
-25904
-29968
-32275
-32687
-31179
-27837
-22855
-16527
-9222
-1372
6562
14111
20829
26318
30252
32397
32623
30916
27374
22206
15718
8294
373
-7571
-15067
-21669
-26980
-30683
-32556
-32483
-30469
-26631
-21197
-14492
-6916
1077
9009
16402
22811
27851
31216
32702
32218
29790
25564
19793
12824
5078
-2978
-10856
-18080
-24210
-28873
-31785
-32766
-31757
-28816
-24119
-17952
-10689
-2772
5316
13083
20053
25799
29968
32304
32662
31017
27469
22233
15630
8064
0
-8067
-15639
-22251
-27492
-31038
-32669
-32282
-29899
-25665
-19840
-12785
-4935
3223
11185
18454
24578
29176
31960
32754
31507
28295
23317
16881
9388
1306
-6859
-14599
-21426
-26913
-30713
-32587
-32415
-30206
-26096
-20343
-13307
-5431
2789
10837
18204
24423
29100
31937
32755
31498
28244
23199
16679
9099
938
-7285
-15047
-21854
-27271
-30951
-32659
-32282
-29844
-25497
-19519
-12290
-4271
4023
12062
19330
25359
29762
32252
32670
30984
27303
21861
15008
7184
-1105
-9326
-16947
-23474
-28484
-31650
-32766
-31757
-28687
-23753
-17274
-9670
-1435
6896
14781
21705
27215
30951
32666
32248
29720
25247
19119
11737
3583
-4807
-12886
-20121
-26035
-30239
-32455
-32534
-30469
-26395
-20578
-13400
-5336
3083
11302
18775
25007
29584
32200
32681
30992
27244
21684
14679
6695
-1736
-10055
-17706
-24178
-29038
-31959
-32744
-31340
-27837
-22468
-15592
-7668
771
9163
16942
23583
28641
31772
32764
31548
28203
22955
16155
8261
-193
-8637
-16499
-23246
-28419
-31667
-32766
-31641
-28366
-23161
-16378
-8479
0
8482
16388
23178
28387
31659
32766
31633
28334
23092
16267
8323
-193
-8699
-16610
-23382
-28547
-31748
-32764
-31521
-28105
-22748
-15818
-7793
771
9287
17161
23850
28887
31923
32744
31292
27666
22114
15023
6884
-1736
-10238
-18030
-24565
-29387
-32158
-32681
-30919
-26991
-21173
-13868
-5590
3083
11543
19194
25499
30012
32414
32534
30361
26047
19895
12336
3903
-4807
-13181
-20625
-26610
-30711
-32637
-32248
-29569
-24790
-18247
-10405
-1820
6896
15124
22277
27843
31423
32760
31757
28483
23169
16196
8060
-655
-9326
-17331
-24094
-29127
-32068
-32703
-30984
-27033
-21133
-13707
-5289
3511
12062
19743
25999
30374
32552
32371
29844
25150
18630
10754
2094
-6719
-15047
-22282
-27896
-31478
-32765
-31661
-28244
-22763
-15616
-7324
1506
10228
18204
24847
29668
32313
32585
30461
26096
19809
12062
3423
-5469
-13962
-21426
-27310
-31178
-32740
-31881
-28661
-23317
-16242
-7961
912
9721
17811
24578
29519
32265
32608
30520
26157
19840
12041
3339
-5613
-14150
-21629
-27492
-31296
-32755
-31758
-28377
-22863
-15630
-7219
1736
10564
18599
25234
29968
32443
32468
30041
25342
18725
10689
1842
-7147
-15598
-22868
-28404
-31785
-32751
-31227
-27327
-21345
-13736
-5078
3969
12717
20496
26712
30887
32702
32014
28875
23522
16364
7950
-1077
-10024
-18204
-24986
-29848
-32414
-32483
-30050
-25298
-18593
-10451
-1499
7571
16058
23305
28750
31969
32711
30916
26720
20449
12587
3744
-5391
-14111
-21734
-27666
-31442
-32766
-31533
-27837
-21964
-14372
-5653
3510
12401
20323
26654
30894
32710
31957
28692
23169
15822
7226
-1941
-10958
-19113
-25762
-30378
-32596
-32237
-29328
-24096
-16955
-8469
691
9799
18132
25028
29936
32465
32412
29778
24772
17791
9388
234
-8940
-17404
-24479
-29598
-32350
-32513
-30072
-25219
-18342
-9991
-836
8388
16942
24135
29387
32275
32563
30226
25451
18620
10283
1113
-8148
-16754
-24006
-29316
-32252
-32574
-30254
-25477
-18630
-10266
-1066
8222
16845
24098
29390
32286
32549
30156
25298
18372
9941
695
-8610
-17213
-24407
-29603
-32371
-32482
-29925
-24908
-17841
-9305
0
9307
17850
24924
29942
32491
32356
29546
24293
17028
8351
-1019
-10308
-18745
-25629
-30386
-32621
-32145
-28995
-23432
-15917
-7073
2362
11603
19879
26497
30903
32728
31816
28241
22301
14491
5464
-4023
-13175
-21224
-27492
-31451
-32766
-31324
-27244
-20868
-12732
-3519
5992
15001
22745
28568
31977
32682
30619
25962
19103
10622
1238
-8253
-17047
-24394
-29668
-32420
-32412
-29643
-24347
-16973
-8148
1373
10781
19269
26112
30723
32705
31886
28334
22351
14449
5304
-4298
-13534
-21608
-27826
-31650
-32749
-31026
-26627
-19930
-11510
-2094
7504
16457
23989
29446
32355
32460
29752
24461
17046
8148
-1459
-10942
-19477
-26318
-30870
-32732
-31742
-27983
-21780
-13674
-4371
5316
14541
22496
28484
31977
32669
30495
25645
18541
9807
209
-9410
-18204
-25397
-30356
-32640
-32046
-28625
-22675
-14721
-5464
4278
13645
21806
28038
31787
32719
30748
26047
19032
10324
695
-8997
-17892
-25196
-30256
-32621
-32077
-28669
-22701
-14703
-5389
4409
13816
21989
28193
31872
32694
30582
25725
18555
9715
0
-9718
-18563
-25739
-30598
-32699
-31850
-28126
-21861
-13619
-4144
5708
15047
23026
28920
32194
32549
29951
24631
17073
7961
-1876
-11547
-20168
-26955
-31287
-32766
-31257
-26894
-20073
-11416
-1713
8148
17267
24807
30076
32589
32113
28690
22632
14492
5018
-4919
-14407
-22570
-28657
-32104
-32591
-30072
-24775
-17189
-8012
1907
11653
20323
27113
31393
32763
31094
26539
19519
10683
852
-9060
-18132
-25519
-30530
-32697
-31816
-27965
-21503
-13031
-3339
6667
16052
23938
29584
32459
32292
29097
23169
15065
5543
-4501
-14125
-22423
-28612
-32108
-32578
-29977
-24546
-16798
-7461
2582
12385
21019
27666
31694
32721
30647
25665
18247
9095
-923
-10856
-19760
-26786
-31264
-32766
-31146
-26556
-19431
-10451
-470
9557
18675
26008
30855
32749
31507
27244
20368
11537
1595
-8501
-17784
-25359
-30497
-32702
-31758
-27754
-21074
-12360
-2451
7696
17103
24860
30215
32648
31922
28105
21563
12929
3039
-7147
-16643
-24525
-30025
-32607
-32016
-28309
-21844
-13249
-3359
6859
16412
24364
29939
32588
32050
28377
21924
13322
3413
-6833
-16412
-24382
-29960
-32596
-32028
-28309
-21804
-13150
-3199
7069
16643
24578
30089
32630
31946
28105
21482
12732
2719
-7565
-17103
-24947
-30318
-32680
-31797
-27754
-20951
-12062
-1970
8320
17784
25478
30633
32732
31565
27244
20200
11134
952
-9326
-18675
-26154
-31014
-32765
-31228
-26556
-19215
-9941
333
10578
19760
26955
31436
32749
30759
25665
17979
8475
-1887
-12062
-21019
-27851
-31864
-32650
-30126
-24546
-16475
-6728
3703
13762
22423
28806
32258
32427
29291
23169
14683
4696
-5772
-15653
-23938
-29777
-32571
-32033
-28214
-21503
-12587
-2378
8077
17706
25519
30711
32748
31416
26850
19519
10175
-219
-10594
-19879
-27113
-31549
-32726
-30520
-25157
-17189
-7439
3083
13289
22119
28657
32222
32441
29289
23092
14492
4381
-6187
-16114
-24364
-30076
-32652
-31820
-27666
-20619
-11416
-1017
9491
19008
26537
31287
32757
30792
25595
17709
7961
-2625
-12939
-21894
-28547
-32194
-32451
-29286
-23032
-14346
-4144
6498
16457
24678
30291
32699
31644
27238
19943
10531
0
-10533
-19951
-27251
-31656
-32694
-30254
-24592
-16309
-6286
4409
14637
23305
29487
32519
32077
28203
21312
12137
1660
-8997
-18692
-26385
-31248
-32757
-30748
-25434
-17383
-7461
3266
13645
22556
29038
32390
32248
28625
21909
12824
2351
-8378
-18204
-26061
-31098
-32765
-30880
-25645
-17625
-7689
3083
13524
22496
29023
32393
32235
28565
21780
12618
2077
-8692
-18516
-26318
-31245
-32755
-30681
-25247
-17046
-6975
3863
14280
23132
29446
32527
32033
28015
20915
11510
836
-9932
-19609
-27125
-31650
-32682
-30103
-24198
-15616
-5304
5596
15880
24407
30232
32705
31550
26894
19250
9465
-1373
-12062
-21411
-28379
-32188
-32412
-29022
-22395
-13267
-2656
8253
18244
26197
31222
32754
30619
25054
16679
6433
-4537
-15001
-23783
-29895
-32648
-31731
-27244
-19690
-9916
976
11762
21224
28293
32170
32415
28997
22301
13080
2378
-8595
-18599
-26497
-31393
-32729
-30352
-24528
-15917
-5494
5554
15974
24578
30386
32734
31352
26395
18425
8351
-2679
-13405
-22602
-29217
-32491
-32046
-27932
-20616
-10936
0
10939
20625
27944
32055
32482
29173
22507
13249
2462
-8610
-18692
-26622
-31481
-32707
-30156
-24119
-15293
-4696
6446
16845
25296
30817
32766
30916
25477
17079
6695
-4468
-15115
-24006
-30106
-32702
-31489
-26606
-18620
-8460
2689
13528
22788
29387
32552
31909
27532
19930
9991
-1120
-12103
-21669
-28693
-32350
-32208
-28280
-21025
-11295
-234
10856
20671
28052
32127
32412
28871
21921
12379
1372
-9799
-19815
-27487
-31906
-32545
-29328
-22632
-13249
-2291
8940
19113
27016
31708
32629
29666
23169
13911
2992
-8285
-18577
-26654
-31549
-32677
-29899
-23544
-14372
-3477
7836
18214
26411
31442
32702
30037
23764
14635
3744
-7598
-18030
-26293
-31393
-32711
-30086
-23833
-14703
-3796
7571
18026
26305
31405
32707
30050
23753
14577
3632
-7754
-18204
-26446
-31479
-32688
-29925
-23522
-14256
-3253
8148
18560
26712
31608
32650
29706
23135
13736
2656
-8751
-19090
-27095
-31785
-32581
-29385
-22585
-13013
-1842
9557
19786
27585
31994
32468
28947
21861
12081
809
-10564
-20637
-28166
-32219
-32293
-28377
-20951
-10932
440
11762
21629
28819
32437
32033
27653
19840
9561
-1907
-13142
-22745
-29519
-32621
-31661
-26755
-18514
-7961
3586
14689
23960
30239
32740
31148
25658
16955
6128
-5469
-16384
-25247
-30944
-32759
-30461
-24336
-15151
-4058
7546
18204
26572
31595
32638
29565
22763
13087
1756
-9798
-20118
-27896
-32148
-32332
-28424
-20915
-10754
771
12203
22088
29171
32552
31797
27001
18769
8148
-3511
-14727
-24069
-30346
-32754
-30984
-25260
-16309
-5272
6439
17331
26008
31359
32696
29845
23169
13521
2137
-9523
-19964
-27843
-32146
-32318
-28334
-20703
-10405
1234
12717
22564
29503
32637
31559
26407
17841
6968
-4807
-15965
-25058
-30909
-32757
-30361
-24028
-14577
-3233
8533
19194
27364
31977
32433
28669
21173
10917
-762
-12345
-22321
-29387
-32619
-31592
-26438
-17828
-6884
4961
16161
25247
31028
32744
30168
23635
13998
2522
-9287
-19879
-27860
-32179
-32265
-28105
-20242
-9711
2101
13640
23382
30040
32733
31103
25362
16267
5018
-6896
-17901
-26537
-31659
-32585
-29190
-21921
-11741
0
11743
21929
29201
32589
31641
26480
17791
6728
-5233
-16499
-25566
-31222
-32709
-29826
-22955
-13013
-1327
10537
20994
28641
32450
31909
27088
18630
7668
-4324
-15739
-25041
-30976
-32744
-30105
-23411
-13561
-1880
10055
20637
28436
32397
31982
27244
18822
7852
-4182
-15653
-25007
-30974
-32743
-30072
-23319
-13400
-1660
10308
20879
28612
32455
31881
26966
18377
7282
-4807
-16245
-25468
-31216
-32702
-29720
-22675
-12528
-664
11292
21705
29147
32596
31576
26225
17274
5950
-6193
-17489
-26383
-31650
-32564
-28995
-21433
-10917
1105
12978
23064
29968
32737
30984
24950
15465
3839
-8320
-19330
-27666
-32170
-32217
-27796
-19519
-8531
3643
15314
24860
30951
32739
29972
23032
12884
938
-11141
-21669
-29176
-32613
-31498
-25982
-16835
-5332
6918
18204
26944
31912
32410
28366
20343
9465
-2743
-14569
-24351
-30713
-32759
-30198
-23387
-13283
-1306
10856
21492
29100
32604
31507
25962
16748
5166
-7147
-18454
-27152
-32008
-32332
-28076
-19840
-8789
3510
15314
24947
31038
32720
29752
22551
12140
0
-12143
-22559
-29762
-32723
-31017
-24884
-15198
-3339
8998
20053
28242
32393
31908
26854
17952
6476
-5930
-17489
-26541
-31785
-32465
-28481
-20402
-9388
2978
14918
24714
30951
32730
29790
22554
12062
-172
-12385
-22811
-29942
-32746
-30813
-24421
-14492
-2462
9926
20879
28806
32556
31581
26021
16679
4912
-7571
-18956
-27585
-32200
-32127
-27374
-18630
-7167
5342
17076
26318
31719
32485
28504
20353
9222
-3259
-15267
-25041
-31147
-32687
-29434
-21861
-11077
1334
13553
23783
30517
32764
30189
23169
12736
423
-11953
-22570
-29860
-32743
-30792
-24293
-14202
-2009
10483
21426
29201
32652
31267
25247
15482
3419
-9153
-20369
-28563
-32514
-31633
-26047
-16586
-4654
7973
19415
27967
32350
31910
26709
17520
5712
-6950
-18577
-27428
-32179
-32116
-27244
-18292
-6597
6088
17864
26962
32015
32263
27666
18910
7310
-5391
-17284
-26579
-31872
-32366
-27983
-19380
-7852
4862
16845
26287
31760
32433
28203
19707
8226
-4501
-16550
-26094
-31684
-32472
-28334
-19895
-8434
4310
16402
26003
31651
32486
28377
19946
8475
-4288
-16402
-26016
-31662
-32478
-28334
-19861
-8351
4437
16550
26133
31717
32445
28203
19638
8060
-4756
-16845
-26351
-31812
-32386
-27983
-19276
-7602
5243
17284
26666
31941
32293
27666
18769
6975
-5898
-17864
-27071
-32095
-32157
-27244
-18113
-6176
6719
18577
27557
32265
31968
26709
17302
5205
-7702
-19415
-28111
-32434
-31710
-26047
-16326
-4058
8843
20369
28719
32588
31368
25247
15179
2736
-10137
-21426
-29364
-32705
-30922
-24293
-13853
-1238
11573
22570
30025
32764
30353
23169
12339
-434
-13142
-23783
-30678
-32739
-29638
-21861
-10632
2276
14829
25041
31296
32604
28754
20353
8727
-4282
-16616
-26318
-31849
-32328
-27676
-18630
-6622
6439
18480
27585
32302
31880
26381
16679
4318
-8734
-20396
-28806
-32620
-31227
-24845
-14492
-1820
11144
22329
29942
32763
30335
23047
12062
-859
-13645
-24243
-30951
-32688
-29173
-20967
-9388
3703
16202
26094
31785
32354
27709
18593
6476
-6688
-18775
-27832
-32393
-31718
-25913
-15915
-3339
9779
21317
29402
32723
30737
23764
12933
0
-12935
-23772
-30745
-32720
-29372
-21243
-9654
3510
16105
26077
31798
32332
27590
18342
6096
-7147
-19226
-28162
-32493
-31507
-25362
-15061
-2291
10856
22227
29953
32765
30198
22670
11416
-1716
-14569
-25028
-31370
-32548
-28366
-19509
-7435
5867
18204
27539
32330
31782
25982
15887
3163
-10086
-21669
-29667
-32753
-30413
-23032
-11831
1334
14281
24860
31312
32563
28403
19519
7387
-5976
-18347
-27666
-32377
-31693
-25725
-15465
-2622
10659
22164
29968
32766
30086
22374
10917
-2369
-15261
-25599
-31650
-32396
-27709
-18372
-5950
7473
19643
28516
32596
31195
24546
13765
664
-12550
-23653
-30771
-32702
-29116
-20616
-8634
4807
17440
27128
32230
31881
26137
15968
3092
-10308
-21966
-29901
-32766
-30072
-22272
-10689
2711
15653
25937
31812
32275
27244
17574
4908
-8595
-20637
-29162
-32712
-30681
-23411
-12140
1206
14349
25041
31451
32480
27948
18630
6117
-7445
-19735
-28641
-32634
-31026
-24089
-13013
301
13567
24501
31222
32570
28309
19172
6728
-6876
-19298
-28393
-32589
-31159
-24347
-13326
0
13328
24354
31166
32585
28360
19220
6748
-6896
-19347
-28443
-32604
-31103
-24198
-13087
301
13640
24608
31294
32533
28105
18778
6176
-7504
-19879
-28786
-32669
-30847
-23635
-12290
1206
14493
25247
31583
32389
27520
17828
5008
-8692
-20870
-29387
-32745
-30352
-22624
-10917
2711
15865
26229
31977
32094
26556
16335
3233
-10442
-22277
-30182
-32757
-29546
-21112
-8944
4807
17712
27483
32390
31559
25136
14256
845
-12717
-24026
-31070
-32598
-28334
-19032
-6345
7473
19964
28903
32697
30666
23169
11540
-2148
-15456
-26008
-31918
-32127
-26596
-16309
-3103
10659
22517
30346
32741
29270
20553
8148
-5719
-18563
-28078
-32552
-31179
-24202
-12874
771
14281
25223
31625
32332
27214
17189
4062
-9798
-21894
-30040
-32762
-29565
-21025
-8682
5233
18204
27882
32514
31257
24336
13002
-691
-14262
-25247
-31650
-32307
-27094
-16955
-3732
10171
22227
30239
32747
29289
20494
7961
-6025
-18915
-28356
-32621
-30929
-23586
-11931
1907
15400
26077
31982
32033
26215
15592
2109
-11762
-23479
-30889
-32629
-28377
-18910
-5966
8077
20637
29402
32756
30080
21861
9613
-4409
-17621
-27585
-32459
-31342
-24435
-13013
816
14497
25499
31785
32188
26631
16140
2656
-11322
-23203
-30782
-32650
-28456
-18976
-5969
8148
20755
29503
32763
29925
21514
9095
-5021
-18204
-27995
-32564
-31058
-23753
-12011
1977
15598
26305
32095
31880
25698
14703
952
-12978
-24480
-31393
-32418
-27360
-17165
-3744
10381
22559
30497
32702
28754
19394
6380
-7836
-20580
-29446
-32762
-29899
-21393
-8847
5370
18577
28275
32630
30814
23169
11138
-3003
-16579
-27016
-32334
-31523
-24733
-13249
751
14612
25700
31906
32048
26096
15179
1372
-12698
-24354
-31371
-32412
-27273
-16932
-3359
10856
23003
30758
32638
28280
18514
5205
-9101
-21669
-30089
-32747
-29131
-19930
-6905
7445
20371
29387
32762
29844
21189
8460
-5898
-19125
-28673
-32702
-30433
-22301
-9868
4468
17946
27963
32585
30916
23274
11134
-3159
-16845
-27275
-32428
-31305
-24119
-12260
1977
15833
26622
32247
31615
24845
13249
-923
-14918
-26016
-32055
-31858
-25461
-14105
0
14107
25468
31864
32046
25975
14832
792
-13405
-24986
-31684
-32188
-26395
-15435
-1452
12817
24578
31525
32292
26727
15917
1981
-12345
-24250
-31393
-32366
-26976
-16280
-2378
11993
24006
31293
32415
27148
16527
2644
-11762
-23850
-31230
-32442
-27244
-16660
-2779
11653
23783
31206
32451
27267
16679
2783
-11667
-23806
-31222
-32441
-27217
-16586
-2656
11803
23919
31277
32412
27094
16378
2398
-12062
-24120
-31370
-32361
-26894
-16056
-2009
12441
24407
31496
32285
26615
15616
1488
-12939
-24777
-31650
-32178
-26251
-15055
-836
13553
25223
31826
32033
25797
14372
52
-14280
-25739
-32015
-31841
-25247
-13561
863
15115
26318
32208
31592
24592
12618
-1908
-16052
-26950
-32393
-31276
-23823
-11540
3083
17085
27622
32556
30880
22932
10324
-4384
-18204
-28323
-32682
-30389
-21909
-8965
5807
19399
29038
32755
29790
20744
7461
-7347
-20658
-29748
-32757
-29067
-19428
-5811
8997
21966
30436
32669
28203
17952
4016
-10746
-23305
-31079
-32468
-27184
-16309
-2077
12583
24657
31656
32135
25992
14491
0
-14493
-25999
-32139
-31644
-24613
-12494
2208
16457
27304
32503
30975
23032
10317
-4537
-18454
-28547
-32719
-30103
-21238
-7961
6971
20458
29694
32757
29007
19220
5431
-9491
-22439
-30713
-32587
-27666
-16973
-2736
12073
24364
31568
32177
26060
14492
-108
-14689
-26197
-32222
-31498
-24174
-11781
3083
17304
27896
32634
30520
21996
8847
-6162
-19879
-29416
-32766
-29219
-19519
-5706
9311
22368
30711
32578
27570
16743
2378
-12491
-24723
-31732
-32033
-25558
-13674
1105
15653
26888
32428
31095
23169
10328
-4707
-18745
-28806
-32750
-29736
-20402
-6728
8378
21705
30414
32650
27932
17262
2911
-12062
-24465
-31651
-32083
-25665
-13765
1077
15692
26955
32455
31012
22932
9941
-5180
-19194
-29098
-32765
-29406
-19738
-5832
9326
22486
30817
32526
27244
16102
1495
-13436
-25478
-32035
-31693
-24521
-12062
2999
17416
28078
32680
30226
21243
7668
-7565
-21167
-30192
-32685
-28105
-17438
-2992
12103
24578
31727
31995
25321
13150
-1876
-16499
-27539
-32596
-30567
-21889
-8448
6833
20630
29936
32722
28377
17845
3419
-11753
-24364
-31659
-32040
-25423
-13249
1823
16499
27568
32607
30508
21729
8189
-7147
-20920
-30108
-32693
-28105
-17347
-2779
12401
24860
31856
31850
24838
12360
-2839
-17416
-28160
-32702
-30037
-20749
-6884
8501
22013
30668
32552
27244
15915
1066
-14020
-26008
-32243
-31342
-23500
-10451
4915
19194
29220
32766
29042
18871
4509
-10856
-23813
-31479
-32147
-25665
-13473
1720
16533
27666
32637
30335
21271
7461
-8015
-21705
-30552
-32578
-27327
-15968
-1038
14125
26133
32294
31228
23169
9920
-5554
-19786
-29584
-32748
-28565
-17970
-3339
12043
24723
31849
31816
24627
11897
-3511
-18132
-28673
-32755
-29458
-19519
-5177
10334
23516
31393
32182
25702
13414
-1907
-16800
-27896
-32682
-30072
-20653
-6555
9029
22570
30997
32395
26445
14492
-751
-15827
-27310
-32589
-30461
-21406
-7481
8148
21926
30713
32507
26894
15151
-48
-15238
-26955
-32522
-30664
-21804
-7961
7702
21608
30575
32549
27076
15403
202
-15047
-26852
-32503
-30703
-21861
-8002
7696
21629
30598
32538
27001
15255
0
-15257
-27007
-32541
-30582
-21579
-7602
8129
21989
30779
32468
26664
14703
-655
-15865
-27411
-32621
-30288
-20948
-6758
8997
22672
31098
32318
26047
13736
-1763
-16855
-28038
-32713
-29790
-19946
-5464
10289
23653
31516
32046
25116
12336
-3319
-18204
-28847
-32766
-29042
-18541
-3711
11987
24889
31977
31593
23823
10480
-5316
-19871
-29777
-32711
-27983
-16697
-1495
14059
26318
32404
30885
22114
8148
-7733
-21801
-30745
-32460
-26539
-14372
1180
16457
27860
32699
29832
19930
5325
-10537
-23916
-31650
-31910
-24631
-11530
4298
19113
29409
32747
28334
17210
2009
-13670
-26112
-32365
-30942
-22178
-8148
7817
21929
30833
32412
26285
13907
-1780
-17047
-28259
-32743
-29429
-19103
-4222
11667
24777
31977
31548
23586
9991
-5992
-20546
-30192
-32619
-27244
-15350
219
15739
27492
32660
30001
20149
5464
-10533
-24006
-31719
-31816
-24270
-10892
5106
19879
29873
32681
27625
15917
373
-15261
-27221
-32621
-30156
-20416
-5748
10308
23879
31684
31836
24293
10875
-5173
-19973
-29942
-32665
-27477
-15633
0
15636
27483
32666
29925
19920
5078
-10999
-24407
-31886
-31615
-23656
-9941
6193
20824
30386
32549
26782
14487
-1341
-16845
-28242
-32749
-29262
-18630
-3445
12583
25539
32252
31078
22301
8064
-8148
-22368
-31111
-32231
-25451
-12429
3643
18824
29387
32737
28047
16465
836
-15001
-27152
-32625
-30072
-20115
-5205
10989
24479
31937
31523
23335
9388
-6876
-21447
-30723
-32412
-26092
-13322
2743
18132
29038
32759
28371
16955
1338
-14612
-26944
-32596
-30164
-20247
-5304
10958
24501
31960
31477
23169
9099
-7236
-21774
-30894
-32323
-25702
-12676
3510
18824
29446
32724
27837
16000
166
-15711
-27666
-32707
-29572
-19041
-3744
12491
25602
32304
30916
21780
7184
-9215
-23305
-31551
-31880
-24205
-10451
5930
20824
30486
32483
26311
13518
-2679
-18204
-29147
-32749
-28098
-16364
-502
15488
27574
32702
29574
18976
3583
-12717
-25806
-32371
-30748
-21345
-6538
9926
23879
31785
31636
23467
9346
-7147
-21830
-30974
-32254
-25342
-11991
4409
19692
29968
32623
26976
14462
-1736
-17495
-28798
-32764
-28377
-16752
-852
15267
27492
32699
29554
18857
3339
-13034
-26077
-32450
-30520
-20777
-5712
10817
24578
32042
31291
22515
7961
-8637
-23021
-31496
-31881
-24075
-10079
6509
21426
30833
32307
25463
12062
-4448
-19815
-30076
-32585
-26689
-13907
2465
18204
29244
32732
27762
15616
-569
-16610
-28356
-32765
-28692
-17189
-1231
15047
27428
32699
29490
18630
2932
-13528
-26478
-32552
-30168
-19943
-4530
12062
25519
32337
30737
21133
6022
-10659
-24565
-32068
-31208
-22206
-7407
9326
23628
31760
31593
23169
8686
-8070
-22719
-31423
-31903
-24028
-9858
6896
21846
31070
32147
24790
10926
-5807
-21019
-30711
-32336
-25461
-11891
4807
20244
30356
32478
26047
12755
-3899
-19528
-30012
-32581
-26556
-13521
3083
18877
29687
32654
26991
14192
-2362
-18294
-29387
-32703
-27360
-14769
1736
17784
29119
32734
27666
15255
-1206
-17349
-28887
-32752
-27913
-15652
771
16993
28695
32761
28105
15962
-434
-16717
-28547
-32765
-28244
-16186
193
16523
28443
32766
28334
16326
-48
-16412
-28387
-32766
-28374
-16382
0
0
0
0
0
0
0
0
0
0
0
0
0
0
0
0
0
0
0
0
0
0
0
0
0
0
0
0
0
0
0
0
0
0
0
0
0
0
0
0
0
0
0
0
0
0
0
0
0
0
0
0
0
0
0
0
0
0
0
0
0
0
0
0
0
0
0
0
0
0
0
0
0
0
0
0
0
0
0
0
0
0
0
0
0
0
0
0
0
0
0
0
0
0
0
0
0
0
0
0
0
0
0
0
0
0
0
0
0
0
0
0
0
0
0
0
0
0
0
0
0
0
0
0
0
0
0
0
0
0
0
0
0
0
0
0
0
0
0
0
0
0
0
0
0
0
0
0
0
0
0
0
0
0
0
0
0
0
0
0
0
0
0
0
0
0
0
0
0
0
0
0
0
0
0
0
0
0
0
0
0
0
0
0
0
0
0
0
0
0
0
0
0
0
0
0
0
0
0
0
0
0
0
0
0
0
0
0
0
0
0
0
0
0
0
0
0
0
0
0
0
0
0
0
0
0
0
0
0
0
0
0
0
0
0
0
0
0
0
0
0
0
0
0
0
0
0
0
0
0
0
0
0
0
0
0
0
0
0
0
0
0
0
0
0
0
0
0
0
0
0
0
0
0
0
0
0
0
0
0
0
0
0
0
0
0
0
0
0
0
0
0
0
0
0
0
0
0
0
0
0
0
0
0
0
0
0
0
0
0
0
0
0
0
0
0
0
0
0
0
0
0
0
0
0
0
0
0
0
0
0
0
0
0
0
0
0
0
0
0
0
0
0
0
0
0
0
0
0
0
0
0
0
0
0
0
0
0
0
0
0
0
0
0
0
0
0
0
0
0
0
0
0
0
0
0
0
0
0
0
0
0
0
0
0
0
0
0
0
0
0
0
0
0
0
0
0
0
0
0
0
0
0
0
0
0
0
0
0
0
0
0
0
0
0
0
0
0
0
0
0
0
0
0
0
0
0
0
0
0
0
0
0
0
0
0
0
0
0
0
0
0
0
0
0
0
0
0
0
0
0
0
0
0
0
0
0
0
0
0
0
0
0
0
0
0
0
0
0
0
0
0
0
0
0
0
0
0
0
0
0
0
0
0
0
0
0
0
0
0
0
0
0
0
0
0
0
0
0
0
0
0
0
0
0
0
0
0
0
0
0
0
0
0
0
0
0
0
0
0
0
0
0
0
0
0
0
0
0
0
0
0
0
0
0
0
0
0
0
0
0
0
0
0
0
0
0
0
0
0
0
0
0
0
0
0
0
0
0
0
0
0
0
0
0
0
0
0
0
0
0
0
0
0
0
0
0
0
0
0
0
0
0
0
0
0
0
0
0
0
0
0
0
0
0
0
0
0
0
0
0
0
0
0
0
0
0
0
0
0
0
0
0
0
0
0
0
0
0
0
0
0
0
0
0
0
0
0
0
0
0
0
0
0
0
0
0
0
0
0
0
0
0
0
0
0
0
0
0
0
0
0
0
0
0
0
0
0
0
0
0
0
0
0
0
0
0
0
0
0
0
0
0
0
0
0
0
0
0
0
0
0
0
0
0
0
0
0
0
0
0
0
0
0
0
0
0
0
0
0
0
0
0
0
0
0
0
0
0
0
0
0
0
0
0
0
0
0
0
0
0
0
0
0
0
0
0
0
0
0
0
0
0
0
0
0
0
0
0
0
0
0
0
0
0
0
0
0
0
0
0
0
0
0
0
0
0
0
0
0
0
0
0
0
0
0
0
0
0
0
0
0
0
0
0
0
0
0
0
0
0
0
0
0
0
0
0
0
0
0
0
0
0
0
0
0
0
0
0
0
0
0
0
0
0
0
0
0
0
0
0
0
0
0
0
0
0
0
0
0
0
0
0
0
0
0
0
0
0
0
0
0
0
0
0
0
0
0
0
0
0
0
0
0
0
0
0
0
0
0
0
0
0
0
0
0
0
0
0
0
0
0
0
0
0
0
0
0
0
0
0
0
0
0
0
0
0
0
0
0
0
0
0
0
0
0
0
0
0
0
0
0
0
0
0
0
0
0
0
0
0
0
0
0
0
0
0
0
0
0
0
0
0
0
0
0
0
0
0
0
0
0
0
0
0
0
0
0
0
0
0
0
0
0
0
0
0
0
0
0
0
0
0
0
0
0
0
0
0
0
0
0
0
0
0
0
0
0
0
0
13106
12943
12458
11664
10581
9238
7669
5914
4020
2034
8
-2006
-3960
-5803
-7489
-8977
-10232
-11223
-11929
-12335
-12433
-12225
-11721
-10935
-9893
-8623
-7160
-5545
-3819
-2028
-216
1569
3286
4893
6353
7633
8705
9547
10145
10488
10576
10412
10007
9377
8542
7529
6368
5089
3728
2318
894
-507
-1857
-3125
-4284
-5311
-6187
-6898
-7434
-7789
-7962
-7958
-7782
-7447
-6965
-6355
-5634
-4823
-3943
-3015
-2061
-1102
-157
755
1618
2419
3143
3782
4328
4775
5119
5360
5498
5536
5477
5326
5090
4777
4393
3946
3447
2904
2325
1720
1098
468
-160
-779
-1381
-1956
-2498
-2997
-3447
-3842
-4174
-4439
-4631
-4747
-4783
-4737
-4609
-4400
-4110
-3745
-3308
-2806
-2246
-1639
-994
-323
362
1047
1721
2367
2974
3529
4018
4431
4759
4993
5128
5158
5083
4903
4620
4240
3770
3221
2602
1928
1212
470
-280
-1025
-1747
-2430
-3059
-3621
-4103
-4496
-4791
-4981
-5065
-5040
-4908
-4673
-4341
-3920
-3421
-2856
-2238
-1580
-899
-210
473
1134
1761
2339
2857
3306
3676
3961
4158
4264
4279
4206
4046
3808
3497
3123
2695
2224
1721
1198
667
139
-374
-863
-1318
-1731
-2094
-2402
-2650
-2837
-2959
-3018
-3016
-2955
-2839
-2674
-2465
-2219
-1945
-1648
-1337
-1019
-702
-393
-97
179
432
659
855
1021
1154
1257
1329
1374
1393
1392
1372
1340
1298
1251
1203
1156
1114
1079
1052
1033
1022
1017
1016
1016
1012
1002
980
941
880
794
678
529
346
127
-127
-416
-734
-1078
-1440
-1813
-2188
-2553
-2898
-3210
-3478
-3690
-3834
-3900
-3879
-3764
-3550
-3234
-2817
-2302
-1694
-1003
-242
573
1427
2299
3167
4008
4799
5515
6135
6635
6998
7206
7246
7108
6788
6285
5603
4753
3749
2610
1361
31
-1350
-2749
-4128
-5452
-6684
-7788
-8731
-9484
-10021
-10321
-10369
-10156
-9681
-8949
-7971
-6768
-5364
-3793
-2090
-297
1539
3373
5156
6841
8381
9733
10858
11723
12301
12571
12524
12154
11468
10479
9211
7692
5961
4061
2041
-45
-2146
-4204
-6164
-7975
-9586
-10954
-12042
-12819
-13263
-13363
-13114
-12523
-11605
-10385
-8896
-7177
-5276
-3244
-1136
990
3079
5073
6919
8568
9976
11107
11932
12431
12593
12417
11911
11093
9987
8628
7056
5317
3462
1542
-386
-2272
-4062
-5709
-7167
-8401
-9379
-10077
-10483
-10589
-10398
-9922
-9179
-8197
-7009
-5652
-4170
-2607
-1012
569
2091
3511
4789
5892
6792
7467
7902
8091
8035
7741
7225
6508
5616
4582
3440
2228
985
-249
-1439
-2547
-3542
-4396
-5085
-5594
-5909
-6026
-5947
-5678
-5233
-4630
-3892
-3045
-2118
-1143
-152
823
1752
2606
3358
3988
4476
4811
4983
4990
4835
4524
4071
3490
2802
2030
1199
336
-532
-1380
-2180
-2910
-3546
-4072
-4473
-4737
-4858
-4834
-4667
-4363
-3933
-3390
-2750
-2034
-1262
-457
358
1161
1929
2641
3278
3824
4263
4587
4787
4860
4804
4624
4325
3916
3410
2822
2166
1462
728
-17
-755
-1466
-2134
-2742
-3276
-3725
-4078
-4329
-4472
-4508
-4436
-4259
-3986
-3622
-3180
-2670
-2106
-1503
-875
-239
391
1001
1577
2105
2575
2976
3300
3542
3698
3766
3746
3641
3456
3197
2871
2489
2060
1597
1112
615
122
-357
-812
-1231
-1605
-1926
-2188
-2387
-2519
-2585
-2585
-2522
-2401
-2227
-2009
-1754
-1471
-1171
-863
-558
-264
8
254
465
637
766
851
891
889
848
773
671
548
413
275
142
23
-73
-142
-175
-168
-120
-29
103
275
480
711
959
1216
1468
1706
1915
2085
2205
2263
2252
2166
1998
1749
1419
1012
535
-1
-585
-1202
-1834
-2463
-3069
-3632
-4133
-4552
-4872
-5078
-5157
-5099
-4900
-4557
-4073
-3456
-2716
-1869
-934
66
1106
2159
3196
4187
5103
5916
6602
7136
7499
7677
7660
7443
7026
6416
5626
4671
3576
2366
1072
-272
-1633
-2973
-4256
-5447
-6513
-7424
-8155
-8683
-8994
-9077
-8929
-8552
-7955
-7154
-6169
-5026
-3755
-2390
-966
477
1904
3276
4558
5716
6721
7549
8179
8597
8796
8772
8530
8080
7437
6621
5656
4571
3397
2166
910
-335
-1541
-2676
-3714
-4632
-5409
-6031
-6489
-6776
-6892
-6842
-6634
-6280
-5797
-5202
-4517
-3762
-2960
-2134
-1305
-493
284
1010
1672
2260
2766
3185
3516
3759
3919
3998
4005
3947
3831
3667
3463
3227
2965
2684
2388
2082
1767
1446
1119
786
446
99
-254
-616
-984
-1357
-1732
-2103
-2466
-2813
-3137
-3429
-3678
-3874
-4009
-4073
-4057
-3955
-3762
-3475
-3095
-2624
-2068
-1438
-743
0
773
1558
2335
3080
3772
4388
4909
5315
5590
5723
5704
5528
5196
4713
4089
3337
2479
1535
532
-499
-1531
-2532
-3469
-4315
-5041
-5623
-6041
-6280
-6329
-6185
-5851
-5333
-4647
-3813
-2856
-1804
-692
445
1572
2650
3646
4525
5257
5817
6186
6349
6299
6037
5570
4912
4083
3109
2024
862
-336
-1533
-2686
-3755
-4704
-5498
-6109
-6515
-6698
-6650
-6370
-5865
-5150
-4247
-3184
-1995
-720
599
1919
3195
4382
5440
6330
7022
7490
7714
7684
7399
6864
6095
5113
3950
2641
1228
-244
-1727
-3174
-4537
-5771
-6834
-7691
-8313
-8678
-8774
-8594
-8145
-7438
-6496
-5348
-4030
-2583
-1054
508
2055
3538
4909
6126
7151
7951
8503
8791
8807
8554
8041
7288
6321
5172
3882
2493
1051
-396
-1802
-3123
-4318
-5349
-6186
-6807
-7194
-7342
-7250
-6928
-6393
-5667
-4783
-3774
-2678
-1538
-394
711
1741
2660
3438
4050
4479
4715
4754
4602
4271
3780
3153
2421
1617
777
-60
-860
-1587
-2210
-2702
-3041
-3212
-3207
-3025
-2674
-2166
-1524
-773
54
924
1797
2635
3400
4055
4568
4911
5062
5007
4738
4257
3573
2702
1671
512
-738
-2037
-3339
-4596
-5762
-6790
-7640
-8274
-8663
-8782
-8619
-8168
-7435
-6435
-5191
-3737
-2113
-368
1445
3272
5053
6732
8252
9562
10616
11377
11813
11907
11648
11039
10092
8832
7293
5518
3558
1471
-681
-2834
-4924
-6886
-8661
-10194
-11438
-12355
-12917
-13106
-12917
-12355
-11438
-10194
-8661
-6886
-4924
-2834
-681
1471
3558
5518
7293
8832
10092
11039
11648
11907
11813
11377
10616
9562
8252
6732
5053
3272
1445
-368
-2113
-3737
-5191
-6435
-7435
-8168
-8619
-8782
-8663
-8274
-7640
-6790
-5762
-4596
-3339
-2037
-738
512
1671
2702
3573
4257
4738
5007
5062
4911
4568
4055
3400
2635
1797
924
54
-773
-1524
-2166
-2674
-3025
-3207
-3212
-3041
-2702
-2210
-1587
-860
-60
777
1617
2421
3153
3780
4271
4602
4754
4715
4479
4050
3438
2660
1741
711
-394
-1538
-2678
-3774
-4783
-5667
-6393
-6928
-7250
-7342
-7194
-6807
-6186
-5349
-4318
-3123
-1802
-396
1051
2493
3882
5172
6321
7288
8041
8554
8807
8791
8503
7951
7151
6126
4909
3538
2055
508
-1054
-2583
-4030
-5348
-6496
-7438
-8145
-8594
-8774
-8678
-8313
-7691
-6834
-5771
-4537
-3174
-1727
-244
1228
2641
3950
5113
6095
6864
7399
7684
7714
7490
7022
6330
5440
4382
3195
1919
599
-720
-1995
-3184
-4247
-5150
-5865
-6370
-6650
-6698
-6515
-6109
-5498
-4704
-3755
-2686
-1533
-336
862
2024
3109
4083
4912
5570
6037
6299
6349
6186
5817
5257
4525
3646
2650
1572
445
-692
-1804
-2856
-3813
-4647
-5333
-5851
-6185
-6329
-6280
-6041
-5623
-5041
-4315
-3469
-2532
-1531
-499
532
1535
2479
3337
4089
4713
5196
5528
5704
5723
5590
5315
4909
4388
3772
3080
2335
1558
773
0
-743
-1438
-2068
-2624
-3095
-3475
-3762
-3955
-4057
-4073
-4009
-3874
-3678
-3429
-3137
-2813
-2466
-2103
-1732
-1357
-984
-616
-254
99
446
786
1119
1446
1767
2082
2388
2684
2965
3227
3463
3667
3831
3947
4005
3998
3919
3759
3516
3185
2766
2260
1672
1010
284
-493
-1305
-2134
-2960
-3762
-4517
-5202
-5797
-6280
-6634
-6842
-6892
-6776
-6489
-6031
-5409
-4632
-3714
-2676
-1541
-335
910
2166
3397
4571
5656
6621
7437
8080
8530
8772
8796
8597
8179
7549
6721
5716
4558
3276
1904
477
-966
-2390
-3755
-5026
-6169
-7154
-7955
-8552
-8929
-9077
-8994
-8683
-8155
-7424
-6513
-5447
-4256
-2973
-1633
-272
1072
2366
3576
4671
5626
6416
7026
7443
7660
7677
7499
7136
6602
5916
5103
4187
3196
2159
1106
66
-934
-1869
-2716
-3456
-4073
-4557
-4900
-5099
-5157
-5078
-4872
-4552
-4133
-3632
-3069
-2463
-1834
-1202
-585
-1
535
1012
1419
1749
1998
2166
2252
2263
2205
2085
1915
1706
1468
1216
959
711
480
275
103
-29
-120
-168
-175
-142
-73
23
142
275
413
548
671
773
848
889
891
851
766
637
465
254
8
-264
-558
-863
-1171
-1471
-1754
-2009
-2227
-2401
-2522
-2585
-2585
-2519
-2387
-2188
-1926
-1605
-1231
-812
-357
122
615
1112
1597
2060
2489
2871
3197
3456
3641
3746
3766
3698
3542
3300
2976
2575
2105
1577
1001
391
-239
-875
-1503
-2106
-2670
-3180
-3622
-3986
-4259
-4436
-4508
-4472
-4329
-4078
-3725
-3276
-2742
-2134
-1466
-755
-17
728
1462
2166
2822
3410
3916
4325
4624
4804
4860
4787
4587
4263
3824
3278
2641
1929
1161
358
-457
-1262
-2034
-2750
-3390
-3933
-4363
-4667
-4834
-4858
-4737
-4473
-4072
-3546
-2910
-2180
-1380
-532
336
1199
2030
2802
3490
4071
4524
4835
4990
4983
4811
4476
3988
3358
2606
1752
823
-152
-1143
-2118
-3045
-3892
-4630
-5233
-5678
-5947
-6026
-5909
-5594
-5085
-4396
-3542
-2547
-1439
-249
985
2228
3440
4582
5616
6508
7225
7741
8035
8091
7902
7467
6792
5892
4789
3511
2091
569
-1012
-2607
-4170
-5652
-7009
-8197
-9179
-9922
-10398
-10589
-10483
-10077
-9379
-8401
-7167
-5709
-4062
-2272
-386
1542
3462
5317
7056
8628
9987
11093
11911
12417
12593
12431
11932
11107
9976
8568
6919
5073
3079
990
-1136
-3244
-5276
-7177
-8896
-10385
-11605
-12523
-13114
-13363
-13263
-12819
-12042
-10954
-9586
-7975
-6164
-4204
-2146
-45
2041
4061
5961
7692
9211
10479
11468
12154
12524
12571
12301
11723
10858
9733
8381
6841
5156
3373
1539
-297
-2090
-3793
-5364
-6768
-7971
-8949
-9681
-10156
-10369
-10321
-10021
-9484
-8731
-7788
-6684
-5452
-4128
-2749
-1350
31
1361
2610
3749
4753
5603
6285
6788
7108
7246
7206
6998
6635
6135
5515
4799
4008
3167
2299
1427
573
-242
-1003
-1694
-2302
-2817
-3234
-3550
-3764
-3879
-3900
-3834
-3690
-3478
-3210
-2898
-2553
-2188
-1813
-1440
-1078
-734
-416
-127
127
346
529
678
794
880
941
980
1002
1012
1016
1016
1017
1022
1033
1052
1079
1114
1156
1203
1251
1298
1340
1372
1392
1393
1374
1329
1257
1154
1021
855
659
432
179
-97
-393
-702
-1019
-1337
-1648
-1945
-2219
-2465
-2674
-2839
-2955
-3016
-3018
-2959
-2837
-2650
-2402
-2094
-1731
-1318
-863
-374
139
667
1198
1721
2224
2695
3123
3497
3808
4046
4206
4279
4264
4158
3961
3676
3306
2857
2339
1761
1134
473
-210
-899
-1580
-2238
-2856
-3421
-3920
-4341
-4673
-4908
-5040
-5065
-4981
-4791
-4496
-4103
-3621
-3059
-2430
-1747
-1025
-280
470
1212
1928
2602
3221
3770
4240
4620
4903
5083
5158
5128
4993
4759
4431
4018
3529
2974
2367
1721
1047
362
-323
-994
-1639
-2246
-2806
-3308
-3745
-4110
-4400
-4609
-4737
-4783
-4747
-4631
-4439
-4174
-3842
-3447
-2997
-2498
-1956
-1381
-779
-160
468
1098
1720
2325
2904
3447
3946
4393
4777
5090
5326
5477
5536
5498
5360
5119
4775
4328
3782
3143
2419
1618
755
-157
-1102
-2061
-3015
-3943
-4823
-5634
-6355
-6965
-7447
-7782
-7958
-7962
-7789
-7434
-6898
-6187
-5311
-4284
-3125
-1857
-507
894
2318
3728
5089
6368
7529
8542
9377
10007
10412
10576
10488
10145
9547
8705
7633
6353
4893
3286
1569
-216
-2028
-3819
-5545
-7160
-8623
-9893
-10935
-11721
-12225
-12433
-12335
-11929
-11223
-10232
-8977
-7489
-5803
-3960
-2006
8
2034
4020
5914
7669
9238
10581
11664
12458
12943
0
0
0
0
0
0
0
0
0
0
0
0
0
0
0
0
0
0
0
0
0
0
0
0
0
0
0
0
0
0
0
0
0
0
0
0
0
0
0
0
0
0
0
0
0
0
0
0
0
0
0
0
0
0
0
0
0
0
0
0
0
0
0
0
0
0
0
0
0
0
0
0
0
0
0
0
0
0
0
0
0
0
0
0
0
0
0
0
0
0
0
0
0
0
0
0
0
0
0
0
0
0
0
0
0
0
0
0
0
0
0
0
0
0
0
0
0
0
0
0
0
0
0
0
0
0
0
0
0
0
0
0
0
0
0
3276
3255
3193
3090
2945
2761
2537
2276
1979
1647
1285
895
480
46
-402
-860
-1320
-1776
-2220
-2644
-3040
-3400
-3715
-3979
-4182
-4318
-4382
-4367
-4271
-4091
-3826
-3478
-3048
-2542
-1966
-1329
-641
86
839
1603
2363
3103
3804
4452
5030
5522
5915
6195
6353
6380
6271
6023
5636
5115
4465
3697
2825
1864
833
-246
-1352
-2460
-3544
-4578
-5539
-6401
-7141
-7739
-8178
-8442
-8520
-8405
-8096
-7593
-6905
-6041
-5018
-3857
-2580
-1216
204
1650
3088
4482
5799
7006
8071
8965
9666
10150
10403
10415
10180
9699
8981
8038
6889
5559
4078
2479
800
-919
-2638
-4313
-5904
-7370
-8673
-9779
-10659
-11289
-11649
-11730
-11525
-11038
-10278
-9262
-8014
-6563
-4945
-3198
-1366
504
2367
4176
5884
7447
8827
9987
10899
11537
11888
11940
11695
11158
10345
9276
7981
6494
4855
3106
1294
-533
-2328
-4045
-5639
-7070
-8301
-9304
-10053
-10533
-10735
-10657
-10307
-9697
-8849
-7789
-6552
-5172
-3692
-2153
-599
926
2382
3731
4938
5972
6810
7435
7835
8006
7951
7680
7209
6559
5756
4831
3817
2749
1661
590
-432
-1376
-2214
-2924
-3489
-3899
-4147
-4234
-4166
-3955
-3618
-3175
-2650
-2070
-1463
-855
-275
251
702
1059
1308
1438
1446
1332
1103
771
352
-132
-660
-1204
-1736
-2229
-2656
-2991
-3213
-3303
-3247
-3038
-2674
-2158
-1500
-717
168
1131
2140
3160
4156
5090
5926
6629
7167
7513
7645
7548
7212
6636
5828
4802
3581
2194
678
-925
-2571
-4211
-5794
-7270
-8591
-9714
-10596
-11206
-11516
-11509
-11176
-10518
-9547
-8283
-6756
-5004
-3074
-1017
1108
3244
5328
7299
9099
10673
11973
12959
13598
13868
13756
13263
12399
11185
9653
7845
5810
3605
1291
-1064
-3396
-5637
-7724
-9597
-11203
-12496
-13440
-14008
-14185
-13968
-13363
-12391
-11081
-9473
-7613
-5559
-3369
-1108
1157
3364
5448
7351
9020
10410
11484
12216
12590
12599
12250
11559
10552
9263
7737
6021
4171
2244
298
-1607
-3418
-5082
-6553
-7791
-8765
-9452
-9839
-9922
-9706
-9206
-8445
-7454
-6270
-4935
-3494
-1996
-490
978
2362
3623
4724
5634
6332
6802
7037
7037
6809
6370
5740
4947
4022
3000
1920
817
-269
-1304
-2255
-3093
-3794
-4338
-4714
-4914
-4937
-4789
-4482
-4031
-3457
-2784
-2038
-1247
-441
352
1107
1798
2404
2908
3296
3559
3694
3700
3583
3351
3018
2599
2112
1576
1012
440
-118
-648
-1132
-1556
-1910
-2186
-2381
-2493
-2525
-2482
-2372
-2204
-1991
-1743
-1474
-1196
-921
-658
-416
-201
-19
129
244
328
386
424
449
470
493
528
582
660
766
902
1069
1263
1480
1711
1947
2176
2387
2564
2695
2765
2763
2678
2501
2227
1855
1385
824
180
-531
-1294
-2089
-2892
-3677
-4419
-5090
-5665
-6119
-6429
-6576
-6547
-6330
-5921
-5323
-4542
-3592
-2493
-1270
45
1421
2817
4196
5515
6734
7814
8718
9414
9876
10082
10017
9677
9062
8181
7054
5705
4167
2480
686
-1165
-3023
-4836
-6553
-8123
-9500
-10643
-11517
-12093
-12351
-12281
-11880
-11157
-10128
-8819
-7264
-5504
-3587
-1565
507
2574
4577
6462
8177
9674
10914
11862
12493
12791
12748
12369
11664
10655
9372
7852
6138
4279
2327
335
-1640
-3546
-5333
-6953
-8365
-9534
-10431
-11039
-11345
-11347
-11051
-10471
-9630
-8556
-7283
-5852
-4304
-2686
-1042
581
2142
3598
4914
6059
7007
7739
8243
8513
8550
8362
7963
7373
6614
5716
4707
3622
2492
1350
230
-840
-1834
-2728
-3503
-4143
-4639
-4985
-5181
-5229
-5137
-4916
-4582
-4150
-3638
-3067
-2456
-1826
-1195
-580
0
535
1012
1423
1761
2023
2208
2318
2358
2331
2245
2109
1932
1722
1489
1242
989
739
498
272
65
-119
-278
-411
-518
-599
-656
-689
-701
-695
-672
-635
-586
-527
-459
-385
-306
-222
-135
-47
41
130
217
299
376
446
505
552
584
598
592
565
515
440
341
219
73
-91
-272
-466
-666
-867
-1062
-1244
-1406
-1539
-1638
-1695
-1705
-1664
-1569
-1418
-1212
-952
-643
-291
95
507
934
1364
1784
2180
2539
2848
3095
3270
3363
3368
3280
3098
2822
2457
2009
1487
905
276
-382
-1054
-1720
-2361
-2958
-3493
-3951
-4315
-4574
-4718
-4741
-4640
-4416
-4072
-3616
-3060
-2418
-1706
-942
-148
654
1445
2201
2903
3532
4070
4504
4821
5015
5081
5017
4828
4520
4102
3588
2991
2331
1626
894
157
-565
-1256
-1897
-2473
-2971
-3381
-3695
-3909
-4023
-4036
-3955
-3785
-3537
-3221
-2849
-2434
-1991
-1532
-1071
-620
-188
213
578
901
1179
1410
1594
1734
1833
1896
1927
1933
1919
1891
1855
1814
1771
1729
1689
1649
1608
1564
1511
1447
1365
1261
1131
969
774
543
275
-26
-361
-722
-1104
-1499
-1895
-2283
-2650
-2985
-3274
-3506
-3669
-3755
-3755
-3664
-3478
-3197
-2823
-2364
-1825
-1220
-562
132
847
1561
2256
2912
3510
4031
4459
4781
4986
5065
5015
4835
4529
4104
3570
2943
2238
1475
675
-138
-944
-1718
-2441
-3091
-3650
-4106
-4445
-4660
-4746
-4705
-4539
-4257
-3869
-3390
-2836
-2225
-1579
-917
-260
372
962
1492
1950
2324
2606
2793
2885
2883
2793
2626
2392
2105
1779
1431
1076
730
406
118
-122
-310
-439
-506
-512
-462
-362
-220
-49
138
331
513
670
791
864
879
829
712
525
272
-41
-407
-814
-1246
-1688
-2122
-2530
-2894
-3195
-3417
-3546
-3572
-3485
-3281
-2960
-2525
-1986
-1353
-643
124
927
1743
2544
3306
4003
4609
5105
5469
5687
5747
5644
5375
4945
4364
3644
2807
1873
871
-171
-1223
-2252
-3227
-4119
-4900
-5545
-6033
-6350
-6485
-6432
-6194
-5778
-5195
-4464
-3608
-2653
-1628
-566
499
1537
2515
3403
4174
4805
5279
5582
5708
5655
5427
5036
4497
3829
3058
2211
1317
409
-483
-1331
-2104
-2779
-3334
-3751
-4021
-4135
-4093
-3901
-3568
-3110
-2547
-1901
-1198
-467
263
966
1614
2181
2646
2992
3204
3276
3204
2992
2646
2181
1614
966
263
-467
-1198
-1901
-2547
-3110
-3568
-3901
-4093
-4135
-4021
-3751
-3334
-2779
-2104
-1331
-483
409
1317
2211
3058
3829
4497
5036
5427
5655
5708
5582
5279
4805
4174
3403
2515
1537
499
-566
-1628
-2653
-3608
-4464
-5195
-5778
-6194
-6432
-6485
-6350
-6033
-5545
-4900
-4119
-3227
-2252
-1223
-171
871
1873
2807
3644
4364
4945
5375
5644
5747
5687
5469
5105
4609
4003
3306
2544
1743
927
124
-643
-1353
-1986
-2525
-2960
-3281
-3485
-3572
-3546
-3417
-3195
-2894
-2530
-2122
-1688
-1246
-814
-407
-41
272
525
712
829
879
864
791
670
513
331
138
-49
-220
-362
-462
-512
-506
-439
-310
-122
118
406
730
1076
1431
1779
2105
2392
2626
2793
2883
2885
2793
2606
2324
1950
1492
962
372
-260
-917
-1579
-2225
-2836
-3390
-3869
-4257
-4539
-4705
-4746
-4660
-4445
-4106
-3650
-3091
-2441
-1718
-944
-138
675
1475
2238
2943
3570
4104
4529
4835
5015
5065
4986
4781
4459
4031
3510
2912
2256
1561
847
132
-562
-1220
-1825
-2364
-2823
-3197
-3478
-3664
-3755
-3755
-3669
-3506
-3274
-2985
-2650
-2283
-1895
-1499
-1104
-722
-361
-26
275
543
774
969
1131
1261
1365
1447
1511
1564
1608
1649
1689
1729
1771
1814
1855
1891
1919
1933
1927
1896
1833
1734
1594
1410
1179
901
578
213
-188
-620
-1071
-1532
-1991
-2434
-2849
-3221
-3537
-3785
-3955
-4036
-4023
-3909
-3695
-3381
-2971
-2473
-1897
-1256
-565
157
894
1626
2331
2991
3588
4102
4520
4828
5017
5081
5015
4821
4504
4070
3532
2903
2201
1445
654
-148
-942
-1706
-2418
-3060
-3616
-4072
-4416
-4640
-4741
-4718
-4574
-4315
-3951
-3493
-2958
-2361
-1720
-1054
-382
276
905
1487
2009
2457
2822
3098
3280
3368
3363
3270
3095
2848
2539
2180
1784
1364
934
507
95
-291
-643
-952
-1212
-1418
-1569
-1664
-1705
-1695
-1638
-1539
-1406
-1244
-1062
-867
-666
-466
-272
-91
73
219
341
440
515
565
592
598
584
552
505
446
376
299
217
130
41
-47
-135
-222
-306
-385
-459
-527
-586
-635
-672
-695
-701
-689
-656
-599
-518
-411
-278
-119
65
272
498
739
989
1242
1489
1722
1932
2109
2245
2331
2358
2318
2208
2023
1761
1423
1012
535
0
-580
-1195
-1826
-2456
-3067
-3638
-4150
-4582
-4916
-5137
-5229
-5181
-4985
-4639
-4143
-3503
-2728
-1834
-840
230
1350
2492
3622
4707
5716
6614
7373
7963
8362
8550
8513
8243
7739
7007
6059
4914
3598
2142
581
-1042
-2686
-4304
-5852
-7283
-8556
-9630
-10471
-11051
-11347
-11345
-11039
-10431
-9534
-8365
-6953
-5333
-3546
-1640
335
2327
4279
6138
7852
9372
10655
11664
12369
12748
12791
12493
11862
10914
9674
8177
6462
4577
2574
507
-1565
-3587
-5504
-7264
-8819
-10128
-11157
-11880
-12281
-12351
-12093
-11517
-10643
-9500
-8123
-6553
-4836
-3023
-1165
686
2480
4167
5705
7054
8181
9062
9677
10017
10082
9876
9414
8718
7814
6734
5515
4196
2817
1421
45
-1270
-2493
-3592
-4542
-5323
-5921
-6330
-6547
-6576
-6429
-6119
-5665
-5090
-4419
-3677
-2892
-2089
-1294
-531
180
824
1385
1855
2227
2501
2678
2763
2765
2695
2564
2387
2176
1947
1711
1480
1263
1069
902
766
660
582
528
493
470
449
424
386
328
244
129
-19
-201
-416
-658
-921
-1196
-1474
-1743
-1991
-2204
-2372
-2482
-2525
-2493
-2381
-2186
-1910
-1556
-1132
-648
-118
440
1012
1576
2112
2599
3018
3351
3583
3700
3694
3559
3296
2908
2404
1798
1107
352
-441
-1247
-2038
-2784
-3457
-4031
-4482
-4789
-4937
-4914
-4714
-4338
-3794
-3093
-2255
-1304
-269
817
1920
3000
4022
4947
5740
6370
6809
7037
7037
6802
6332
5634
4724
3623
2362
978
-490
-1996
-3494
-4935
-6270
-7454
-8445
-9206
-9706
-9922
-9839
-9452
-8765
-7791
-6553
-5082
-3418
-1607
298
2244
4171
6021
7737
9263
10552
11559
12250
12599
12590
12216
11484
10410
9020
7351
5448
3364
1157
-1108
-3369
-5559
-7613
-9473
-11081
-12391
-13363
-13968
-14185
-14008
-13440
-12496
-11203
-9597
-7724
-5637
-3396
-1064
1291
3605
5810
7845
9653
11185
12399
13263
13756
13868
13598
12959
11973
10673
9099
7299
5328
3244
1108
-1017
-3074
-5004
-6756
-8283
-9547
-10518
-11176
-11509
-11516
-11206
-10596
-9714
-8591
-7270
-5794
-4211
-2571
-925
678
2194
3581
4802
5828
6636
7212
7548
7645
7513
7167
6629
5926
5090
4156
3160
2140
1131
168
-717
-1500
-2158
-2674
-3038
-3247
-3303
-3213
-2991
-2656
-2229
-1736
-1204
-660
-132
352
771
1103
1332
1446
1438
1308
1059
702
251
-275
-855
-1463
-2070
-2650
-3175
-3618
-3955
-4166
-4234
-4147
-3899
-3489
-2924
-2214
-1376
-432
590
1661
2749
3817
4831
5756
6559
7209
7680
7951
8006
7835
7435
6810
5972
4938
3731
2382
926
-599
-2153
-3692
-5172
-6552
-7789
-8849
-9697
-10307
-10657
-10735
-10533
-10053
-9304
-8301
-7070
-5639
-4045
-2328
-533
1294
3106
4855
6494
7981
9276
10345
11158
11695
11940
11888
11537
10899
9987
8827
7447
5884
4176
2367
504
-1366
-3198
-4945
-6563
-8014
-9262
-10278
-11038
-11525
-11730
-11649
-11289
-10659
-9779
-8673
-7370
-5904
-4313
-2638
-919
800
2479
4078
5559
6889
8038
8981
9699
10180
10415
10403
10150
9666
8965
8071
7006
5799
4482
3088
1650
204
-1216
-2580
-3857
-5018
-6041
-6905
-7593
-8096
-8405
-8520
-8442
-8178
-7739
-7141
-6401
-5539
-4578
-3544
-2460
-1352
-246
833
1864
2825
3697
4465
5115
5636
6023
6271
6380
6353
6195
5915
5522
5030
4452
3804
3103
2363
1603
839
86
-641
-1329
-1966
-2542
-3048
-3478
-3826
-4091
-4271
-4367
-4382
-4318
-4182
-3979
-3715
-3400
-3040
-2644
-2220
-1776
-1320
-860
-402
46
480
895
1285
1647
1979
2276
2537
2761
2945
3090
3193
3255
0
0
0
0
0
0
0
0
0
0
0
0
0
0
0
0
0
0
0
0
0
0
0
0
0
0
0
0
0
0
0
0
0
0
0
0
0
0
0
0
0
0
0
0
0
0
0
0
0
0
0
0
0
0
0
0
0
0
0
0
0
0
0
0
0
0
0
0
0
0
0
0
0
0
0
0
0
0
0
0
0
0
0
0
0
0
0
0
0
0
0
0
0
0
0
0
0
0
0
0
0
0
0
0
0
0
0
0
0
0
0
0
0
0
0
0
0
0
0
0
0
0
0
0
0
0
0
0
0
0
0
0
0
0
0
3276
3253
3182
3063
2898
2685
2425
2119
1769
1376
945
479
-14
-531
-1060
-1593
-2119
-2626
-3101
-3531
-3904
-4206
-4425
-4551
-4575
-4490
-4293
-3980
-3555
-3022
-2390
-1671
-880
-34
844
1735
2612
3452
4230
4921
5502
5954
6259
6402
6375
6173
5795
5247
4539
3687
2710
1635
488
-699
-1894
-3061
-4168
-5180
-6066
-6799
-7353
-7710
-7855
-7780
-7483
-6970
-6251
-5345
-4275
-3068
-1760
-385
1015
2403
3736
4977
6088
7035
7790
8329
8635
8698
8513
8085
7425
6551
5487
4263
2914
1479
-1
-1484
-2926
-4287
-5526
-6609
-7504
-8186
-8637
-8842
-8799
-8508
-7979
-7229
-6281
-5162
-3906
-2549
-1131
306
1723
3080
4338
5463
6426
7200
7767
8113
8232
8125
7798
7263
6539
5651
4625
3493
2288
1045
-199
-1413
-2563
-3618
-4554
-5347
-5980
-6440
-6720
-6818
-6738
-6486
-6076
-5524
-4850
-4076
-3226
-2326
-1400
-474
427
1283
2075
2784
3398
3905
4300
4578
4739
4787
4726
4566
4315
3986
3590
3142
2655
2142
1614
1085
563
59
-419
-867
-1279
-1652
-1983
-2271
-2515
-2717
-2876
-2993
-3070
-3106
-3104
-3063
-2984
-2868
-2713
-2520
-2290
-2023
-1720
-1382
-1012
-614
-191
250
704
1164
1619
2062
2483
2870
3215
3508
3738
3898
3980
3980
3893
3718
3456
3109
2684
2189
1632
1026
386
-274
-939
-1592
-2216
-2794
-3313
-3758
-4116
-4379
-4540
-4593
-4538
-4375
-4109
-3748
-3300
-2779
-2197
-1572
-918
-253
404
1040
1638
2184
2665
3072
3396
3634
3782
3840
3812
3702
3516
3265
2958
2606
2220
1813
1395
977
570
180
-184
-518
-820
-1086
-1316
-1513
-1678
-1814
-1926
-2018
-2093
-2156
-2209
-2255
-2295
-2327
-2352
-2366
-2365
-2344
-2298
-2220
-2105
-1946
-1738
-1478
-1162
-791
-366
109
629
1184
1763
2353
2939
3504
4029
4498
4891
5192
5385
5456
5394
5192
4846
4357
3729
2971
2098
1128
83
-1011
-2128
-3235
-4302
-5297
-6189
-6949
-7551
-7971
-8191
-8199
-7988
-7556
-6909
-6059
-5025
-3830
-2505
-1084
394
1891
3363
4769
6067
7217
8186
8943
9462
9726
9724
9453
8917
8129
7109
5884
4488
2960
1344
-315
-1968
-3569
-5069
-6425
-7597
-8550
-9257
-9696
-9855
-9729
-9321
-8646
-7724
-6582
-5256
-3786
-2217
-596
1026
2602
4085
5429
6595
7549
8262
8715
8897
8804
8441
7822
6968
5910
4681
3322
1877
392
-1084
-2506
-3829
-5011
-6017
-6815
-7382
-7702
-7767
-7576
-7139
-6471
-5597
-4545
-3352
-2058
-704
662
1999
3262
4411
5408
6223
6828
7206
7345
7241
6899
6329
5552
4592
3481
2254
951
-386
-1716
-2997
-4187
-5250
-6153
-6867
-7370
-7648
-7692
-7501
-7080
-6443
-5610
-4605
-3459
-2207
-886
464
1805
3098
4304
5390
6324
7080
7639
7985
8110
8012
7696
7171
6454
5566
4533
3385
2153
871
-424
-1702
-2927
-4067
-5096
-5988
-6721
-7281
-7656
-7839
-7829
-7630
-7251
-6704
-6005
-5174
-4234
-3208
-2124
-1007
116
1221
2282
3276
4184
4987
5670
6221
6632
6896
7012
6980
6804
6491
6049
5491
4828
4075
3250
2368
1447
506
-436
-1365
-2261
-3109
-3892
-4596
-5209
-5719
-6117
-6395
-6548
-6572
-6467
-6234
-5876
-5400
-4813
-4127
-3354
-2509
-1608
-669
288
1245
2181
3075
3910
4664
5322
5868
6288
6572
6712
6703
6546
6242
5797
5221
4527
3731
2852
1910
929
-68
-1057
-2013
-2912
-3733
-4456
-5063
-5539
-5873
-6060
-6095
-5981
-5722
-5327
-4811
-4188
-3478
-2702
-1883
-1045
-211
594
1351
2039
2641
3143
3533
3805
3957
3989
3907
3719
3436
3074
2650
2182
1690
1193
710
258
-144
-487
-757
-950
-1060
-1087
-1037
-915
-733
-503
-241
36
312
567
786
953
1053
1076
1013
862
621
295
-107
-576
-1096
-1649
-2213
-2766
-3285
-3747
-4130
-4411
-4574
-4603
-4487
-4221
-3802
-3235
-2529
-1699
-764
252
1322
2416
3500
4542
5506
6363
7079
7630
7992
8147
8084
7797
7288
6563
5638
4533
3276
1898
436
-1071
-2582
-4054
-5446
-6716
-7829
-8750
-9452
-9912
-10116
-10056
-9731
-9149
-8325
-7279
-6041
-4644
-3127
-1530
101
1723
3292
4765
6102
7268
8234
8976
9476
9724
9718
9462
8969
8256
7348
6275
5069
3768
2410
1033
-322
-1621
-2830
-3918
-4861
-5639
-6237
-6647
-6868
-6903
-6763
-6460
-6015
-5449
-4788
-4058
-3286
-2500
-1724
-981
-294
322
856
1297
1643
1893
2053
2130
2137
2087
1996
1882
1760
1647
1558
1505
1497
1541
1638
1787
1982
2215
2472
2739
2997
3228
3411
3527
3558
3488
3303
2994
2556
1989
1298
492
-411
-1393
-2429
-3489
-4542
-5554
-6491
-7318
-8003
-8515
-8828
-8920
-8777
-8389
-7754
-6879
-5777
-4469
-2983
-1355
375
2162
3958
5712
7373
8892
10220
11316
12141
12666
12867
12731
12253
11439
10304
8873
7179
5264
3177
973
-1288
-3547
-5741
-7809
-9691
-11336
-12694
-13726
-14402
-14699
-14607
-14127
-13270
-12057
-10521
-8702
-6651
-4424
-2080
313
2694
4995
7153
9109
10812
12214
13280
13982
14303
14237
13791
12978
11826
10371
8654
6729
4649
2476
270
-1905
-3991
-5930
-7671
-9169
-10386
-11293
-11871
-12111
-12012
-11584
-10848
-9831
-8569
-7103
-5481
-3753
-1971
-188
1543
3176
4665
5972
7063
7914
8507
8833
8892
8690
8243
7572
6707
5679
4526
3289
2008
724
-522
-1694
-2757
-3684
-4449
-5036
-5433
-5635
-5645
-5469
-5124
-4626
-4000
-3272
-2473
-1631
-780
52
836
1546
2160
2660
3032
3268
3365
3324
3153
2863
2469
1990
1447
864
265
-326
-887
-1396
-1834
-2184
-2434
-2576
-2605
-2523
-2334
-2045
-1670
-1223
-723
-189
356
894
1402
1861
2253
2564
2780
2893
2899
2796
2589
2283
1890
1423
899
337
-243
-822
-1378
-1890
-2342
-2716
-2999
-3180
-3253
-3215
-3066
-2811
-2459
-2022
-1514
-953
-358
250
851
1423
1948
2407
2784
3066
3243
3309
3262
3104
2839
2478
2031
1515
948
349
-261
-863
-1434
-1955
-2408
-2778
-3051
-3220
-3276
-3220
-3051
-2778
-2408
-1955
-1434
-863
-261
349
948
1515
2031
2478
2839
3104
3262
3309
3243
3066
2784
2407
1948
1423
851
250
-358
-953
-1514
-2022
-2459
-2811
-3066
-3215
-3253
-3180
-2999
-2716
-2342
-1890
-1378
-822
-243
337
899
1423
1890
2283
2589
2796
2899
2893
2780
2564
2253
1861
1402
894
356
-189
-723
-1223
-1670
-2045
-2334
-2523
-2605
-2576
-2434
-2184
-1834
-1396
-887
-326
265
864
1447
1990
2469
2863
3153
3324
3365
3268
3032
2660
2160
1546
836
52
-780
-1631
-2473
-3272
-4000
-4626
-5124
-5469
-5645
-5635
-5433
-5036
-4449
-3684
-2757
-1694
-522
724
2008
3289
4526
5679
6707
7572
8243
8690
8892
8833
8507
7914
7063
5972
4665
3176
1543
-188
-1971
-3753
-5481
-7103
-8569
-9831
-10848
-11584
-12012
-12111
-11871
-11293
-10386
-9169
-7671
-5930
-3991
-1905
270
2476
4649
6729
8654
10371
11826
12978
13791
14237
14303
13982
13280
12214
10812
9109
7153
4995
2694
313
-2080
-4424
-6651
-8702
-10521
-12057
-13270
-14127
-14607
-14699
-14402
-13726
-12694
-11336
-9691
-7809
-5741
-3547
-1288
973
3177
5264
7179
8873
10304
11439
12253
12731
12867
12666
12141
11316
10220
8892
7373
5712
3958
2162
375
-1355
-2983
-4469
-5777
-6879
-7754
-8389
-8777
-8920
-8828
-8515
-8003
-7318
-6491
-5554
-4542
-3489
-2429
-1393
-411
492
1298
1989
2556
2994
3303
3488
3558
3527
3411
3228
2997
2739
2472
2215
1982
1787
1638
1541
1497
1505
1558
1647
1760
1882
1996
2087
2137
2130
2053
1893
1643
1297
856
322
-294
-981
-1724
-2500
-3286
-4058
-4788
-5449
-6015
-6460
-6763
-6903
-6868
-6647
-6237
-5639
-4861
-3918
-2830
-1621
-322
1033
2410
3768
5069
6275
7348
8256
8969
9462
9718
9724
9476
8976
8234
7268
6102
4765
3292
1723
101
-1530
-3127
-4644
-6041
-7279
-8325
-9149
-9731
-10056
-10116
-9912
-9452
-8750
-7829
-6716
-5446
-4054
-2582
-1071
436
1898
3276
4533
5638
6563
7288
7797
8084
8147
7992
7630
7079
6363
5506
4542
3500
2416
1322
252
-764
-1699
-2529
-3235
-3802
-4221
-4487
-4603
-4574
-4411
-4130
-3747
-3285
-2766
-2213
-1649
-1096
-576
-107
295
621
862
1013
1076
1053
953
786
567
312
36
-241
-503
-733
-915
-1037
-1087
-1060
-950
-757
-487
-144
258
710
1193
1690
2182
2650
3074
3436
3719
3907
3989
3957
3805
3533
3143
2641
2039
1351
594
-211
-1045
-1883
-2702
-3478
-4188
-4811
-5327
-5722
-5981
-6095
-6060
-5873
-5539
-5063
-4456
-3733
-2912
-2013
-1057
-68
929
1910
2852
3731
4527
5221
5797
6242
6546
6703
6712
6572
6288
5868
5322
4664
3910
3075
2181
1245
288
-669
-1608
-2509
-3354
-4127
-4813
-5400
-5876
-6234
-6467
-6572
-6548
-6395
-6117
-5719
-5209
-4596
-3892
-3109
-2261
-1365
-436
506
1447
2368
3250
4075
4828
5491
6049
6491
6804
6980
7012
6896
6632
6221
5670
4987
4184
3276
2282
1221
116
-1007
-2124
-3208
-4234
-5174
-6005
-6704
-7251
-7630
-7829
-7839
-7656
-7281
-6721
-5988
-5096
-4067
-2927
-1702
-424
871
2153
3385
4533
5566
6454
7171
7696
8012
8110
7985
7639
7080
6324
5390
4304
3098
1805
464
-886
-2207
-3459
-4605
-5610
-6443
-7080
-7501
-7692
-7648
-7370
-6867
-6153
-5250
-4187
-2997
-1716
-386
951
2254
3481
4592
5552
6329
6899
7241
7345
7206
6828
6223
5408
4411
3262
1999
662
-704
-2058
-3352
-4545
-5597
-6471
-7139
-7576
-7767
-7702
-7382
-6815
-6017
-5011
-3829
-2506
-1084
392
1877
3322
4681
5910
6968
7822
8441
8804
8897
8715
8262
7549
6595
5429
4085
2602
1026
-596
-2217
-3786
-5256
-6582
-7724
-8646
-9321
-9729
-9855
-9696
-9257
-8550
-7597
-6425
-5069
-3569
-1968
-315
1344
2960
4488
5884
7109
8129
8917
9453
9724
9726
9462
8943
8186
7217
6067
4769
3363
1891
394
-1084
-2505
-3830
-5025
-6059
-6909
-7556
-7988
-8199
-8191
-7971
-7551
-6949
-6189
-5297
-4302
-3235
-2128
-1011
83
1128
2098
2971
3729
4357
4846
5192
5394
5456
5385
5192
4891
4498
4029
3504
2939
2353
1763
1184
629
109
-366
-791
-1162
-1478
-1738
-1946
-2105
-2220
-2298
-2344
-2365
-2366
-2352
-2327
-2295
-2255
-2209
-2156
-2093
-2018
-1926
-1814
-1678
-1513
-1316
-1086
-820
-518
-184
180
570
977
1395
1813
2220
2606
2958
3265
3516
3702
3812
3840
3782
3634
3396
3072
2665
2184
1638
1040
404
-253
-918
-1572
-2197
-2779
-3300
-3748
-4109
-4375
-4538
-4593
-4540
-4379
-4116
-3758
-3313
-2794
-2216
-1592
-939
-274
386
1026
1632
2189
2684
3109
3456
3718
3893
3980
3980
3898
3738
3508
3215
2870
2483
2062
1619
1164
704
250
-191
-614
-1012
-1382
-1720
-2023
-2290
-2520
-2713
-2868
-2984
-3063
-3104
-3106
-3070
-2993
-2876
-2717
-2515
-2271
-1983
-1652
-1279
-867
-419
59
563
1085
1614
2142
2655
3142
3590
3986
4315
4566
4726
4787
4739
4578
4300
3905
3398
2784
2075
1283
427
-474
-1400
-2326
-3226
-4076
-4850
-5524
-6076
-6486
-6738
-6818
-6720
-6440
-5980
-5347
-4554
-3618
-2563
-1413
-199
1045
2288
3493
4625
5651
6539
7263
7798
8125
8232
8113
7767
7200
6426
5463
4338
3080
1723
306
-1131
-2549
-3906
-5162
-6281
-7229
-7979
-8508
-8799
-8842
-8637
-8186
-7504
-6609
-5526
-4287
-2926
-1484
-1
1479
2914
4263
5487
6551
7425
8085
8513
8698
8635
8329
7790
7035
6088
4977
3736
2403
1015
-385
-1760
-3068
-4275
-5345
-6251
-6970
-7483
-7780
-7855
-7710
-7353
-6799
-6066
-5180
-4168
-3061
-1894
-699
488
1635
2710
3687
4539
5247
5795
6173
6375
6402
6259
5954
5502
4921
4230
3452
2612
1735
844
-34
-880
-1671
-2390
-3022
-3555
-3980
-4293
-4490
-4575
-4551
-4425
-4206
-3904
-3531
-3101
-2626
-2119
-1593
-1060
-531
-14
479
945
1376
1769
2119
2425
2685
2898
3063
3182
3253
0
0
0
0
0
0
0
0
0
0
0
0
0
0
0
0
0
0
0
0
0
0
0
0
0
0
0
0
0
0
0
0
0
0
0
0
0
0
0
0
0
0
0
0
0
0
0
0
0
0
0
0
0
0
0
0
0
0
0
0
0
0
0
0
0
0
0
0
0
0
0
0
0
0
0
0
0
0
0
0
0
0
0
0
0
0
0
0
0
0
0
0
0
0
0
0
0
0
0
0
0
0
0
0
0
0
0
0
0
0
0
0
0
0
0
0
0
0
0
0
0
0
0
0
0
0
0
0
0
0
0
0
0
0
0
6553
6469
6221
5815
5261
4576
3777
2886
1928
926
-90
-1096
-2066
-2974
-3799
-4519
-5118
-5582
-5901
-6071
-6089
-5959
-5686
-5280
-4755
-4126
-3413
-2633
-1810
-963
-114
716
1510
2249
2918
3504
3998
4390
4677
4857
4931
4900
4771
4550
4247
3870
3430
2939
2407
1846
1267
680
94
-481
-1039
-1570
-2071
-2533
-2953
-3326
-3648
-3916
-4125
-4274
-4359
-4377
-4327
-4207
-4016
-3752
-3417
-3012
-2539
-2002
-1408
-763
-77
640
1376
2118
2848
3553
4213
4813
5336
5764
6083
6279
6341
6261
6033
5656
5131
4464
3666
2751
1737
645
-499
-1670
-2837
-3971
-5042
-6018
-6873
-7579
-8113
-8458
-8597
-8522
-8229
-7721
-7005
-6096
-5014
-3783
-2434
-1000
481
1972
3434
4825
6109
7249
8214
8974
9509
9802
9842
9627
9161
8456
7528
6404
5111
3686
2165
591
-994
-2548
-4029
-5397
-6616
-7654
-8485
-9087
-9446
-9556
-9416
-9034
-8423
-7602
-6598
-5441
-4165
-2807
-1405
0
1373
2676
3876
4942
5850
6579
7116
7452
7585
7518
7262
6830
6242
5521
4692
3783
2824
1843
869
-72
-955
-1761
-2470
-3071
-3553
-3912
-4148
-4264
-4267
-4168
-3980
-3718
-3398
-3037
-2650
-2255
-1865
-1493
-1149
-840
-571
-344
-158
-9
107
199
275
344
415
498
599
727
885
1075
1297
1548
1824
2115
2411
2702
2972
3208
3396
3521
3571
3534
3402
3168
2829
2387
1847
1216
508
-261
-1073
-1906
-2737
-3539
-4288
-4958
-5526
-5971
-6272
-6415
-6390
-6191
-5816
-5271
-4566
-3716
-2741
-1666
-519
668
1863
3031
4138
5151
6039
6775
7334
7699
7857
7800
7527
7044
6364
5504
4488
3344
2105
805
-517
-1825
-3080
-4246
-5290
-6182
-6896
-7413
-7718
-7804
-7670
-7322
-6771
-6036
-5139
-4109
-2977
-1777
-547
678
1862
2970
3972
4839
5548
6082
6427
6578
6534
6301
5890
5318
4606
3779
2866
1895
899
-90
-1045
-1936
-2737
-3427
-3988
-4407
-4675
-4788
-4750
-4567
-4250
-3813
-3276
-2660
-1987
-1282
-569
127
787
1388
1914
2350
2686
2915
3033
3043
2949
2759
2484
2138
1738
1298
839
376
-72
-492
-868
-1189
-1446
-1632
-1744
-1782
-1749
-1648
-1488
-1278
-1029
-753
-463
-171
109
369
597
786
929
1022
1063
1054
996
894
755
586
397
197
-4
-198
-375
-526
-646
-730
-773
-774
-735
-657
-544
-402
-239
-61
122
302
471
619
740
827
876
883
848
770
653
501
318
113
-105
-330
-551
-759
-944
-1099
-1215
-1289
-1314
-1289
-1213
-1089
-918
-708
-463
-194
90
381
667
937
1183
1394
1562
1681
1745
1753
1703
1596
1435
1226
975
690
381
58
-266
-584
-883
-1153
-1387
-1576
-1714
-1798
-1826
-1797
-1713
-1579
-1399
-1181
-932
-662
-381
-97
177
436
670
873
1038
1162
1242
1279
1273
1226
1144
1031
895
742
579
415
257
110
-18
-124
-204
-257
-283
-281
-255
-209
-147
-75
0
72
135
183
211
214
188
134
50
-61
-198
-354
-525
-703
-880
-1047
-1196
-1318
-1406
-1452
-1451
-1398
-1293
-1133
-922
-664
-364
-31
324
693
1061
1416
1745
2036
2277
2456
2567
2602
2557
2430
2224
1941
1591
1181
724
233
-274
-783
-1277
-1739
-2152
-2503
-2778
-2967
-3063
-3062
-2961
-2764
-2476
-2107
-1668
-1174
-641
-89
463
997
1494
1936
2305
2590
2779
2866
2845
2719
2491
2170
1766
1296
775
225
-333
-879
-1390
-1847
-2231
-2524
-2715
-2793
-2753
-2594
-2321
-1940
-1464
-910
-298
351
1012
1660
2269
2814
3271
3620
3843
3928
3865
3651
3288
2784
2150
1405
571
-325
-1255
-2187
-3089
-3929
-4674
-5297
-5771
-6074
-6191
-6111
-5829
-5348
-4677
-3832
-2833
-1710
-492
782
2076
3349
4560
5669
6640
7439
8037
8412
8546
8431
8064
7452
6610
5557
4323
2941
1450
-106
-1682
-3233
-4712
-6073
-7277
-8286
-9069
-9601
-9865
-9853
-9564
-9005
-8191
-7147
-5903
-4494
-2962
-1353
287
1912
3473
4925
6229
7346
8248
8909
9315
9457
9334
8955
8334
7496
6467
5283
3982
2605
1193
-208
-1561
-2825
-3966
-4953
-5761
-6374
-6779
-6973
-6958
-6744
-6346
-5785
-5088
-4284
-3404
-2482
-1552
-644
209
984
1656
2208
2629
2910
3052
3059
2941
2714
2396
2010
1579
1130
688
278
-78
-360
-553
-644
-629
-506
-279
41
442
904
1404
1917
2416
2874
3264
3560
3740
3785
3681
3419
2995
2414
1685
824
-145
-1199
-2303
-3423
-4521
-5558
-6496
-7298
-7930
-8361
-8569
-8534
-8245
-7700
-6905
-5871
-4622
-3186
-1599
96
1854
3624
5355
6993
8488
9793
10863
11662
12159
12333
12171
11671
10839
9693
8259
6574
4680
2628
474
-1722
-3900
-5998
-7955
-9716
-11229
-12449
-13340
-13876
-14037
-13820
-13227
-12274
-10988
-9403
-7564
-5522
-3334
-1062
1229
3477
5619
7594
9348
10833
12010
12847
13324
13431
13167
12546
11588
10324
8794
7046
5132
3110
1038
-1021
-3010
-4873
-6557
-8017
-9215
-10121
-10714
-10983
-10928
-10556
-9887
-8946
-7769
-6397
-4876
-3255
-1588
73
1679
3179
4530
5693
6635
7334
7771
7941
7844
7490
6897
6091
5102
3968
2731
1435
124
-1155
-2361
-3452
-4393
-5153
-5709
-6042
-6144
-6013
-5656
-5086
-4325
-3399
-2341
-1189
16
1236
2426
3545
4554
5417
6104
6590
6855
6888
6684
6248
5589
4726
3683
2490
1184
-197
-1611
-3015
-4365
-5619
-6738
-7685
-8428
-8944
-9211
-9219
-8963
-8446
-7678
-6678
-5470
-4084
-2558
-931
753
2450
4113
5697
7159
8459
9559
10428
11043
11384
11439
11206
10687
9893
8844
7563
6081
4435
2664
812
-1074
-2951
-4771
-6490
-8065
-9458
-10635
-11567
-12231
-12612
-12700
-12492
-11993
-11215
-10176
-8901
-7418
-5762
-3972
-2089
-155
1784
3686
5507
7206
8746
10091
11214
12088
12696
13024
13066
12821
12296
11503
10459
9189
7720
6084
4317
2458
546
-1375
-3266
-5087
-6798
-8362
-9746
-10921
-11862
-12548
-12966
-13106
-12966
-12548
-11862
-10921
-9746
-8362
-6798
-5087
-3266
-1375
546
2458
4317
6084
7720
9189
10459
11503
12296
12821
13066
13024
12696
12088
11214
10091
8746
7206
5507
3686
1784
-155
-2089
-3972
-5762
-7418
-8901
-10176
-11215
-11993
-12492
-12700
-12612
-12231
-11567
-10635
-9458
-8065
-6490
-4771
-2951
-1074
812
2664
4435
6081
7563
8844
9893
10687
11206
11439
11384
11043
10428
9559
8459
7159
5697
4113
2450
753
-931
-2558
-4084
-5470
-6678
-7678
-8446
-8963
-9219
-9211
-8944
-8428
-7685
-6738
-5619
-4365
-3015
-1611
-197
1184
2490
3683
4726
5589
6248
6684
6888
6855
6590
6104
5417
4554
3545
2426
1236
16
-1189
-2341
-3399
-4325
-5086
-5656
-6013
-6144
-6042
-5709
-5153
-4393
-3452
-2361
-1155
124
1435
2731
3968
5102
6091
6897
7490
7844
7941
7771
7334
6635
5693
4530
3179
1679
73
-1588
-3255
-4876
-6397
-7769
-8946
-9887
-10556
-10928
-10983
-10714
-10121
-9215
-8017
-6557
-4873
-3010
-1021
1038
3110
5132
7046
8794
10324
11588
12546
13167
13431
13324
12847
12010
10833
9348
7594
5619
3477
1229
-1062
-3334
-5522
-7564
-9403
-10988
-12274
-13227
-13820
-14037
-13876
-13340
-12449
-11229
-9716
-7955
-5998
-3900
-1722
474
2628
4680
6574
8259
9693
10839
11671
12171
12333
12159
11662
10863
9793
8488
6993
5355
3624
1854
96
-1599
-3186
-4622
-5871
-6905
-7700
-8245
-8534
-8569
-8361
-7930
-7298
-6496
-5558
-4521
-3423
-2303
-1199
-145
824
1685
2414
2995
3419
3681
3785
3740
3560
3264
2874
2416
1917
1404
904
442
41
-279
-506
-629
-644
-553
-360
-78
278
688
1130
1579
2010
2396
2714
2941
3059
3052
2910
2629
2208
1656
984
209
-644
-1552
-2482
-3404
-4284
-5088
-5785
-6346
-6744
-6958
-6973
-6779
-6374
-5761
-4953
-3966
-2825
-1561
-208
1193
2605
3982
5283
6467
7496
8334
8955
9334
9457
9315
8909
8248
7346
6229
4925
3473
1912
287
-1353
-2962
-4494
-5903
-7147
-8191
-9005
-9564
-9853
-9865
-9601
-9069
-8286
-7277
-6073
-4712
-3233
-1682
-106
1450
2941
4323
5557
6610
7452
8064
8431
8546
8412
8037
7439
6640
5669
4560
3349
2076
782
-492
-1710
-2833
-3832
-4677
-5348
-5829
-6111
-6191
-6074
-5771
-5297
-4674
-3929
-3089
-2187
-1255
-325
571
1405
2150
2784
3288
3651
3865
3928
3843
3620
3271
2814
2269
1660
1012
351
-298
-910
-1464
-1940
-2321
-2594
-2753
-2793
-2715
-2524
-2231
-1847
-1390
-879
-333
225
775
1296
1766
2170
2491
2719
2845
2866
2779
2590
2305
1936
1494
997
463
-89
-641
-1174
-1668
-2107
-2476
-2764
-2961
-3062
-3063
-2967
-2778
-2503
-2152
-1739
-1277
-783
-274
233
724
1181
1591
1941
2224
2430
2557
2602
2567
2456
2277
2036
1745
1416
1061
693
324
-31
-364
-664
-922
-1133
-1293
-1398
-1451
-1452
-1406
-1318
-1196
-1047
-880
-703
-525
-354
-198
-61
50
134
188
214
211
183
135
72
0
-75
-147
-209
-255
-281
-283
-257
-204
-124
-18
110
257
415
579
742
895
1031
1144
1226
1273
1279
1242
1162
1038
873
670
436
177
-97
-381
-662
-932
-1181
-1399
-1579
-1713
-1797
-1826
-1798
-1714
-1576
-1387
-1153
-883
-584
-266
58
381
690
975
1226
1435
1596
1703
1753
1745
1681
1562
1394
1183
937
667
381
90
-194
-463
-708
-918
-1089
-1213
-1289
-1314
-1289
-1215
-1099
-944
-759
-551
-330
-105
113
318
501
653
770
848
883
876
827
740
619
471
302
122
-61
-239
-402
-544
-657
-735
-774
-773
-730
-646
-526
-375
-198
-4
197
397
586
755
894
996
1054
1063
1022
929
786
597
369
109
-171
-463
-753
-1029
-1278
-1488
-1648
-1749
-1782
-1744
-1632
-1446
-1189
-868
-492
-72
376
839
1298
1738
2138
2484
2759
2949
3043
3033
2915
2686
2350
1914
1388
787
127
-569
-1282
-1987
-2660
-3276
-3813
-4250
-4567
-4750
-4788
-4675
-4407
-3988
-3427
-2737
-1936
-1045
-90
899
1895
2866
3779
4606
5318
5890
6301
6534
6578
6427
6082
5548
4839
3972
2970
1862
678
-547
-1777
-2977
-4109
-5139
-6036
-6771
-7322
-7670
-7804
-7718
-7413
-6896
-6182
-5290
-4246
-3080
-1825
-517
805
2105
3344
4488
5504
6364
7044
7527
7800
7857
7699
7334
6775
6039
5151
4138
3031
1863
668
-519
-1666
-2741
-3716
-4566
-5271
-5816
-6191
-6390
-6415
-6272
-5971
-5526
-4958
-4288
-3539
-2737
-1906
-1073
-261
508
1216
1847
2387
2829
3168
3402
3534
3571
3521
3396
3208
2972
2702
2411
2115
1824
1548
1297
1075
885
727
599
498
415
344
275
199
107
-9
-158
-344
-571
-840
-1149
-1493
-1865
-2255
-2650
-3037
-3398
-3718
-3980
-4168
-4267
-4264
-4148
-3912
-3553
-3071
-2470
-1761
-955
-72
869
1843
2824
3783
4692
5521
6242
6830
7262
7518
7585
7452
7116
6579
5850
4942
3876
2676
1373
0
-1405
-2807
-4165
-5441
-6598
-7602
-8423
-9034
-9416
-9556
-9446
-9087
-8485
-7654
-6616
-5397
-4029
-2548
-994
591
2165
3686
5111
6404
7528
8456
9161
9627
9842
9802
9509
8974
8214
7249
6109
4825
3434
1972
481
-1000
-2434
-3783
-5014
-6096
-7005
-7721
-8229
-8522
-8597
-8458
-8113
-7579
-6873
-6018
-5042
-3971
-2837
-1670
-499
645
1737
2751
3666
4464
5131
5656
6033
6261
6341
6279
6083
5764
5336
4813
4213
3553
2848
2118
1376
640
-77
-763
-1408
-2002
-2539
-3012
-3417
-3752
-4016
-4207
-4327
-4377
-4359
-4274
-4125
-3916
-3648
-3326
-2953
-2533
-2071
-1570
-1039
-481
94
680
1267
1846
2407
2939
3430
3870
4247
4550
4771
4900
4931
4857
4677
4390
3998
3504
2918
2249
1510
716
-114
-963
-1810
-2633
-3413
-4126
-4755
-5280
-5686
-5959
-6089
-6071
-5901
-5582
-5118
-4519
-3799
-2974
-2066
-1096
-90
926
1928
2886
3777
4576
5261
5815
6221
6469
0
0
0
0
0
0
0
0
0
0
0
0
0
0
0
0
0
0
0
0
0
0
0
0
0
0
0
0
0
0
0
0
0
0
0
0
0
0
0
0
0
0
0
0
0
0
0
0
0
0
0
0
0
0
0
0
0
0
0
0
0
0
0
0
0
0
0
0
0
0
0
0
0
0
0
0
0
0
0
0
0
0
0
0
0
0
0
0
0
0
0
0
0
0
0
0
0
0
0
0
0
0
0
0
0
0
0
0
0
0
0
0
0
0
0
0
0
0
0
0
0
0
0
0
0
0
0
0
0
0
0
0
0
0
0
