0
4278
8485
12550
16402
19973
23203
26035
28419
30314
31684
32507
32766
32456
31581
30156
28203
25758
22860
19561
15917
11991
7852
3573
-771
-5106
-9352
-13436
-17284
-20829
-24006
-26759
-29038
-30801
-32015
-32660
-32720
-32196
-31094
-29434
-27244
-24563
-21439
-17925
-14087
-9991
-5712
-1327
3083
7441
11667
15683
19415
22796
25762
28259
30239
31667
32514
32764
32412
31462
29931
27847
25247
22178
18696
14865
10755
6443
2009
-2465
-6896
-11201
-15299
-19113
-22570
-25606
-28162
-30190
-31650
-32514
-32764
-32394
-31411
-29832
-27686
-25012
-21861
-18292
-14372
-10175
-5781
-1274
3259
7733
12062
16161
19951
23359
26318
28771
30668
31973
32659
32711
32127
30919
29107
26727
23823
20452
16679
12577
8226
3711
-879
-5455
-9926
-14204
-18204
-21846
-25058
-27775
-29942
-31516
-32464
-32766
-32415
-31417
-29790
-27567
-24790
-21514
-17805
-13736
-9388
-4849
-209
4437
8997
13377
17489
21248
24578
27411
29687
31359
32393
32765
32468
31507
29899
27676
24884
21579
17828
13707
9301
4700
0
-4703
-9311
-13729
-17864
-21629
-24947
-27746
-29968
-31566
-32503
-32761
-32332
-31225
-29460
-27076
-24119
-20653
-16748
-12488
-7961
-3263
1506
6246
10856
15238
19298
22949
26112
28719
30713
32051
32702
32651
31900
30461
28366
25658
22395
18646
14492
10022
5332
524
-4298
-9029
-13567
-17811
-21669
-25055
-27896
-30127
-31699
-32577
-32739
-32182
-30916
-28967
-26379
-23206
-19519
-15397
-10932
-6222
-1372
3511
8320
12945
17284
21240
24723
27655
29968
31611
32545
32748
32214
30954
28995
26381
23169
19431
15252
10724
5950
1038
-3899
-8751
-13405
-17757
-21705
-25159
-28038
-30277
-31822
-32637
-32702
-32014
-30588
-28456
-25665
-22280
-18377
-14047
-9388
-4509
477
5455
10308
14924
19194
23018
26305
28979
30974
32243
32756
32498
31476
29711
27244
24133
20449
16280
11722
6884
1880
-3170
-8148
-12935
-17416
-21484
-25041
-28000
-30291
-31856
-32659
-32677
-31909
-30373
-28105
-25157
-21600
-17520
-13013
-8189
-3163
1941
7001
11893
16499
20705
24407
27516
29953
31659
32589
32721
32049
30590
28377
25463
21921
17836
13307
8448
3377
-1780
-6896
-11843
-16499
-20746
-24479
-27603
-30040
-31727
-32621
-32699
-31957
-30413
-28105
-25088
-21439
-17247
-12618
-7668
-2522
2689
7836
12787
17416
21605
25247
28248
30530
32035
32723
32574
31592
29801
27244
23987
20112
15718
10917
5832
595
-4660
-9798
-14685
-19194
-23208
-26622
-29345
-31307
-32455
-32757
-32206
-30813
-28614
-25665
-22043
-17841
-13169
-8148
-2911
2405
7661
12717
17440
21705
25397
28419
30689
32146
32750
32483
31352
29385
26633
23169
19084
14487
9500
4255
-1105
-6439
-11603
-16457
-20870
-24723
-27911
-30346
-31961
-32712
-32578
-31559
-29684
-27001
-23582
-19519
-14922
-9916
-4636
771
6162
11386
16301
20770
24671
27896
30354
31977
32719
32558
31498
29565
26813
23317
19172
14492
9407
4058
-1405
-6833
-12073
-16978
-21411
-25247
-28377
-30713
-32188
-32760
-32410
-31148
-29007
-26047
-22351
-18021
-13179
-7961
-2516
3003
8440
13640
18454
22745
26389
29282
31340
32503
32737
32033
30409
27913
24613
20604
16000
10932
5547
0
-5550
-10942
-16021
-20637
-24657
-27963
-30458
-32068
-32745
-32468
-31244
-29107
-26118
-22364
-17952
-13013
-7689
-2137
3479
8997
14252
19090
23367
26955
29748
31662
32640
32650
31691
29790
27003
23411
19119
14256
8965
3403
-2262
-7862
-13230
-18204
-22633
-26385
-29345
-31423
-32556
-32707
-31871
-30072
-27362
-23823
-19561
-14703
-9397
-3803
1908
7565
12994
18030
22517
26318
29316
31419
32559
32702
31841
30001
27238
23635
19302
14372
8996
3339
-2422
-8112
-13553
-18577
-23026
-26761
-29667
-31650
-32648
-32629
-31591
-29565
-26615
-22829
-18327
-13249
-7752
-2009
3799
9491
14886
19815
24120
27666
30338
32052
32751
32412
31044
28690
25423
21345
16586
11295
5642
-193
-6025
-11667
-16938
-21669
-25706
-28920
-31206
-32489
-32726
-31909
-30063
-27244
-23544
-19081
-13998
-8460
-2644
3259
9060
14569
19606
24006
27626
30346
32075
32756
32366
30916
28451
25051
20827
15917
10480
4696
-1244
-7147
-12817
-18065
-22719
-26622
-29644
-31684
-32674
-32578
-31398
-29173
-25975
-21909
-17110
-11737
-5969
0
5972
11747
17130
21941
26016
29217
31436
32596
32657
31615
29504
26395
22390
17625
12260
6476
470
-5554
-11392
-16845
-21726
-25867
-29127
-31393
-32585
-32662
-31619
-29491
-26349
-22301
-17483
-12062
-6222
-166
5898
11762
17222
22088
26191
29387
31566
32648
32597
31411
29131
25835
21636
16679
11138
5205
-912
-7001
-12847
-18244
-23003
-26955
-29960
-31912
-32739
-32412
-30940
-28374
-24803
-20353
-15179
-9465
-3413
2763
8843
14612
19863
24407
28083
30758
32334
32755
32003
30103
27124
23169
18381
12929
7010
836
-5370
-11386
-16993
-21989
-26191
-29446
-31636
-32680
-32538
-31214
-28754
-25247
-20819
-15630
-9868
-3744
2518
8692
14551
19879
24480
28184
30855
32393
32739
31880
29845
26709
22585
17625
12011
5950
-333
-6607
-12639
-18204
-23094
-27128
-30152
-32055
-32763
-32248
-30528
-27666
-23767
-18976
-13473
-7461
-1167
5173
11322
17047
22132
26385
29644
31785
32724
32427
30901
28203
24435
19738
14288
8294
1981
-4409
-10635
-16457
-21654
-26025
-29402
-31656
-32697
-32485
-31027
-28377
-24634
-19943
-14481
-8460
-2109
4324
10594
16457
21686
26077
29459
31699
32710
32451
30929
28203
24378
19601
14056
7961
1552
-4919
-11201
-17047
-22227
-26537
-29806
-31906
-32751
-32307
-30590
-27666
-23648
-18696
-13002
-6791
-309
6187
12441
18204
23246
27366
30398
32222
32762
31995
29951
26709
22398
17189
11289
4935
-1619
-8112
-14281
-19879
-24678
-28486
-31147
-32552
-32643
-31416
-28917
-25247
-20553
-15023
-8882
-2378
4225
10659
16662
21989
26421
29777
31918
32756
32254
30432
27362
23169
18024
12137
5748
-879
-7473
-13762
-19485
-24407
-28323
-31070
-32533
-32650
-31414
-28875
-25136
-20353
-14721
-8475
-1874
4807
11292
17307
22602
26955
30182
32146
32765
32010
29911
26556
22083
16679
10571
4016
-2711
-9326
-15551
-21121
-25799
-29387
-31732
-32732
-32344
-30582
-27520
-23286
-18060
-12062
-5547
1206
7911
14280
20041
24947
28786
31393
32653
32513
30975
28105
24024
18906
12972
6476
-301
-7069
-13534
-19415
-24458
-28443
-31196
-32596
-32580
-31148
-28360
-24336
-19250
-13322
-6811
0
6813
13332
19269
24364
28393
31178
32594
32578
31129
28309
24241
19103
13120
6555
-301
-7147
-13680
-19609
-24671
-28641
-31340
-32648
-32505
-30916
-27948
-23735
-18460
-12360
-5706
1206
8067
14569
20421
25359
29162
31656
32728
32328
30473
27244
22786
17298
11027
4255
-2711
-9557
-15974
-21669
-26383
-29901
-32062
-32766
-31979
-29736
-26137
-21345
-15577
-9095
-2195
4807
11593
17850
23291
27666
30771
32464
32665
31362
28614
24546
19345
13249
6538
-477
-7473
-14125
-20126
-25196
-29098
-31650
-32732
-32292
-30349
-26991
-22374
-16712
-10266
-3339
3746
10659
17076
22694
27251
30530
32377
32702
31489
28793
24740
19519
13375
6597
-494
-7565
-14281
-20323
-25404
-29282
-31772
-32753
-32178
-30072
-26533
-21729
-15887
-9285
-2238
4919
11843
18204
23695
28052
31066
32589
32548
30942
27847
23411
17845
11416
4435
-2763
-9830
-16425
-22227
-26955
-30378
-32330
-32713
-31507
-28769
-24631
-19293
-13013
-6096
1120
8285
15047
21076
26077
29802
32068
32763
31850
29372
25451
20276
14101
7230
0
-7232
-14111
-20295
-25478
-29402
-31872
-32764
-32033
-29711
-25913
-20827
-14703
-7845
-595
6688
13640
19914
25196
29220
31785
32759
32093
29819
26047
20967
14832
7950
664
-6656
-13645
-19948
-25247
-29273
-31822
-32763
-32046
-29706
-25861
-20703
-14492
-7543
-209
7138
14125
20396
25629
29557
31977
32766
31880
29363
25342
20022
13674
6622
-771
-8129
-15071
-21240
-26318
-30042
-32219
-32734
-31559
-28754
-24461
-18901
-12360
-5177
2276
9615
16457
22447
27271
30678
32489
32608
31026
27825
23169
17302
10527
3199
-4298
-11573
-18244
-23960
-28419
-31387
-32705
-32302
-30198
-26501
-21406
-15179
-8148
-684
6817
13962
20369
25700
29668
32064
32757
31710
28975
24698
19103
12488
5205
-2358
-9798
-16717
-22745
-27557
-30894
-32577
-32513
-30703
-27244
-22319
-16192
-9191
-1693
5898
13175
19743
25247
29388
31941
32765
31816
29141
24884
19276
12618
5272
-2362
-9871
-16845
-22903
-27714
-31014
-32621
-32445
-30495
-26875
-21781
-15492
-8351
-749
6896
14165
20658
26016
29942
32220
32721
31417
28377
23767
17841
10926
3403
-4310
-11787
-18613
-24407
-28847
-31684
-32759
-32010
-29476
-25298
-19707
-13013
-5590
2148
9769
16845
22980
27828
31116
32659
32366
30254
26438
21133
14635
7310
-430
-8148
-15409
-21801
-26962
-30598
-32502
-32563
-30778
-27244
-22162
-15818
-8572
-836
6950
14343
20920
26305
30190
32350
32661
31103
27762
22829
16586
9388
1649
-6187
-13670
-20369
-25898
-29936
-32249
-32702
-31267
-28024
-23161
-16955
-9766
-2009
5867
13405
20168
25762
29860
32222
32709
31291
28049
23169
16936
9711
1916
-5992
-13553
-20323
-25904
-29968
-32275
-32687
-31179
-27837
-22855
-16527
-9222
-1372
6562
14111
20829
26318
30252
32397
32623
30916
27374
22206
15718
8294
373
-7571
-15067
-21669
-26980
-30683
-32556
-32483
-30469
-26631
-21197
-14492
-6916
1077
9009
16402
22811
27851
31216
32702
32218
29790
25564
19793
12824
5078
-2978
-10856
-18080
-24210
-28873
-31785
-32766
-31757
-28816
-24119
-17952
-10689
-2772
5316
13083
20053
25799
29968
32304
32662
31017
27469
22233
15630
8064
0
-8067
-15639
-22251
-27492
-31038
-32669
-32282
-29899
-25665
-19840
-12785
-4935
3223
11185
18454
24578
29176
31960
32754
31507
28295
23317
16881
9388
1306
-6859
-14599
-21426
-26913
-30713
-32587
-32415
-30206
-26096
-20343
-13307
-5431
2789
10837
18204
24423
29100
31937
32755
31498
28244
23199
16679
9099
938
-7285
-15047
-21854
-27271
-30951
-32659
-32282
-29844
-25497
-19519
-12290
-4271
4023
12062
19330
25359
29762
32252
32670
30984
27303
21861
15008
7184
-1105
-9326
-16947
-23474
-28484
-31650
-32766
-31757
-28687
-23753
-17274
-9670
-1435
6896
14781
21705
27215
30951
32666
32248
29720
25247
19119
11737
3583
-4807
-12886
-20121
-26035
-30239
-32455
-32534
-30469
-26395
-20578
-13400
-5336
3083
11302
18775
25007
29584
32200
32681
30992
27244
21684
14679
6695
-1736
-10055
-17706
-24178
-29038
-31959
-32744
-31340
-27837
-22468
-15592
-7668
771
9163
16942
23583
28641
31772
32764
31548
28203
22955
16155
8261
-193
-8637
-16499
-23246
-28419
-31667
-32766
-31641
-28366
-23161
-16378
-8479
0
8482
16388
23178
28387
31659
32766
31633
28334
23092
16267
8323
-193
-8699
-16610
-23382
-28547
-31748
-32764
-31521
-28105
-22748
-15818
-7793
771
9287
17161
23850
28887
31923
32744
31292
27666
22114
15023
6884
-1736
-10238
-18030
-24565
-29387
-32158
-32681
-30919
-26991
-21173
-13868
-5590
3083
11543
19194
25499
30012
32414
32534
30361
26047
19895
12336
3903
-4807
-13181
-20625
-26610
-30711
-32637
-32248
-29569
-24790
-18247
-10405
-1820
6896
15124
22277
27843
31423
32760
31757
28483
23169
16196
8060
-655
-9326
-17331
-24094
-29127
-32068
-32703
-30984
-27033
-21133
-13707
-5289
3511
12062
19743
25999
30374
32552
32371
29844
25150
18630
10754
2094
-6719
-15047
-22282
-27896
-31478
-32765
-31661
-28244
-22763
-15616
-7324
1506
10228
18204
24847
29668
32313
32585
30461
26096
19809
12062
3423
-5469
-13962
-21426
-27310
-31178
-32740
-31881
-28661
-23317
-16242
-7961
912
9721
17811
24578
29519
32265
32608
30520
26157
19840
12041
3339
-5613
-14150
-21629
-27492
-31296
-32755
-31758
-28377
-22863
-15630
-7219
1736
10564
18599
25234
29968
32443
32468
30041
25342
18725
10689
1842
-7147
-15598
-22868
-28404
-31785
-32751
-31227
-27327
-21345
-13736
-5078
3969
12717
20496
26712
30887
32702
32014
28875
23522
16364
7950
-1077
-10024
-18204
-24986
-29848
-32414
-32483
-30050
-25298
-18593
-10451
-1499
7571
16058
23305
28750
31969
32711
30916
26720
20449
12587
3744
-5391
-14111
-21734
-27666
-31442
-32766
-31533
-27837
-21964
-14372
-5653
3510
12401
20323
26654
30894
32710
31957
28692
23169
15822
7226
-1941
-10958
-19113
-25762
-30378
-32596
-32237
-29328
-24096
-16955
-8469
691
9799
18132
25028
29936
32465
32412
29778
24772
17791
9388
234
-8940
-17404
-24479
-29598
-32350
-32513
-30072
-25219
-18342
-9991
-836
8388
16942
24135
29387
32275
32563
30226
25451
18620
10283
1113
-8148
-16754
-24006
-29316
-32252
-32574
-30254
-25477
-18630
-10266
-1066
8222
16845
24098
29390
32286
32549
30156
25298
18372
9941
695
-8610
-17213
-24407
-29603
-32371
-32482
-29925
-24908
-17841
-9305
0
9307
17850
24924
29942
32491
32356
29546
24293
17028
8351
-1019
-10308
-18745
-25629
-30386
-32621
-32145
-28995
-23432
-15917
-7073
2362
11603
19879
26497
30903
32728
31816
28241
22301
14491
5464
-4023
-13175
-21224
-27492
-31451
-32766
-31324
-27244
-20868
-12732
-3519
5992
15001
22745
28568
31977
32682
30619
25962
19103
10622
1238
-8253
-17047
-24394
-29668
-32420
-32412
-29643
-24347
-16973
-8148
1373
10781
19269
26112
30723
32705
31886
28334
22351
14449
5304
-4298
-13534
-21608
-27826
-31650
-32749
-31026
-26627
-19930
-11510
-2094
7504
16457
23989
29446
32355
32460
29752
24461
17046
8148
-1459
-10942
-19477
-26318
-30870
-32732
-31742
-27983
-21780
-13674
-4371
5316
14541
22496
28484
31977
32669
30495
25645
18541
9807
209
-9410
-18204
-25397
-30356
-32640
-32046
-28625
-22675
-14721
-5464
4278
13645
21806
28038
31787
32719
30748
26047
19032
10324
695
-8997
-17892
-25196
-30256
-32621
-32077
-28669
-22701
-14703
-5389
4409
13816
21989
28193
31872
32694
30582
25725
18555
9715
0
-9718
-18563
-25739
-30598
-32699
-31850
-28126
-21861
-13619
-4144
5708
15047
23026
28920
32194
32549
29951
24631
17073
7961
-1876
-11547
-20168
-26955
-31287
-32766
-31257
-26894
-20073
-11416
-1713
8148
17267
24807
30076
32589
32113
28690
22632
14492
5018
-4919
-14407
-22570
-28657
-32104
-32591
-30072
-24775
-17189
-8012
1907
11653
20323
27113
31393
32763
31094
26539
19519
10683
852
-9060
-18132
-25519
-30530
-32697
-31816
-27965
-21503
-13031
-3339
6667
16052
23938
29584
32459
32292
29097
23169
15065
5543
-4501
-14125
-22423
-28612
-32108
-32578
-29977
-24546
-16798
-7461
2582
12385
21019
27666
31694
32721
30647
25665
18247
9095
-923
-10856
-19760
-26786
-31264
-32766
-31146
-26556
-19431
-10451
-470
9557
18675
26008
30855
32749
31507
27244
20368
11537
1595
-8501
-17784
-25359
-30497
-32702
-31758
-27754
-21074
-12360
-2451
7696
17103
24860
30215
32648
31922
28105
21563
12929
3039
-7147
-16643
-24525
-30025
-32607
-32016
-28309
-21844
-13249
-3359
6859
16412
24364
29939
32588
32050
28377
21924
13322
3413
-6833
-16412
-24382
-29960
-32596
-32028
-28309
-21804
-13150
-3199
7069
16643
24578
30089
32630
31946
28105
21482
12732
2719
-7565
-17103
-24947
-30318
-32680
-31797
-27754
-20951
-12062
-1970
8320
17784
25478
30633
32732
31565
27244
20200
11134
952
-9326
-18675
-26154
-31014
-32765
-31228
-26556
-19215
-9941
333
10578
19760
26955
31436
32749
30759
25665
17979
8475
-1887
-12062
-21019
-27851
-31864
-32650
-30126
-24546
-16475
-6728
3703
13762
22423
28806
32258
32427
29291
23169
14683
4696
-5772
-15653
-23938
-29777
-32571
-32033
-28214
-21503
-12587
-2378
8077
17706
25519
30711
32748
31416
26850
19519
10175
-219
-10594
-19879
-27113
-31549
-32726
-30520
-25157
-17189
-7439
3083
13289
22119
28657
32222
32441
29289
23092
14492
4381
-6187
-16114
-24364
-30076
-32652
-31820
-27666
-20619
-11416
-1017
9491
19008
26537
31287
32757
30792
25595
17709
7961
-2625
-12939
-21894
-28547
-32194
-32451
-29286
-23032
-14346
-4144
6498
16457
24678
30291
32699
31644
27238
19943
10531
0
-10533
-19951
-27251
-31656
-32694
-30254
-24592
-16309
-6286
4409
14637
23305
29487
32519
32077
28203
21312
12137
1660
-8997
-18692
-26385
-31248
-32757
-30748
-25434
-17383
-7461
3266
13645
22556
29038
32390
32248
28625
21909
12824
2351
-8378
-18204
-26061
-31098
-32765
-30880
-25645
-17625
-7689
3083
13524
22496
29023
32393
32235
28565
21780
12618
2077
-8692
-18516
-26318
-31245
-32755
-30681
-25247
-17046
-6975
3863
14280
23132
29446
32527
32033
28015
20915
11510
836
-9932
-19609
-27125
-31650
-32682
-30103
-24198
-15616
-5304
5596
15880
24407
30232
32705
31550
26894
19250
9465
-1373
-12062
-21411
-28379
-32188
-32412
-29022
-22395
-13267
-2656
8253
18244
26197
31222
32754
30619
25054
16679
6433
-4537
-15001
-23783
-29895
-32648
-31731
-27244
-19690
-9916
976
11762
21224
28293
32170
32415
28997
22301
13080
2378
-8595
-18599
-26497
-31393
-32729
-30352
-24528
-15917
-5494
5554
15974
24578
30386
32734
31352
26395
18425
8351
-2679
-13405
-22602
-29217
-32491
-32046
-27932
-20616
-10936
0
10939
20625
27944
32055
32482
29173
22507
13249
2462
-8610
-18692
-26622
-31481
-32707
-30156
-24119
-15293
-4696
6446
16845
25296
30817
32766
30916
25477
17079
6695
-4468
-15115
-24006
-30106
-32702
-31489
-26606
-18620
-8460
2689
13528
22788
29387
32552
31909
27532
19930
9991
-1120
-12103
-21669
-28693
-32350
-32208
-28280
-21025
-11295
-234
10856
20671
28052
32127
32412
28871
21921
12379
1372
-9799
-19815
-27487
-31906
-32545
-29328
-22632
-13249
-2291
8940
19113
27016
31708
32629
29666
23169
13911
2992
-8285
-18577
-26654
-31549
-32677
-29899
-23544
-14372
-3477
7836
18214
26411
31442
32702
30037
23764
14635
3744
-7598
-18030
-26293
-31393
-32711
-30086
-23833
-14703
-3796
7571
18026
26305
31405
32707
30050
23753
14577
3632
-7754
-18204
-26446
-31479
-32688
-29925
-23522
-14256
-3253
8148
18560
26712
31608
32650
29706
23135
13736
2656
-8751
-19090
-27095
-31785
-32581
-29385
-22585
-13013
-1842
9557
19786
27585
31994
32468
28947
21861
12081
809
-10564
-20637
-28166
-32219
-32293
-28377
-20951
-10932
440
11762
21629
28819
32437
32033
27653
19840
9561
-1907
-13142
-22745
-29519
-32621
-31661
-26755
-18514
-7961
3586
14689
23960
30239
32740
31148
25658
16955
6128
-5469
-16384
-25247
-30944
-32759
-30461
-24336
-15151
-4058
7546
18204
26572
31595
32638
29565
22763
13087
1756
-9798
-20118
-27896
-32148
-32332
-28424
-20915
-10754
771
12203
22088
29171
32552
31797
27001
18769
8148
-3511
-14727
-24069
-30346
-32754
-30984
-25260
-16309
-5272
6439
17331
26008
31359
32696
29845
23169
13521
2137
-9523
-19964
-27843
-32146
-32318
-28334
-20703
-10405
1234
12717
22564
29503
32637
31559
26407
17841
6968
-4807
-15965
-25058
-30909
-32757
-30361
-24028
-14577
-3233
8533
19194
27364
31977
32433
28669
21173
10917
-762
-12345
-22321
-29387
-32619
-31592
-26438
-17828
-6884
4961
16161
25247
31028
32744
30168
23635
13998
2522
-9287
-19879
-27860
-32179
-32265
-28105
-20242
-9711
2101
13640
23382
30040
32733
31103
25362
16267
5018
-6896
-17901
-26537
-31659
-32585
-29190
-21921
-11741
0
11743
21929
29201
32589
31641
26480
17791
6728
-5233
-16499
-25566
-31222
-32709
-29826
-22955
-13013
-1327
10537
20994
28641
32450
31909
27088
18630
7668
-4324
-15739
-25041
-30976
-32744
-30105
-23411
-13561
-1880
10055
20637
28436
32397
31982
27244
18822
7852
-4182
-15653
-25007
-30974
-32743
-30072
-23319
-13400
-1660
10308
20879
28612
32455
31881
26966
18377
7282
-4807
-16245
-25468
-31216
-32702
-29720
-22675
-12528
-664
11292
21705
29147
32596
31576
26225
17274
5950
-6193
-17489
-26383
-31650
-32564
-28995
-21433
-10917
1105
12978
23064
29968
32737
30984
24950
15465
3839
-8320
-19330
-27666
-32170
-32217
-27796
-19519
-8531
3643
15314
24860
30951
32739
29972
23032
12884
938
-11141
-21669
-29176
-32613
-31498
-25982
-16835
-5332
6918
18204
26944
31912
32410
28366
20343
9465
-2743
-14569
-24351
-30713
-32759
-30198
-23387
-13283
-1306
10856
21492
29100
32604
31507
25962
16748
5166
-7147
-18454
-27152
-32008
-32332
-28076
-19840
-8789
3510
15314
24947
31038
32720
29752
22551
12140
0
-12143
-22559
-29762
-32723
-31017
-24884
-15198
-3339
8998
20053
28242
32393
31908
26854
17952
6476
-5930
-17489
-26541
-31785
-32465
-28481
-20402
-9388
2978
14918
24714
30951
32730
29790
22554
12062
-172
-12385
-22811
-29942
-32746
-30813
-24421
-14492
-2462
9926
20879
28806
32556
31581
26021
16679
4912
-7571
-18956
-27585
-32200
-32127
-27374
-18630
-7167
5342
17076
26318
31719
32485
28504
20353
9222
-3259
-15267
-25041
-31147
-32687
-29434
-21861
-11077
1334
13553
23783
30517
32764
30189
23169
12736
423
-11953
-22570
-29860
-32743
-30792
-24293
-14202
-2009
10483
21426
29201
32652
31267
25247
15482
3419
-9153
-20369
-28563
-32514
-31633
-26047
-16586
-4654
7973
19415
27967
32350
31910
26709
17520
5712
-6950
-18577
-27428
-32179
-32116
-27244
-18292
-6597
6088
17864
26962
32015
32263
27666
18910
7310
-5391
-17284
-26579
-31872
-32366
-27983
-19380
-7852
4862
16845
26287
31760
32433
28203
19707
8226
-4501
-16550
-26094
-31684
-32472
-28334
-19895
-8434
4310
16402
26003
31651
32486
28377
19946
8475
-4288
-16402
-26016
-31662
-32478
-28334
-19861
-8351
4437
16550
26133
31717
32445
28203
19638
8060
-4756
-16845
-26351
-31812
-32386
-27983
-19276
-7602
5243
17284
26666
31941
32293
27666
18769
6975
-5898
-17864
-27071
-32095
-32157
-27244
-18113
-6176
6719
18577
27557
32265
31968
26709
17302
5205
-7702
-19415
-28111
-32434
-31710
-26047
-16326
-4058
8843
20369
28719
32588
31368
25247
15179
2736
-10137
-21426
-29364
-32705
-30922
-24293
-13853
-1238
11573
22570
30025
32764
30353
23169
12339
-434
-13142
-23783
-30678
-32739
-29638
-21861
-10632
2276
14829
25041
31296
32604
28754
20353
8727
-4282
-16616
-26318
-31849
-32328
-27676
-18630
-6622
6439
18480
27585
32302
31880
26381
16679
4318
-8734
-20396
-28806
-32620
-31227
-24845
-14492
-1820
11144
22329
29942
32763
30335
23047
12062
-859
-13645
-24243
-30951
-32688
-29173
-20967
-9388
3703
16202
26094
31785
32354
27709
18593
6476
-6688
-18775
-27832
-32393
-31718
-25913
-15915
-3339
9779
21317
29402
32723
30737
23764
12933
0
-12935
-23772
-30745
-32720
-29372
-21243
-9654
3510
16105
26077
31798
32332
27590
18342
6096
-7147
-19226
-28162
-32493
-31507
-25362
-15061
-2291
10856
22227
29953
32765
30198
22670
11416
-1716
-14569
-25028
-31370
-32548
-28366
-19509
-7435
5867
18204
27539
32330
31782
25982
15887
3163
-10086
-21669
-29667
-32753
-30413
-23032
-11831
1334
14281
24860
31312
32563
28403
19519
7387
-5976
-18347
-27666
-32377
-31693
-25725
-15465
-2622
10659
22164
29968
32766
30086
22374
10917
-2369
-15261
-25599
-31650
-32396
-27709
-18372
-5950
7473
19643
28516
32596
31195
24546
13765
664
-12550
-23653
-30771
-32702
-29116
-20616
-8634
4807
17440
27128
32230
31881
26137
15968
3092
-10308
-21966
-29901
-32766
-30072
-22272
-10689
2711
15653
25937
31812
32275
27244
17574
4908
-8595
-20637
-29162
-32712
-30681
-23411
-12140
1206
14349
25041
31451
32480
27948
18630
6117
-7445
-19735
-28641
-32634
-31026
-24089
-13013
301
13567
24501
31222
32570
28309
19172
6728
-6876
-19298
-28393
-32589
-31159
-24347
-13326
0
13328
24354
31166
32585
28360
19220
6748
-6896
-19347
-28443
-32604
-31103
-24198
-13087
301
13640
24608
31294
32533
28105
18778
6176
-7504
-19879
-28786
-32669
-30847
-23635
-12290
1206
14493
25247
31583
32389
27520
17828
5008
-8692
-20870
-29387
-32745
-30352
-22624
-10917
2711
15865
26229
31977
32094
26556
16335
3233
-10442
-22277
-30182
-32757
-29546
-21112
-8944
4807
17712
27483
32390
31559
25136
14256
845
-12717
-24026
-31070
-32598
-28334
-19032
-6345
7473
19964
28903
32697
30666
23169
11540
-2148
-15456
-26008
-31918
-32127
-26596
-16309
-3103
10659
22517
30346
32741
29270
20553
8148
-5719
-18563
-28078
-32552
-31179
-24202
-12874
771
14281
25223
31625
32332
27214
17189
4062
-9798
-21894
-30040
-32762
-29565
-21025
-8682
5233
18204
27882
32514
31257
24336
13002
-691
-14262
-25247
-31650
-32307
-27094
-16955
-3732
10171
22227
30239
32747
29289
20494
7961
-6025
-18915
-28356
-32621
-30929
-23586
-11931
1907
15400
26077
31982
32033
26215
15592
2109
-11762
-23479
-30889
-32629
-28377
-18910
-5966
8077
20637
29402
32756
30080
21861
9613
-4409
-17621
-27585
-32459
-31342
-24435
-13013
816
14497
25499
31785
32188
26631
16140
2656
-11322
-23203
-30782
-32650
-28456
-18976
-5969
8148
20755
29503
32763
29925
21514
9095
-5021
-18204
-27995
-32564
-31058
-23753
-12011
1977
15598
26305
32095
31880
25698
14703
952
-12978
-24480
-31393
-32418
-27360
-17165
-3744
10381
22559
30497
32702
28754
19394
6380
-7836
-20580
-29446
-32762
-29899
-21393
-8847
5370
18577
28275
32630
30814
23169
11138
-3003
-16579
-27016
-32334
-31523
-24733
-13249
751
14612
25700
31906
32048
26096
15179
1372
-12698
-24354
-31371
-32412
-27273
-16932
-3359
10856
23003
30758
32638
28280
18514
5205
-9101
-21669
-30089
-32747
-29131
-19930
-6905
7445
20371
29387
32762
29844
21189
8460
-5898
-19125
-28673
-32702
-30433
-22301
-9868
4468
17946
27963
32585
30916
23274
11134
-3159
-16845
-27275
-32428
-31305
-24119
-12260
1977
15833
26622
32247
31615
24845
13249
-923
-14918
-26016
-32055
-31858
-25461
-14105
0
14107
25468
31864
32046
25975
14832
792
-13405
-24986
-31684
-32188
-26395
-15435
-1452
12817
24578
31525
32292
26727
15917
1981
-12345
-24250
-31393
-32366
-26976
-16280
-2378
11993
24006
31293
32415
27148
16527
2644
-11762
-23850
-31230
-32442
-27244
-16660
-2779
11653
23783
31206
32451
27267
16679
2783
-11667
-23806
-31222
-32441
-27217
-16586
-2656
11803
23919
31277
32412
27094
16378
2398
-12062
-24120
-31370
-32361
-26894
-16056
-2009
12441
24407
31496
32285
26615
15616
1488
-12939
-24777
-31650
-32178
-26251
-15055
-836
13553
25223
31826
32033
25797
14372
52
-14280
-25739
-32015
-31841
-25247
-13561
863
15115
26318
32208
31592
24592
12618
-1908
-16052
-26950
-32393
-31276
-23823
-11540
3083
17085
27622
32556
30880
22932
10324
-4384
-18204
-28323
-32682
-30389
-21909
-8965
5807
19399
29038
32755
29790
20744
7461
-7347
-20658
-29748
-32757
-29067
-19428
-5811
8997
21966
30436
32669
28203
17952
4016
-10746
-23305
-31079
-32468
-27184
-16309
-2077
12583
24657
31656
32135
25992
14491
0
-14493
-25999
-32139
-31644
-24613
-12494
2208
16457
27304
32503
30975
23032
10317
-4537
-18454
-28547
-32719
-30103
-21238
-7961
6971
20458
29694
32757
29007
19220
5431
-9491
-22439
-30713
-32587
-27666
-16973
-2736
12073
24364
31568
32177
26060
14492
-108
-14689
-26197
-32222
-31498
-24174
-11781
3083
17304
27896
32634
30520
21996
8847
-6162
-19879
-29416
-32766
-29219
-19519
-5706
9311
22368
30711
32578
27570
16743
2378
-12491
-24723
-31732
-32033
-25558
-13674
1105
15653
26888
32428
31095
23169
10328
-4707
-18745
-28806
-32750
-29736
-20402
-6728
8378
21705
30414
32650
27932
17262
2911
-12062
-24465
-31651
-32083
-25665
-13765
1077
15692
26955
32455
31012
22932
9941
-5180
-19194
-29098
-32765
-29406
-19738
-5832
9326
22486
30817
32526
27244
16102
1495
-13436
-25478
-32035
-31693
-24521
-12062
2999
17416
28078
32680
30226
21243
7668
-7565
-21167
-30192
-32685
-28105
-17438
-2992
12103
24578
31727
31995
25321
13150
-1876
-16499
-27539
-32596
-30567
-21889
-8448
6833
20630
29936
32722
28377
17845
3419
-11753
-24364
-31659
-32040
-25423
-13249
1823
16499
27568
32607
30508
21729
8189
-7147
-20920
-30108
-32693
-28105
-17347
-2779
12401
24860
31856
31850
24838
12360
-2839
-17416
-28160
-32702
-30037
-20749
-6884
8501
22013
30668
32552
27244
15915
1066
-14020
-26008
-32243
-31342
-23500
-10451
4915
19194
29220
32766
29042
18871
4509
-10856
-23813
-31479
-32147
-25665
-13473
1720
16533
27666
32637
30335
21271
7461
-8015
-21705
-30552
-32578
-27327
-15968
-1038
14125
26133
32294
31228
23169
9920
-5554
-19786
-29584
-32748
-28565
-17970
-3339
12043
24723
31849
31816
24627
11897
-3511
-18132
-28673
-32755
-29458
-19519
-5177
10334
23516
31393
32182
25702
13414
-1907
-16800
-27896
-32682
-30072
-20653
-6555
9029
22570
30997
32395
26445
14492
-751
-15827
-27310
-32589
-30461
-21406
-7481
8148
21926
30713
32507
26894
15151
-48
-15238
-26955
-32522
-30664
-21804
-7961
7702
21608
30575
32549
27076
15403
202
-15047
-26852
-32503
-30703
-21861
-8002
7696
21629
30598
32538
27001
15255
0
-15257
-27007
-32541
-30582
-21579
-7602
8129
21989
30779
32468
26664
14703
-655
-15865
-27411
-32621
-30288
-20948
-6758
8997
22672
31098
32318
26047
13736
-1763
-16855
-28038
-32713
-29790
-19946
-5464
10289
23653
31516
32046
25116
12336
-3319
-18204
-28847
-32766
-29042
-18541
-3711
11987
24889
31977
31593
23823
10480
-5316
-19871
-29777
-32711
-27983
-16697
-1495
14059
26318
32404
30885
22114
8148
-7733
-21801
-30745
-32460
-26539
-14372
1180
16457
27860
32699
29832
19930
5325
-10537
-23916
-31650
-31910
-24631
-11530
4298
19113
29409
32747
28334
17210
2009
-13670
-26112
-32365
-30942
-22178
-8148
7817
21929
30833
32412
26285
13907
-1780
-17047
-28259
-32743
-29429
-19103
-4222
11667
24777
31977
31548
23586
9991
-5992
-20546
-30192
-32619
-27244
-15350
219
15739
27492
32660
30001
20149
5464
-10533
-24006
-31719
-31816
-24270
-10892
5106
19879
29873
32681
27625
15917
373
-15261
-27221
-32621
-30156
-20416
-5748
10308
23879
31684
31836
24293
10875
-5173
-19973
-29942
-32665
-27477
-15633
0
15636
27483
32666
29925
19920
5078
-10999
-24407
-31886
-31615
-23656
-9941
6193
20824
30386
32549
26782
14487
-1341
-16845
-28242
-32749
-29262
-18630
-3445
12583
25539
32252
31078
22301
8064
-8148
-22368
-31111
-32231
-25451
-12429
3643
18824
29387
32737
28047
16465
836
-15001
-27152
-32625
-30072
-20115
-5205
10989
24479
31937
31523
23335
9388
-6876
-21447
-30723
-32412
-26092
-13322
2743
18132
29038
32759
28371
16955
1338
-14612
-26944
-32596
-30164
-20247
-5304
10958
24501
31960
31477
23169
9099
-7236
-21774
-30894
-32323
-25702
-12676
3510
18824
29446
32724
27837
16000
166
-15711
-27666
-32707
-29572
-19041
-3744
12491
25602
32304
30916
21780
7184
-9215
-23305
-31551
-31880
-24205
-10451
5930
20824
30486
32483
26311
13518
-2679
-18204
-29147
-32749
-28098
-16364
-502
15488
27574
32702
29574
18976
3583
-12717
-25806
-32371
-30748
-21345
-6538
9926
23879
31785
31636
23467
9346
-7147
-21830
-30974
-32254
-25342
-11991
4409
19692
29968
32623
26976
14462
-1736
-17495
-28798
-32764
-28377
-16752
-852
15267
27492
32699
29554
18857
3339
-13034
-26077
-32450
-30520
-20777
-5712
10817
24578
32042
31291
22515
7961
-8637
-23021
-31496
-31881
-24075
-10079
6509
21426
30833
32307
25463
12062
-4448
-19815
-30076
-32585
-26689
-13907
2465
18204
29244
32732
27762
15616
-569
-16610
-28356
-32765
-28692
-17189
-1231
15047
27428
32699
29490
18630
2932
-13528
-26478
-32552
-30168
-19943
-4530
12062
25519
32337
30737
21133
6022
-10659
-24565
-32068
-31208
-22206
-7407
9326
23628
31760
31593
23169
8686
-8070
-22719
-31423
-31903
-24028
-9858
6896
21846
31070
32147
24790
10926
-5807
-21019
-30711
-32336
-25461
-11891
4807
20244
30356
32478
26047
12755
-3899
-19528
-30012
-32581
-26556
-13521
3083
18877
29687
32654
26991
14192
-2362
-18294
-29387
-32703
-27360
-14769
1736
17784
29119
32734
27666
15255
-1206
-17349
-28887
-32752
-27913
-15652
771
16993
28695
32761
28105
15962
-434
-16717
-28547
-32765
-28244
-16186
193
16523
28443
32766
28334
16326
-48
-16412
-28387
-32766
-28374
-16382
0
0
0
0
0
0
0
0
0
0
0
0
0
0
0
0
0
0
0
0
0
0
0
0
0
0
0
0
0
0
0
0
0
0
0
0
0
0
0
0
0
0
0
0
0
0
0
0
0
0
0
0
0
0
0
0
0
0
0
0
0
0
0
0
0
0
0
0
0
0
0
0
0
0
0
0
0
0
0
0
0
0
0
0
0
0
0
0
0
0
0
0
0
0
0
0
0
0
0
0
0
0
0
0
0
0
0
0
0
0
0
0
0
0
0
0
0
0
0
0
0
0
0
0
0
0
0
0
0
0
0
0
0
0
0
0
0
0
0
0
0
0
0
0
0
0
0
0
0
0
0
0
0
0
0
0
0
0
0
0
0
0
0
0
0
0
0
0
0
0
0
0
0
0
0
0
0
0
0
0
0
0
0
0
0
0
0
0
0
0
0
0
0
0
0
0
0
0
0
0
0
0
0
0
0
0
0
0
0
0
0
0
0
0
0
0
0
0
0
0
0
0
0
0
0
0
0
0
0
0
0
0
0
0
0
0
0
0
0
0
0
0
0
0
0
0
0
0
0
0
0
0
0
0
0
0
0
0
0
0
0
0
0
0
0
0
0
0
0
0
0
0
0
0
0
0
0
0
0
0
0
0
0
0
0
0
0
0
0
0
0
0
0
0
0
0
0
0
0
0
0
0
0
0
0
0
0
0
0
0
0
0
0
0
0
0
0
0
0
0
0
0
0
0
0
0
0
0
0
0
0
0
0
0
0
0
0
0
0
0
0
0
0
0
0
0
0
0
0
0
0
0
0
0
0
0
0
0
0
0
0
0
0
0
0
0
0
0
0
0
0
0
0
0
0
0
0
0
0
0
0
0
0
0
0
0
0
0
0
0
0
0
0
0
0
0
0
0
0
0
0
0
0
0
0
0
0
0
0
0
0
0
0
0
0
0
0
0
0
0
0
0
0
0
0
0
0
0
0
0
0
0
0
0
0
0
0
0
0
0
0
0
0
0
0
0
0
0
0
0
0
0
0
0
0
0
0
0
0
0
0
0
0
0
0
0
0
0
0
0
0
0
0
0
0
0
0
0
0
0
0
0
0
0
0
0
0
0
0
0
0
0
0
0
0
0
0
0
0
0
0
0
0
0
0
0
0
0
0
0
0
0
0
0
0
0
0
0
0
0
0
0
0
0
0
0
0
0
0
0
0
0
0
0
0
0
0
0
0
0
0
0
0
0
0
0
0
0
0
0
0
0
0
0
0
0
0
0
0
0
0
0
0
0
0
0
0
0
0
0
0
0
0
0
0
0
0
0
0
0
0
0
0
0
0
0
0
0
0
0
0
0
0
0
0
0
0
0
0
0
0
0
0
0
0
0
0
0
0
0
0
0
0
0
0
0
0
0
0
0
0
0
0
0
0
0
0
0
0
0
0
0
0
0
0
0
0
0
0
0
0
0
0
0
0
0
0
0
0
0
0
0
0
0
0
0
0
0
0
0
0
0
0
0
0
0
0
0
0
0
0
0
0
0
0
0
0
0
0
0
0
0
0
0
0
0
0
0
0
0
0
0
0
0
0
0
0
0
0
0
0
0
0
0
0
0
0
0
0
0
0
0
0
0
0
0
0
0
0
0
0
0
0
0
0
0
0
0
0
0
0
0
0
0
0
0
0
0
0
0
0
0
0
0
0
0
0
0
0
0
0
0
0
0
0
0
0
0
0
0
0
0
0
0
0
0
0
0
0
0
0
0
0
0
0
0
0
0
0
0
0
0
0
0
0
0
0
0
0
0
0
0
0
0
0
0
0
0
0
0
0
0
0
0
0
0
0
0
0
0
0
0
0
0
0
0
0
0
0
0
0
0
0
0
0
0
0
0
0
0
0
0
0
0
0
0
0
0
0
0
0
0
0
0
0
0
0
0
0
0
0
0
0
0
0
0
0
0
0
0
0
0
0
0
0
0
0
0
0
0
0
0
0
0
0
0
0
0
0
0
0
0
0
0
0
0
0
0
0
0
0
0
0
0
0
0
0
0
0
0
0
0
0
0
0
0
0
0
0
0
0
0
0
0
0
0
0
0
0
0
0
0
0
0
0
0
0
0
0
0
0
0
0
0
0
0
0
0
0
0
0
0
0
0
0
0
0
0
0
0
0
0
0
0
0
0
0
0
0
0
13106
12943
12458
11664
10581
9238
7669
5914
4020
2034
8
-2006
-3960
-5803
-7489
-8977
-10232
-11223
-11929
-12335
-12433
-12225
-11721
-10935
-9893
-8623
-7160
-5545
-3819
-2028
-216
1569
3286
4893
6353
7633
8705
9547
10145
10488
10576
10412
10007
9377
8542
7529
6368
5089
3728
2318
894
-507
-1857
-3125
-4284
-5311
-6187
-6898
-7434
-7789
-7962
-7958
-7782
-7447
-6965
-6355
-5634
-4823
-3943
-3015
-2061
-1102
-157
755
1618
2419
3143
3782
4328
4775
5119
5360
5498
5536
5477
5326
5090
4777
4393
3946
3447
2904
2325
1720
1098
468
-160
-779
-1381
-1956
-2498
-2997
-3447
-3842
-4174
-4439
-4631
-4747
-4783
-4737
-4609
-4400
-4110
-3745
-3308
-2806
-2246
-1639
-994
-323
362
1047
1721
2367
2974
3529
4018
4431
4759
4993
5128
5158
5083
4903
4620
4240
3770
3221
2602
1928
1212
470
-280
-1025
-1747
-2430
-3059
-3621
-4103
-4496
-4791
-4981
-5065
-5040
-4908
-4673
-4341
-3920
-3421
-2856
-2238
-1580
-899
-210
473
1134
1761
2339
2857
3306
3676
3961
4158
4264
4279
4206
4046
3808
3497
3123
2695
2224
1721
1198
667
139
-374
-863
-1318
-1731
-2094
-2402
-2650
-2837
-2959
-3018
-3016
-2955
-2839
-2674
-2465
-2219
-1945
-1648
-1337
-1019
-702
-393
-97
179
432
659
855
1021
1154
1257
1329
1374
1393
1392
1372
1340
1298
1251
1203
1156
1114
1079
1052
1033
1022
1017
1016
1016
1012
1002
980
941
880
794
678
529
346
127
-127
-416
-734
-1078
-1440
-1813
-2188
-2553
-2898
-3210
-3478
-3690
-3834
-3900
-3879
-3764
-3550
-3234
-2817
-2302
-1694
-1003
-242
573
1427
2299
3167
4008
4799
5515
6135
6635
6998
7206
7246
7108
6788
6285
5603
4753
3749
2610
1361
31
-1350
-2749
-4128
-5452
-6684
-7788
-8731
-9484
-10021
-10321
-10369
-10156
-9681
-8949
-7971
-6768
-5364
-3793
-2090
-297
1539
3373
5156
6841
8381
9733
10858
11723
12301
12571
12524
12154
11468
10479
9211
7692
5961
4061
2041
-45
-2146
-4204
-6164
-7975
-9586
-10954
-12042
-12819
-13263
-13363
-13114
-12523
-11605
-10385
-8896
-7177
-5276
-3244
-1136
990
3079
5073
6919
8568
9976
11107
11932
12431
12593
12417
11911
11093
9987
8628
7056
5317
3462
1542
-386
-2272
-4062
-5709
-7167
-8401
-9379
-10077
-10483
-10589
-10398
-9922
-9179
-8197
-7009
-5652
-4170
-2607
-1012
569
2091
3511
4789
5892
6792
7467
7902
8091
8035
7741
7225
6508
5616
4582
3440
2228
985
-249
-1439
-2547
-3542
-4396
-5085
-5594
-5909
-6026
-5947
-5678
-5233
-4630
-3892
-3045
-2118
-1143
-152
823
1752
2606
3358
3988
4476
4811
4983
4990
4835
4524
4071
3490
2802
2030
1199
336
-532
-1380
-2180
-2910
-3546
-4072
-4473
-4737
-4858
-4834
-4667
-4363
-3933
-3390
-2750
-2034
-1262
-457
358
1161
1929
2641
3278
3824
4263
4587
4787
4860
4804
4624
4325
3916
3410
2822
2166
1462
728
-17
-755
-1466
-2134
-2742
-3276
-3725
-4078
-4329
-4472
-4508
-4436
-4259
-3986
-3622
-3180
-2670
-2106
-1503
-875
-239
391
1001
1577
2105
2575
2976
3300
3542
3698
3766
3746
3641
3456
3197
2871
2489
2060
1597
1112
615
122
-357
-812
-1231
-1605
-1926
-2188
-2387
-2519
-2585
-2585
-2522
-2401
-2227
-2009
-1754
-1471
-1171
-863
-558
-264
8
254
465
637
766
851
891
889
848
773
671
548
413
275
142
23
-73
-142
-175
-168
-120
-29
103
275
480
711
959
1216
1468
1706
1915
2085
2205
2263
2252
2166
1998
1749
1419
1012
535
-1
-585
-1202
-1834
-2463
-3069
-3632
-4133
-4552
-4872
-5078
-5157
-5099
-4900
-4557
-4073
-3456
-2716
-1869
-934
66
1106
2159
3196
4187
5103
5916
6602
7136
7499
7677
7660
7443
7026
6416
5626
4671
3576
2366
1072
-272
-1633
-2973
-4256
-5447
-6513
-7424
-8155
-8683
-8994
-9077
-8929
-8552
-7955
-7154
-6169
-5026
-3755
-2390
-966
477
1904
3276
4558
5716
6721
7549
8179
8597
8796
8772
8530
8080
7437
6621
5656
4571
3397
2166
910
-335
-1541
-2676
-3714
-4632
-5409
-6031
-6489
-6776
-6892
-6842
-6634
-6280
-5797
-5202
-4517
-3762
-2960
-2134
-1305
-493
284
1010
1672
2260
2766
3185
3516
3759
3919
3998
4005
3947
3831
3667
3463
3227
2965
2684
2388
2082
1767
1446
1119
786
446
99
-254
-616
-984
-1357
-1732
-2103
-2466
-2813
-3137
-3429
-3678
-3874
-4009
-4073
-4057
-3955
-3762
-3475
-3095
-2624
-2068
-1438
-743
0
773
1558
2335
3080
3772
4388
4909
5315
5590
5723
5704
5528
5196
4713
4089
3337
2479
1535
532
-499
-1531
-2532
-3469
-4315
-5041
-5623
-6041
-6280
-6329
-6185
-5851
-5333
-4647
-3813
-2856
-1804
-692
445
1572
2650
3646
4525
5257
5817
6186
6349
6299
6037
5570
4912
4083
3109
2024
862
-336
-1533
-2686
-3755
-4704
-5498
-6109
-6515
-6698
-6650
-6370
-5865
-5150
-4247
-3184
-1995
-720
599
1919
3195
4382
5440
6330
7022
7490
7714
7684
7399
6864
6095
5113
3950
2641
1228
-244
-1727
-3174
-4537
-5771
-6834
-7691
-8313
-8678
-8774
-8594
-8145
-7438
-6496
-5348
-4030
-2583
-1054
508
2055
3538
4909
6126
7151
7951
8503
8791
8807
8554
8041
7288
6321
5172
3882
2493
1051
-396
-1802
-3123
-4318
-5349
-6186
-6807
-7194
-7342
-7250
-6928
-6393
-5667
-4783
-3774
-2678
-1538
-394
711
1741
2660
3438
4050
4479
4715
4754
4602
4271
3780
3153
2421
1617
777
-60
-860
-1587
-2210
-2702
-3041
-3212
-3207
-3025
-2674
-2166
-1524
-773
54
924
1797
2635
3400
4055
4568
4911
5062
5007
4738
4257
3573
2702
1671
512
-738
-2037
-3339
-4596
-5762
-6790
-7640
-8274
-8663
-8782
-8619
-8168
-7435
-6435
-5191
-3737
-2113
-368
1445
3272
5053
6732
8252
9562
10616
11377
11813
11907
11648
11039
10092
8832
7293
5518
3558
1471
-681
-2834
-4924
-6886
-8661
-10194
-11438
-12355
-12917
-13106
-12917
-12355
-11438
-10194
-8661
-6886
-4924
-2834
-681
1471
3558
5518
7293
8832
10092
11039
11648
11907
11813
11377
10616
9562
8252
6732
5053
3272
1445
-368
-2113
-3737
-5191
-6435
-7435
-8168
-8619
-8782
-8663
-8274
-7640
-6790
-5762
-4596
-3339
-2037
-738
512
1671
2702
3573
4257
4738
5007
5062
4911
4568
4055
3400
2635
1797
924
54
-773
-1524
-2166
-2674
-3025
-3207
-3212
-3041
-2702
-2210
-1587
-860
-60
777
1617
2421
3153
3780
4271
4602
4754
4715
4479
4050
3438
2660
1741
711
-394
-1538
-2678
-3774
-4783
-5667
-6393
-6928
-7250
-7342
-7194
-6807
-6186
-5349
-4318
-3123
-1802
-396
1051
2493
3882
5172
6321
7288
8041
8554
8807
8791
8503
7951
7151
6126
4909
3538
2055
508
-1054
-2583
-4030
-5348
-6496
-7438
-8145
-8594
-8774
-8678
-8313
-7691
-6834
-5771
-4537
-3174
-1727
-244
1228
2641
3950
5113
6095
6864
7399
7684
7714
7490
7022
6330
5440
4382
3195
1919
599
-720
-1995
-3184
-4247
-5150
-5865
-6370
-6650
-6698
-6515
-6109
-5498
-4704
-3755
-2686
-1533
-336
862
2024
3109
4083
4912
5570
6037
6299
6349
6186
5817
5257
4525
3646
2650
1572
445
-692
-1804
-2856
-3813
-4647
-5333
-5851
-6185
-6329
-6280
-6041
-5623
-5041
-4315
-3469
-2532
-1531
-499
532
1535
2479
3337
4089
4713
5196
5528
5704
5723
5590
5315
4909
4388
3772
3080
2335
1558
773
0
-743
-1438
-2068
-2624
-3095
-3475
-3762
-3955
-4057
-4073
-4009
-3874
-3678
-3429
-3137
-2813
-2466
-2103
-1732
-1357
-984
-616
-254
99
446
786
1119
1446
1767
2082
2388
2684
2965
3227
3463
3667
3831
3947
4005
3998
3919
3759
3516
3185
2766
2260
1672
1010
284
-493
-1305
-2134
-2960
-3762
-4517
-5202
-5797
-6280
-6634
-6842
-6892
-6776
-6489
-6031
-5409
-4632
-3714
-2676
-1541
-335
910
2166
3397
4571
5656
6621
7437
8080
8530
8772
8796
8597
8179
7549
6721
5716
4558
3276
1904
477
-966
-2390
-3755
-5026
-6169
-7154
-7955
-8552
-8929
-9077
-8994
-8683
-8155
-7424
-6513
-5447
-4256
-2973
-1633
-272
1072
2366
3576
4671
5626
6416
7026
7443
7660
7677
7499
7136
6602
5916
5103
4187
3196
2159
1106
66
-934
-1869
-2716
-3456
-4073
-4557
-4900
-5099
-5157
-5078
-4872
-4552
-4133
-3632
-3069
-2463
-1834
-1202
-585
-1
535
1012
1419
1749
1998
2166
2252
2263
2205
2085
1915
1706
1468
1216
959
711
480
275
103
-29
-120
-168
-175
-142
-73
23
142
275
413
548
671
773
848
889
891
851
766
637
465
254
8
-264
-558
-863
-1171
-1471
-1754
-2009
-2227
-2401
-2522
-2585
-2585
-2519
-2387
-2188
-1926
-1605
-1231
-812
-357
122
615
1112
1597
2060
2489
2871
3197
3456
3641
3746
3766
3698
3542
3300
2976
2575
2105
1577
1001
391
-239
-875
-1503
-2106
-2670
-3180
-3622
-3986
-4259
-4436
-4508
-4472
-4329
-4078
-3725
-3276
-2742
-2134
-1466
-755
-17
728
1462
2166
2822
3410
3916
4325
4624
4804
4860
4787
4587
4263
3824
3278
2641
1929
1161
358
-457
-1262
-2034
-2750
-3390
-3933
-4363
-4667
-4834
-4858
-4737
-4473
-4072
-3546
-2910
-2180
-1380
-532
336
1199
2030
2802
3490
4071
4524
4835
4990
4983
4811
4476
3988
3358
2606
1752
823
-152
-1143
-2118
-3045
-3892
-4630
-5233
-5678
-5947
-6026
-5909
-5594
-5085
-4396
-3542
-2547
-1439
-249
985
2228
3440
4582
5616
6508
7225
7741
8035
8091
7902
7467
6792
5892
4789
3511
2091
569
-1012
-2607
-4170
-5652
-7009
-8197
-9179
-9922
-10398
-10589
-10483
-10077
-9379
-8401
-7167
-5709
-4062
-2272
-386
1542
3462
5317
7056
8628
9987
11093
11911
12417
12593
12431
11932
11107
9976
8568
6919
5073
3079
990
-1136
-3244
-5276
-7177
-8896
-10385
-11605
-12523
-13114
-13363
-13263
-12819
-12042
-10954
-9586
-7975
-6164
-4204
-2146
-45
2041
4061
5961
7692
9211
10479
11468
12154
12524
12571
12301
11723
10858
9733
8381
6841
5156
3373
1539
-297
-2090
-3793
-5364
-6768
-7971
-8949
-9681
-10156
-10369
-10321
-10021
-9484
-8731
-7788
-6684
-5452
-4128
-2749
-1350
31
1361
2610
3749
4753
5603
6285
6788
7108
7246
7206
6998
6635
6135
5515
4799
4008
3167
2299
1427
573
-242
-1003
-1694
-2302
-2817
-3234
-3550
-3764
-3879
-3900
-3834
-3690
-3478
-3210
-2898
-2553
-2188
-1813
-1440
-1078
-734
-416
-127
127
346
529
678
794
880
941
980
1002
1012
1016
1016
1017
1022
1033
1052
1079
1114
1156
1203
1251
1298
1340
1372
1392
1393
1374
1329
1257
1154
1021
855
659
432
179
-97
-393
-702
-1019
-1337
-1648
-1945
-2219
-2465
-2674
-2839
-2955
-3016
-3018
-2959
-2837
-2650
-2402
-2094
-1731
-1318
-863
-374
139
667
1198
1721
2224
2695
3123
3497
3808
4046
4206
4279
4264
4158
3961
3676
3306
2857
2339
1761
1134
473
-210
-899
-1580
-2238
-2856
-3421
-3920
-4341
-4673
-4908
-5040
-5065
-4981
-4791
-4496
-4103
-3621
-3059
-2430
-1747
-1025
-280
470
1212
1928
2602
3221
3770
4240
4620
4903
5083
5158
5128
4993
4759
4431
4018
3529
2974
2367
1721
1047
362
-323
-994
-1639
-2246
-2806
-3308
-3745
-4110
-4400
-4609
-4737
-4783
-4747
-4631
-4439
-4174
-3842
-3447
-2997
-2498
-1956
-1381
-779
-160
468
1098
1720
2325
2904
3447
3946
4393
4777
5090
5326
5477
5536
5498
5360
5119
4775
4328
3782
3143
2419
1618
755
-157
-1102
-2061
-3015
-3943
-4823
-5634
-6355
-6965
-7447
-7782
-7958
-7962
-7789
-7434
-6898
-6187
-5311
-4284
-3125
-1857
-507
894
2318
3728
5089
6368
7529
8542
9377
10007
10412
10576
10488
10145
9547
8705
7633
6353
4893
3286
1569
-216
-2028
-3819
-5545
-7160
-8623
-9893
-10935
-11721
-12225
-12433
-12335
-11929
-11223
-10232
-8977
-7489
-5803
-3960
-2006
8
2034
4020
5914
7669
9238
10581
11664
12458
12943
0
0
0
0
0
0
0
0
0
0
0
0
0
0
0
0
0
0
0
0
0
0
0
0
0
0
0
0
0
0
0
0
0
0
0
0
0
0
0
0
0
0
0
0
0
0
0
0
0
0
0
0
0
0
0
0
0
0
0
0
0
0
0
0
0
0
0
0
0
0
0
0
0
0
0
0
0
0
0
0
0
0
0
0
0
0
0
0
0
0
0
0
0
0
0
0
0
0
0
0
0
0
0
0
0
0
0
0
0
0
0
0
0
0
0
0
0
0
0
0
0
0
0
0
0
0
0
0
0
0
0
0
0
0
0
3276
3255
3193
3090
2945
2761
2537
2276
1979
1647
1285
895
480
46
-402
-860
-1320
-1776
-2220
-2644
-3040
-3400
-3715
-3979
-4182
-4318
-4382
-4367
-4271
-4091
-3826
-3478
-3048
-2542
-1966
-1329
-641
86
839
1603
2363
3103
3804
4452
5030
5522
5915
6195
6353
6380
6271
6023
5636
5115
4465
3697
2825
1864
833
-246
-1352
-2460
-3544
-4578
-5539
-6401
-7141
-7739
-8178
-8442
-8520
-8405
-8096
-7593
-6905
-6041
-5018
-3857
-2580
-1216
204
1650
3088
4482
5799
7006
8071
8965
9666
10150
10403
10415
10180
9699
8981
8038
6889
5559
4078
2479
800
-919
-2638
-4313
-5904
-7370
-8673
-9779
-10659
-11289
-11649
-11730
-11525
-11038
-10278
-9262
-8014
-6563
-4945
-3198
-1366
504
2367
4176
5884
7447
8827
9987
10899
11537
11888
11940
11695
11158
10345
9276
7981
6494
4855
3106
1294
-533
-2328
-4045
-5639
-7070
-8301
-9304
-10053
-10533
-10735
-10657
-10307
-9697
-8849
-7789
-6552
-5172
-3692
-2153
-599
926
2382
3731
4938
5972
6810
7435
7835
8006
7951
7680
7209
6559
5756
4831
3817
2749
1661
590
-432
-1376
-2214
-2924
-3489
-3899
-4147
-4234
-4166
-3955
-3618
-3175
-2650
-2070
-1463
-855
-275
251
702
1059
1308
1438
1446
1332
1103
771
352
-132
-660
-1204
-1736
-2229
-2656
-2991
-3213
-3303
-3247
-3038
-2674
-2158
-1500
-717
168
1131
2140
3160
4156
5090
5926
6629
7167
7513
7645
7548
7212
6636
5828
4802
3581
2194
678
-925
-2571
-4211
-5794
-7270
-8591
-9714
-10596
-11206
-11516
-11509
-11176
-10518
-9547
-8283
-6756
-5004
-3074
-1017
1108
3244
5328
7299
9099
10673
11973
12959
13598
13868
13756
13263
12399
11185
9653
7845
5810
3605
1291
-1064
-3396
-5637
-7724
-9597
-11203
-12496
-13440
-14008
-14185
-13968
-13363
-12391
-11081
-9473
-7613
-5559
-3369
-1108
1157
3364
5448
7351
9020
10410
11484
12216
12590
12599
12250
11559
10552
9263
7737
6021
4171
2244
298
-1607
-3418
-5082
-6553
-7791
-8765
-9452
-9839
-9922
-9706
-9206
-8445
-7454
-6270
-4935
-3494
-1996
-490
978
2362
3623
4724
5634
6332
6802
7037
7037
6809
6370
5740
4947
4022
3000
1920
817
-269
-1304
-2255
-3093
-3794
-4338
-4714
-4914
-4937
-4789
-4482
-4031
-3457
-2784
-2038
-1247
-441
352
1107
1798
2404
2908
3296
3559
3694
3700
3583
3351
3018
2599
2112
1576
1012
440
-118
-648
-1132
-1556
-1910
-2186
-2381
-2493
-2525
-2482
-2372
-2204
-1991
-1743
-1474
-1196
-921
-658
-416
-201
-19
129
244
328
386
424
449
470
493
528
582
660
766
902
1069
1263
1480
1711
1947
2176
2387
2564
2695
2765
2763
2678
2501
2227
1855
1385
824
180
-531
-1294
-2089
-2892
-3677
-4419
-5090
-5665
-6119
-6429
-6576
-6547
-6330
-5921
-5323
-4542
-3592
-2493
-1270
45
1421
2817
4196
5515
6734
7814
8718
9414
9876
10082
10017
9677
9062
8181
7054
5705
4167
2480
686
-1165
-3023
-4836
-6553
-8123
-9500
-10643
-11517
-12093
-12351
-12281
-11880
-11157
-10128
-8819
-7264
-5504
-3587
-1565
507
2574
4577
6462
8177
9674
10914
11862
12493
12791
12748
12369
11664
10655
9372
7852
6138
4279
2327
335
-1640
-3546
-5333
-6953
-8365
-9534
-10431
-11039
-11345
-11347
-11051
-10471
-9630
-8556
-7283
-5852
-4304
-2686
-1042
581
2142
3598
4914
6059
7007
7739
8243
8513
8550
8362
7963
7373
6614
5716
4707
3622
2492
1350
230
-840
-1834
-2728
-3503
-4143
-4639
-4985
-5181
-5229
-5137
-4916
-4582
-4150
-3638
-3067
-2456
-1826
-1195
-580
0
535
1012
1423
1761
2023
2208
2318
2358
2331
2245
2109
1932
1722
1489
1242
989
739
498
272
65
-119
-278
-411
-518
-599
-656
-689
-701
-695
-672
-635
-586
-527
-459
-385
-306
-222
-135
-47
41
130
217
299
376
446
505
552
584
598
592
565
515
440
341
219
73
-91
-272
-466
-666
-867
-1062
-1244
-1406
-1539
-1638
-1695
-1705
-1664
-1569
-1418
-1212
-952
-643
-291
95
507
934
1364
1784
2180
2539
2848
3095
3270
3363
3368
3280
3098
2822
2457
2009
1487
905
276
-382
-1054
-1720
-2361
-2958
-3493
-3951
-4315
-4574
-4718
-4741
-4640
-4416
-4072
-3616
-3060
-2418
-1706
-942
-148
654
1445
2201
2903
3532
4070
4504
4821
5015
5081
5017
4828
4520
4102
3588
2991
2331
1626
894
157
-565
-1256
-1897
-2473
-2971
-3381
-3695
-3909
-4023
-4036
-3955
-3785
-3537
-3221
-2849
-2434
-1991
-1532
-1071
-620
-188
213
578
901
1179
1410
1594
1734
1833
1896
1927
1933
1919
1891
1855
1814
1771
1729
1689
1649
1608
1564
1511
1447
1365
1261
1131
969
774
543
275
-26
-361
-722
-1104
-1499
-1895
-2283
-2650
-2985
-3274
-3506
-3669
-3755
-3755
-3664
-3478
-3197
-2823
-2364
-1825
-1220
-562
132
847
1561
2256
2912
3510
4031
4459
4781
4986
5065
5015
4835
4529
4104
3570
2943
2238
1475
675
-138
-944
-1718
-2441
-3091
-3650
-4106
-4445
-4660
-4746
-4705
-4539
-4257
-3869
-3390
-2836
-2225
-1579
-917
-260
372
962
1492
1950
2324
2606
2793
2885
2883
2793
2626
2392
2105
1779
1431
1076
730
406
118
-122
-310
-439
-506
-512
-462
-362
-220
-49
138
331
513
670
791
864
879
829
712
525
272
-41
-407
-814
-1246
-1688
-2122
-2530
-2894
-3195
-3417
-3546
-3572
-3485
-3281
-2960
-2525
-1986
-1353
-643
124
927
1743
2544
3306
4003
4609
5105
5469
5687
5747
5644
5375
4945
4364
3644
2807
1873
871
-171
-1223
-2252
-3227
-4119
-4900
-5545
-6033
-6350
-6485
-6432
-6194
-5778
-5195
-4464
-3608
-2653
-1628
-566
499
1537
2515
3403
4174
4805
5279
5582
5708
5655
5427
5036
4497
3829
3058
2211
1317
409
-483
-1331
-2104
-2779
-3334
-3751
-4021
-4135
-4093
-3901
-3568
-3110
-2547
-1901
-1198
-467
263
966
1614
2181
2646
2992
3204
3276
3204
2992
2646
2181
1614
966
263
-467
-1198
-1901
-2547
-3110
-3568
-3901
-4093
-4135
-4021
-3751
-3334
-2779
-2104
-1331
-483
409
1317
2211
3058
3829
4497
5036
5427
5655
5708
5582
5279
4805
4174
3403
2515
1537
499
-566
-1628
-2653
-3608
-4464
-5195
-5778
-6194
-6432
-6485
-6350
-6033
-5545
-4900
-4119
-3227
-2252
-1223
-171
871
1873
2807
3644
4364
4945
5375
5644
5747
5687
5469
5105
4609
4003
3306
2544
1743
927
124
-643
-1353
-1986
-2525
-2960
-3281
-3485
-3572
-3546
-3417
-3195
-2894
-2530
-2122
-1688
-1246
-814
-407
-41
272
525
712
829
879
864
791
670
513
331
138
-49
-220
-362
-462
-512
-506
-439
-310
-122
118
406
730
1076
1431
1779
2105
2392
2626
2793
2883
2885
2793
2606
2324
1950
1492
962
372
-260
-917
-1579
-2225
-2836
-3390
-3869
-4257
-4539
-4705
-4746
-4660
-4445
-4106
-3650
-3091
-2441
-1718
-944
-138
675
1475
2238
2943
3570
4104
4529
4835
5015
5065
4986
4781
4459
4031
3510
2912
2256
1561
847
132
-562
-1220
-1825
-2364
-2823
-3197
-3478
-3664
-3755
-3755
-3669
-3506
-3274
-2985
-2650
-2283
-1895
-1499
-1104
-722
-361
-26
275
543
774
969
1131
1261
1365
1447
1511
1564
1608
1649
1689
1729
1771
1814
1855
1891
1919
1933
1927
1896
1833
1734
1594
1410
1179
901
578
213
-188
-620
-1071
-1532
-1991
-2434
-2849
-3221
-3537
-3785
-3955
-4036
-4023
-3909
-3695
-3381
-2971
-2473
-1897
-1256
-565
157
894
1626
2331
2991
3588
4102
4520
4828
5017
5081
5015
4821
4504
4070
3532
2903
2201
1445
654
-148
-942
-1706
-2418
-3060
-3616
-4072
-4416
-4640
-4741
-4718
-4574
-4315
-3951
-3493
-2958
-2361
-1720
-1054
-382
276
905
1487
2009
2457
2822
3098
3280
3368
3363
3270
3095
2848
2539
2180
1784
1364
934
507
95
-291
-643
-952
-1212
-1418
-1569
-1664
-1705
-1695
-1638
-1539
-1406
-1244
-1062
-867
-666
-466
-272
-91
73
219
341
440
515
565
592
598
584
552
505
446
376
299
217
130
41
-47
-135
-222
-306
-385
-459
-527
-586
-635
-672
-695
-701
-689
-656
-599
-518
-411
-278
-119
65
272
498
739
989
1242
1489
1722
1932
2109
2245
2331
2358
2318
2208
2023
1761
1423
1012
535
0
-580
-1195
-1826
-2456
-3067
-3638
-4150
-4582
-4916
-5137
-5229
-5181
-4985
-4639
-4143
-3503
-2728
-1834
-840
230
1350
2492
3622
4707
5716
6614
7373
7963
8362
8550
8513
8243
7739
7007
6059
4914
3598
2142
581
-1042
-2686
-4304
-5852
-7283
-8556
-9630
-10471
-11051
-11347
-11345
-11039
-10431
-9534
-8365
-6953
-5333
-3546
-1640
335
2327
4279
6138
7852
9372
10655
11664
12369
12748
12791
12493
11862
10914
9674
8177
6462
4577
2574
507
-1565
-3587
-5504
-7264
-8819
-10128
-11157
-11880
-12281
-12351
-12093
-11517
-10643
-9500
-8123
-6553
-4836
-3023
-1165
686
2480
4167
5705
7054
8181
9062
9677
10017
10082
9876
9414
8718
7814
6734
5515
4196
2817
1421
45
-1270
-2493
-3592
-4542
-5323
-5921
-6330
-6547
-6576
-6429
-6119
-5665
-5090
-4419
-3677
-2892
-2089
-1294
-531
180
824
1385
1855
2227
2501
2678
2763
2765
2695
2564
2387
2176
1947
1711
1480
1263
1069
902
766
660
582
528
493
470
449
424
386
328
244
129
-19
-201
-416
-658
-921
-1196
-1474
-1743
-1991
-2204
-2372
-2482
-2525
-2493
-2381
-2186
-1910
-1556
-1132
-648
-118
440
1012
1576
2112
2599
3018
3351
3583
3700
3694
3559
3296
2908
2404
1798
1107
352
-441
-1247
-2038
-2784
-3457
-4031
-4482
-4789
-4937
-4914
-4714
-4338
-3794
-3093
-2255
-1304
-269
817
1920
3000
4022
4947
5740
6370
6809
7037
7037
6802
6332
5634
4724
3623
2362
978
-490
-1996
-3494
-4935
-6270
-7454
-8445
-9206
-9706
-9922
-9839
-9452
-8765
-7791
-6553
-5082
-3418
-1607
298
2244
4171
6021
7737
9263
10552
11559
12250
12599
12590
12216
11484
10410
9020
7351
5448
3364
1157
-1108
-3369
-5559
-7613
-9473
-11081
-12391
-13363
-13968
-14185
-14008
-13440
-12496
-11203
-9597
-7724
-5637
-3396
-1064
1291
3605
5810
7845
9653
11185
12399
13263
13756
13868
13598
12959
11973
10673
9099
7299
5328
3244
1108
-1017
-3074
-5004
-6756
-8283
-9547
-10518
-11176
-11509
-11516
-11206
-10596
-9714
-8591
-7270
-5794
-4211
-2571
-925
678
2194
3581
4802
5828
6636
7212
7548
7645
7513
7167
6629
5926
5090
4156
3160
2140
1131
168
-717
-1500
-2158
-2674
-3038
-3247
-3303
-3213
-2991
-2656
-2229
-1736
-1204
-660
-132
352
771
1103
1332
1446
1438
1308
1059
702
251
-275
-855
-1463
-2070
-2650
-3175
-3618
-3955
-4166
-4234
-4147
-3899
-3489
-2924
-2214
-1376
-432
590
1661
2749
3817
4831
5756
6559
7209
7680
7951
8006
7835
7435
6810
5972
4938
3731
2382
926
-599
-2153
-3692
-5172
-6552
-7789
-8849
-9697
-10307
-10657
-10735
-10533
-10053
-9304
-8301
-7070
-5639
-4045
-2328
-533
1294
3106
4855
6494
7981
9276
10345
11158
11695
11940
11888
11537
10899
9987
8827
7447
5884
4176
2367
504
-1366
-3198
-4945
-6563
-8014
-9262
-10278
-11038
-11525
-11730
-11649
-11289
-10659
-9779
-8673
-7370
-5904
-4313
-2638
-919
800
2479
4078
5559
6889
8038
8981
9699
10180
10415
10403
10150
9666
8965
8071
7006
5799
4482
3088
1650
204
-1216
-2580
-3857
-5018
-6041
-6905
-7593
-8096
-8405
-8520
-8442
-8178
-7739
-7141
-6401
-5539
-4578
-3544
-2460
-1352
-246
833
1864
2825
3697
4465
5115
5636
6023
6271
6380
6353
6195
5915
5522
5030
4452
3804
3103
2363
1603
839
86
-641
-1329
-1966
-2542
-3048
-3478
-3826
-4091
-4271
-4367
-4382
-4318
-4182
-3979
-3715
-3400
-3040
-2644
-2220
-1776
-1320
-860
-402
46
480
895
1285
1647
1979
2276
2537
2761
2945
3090
3193
3255
0
0
0
0
0
0
0
0
0
0
0
0
0
0
0
0
0
0
0
0
0
0
0
0
0
0
0
0
0
0
0
0
0
0
0
0
0
0
0
0
0
0
0
0
0
0
0
0
0
0
0
0
0
0
0
0
0
0
0
0
0
0
0
0
0
0
0
0
0
0
0
0
0
0
0
0
0
0
0
0
0
0
0
0
0
0
0
0
0
0
0
0
0
0
0
0
0
0
0
0
0
0
0
0
0
0
0
0
0
0
0
0
0
0
0
0
0
0
0
0
0
0
0
0
0
0
0
0
0
0
0
0
0
0
0
9830
9686
9260
8565
7622
6458
5110
3618
2026
383
-1262
-2861
-4367
-5735
-6927
-7907
-8650
-9135
-9350
-9293
-8967
-8385
-7569
-6544
-5345
-4009
-2577
-1094
395
1849
3223
4479
5583
6505
7221
7716
7979
8009
7810
7394
6778
5986
5046
3990
2851
1666
471
-699
-1813
-2838
-3749
-4524
-5145
-5600
-5884
-5996
-5939
-5724
-5363
-4875
-4279
-3598
-2856
-2077
-1285
-502
248
949
1584
2142
2611
2987
3267
3452
3545
3552
3482
3344
3149
2908
2633
2333
2019
1699
1380
1068
765
475
199
-65
-319
-564
-803
-1039
-1272
-1505
-1737
-1967
-2192
-2409
-2611
-2792
-2944
-3058
-3125
-3136
-3084
-2960
-2760
-2479
-2117
-1674
-1155
-568
75
764
1480
2206
2920
3601
4227
4775
5224
5556
5753
5802
5693
5421
4986
4392
3650
2775
1786
708
-430
-1598
-2763
-3890
-4944
-5891
-6702
-7346
-7801
-8047
-8072
-7868
-7436
-6783
-5923
-4877
-3671
-2337
-913
561
2045
3493
4864
6115
7208
8110
8791
9229
9409
9324
8973
8365
7516
6449
5195
3790
2274
692
-909
-2483
-3985
-5369
-6596
-7630
-8441
-9006
-9311
-9347
-9117
-8629
-7899
-6953
-5821
-4539
-3146
-1686
-204
1256
2650
3939
5085
6056
6827
7379
7700
7787
7642
7278
6710
5962
5065
4049
2953
1812
665
-450
-1499
-2451
-3278
-3957
-4473
-4814
-4978
-4966
-4788
-4458
-3996
-3425
-2772
-2067
-1339
-618
66
689
1227
1661
1977
2167
2227
2159
1972
1677
1294
841
345
-170
-678
-1152
-1567
-1901
-2134
-2252
-2244
-2105
-1836
-1443
-938
-337
338
1062
1808
2546
3245
3875
4407
4816
5080
5180
5105
4848
4411
3798
3024
2107
1073
-48
-1224
-2417
-3590
-4703
-5719
-6601
-7318
-7842
-8150
-8227
-8063
-7657
-7016
-6152
-5088
-3850
-2472
-992
547
2101
3626
5074
6403
7572
8546
9293
9789
10018
9970
9646
9052
8203
7123
5842
4394
2822
1169
-517
-2190
-3803
-5310
-6668
-7841
-8796
-9508
-9959
-10138
-10041
-9675
-9052
-8191
-7121
-5872
-4481
-2990
-1441
122
1657
3122
4477
5687
6722
7557
8173
8559
8709
8625
8314
7791
7076
6194
5173
4045
2844
1605
362
-849
-1998
-3056
-3997
-4800
-5448
-5929
-6236
-6369
-6330
-6128
-5774
-5285
-4679
-3977
-3203
-2381
-1534
-687
138
921
1642
2287
2841
3294
3641
3877
4001
4017
3930
3746
3477
3132
2726
2271
1780
1269
751
239
-255
-720
-1147
-1526
-1851
-2117
-2319
-2456
-2526
-2531
-2472
-2352
-2175
-1947
-1674
-1363
-1020
-654
-273
114
498
872
1225
1549
1836
2079
2270
2404
2475
2479
2414
2280
2076
1806
1473
1083
646
169
-334
-854
-1375
-1883
-2363
-2800
-3179
-3487
-3711
-3839
-3864
-3779
-3581
-3269
-2847
-2320
-1700
-998
-231
581
1418
2258
3075
3846
4545
5150
5638
5991
6192
6229
6095
5785
5301
4650
3845
2902
1842
692
-519
-1760
-2997
-4194
-5316
-6330
-7204
-7909
-8420
-8717
-8787
-8621
-8218
-7582
-6727
-5670
-4436
-3056
-1564
0
1595
3177
4704
6131
7417
8526
9424
10084
10484
10611
10457
10025
9322
8366
7182
5798
4253
2586
844
-926
-2678
-4363
-5934
-7350
-8571
-9565
-10304
-10770
-10950
-10841
-10448
-9781
-8863
-7719
-6383
-4892
-3290
-1621
67
1730
3322
4800
6126
7264
8189
8877
9316
9497
9421
9097
8540
7770
6815
5706
4480
3173
1827
479
-831
-2067
-3197
-4192
-5028
-5687
-6157
-6432
-6511
-6403
-6118
-5674
-5092
-4397
-3617
-2782
-1921
-1064
-239
527
1214
1802
2275
2624
2845
2936
2904
2757
2509
2176
1777
1335
872
410
-28
-423
-756
-1012
-1179
-1249
-1219
-1089
-864
-554
-171
268
746
1241
1731
2195
2610
2955
3213
3367
3406
3321
3109
2769
2306
1731
1058
303
-510
-1361
-2221
-3065
-3864
-4593
-5225
-5738
-6112
-6331
-6384
-6262
-5965
-5495
-4861
-4076
-3159
-2132
-1021
145
1336
2519
3663
4736
5707
6550
7240
7757
8085
8214
8139
7860
7383
6719
5884
4899
3789
2581
1307
0
-1308
-2585
-3798
-4917
-5914
-6765
-7451
-7955
-8266
-8379
-8294
-8014
-7550
-6914
-6126
-5207
-4182
-3076
-1919
-739
435
1575
2655
3651
4541
5307
5936
6415
6740
6907
6919
6779
6498
6088
5562
4939
4235
3472
2668
1844
1019
211
-562
-1288
-1953
-2547
-3062
-3493
-3838
-4097
-4270
-4362
-4378
-4326
-4211
-4043
-3830
-3580
-3300
-2999
-2681
-2352
-2017
-1678
-1338
-996
-653
-309
36
387
741
1101
1466
1836
2208
2579
2946
3302
3641
3955
4234
4470
4652
4771
4816
4779
4651
4427
4103
3676
3147
2520
1801
1000
130
-794
-1754
-2730
-3699
-4638
-5521
-6325
-7025
-7599
-8026
-8289
-8372
-8265
-7962
-7462
-6768
-5889
-4840
-3640
-2312
-886
606
2131
3651
5128
6524
7800
8922
9857
10576
11056
11277
11229
10906
10309
9448
8339
7005
5475
3784
1974
87
-1828
-3726
-5555
-7268
-8821
-10170
-11279
-12116
-12657
-12885
-12790
-12374
-11643
-10615
-9313
-7771
-6027
-4125
-2114
-47
2021
4040
5953
7712
9270
10586
11625
12361
12775
12857
12606
12030
11146
9979
8562
6935
5143
3235
1264
-716
-2653
-4494
-6190
-7698
-8978
-9999
-10736
-11173
-11303
-11127
-10656
-9906
-8905
-7684
-6282
-4741
-3108
-1430
243
1866
3393
4783
6000
7013
7798
8339
8627
8660
8445
7995
7331
6478
5469
4337
3122
1863
599
-630
-1789
-2844
-3767
-4532
-5123
-5526
-5737
-5755
-5589
-5250
-4757
-4132
-3401
-2594
-1740
-871
-17
791
1529
2173
2704
3108
3373
3498
3481
3329
3053
2668
2192
1647
1056
443
-165
-747
-1279
-1741
-2116
-2391
-2557
-2608
-2545
-2372
-2096
-1730
-1290
-793
-260
286
825
1335
1796
2189
2498
2712
2820
2820
2709
2492
2176
1772
1296
765
198
-382
-957
-1504
-2001
-2432
-2778
-3028
-3172
-3203
-3120
-2925
-2625
-2229
-1753
-1213
-627
-17
595
1188
1741
2234
2648
2969
3185
3289
3276
3147
2906
2562
2127
1617
1049
444
-176
-789
-1375
-1911
-2378
-2760
-3043
-3217
-3276
-3217
-3043
-2760
-2378
-1911
-1375
-789
-176
444
1049
1617
2127
2562
2906
3147
3276
3289
3185
2969
2648
2234
1741
1188
595
-17
-627
-1213
-1753
-2229
-2625
-2925
-3120
-3203
-3172
-3028
-2778
-2432
-2001
-1504
-957
-382
198
765
1296
1772
2176
2492
2709
2820
2820
2712
2498
2189
1796
1335
825
286
-260
-793
-1290
-1730
-2096
-2372
-2545
-2608
-2557
-2391
-2116
-1741
-1279
-747
-165
443
1056
1647
2192
2668
3053
3329
3481
3498
3373
3108
2704
2173
1529
791
-17
-871
-1740
-2594
-3401
-4132
-4757
-5250
-5589
-5755
-5737
-5526
-5123
-4532
-3767
-2844
-1789
-630
599
1863
3122
4337
5469
6478
7331
7995
8445
8660
8627
8339
7798
7013
6000
4783
3393
1866
243
-1430
-3108
-4741
-6282
-7684
-8905
-9906
-10656
-11127
-11303
-11173
-10736
-9999
-8978
-7698
-6190
-4494
-2653
-716
1264
3235
5143
6935
8562
9979
11146
12030
12606
12857
12775
12361
11625
10586
9270
7712
5953
4040
2021
-47
-2114
-4125
-6027
-7771
-9313
-10615
-11643
-12374
-12790
-12885
-12657
-12116
-11279
-10170
-8821
-7268
-5555
-3726
-1828
87
1974
3784
5475
7005
8339
9448
10309
10906
11229
11277
11056
10576
9857
8922
7800
6524
5128
3651
2131
606
-886
-2312
-3640
-4840
-5889
-6768
-7462
-7962
-8265
-8372
-8289
-8026
-7599
-7025
-6325
-5521
-4638
-3699
-2730
-1754
-794
130
1000
1801
2520
3147
3676
4103
4427
4651
4779
4816
4771
4652
4470
4234
3955
3641
3302
2946
2579
2208
1836
1466
1101
741
387
36
-309
-653
-996
-1338
-1678
-2017
-2352
-2681
-2999
-3300
-3580
-3830
-4043
-4211
-4326
-4378
-4362
-4270
-4097
-3838
-3493
-3062
-2547
-1953
-1288
-562
211
1019
1844
2668
3472
4235
4939
5562
6088
6498
6779
6919
6907
6740
6415
5936
5307
4541
3651
2655
1575
435
-739
-1919
-3076
-4182
-5207
-6126
-6914
-7550
-8014
-8294
-8379
-8266
-7955
-7451
-6765
-5914
-4917
-3798
-2585
-1308
0
1307
2581
3789
4899
5884
6719
7383
7860
8139
8214
8085
7757
7240
6550
5707
4736
3663
2519
1336
145
-1021
-2132
-3159
-4076
-4861
-5495
-5965
-6262
-6384
-6331
-6112
-5738
-5225
-4593
-3864
-3065
-2221
-1361
-510
303
1058
1731
2306
2769
3109
3321
3406
3367
3213
2955
2610
2195
1731
1241
746
268
-171
-554
-864
-1089
-1219
-1249
-1179
-1012
-756
-423
-28
410
872
1335
1777
2176
2509
2757
2904
2936
2845
2624
2275
1802
1214
527
-239
-1064
-1921
-2782
-3617
-4397
-5092
-5674
-6118
-6403
-6511
-6432
-6157
-5687
-5028
-4192
-3197
-2067
-831
479
1827
3173
4480
5706
6815
7770
8540
9097
9421
9497
9316
8877
8189
7264
6126
4800
3322
1730
67
-1621
-3290
-4892
-6383
-7719
-8863
-9781
-10448
-10841
-10950
-10770
-10304
-9565
-8571
-7350
-5934
-4363
-2678
-926
844
2586
4253
5798
7182
8366
9322
10025
10457
10611
10484
10084
9424
8526
7417
6131
4704
3177
1595
0
-1564
-3056
-4436
-5670
-6727
-7582
-8218
-8621
-8787
-8717
-8420
-7909
-7204
-6330
-5316
-4194
-2997
-1760
-519
692
1842
2902
3845
4650
5301
5785
6095
6229
6192
5991
5638
5150
4545
3846
3075
2258
1418
581
-231
-998
-1700
-2320
-2847
-3269
-3581
-3779
-3864
-3839
-3711
-3487
-3179
-2800
-2363
-1883
-1375
-854
-334
169
646
1083
1473
1806
2076
2280
2414
2479
2475
2404
2270
2079
1836
1549
1225
872
498
114
-273
-654
-1020
-1363
-1674
-1947
-2175
-2352
-2472
-2531
-2526
-2456
-2319
-2117
-1851
-1526
-1147
-720
-255
239
751
1269
1780
2271
2726
3132
3477
3746
3930
4017
4001
3877
3641
3294
2841
2287
1642
921
138
-687
-1534
-2381
-3203
-3977
-4679
-5285
-5774
-6128
-6330
-6369
-6236
-5929
-5448
-4800
-3997
-3056
-1998
-849
362
1605
2844
4045
5173
6194
7076
7791
8314
8625
8709
8559
8173
7557
6722
5687
4477
3122
1657
122
-1441
-2990
-4481
-5872
-7121
-8191
-9052
-9675
-10041
-10138
-9959
-9508
-8796
-7841
-6668
-5310
-3803
-2190
-517
1169
2822
4394
5842
7123
8203
9052
9646
9970
10018
9789
9293
8546
7572
6403
5074
3626
2101
547
-992
-2472
-3850
-5088
-6152
-7016
-7657
-8063
-8227
-8150
-7842
-7318
-6601
-5719
-4703
-3590
-2417
-1224
-48
1073
2107
3024
3798
4411
4848
5105
5180
5080
4816
4407
3875
3245
2546
1808
1062
338
-337
-938
-1443
-1836
-2105
-2244
-2252
-2134
-1901
-1567
-1152
-678
-170
345
841
1294
1677
1972
2159
2227
2167
1977
1661
1227
689
66
-618
-1339
-2067
-2772
-3425
-3996
-4458
-4788
-4966
-4978
-4814
-4473
-3957
-3278
-2451
-1499
-450
665
1812
2953
4049
5065
5962
6710
7278
7642
7787
7700
7379
6827
6056
5085
3939
2650
1256
-204
-1686
-3146
-4539
-5821
-6953
-7899
-8629
-9117
-9347
-9311
-9006
-8441
-7630
-6596
-5369
-3985
-2483
-909
692
2274
3790
5195
6449
7516
8365
8973
9324
9409
9229
8791
8110
7208
6115
4864
3493
2045
561
-913
-2337
-3671
-4877
-5923
-6783
-7436
-7868
-8072
-8047
-7801
-7346
-6702
-5891
-4944
-3890
-2763
-1598
-430
708
1786
2775
3650
4392
4986
5421
5693
5802
5753
5556
5224
4775
4227
3601
2920
2206
1480
764
75
-568
-1155
-1674
-2117
-2479
-2760
-2960
-3084
-3136
-3125
-3058
-2944
-2792
-2611
-2409
-2192
-1967
-1737
-1505
-1272
-1039
-803
-564
-319
-65
199
475
765
1068
1380
1699
2019
2333
2633
2908
3149
3344
3482
3552
3545
3452
3267
2987
2611
2142
1584
949
248
-502
-1285
-2077
-2856
-3598
-4279
-4875
-5363
-5724
-5939
-5996
-5884
-5600
-5145
-4524
-3749
-2838
-1813
-699
471
1666
2851
3990
5046
5986
6778
7394
7810
8009
7979
7716
7221
6505
5583
4479
3223
1849
395
-1094
-2577
-4009
-5345
-6544
-7569
-8385
-8967
-9293
-9350
-9135
-8650
-7907
-6927
-5735
-4367
-2861
-1262
383
2026
3618
5110
6458
7622
8565
9260
9686
0
0
0
0
0
0
0
0
0
0
0
0
0
0
0
0
0
0
0
0
0
0
0
0
0
0
0
0
0
0
0
0
0
0
0
0
0
0
0
0
0
0
0
0
0
0
0
0
0
0
0
0
0
0
0
0
0
0
0
0
0
0
0
0
0
0
0
0
0
0
0
0
0
0
0
0
0
0
0
0
0
0
0
0
0
0
0
0
0
0
0
0
0
0
0
0
0
0
0
0
0
0
0
0
0
0
0
0
0
0
0
0
0
0
0
0
0
0
0
0
0
0
0
0
0
0
0
0
0
0
0
0
0
0
0
9830
9689
9272
8591
7667
6528
5207
3745
2185
573
-1041
-2612
-4095
-5445
-6626
-7604
-8354
-8857
-9102
-9086
-8814
-8298
-7559
-6622
-5520
-4287
-2964
-1590
-209
1140
2418
3591
4626
5499
6189
6683
6973
7060
6948
6651
6185
5571
4835
4006
3113
2185
1254
346
-511
-1297
-1993
-2583
-3059
-3415
-3651
-3771
-3783
-3697
-3529
-3294
-3009
-2692
-2359
-2026
-1708
-1415
-1157
-938
-762
-626
-527
-458
-411
-373
-335
-282
-205
-92
63
270
531
846
1211
1620
2062
2523
2987
3436
3850
4208
4489
4674
4746
4689
4494
4152
3663
3029
2260
1369
376
-695
-1816
-2956
-4079
-5151
-6136
-6999
-7707
-8233
-8550
-8641
-8492
-8099
-7463
-6594
-5508
-4231
-2794
-1234
406
2083
3747
5349
6842
8178
9316
10219
10854
11200
11240
10968
10387
9510
8357
6958
5351
3580
1693
-254
-2209
-4114
-5914
-7558
-8997
-10190
-11103
-11708
-11990
-11939
-11558
-10860
-9865
-8604
-7113
-5439
-3629
-1738
179
2069
3876
5550
7044
8319
9340
10084
10533
10681
10529
10088
9378
8426
7265
5936
4481
2947
1381
-168
-1658
-3044
-4291
-5365
-6241
-6901
-7334
-7536
-7513
-7275
-6839
-6231
-5477
-4609
-3663
-2672
-1673
-697
222
1059
1790
2397
2869
3197
3383
3430
3349
3154
2864
2501
2087
1647
1206
786
407
90
-153
-312
-381
-360
-253
-67
182
482
812
1150
1476
1767
2002
2162
2232
2198
2053
1792
1417
936
358
-298
-1014
-1765
-2524
-3264
-3955
-4568
-5077
-5457
-5688
-5752
-5640
-5345
-4869
-4219
-3408
-2457
-1390
-237
967
2189
3388
4527
5568
6475
7218
7767
8103
8209
8076
7705
7101
6278
5258
4069
2743
1319
-160
-1653
-3114
-4497
-5762
-6868
-7782
-8475
-8924
-9116
-9042
-8705
-8115
-7287
-6248
-5027
-3663
-2196
-670
867
2371
3796
5099
6243
7192
7921
8408
8641
8615
8333
7807
7055
6102
4980
3726
2379
982
-420
-1786
-3074
-4245
-5265
-6104
-6740
-7157
-7344
-7301
-7033
-6553
-5880
-5038
-4059
-2975
-1824
-642
530
1657
2703
3637
4431
5062
5514
5776
5844
5720
5414
4938
4313
3563
2715
1800
850
-103
-1028
-1895
-2675
-3345
-3886
-4281
-4522
-4604
-4528
-4300
-3932
-3439
-2841
-2161
-1424
-656
115
864
1566
2197
2738
3172
3487
3674
3731
3658
3461
3148
2735
2237
1673
1065
434
-197
-807
-1374
-1881
-2311
-2650
-2889
-3023
-3048
-2966
-2782
-2506
-2149
-1725
-1251
-745
-225
290
782
1234
1631
1960
2211
2375
2450
2434
2329
2142
1879
1553
1177
764
330
-107
-533
-933
-1291
-1595
-1835
-2002
-2092
-2101
-2030
-1882
-1663
-1381
-1047
-674
-274
137
546
937
1296
1610
1868
2062
2182
2226
2190
2077
1888
1630
1312
943
535
102
-342
-783
-1206
-1598
-1945
-2235
-2459
-2610
-2681
-2669
-2574
-2399
-2147
-1826
-1445
-1014
-547
-57
442
935
1407
1846
2236
2568
2830
3015
3117
3133
3061
2904
2665
2350
1968
1530
1047
532
0
-535
-1058
-1555
-2012
-2417
-2759
-3027
-3216
-3318
-3333
-3259
-3098
-2855
-2537
-2151
-1709
-1222
-704
-168
369
895
1395
1855
2263
2608
2881
3074
3183
3205
3140
2989
2758
2453
2084
1660
1195
702
195
-311
-803
-1265
-1685
-2050
-2350
-2576
-2723
-2786
-2764
-2659
-2473
-2214
-1888
-1508
-1086
-634
-167
298
748
1169
1545
1865
2117
2294
2389
2398
2322
2161
1920
1608
1235
812
354
-123
-604
-1071
-1507
-1897
-2226
-2480
-2650
-2726
-2704
-2581
-2359
-2043
-1641
-1164
-625
-41
568
1185
1789
2357
2872
3313
3663
3908
4035
4038
3910
3652
3267
2764
2153
1451
676
-150
-1003
-1858
-2689
-3469
-4174
-4780
-5266
-5613
-5808
-5841
-5706
-5403
-4937
-4317
-3558
-2679
-1702
-653
437
1540
2623
3657
4609
5452
6161
6712
7089
7278
7273
7069
6672
6091
5340
4438
3409
2282
1086
-143
-1376
-2576
-3711
-4749
-5663
-6427
-7020
-7427
-7639
-7649
-7459
-7077
-6513
-5785
-4915
-3927
-2851
-1717
-556
598
1717
2770
3730
4572
5278
5830
6219
6439
6488
6372
6098
5679
5134
4481
3743
2944
2109
1262
429
-369
-1112
-1782
-2365
-2849
-3228
-3499
-3663
-3723
-3687
-3565
-3370
-3116
-2817
-2490
-2150
-1812
-1487
-1188
-924
-700
-519
-384
-290
-234
-208
-204
-211
-219
-216
-190
-132
-33
112
310
561
863
1213
1602
2021
2455
2891
3310
3696
4030
4293
4470
4544
4503
4338
4041
3612
3052
2368
1571
678
-291
-1316
-2368
-3419
-4440
-5399
-6266
-7012
-7612
-8041
-8280
-8315
-8136
-7741
-7133
-6319
-5316
-4145
-2832
-1408
90
1626
3159
4648
6052
7333
8452
9378
10082
10542
10742
10672
10330
9722
8861
7765
6462
4983
3367
1653
-113
-1887
-3622
-5272
-6794
-8148
-9299
-10216
-10876
-11262
-11363
-11178
-10713
-9981
-9002
-7802
-6414
-4876
-3228
-1513
221
1931
3574
5106
6490
7691
8681
9437
9942
10188
10173
9901
9384
8639
7692
6570
5307
3938
2502
1038
-413
-1816
-3133
-4333
-5385
-6267
-6959
-7447
-7726
-7792
-7651
-7314
-6794
-6113
-5293
-4363
-3352
-2290
-1209
-141
885
1842
2704
3449
4061
4526
4835
4985
4978
4819
4518
4089
3551
2924
2231
1496
744
0
-710
-1366
-1946
-2433
-2811
-3070
-3203
-3206
-3083
-2837
-2479
-2020
-1478
-872
-222
448
1117
1760
2354
2878
3313
3641
3848
3925
3864
3663
3325
2855
2265
1569
784
-66
-961
-1874
-2776
-3642
-4443
-5154
-5750
-6209
-6512
-6646
-6598
-6365
-5944
-5341
-4565
-3632
-2560
-1374
-102
1223
2571
3905
5190
6388
7466
8392
9136
9673
9982
10048
9861
9420
8727
7793
6635
5277
3746
2079
312
-1510
-3345
-5145
-6865
-8458
-9882
-11097
-12068
-12764
-13163
-13247
-13009
-12447
-11570
-10394
-8941
-7243
-5339
-3271
-1090
1153
3403
5605
7703
9643
11375
12853
14038
14897
15405
15546
15311
14704
13735
12425
10805
8911
6787
4486
2063
-424
-2913
-5344
-7656
-9792
-11698
-13327
-14639
-15599
-16186
-16383
-16186
-15599
-14639
-13327
-11698
-9792
-7656
-5344
-2913
-424
2063
4486
6787
8911
10805
12425
13735
14704
15311
15546
15405
14897
14038
12853
11375
9643
7703
5605
3403
1153
-1090
-3271
-5339
-7243
-8941
-10394
-11570
-12447
-13009
-13247
-13163
-12764
-12068
-11097
-9882
-8458
-6865
-5145
-3345
-1510
312
2079
3746
5277
6635
7793
8727
9420
9861
10048
9982
9673
9136
8392
7466
6388
5190
3905
2571
1223
-102
-1374
-2560
-3632
-4565
-5341
-5944
-6365
-6598
-6646
-6512
-6209
-5750
-5154
-4443
-3642
-2776
-1874
-961
-66
784
1569
2265
2855
3325
3663
3864
3925
3848
3641
3313
2878
2354
1760
1117
448
-222
-872
-1478
-2020
-2479
-2837
-3083
-3206
-3203
-3070
-2811
-2433
-1946
-1366
-710
0
744
1496
2231
2924
3551
4089
4518
4819
4978
4985
4835
4526
4061
3449
2704
1842
885
-141
-1209
-2290
-3352
-4363
-5293
-6113
-6794
-7314
-7651
-7792
-7726
-7447
-6959
-6267
-5385
-4333
-3133
-1816
-413
1038
2502
3938
5307
6570
7692
8639
9384
9901
10173
10188
9942
9437
8681
7691
6490
5106
3574
1931
221
-1513
-3228
-4876
-6414
-7802
-9002
-9981
-10713
-11178
-11363
-11262
-10876
-10216
-9299
-8148
-6794
-5272
-3622
-1887
-113
1653
3367
4983
6462
7765
8861
9722
10330
10672
10742
10542
10082
9378
8452
7333
6052
4648
3159
1626
90
-1408
-2832
-4145
-5316
-6319
-7133
-7741
-8136
-8315
-8280
-8041
-7612
-7012
-6266
-5399
-4440
-3419
-2368
-1316
-291
678
1571
2368
3052
3612
4041
4338
4503
4544
4470
4293
4030
3696
3310
2891
2455
2021
1602
1213
863
561
310
112
-33
-132
-190
-216
-219
-211
-204
-208
-234
-290
-384
-519
-700
-924
-1188
-1487
-1812
-2150
-2490
-2817
-3116
-3370
-3565
-3687
-3723
-3663
-3499
-3228
-2849
-2365
-1782
-1112
-369
429
1262
2109
2944
3743
4481
5134
5679
6098
6372
6488
6439
6219
5830
5278
4572
3730
2770
1717
598
-556
-1717
-2851
-3927
-4915
-5785
-6513
-7077
-7459
-7649
-7639
-7427
-7020
-6427
-5663
-4749
-3711
-2576
-1376
-143
1086
2282
3409
4438
5340
6091
6672
7069
7273
7278
7089
6712
6161
5452
4609
3657
2623
1540
437
-653
-1702
-2679
-3558
-4317
-4937
-5403
-5706
-5841
-5808
-5613
-5266
-4780
-4174
-3469
-2689
-1858
-1003
-150
676
1451
2153
2764
3267
3652
3910
4038
4035
3908
3663
3313
2872
2357
1789
1185
568
-41
-625
-1164
-1641
-2043
-2359
-2581
-2704
-2726
-2650
-2480
-2226
-1897
-1507
-1071
-604
-123
354
812
1235
1608
1920
2161
2322
2398
2389
2294
2117
1865
1545
1169
748
298
-167
-634
-1086
-1508
-1888
-2214
-2473
-2659
-2764
-2786
-2723
-2576
-2350
-2050
-1685
-1265
-803
-311
195
702
1195
1660
2084
2453
2758
2989
3140
3205
3183
3074
2881
2608
2263
1855
1395
895
369
-168
-704
-1222
-1709
-2151
-2537
-2855
-3098
-3259
-3333
-3318
-3216
-3027
-2759
-2417
-2012
-1555
-1058
-535
0
532
1047
1530
1968
2350
2665
2904
3061
3133
3117
3015
2830
2568
2236
1846
1407
935
442
-57
-547
-1014
-1445
-1826
-2147
-2399
-2574
-2669
-2681
-2610
-2459
-2235
-1945
-1598
-1206
-783
-342
102
535
943
1312
1630
1888
2077
2190
2226
2182
2062
1868
1610
1296
937
546
137
-274
-674
-1047
-1381
-1663
-1882
-2030
-2101
-2092
-2002
-1835
-1595
-1291
-933
-533
-107
330
764
1177
1553
1879
2142
2329
2434
2450
2375
2211
1960
1631
1234
782
290
-225
-745
-1251
-1725
-2149
-2506
-2782
-2966
-3048
-3023
-2889
-2650
-2311
-1881
-1374
-807
-197
434
1065
1673
2237
2735
3148
3461
3658
3731
3674
3487
3172
2738
2197
1566
864
115
-656
-1424
-2161
-2841
-3439
-3932
-4300
-4528
-4604
-4522
-4281
-3886
-3345
-2675
-1895
-1028
-103
850
1800
2715
3563
4313
4938
5414
5720
5844
5776
5514
5062
4431
3637
2703
1657
530
-642
-1824
-2975
-4059
-5038
-5880
-6553
-7033
-7301
-7344
-7157
-6740
-6104
-5265
-4245
-3074
-1786
-420
982
2379
3726
4980
6102
7055
7807
8333
8615
8641
8408
7921
7192
6243
5099
3796
2371
867
-670
-2196
-3663
-5027
-6248
-7287
-8115
-8705
-9042
-9116
-8924
-8475
-7782
-6868
-5762
-4497
-3114
-1653
-160
1319
2743
4069
5258
6278
7101
7705
8076
8209
8103
7767
7218
6475
5568
4527
3388
2189
967
-237
-1390
-2457
-3408
-4219
-4869
-5345
-5640
-5752
-5688
-5457
-5077
-4568
-3955
-3264
-2524
-1765
-1014
-298
358
936
1417
1792
2053
2198
2232
2162
2002
1767
1476
1150
812
482
182
-67
-253
-360
-381
-312
-153
90
407
786
1206
1647
2087
2501
2864
3154
3349
3430
3383
3197
2869
2397
1790
1059
222
-697
-1673
-2672
-3663
-4609
-5477
-6231
-6839
-7275
-7513
-7536
-7334
-6901
-6241
-5365
-4291
-3044
-1658
-168
1381
2947
4481
5936
7265
8426
9378
10088
10529
10681
10533
10084
9340
8319
7044
5550
3876
2069
179
-1738
-3629
-5439
-7113
-8604
-9865
-10860
-11558
-11939
-11990
-11708
-11103
-10190
-8997
-7558
-5914
-4114
-2209
-254
1693
3580
5351
6958
8357
9510
10387
10968
11240
11200
10854
10219
9316
8178
6842
5349
3747
2083
406
-1234
-2794
-4231
-5508
-6594
-7463
-8099
-8492
-8641
-8550
-8233
-7707
-6999
-6136
-5151
-4079
-2956
-1816
-695
376
1369
2260
3029
3663
4152
4494
4689
4746
4674
4489
4208
3850
3436
2987
2523
2062
1620
1211
846
531
270
63
-92
-205
-282
-335
-373
-411
-458
-527
-626
-762
-938
-1157
-1415
-1708
-2026
-2359
-2692
-3009
-3294
-3529
-3697
-3783
-3771
-3651
-3415
-3059
-2583
-1993
-1297
-511
346
1254
2185
3113
4006
4835
5571
6185
6651
6948
7060
6973
6683
6189
5499
4626
3591
2418
1140
-209
-1590
-2964
-4287
-5520
-6622
-7559
-8298
-8814
-9086
-9102
-8857
-8354
-7604
-6626
-5445
-4095
-2612
-1041
573
2185
3745
5207
6528
7667
8591
9272
9689
0
0
0
0
0
0
0
0
0
0
0
0
0
0
0
0
0
0
0
0
0
0
0
0
0
0
0
0
0
0
0
0
0
0
0
0
0
0
0
0
0
0
0
0
0
0
0
0
0
0
0
0
0
0
0
0
0
0
0
0
0
0
0
0
0
0
0
0
0
0
0
0
0
0
0
0
0
0
0
0
0
0
0
0
0
0
0
0
0
0
0
0
0
0
0
0
0
0
0
0
0
0
0
0
0
0
0
0
0
0
0
0
0
0
0
0
0
0
0
0
0
0
0
0
0
0
0
0
0
0
0
0
0
0
0
