0
4278
8485
12550
16402
19973
23203
26035
28419
30314
31684
32507
32766
32456
31581
30156
28203
25758
22860
19561
15917
11991
7852
3573
-771
-5106
-9352
-13436
-17284
-20829
-24006
-26759
-29038
-30801
-32015
-32660
-32720
-32196
-31094
-29434
-27244
-24563
-21439
-17925
-14087
-9991
-5712
-1327
3083
7441
11667
15683
19415
22796
25762
28259
30239
31667
32514
32764
32412
31462
29931
27847
25247
22178
18696
14865
10755
6443
2009
-2465
-6896
-11201
-15299
-19113
-22570
-25606
-28162
-30190
-31650
-32514
-32764
-32394
-31411
-29832
-27686
-25012
-21861
-18292
-14372
-10175
-5781
-1274
3259
7733
12062
16161
19951
23359
26318
28771
30668
31973
32659
32711
32127
30919
29107
26727
23823
20452
16679
12577
8226
3711
-879
-5455
-9926
-14204
-18204
-21846
-25058
-27775
-29942
-31516
-32464
-32766
-32415
-31417
-29790
-27567
-24790
-21514
-17805
-13736
-9388
-4849
-209
4437
8997
13377
17489
21248
24578
27411
29687
31359
32393
32765
32468
31507
29899
27676
24884
21579
17828
13707
9301
4700
0
-4703
-9311
-13729
-17864
-21629
-24947
-27746
-29968
-31566
-32503
-32761
-32332
-31225
-29460
-27076
-24119
-20653
-16748
-12488
-7961
-3263
1506
6246
10856
15238
19298
22949
26112
28719
30713
32051
32702
32651
31900
30461
28366
25658
22395
18646
14492
10022
5332
524
-4298
-9029
-13567
-17811
-21669
-25055
-27896
-30127
-31699
-32577
-32739
-32182
-30916
-28967
-26379
-23206
-19519
-15397
-10932
-6222
-1372
3511
8320
12945
17284
21240
24723
27655
29968
31611
32545
32748
32214
30954
28995
26381
23169
19431
15252
10724
5950
1038
-3899
-8751
-13405
-17757
-21705
-25159
-28038
-30277
-31822
-32637
-32702
-32014
-30588
-28456
-25665
-22280
-18377
-14047
-9388
-4509
477
5455
10308
14924
19194
23018
26305
28979
30974
32243
32756
32498
31476
29711
27244
24133
20449
16280
11722
6884
1880
-3170
-8148
-12935
-17416
-21484
-25041
-28000
-30291
-31856
-32659
-32677
-31909
-30373
-28105
-25157
-21600
-17520
-13013
-8189
-3163
1941
7001
11893
16499
20705
24407
27516
29953
31659
32589
32721
32049
30590
28377
25463
21921
17836
13307
8448
3377
-1780
-6896
-11843
-16499
-20746
-24479
-27603
-30040
-31727
-32621
-32699
-31957
-30413
-28105
-25088
-21439
-17247
-12618
-7668
-2522
2689
7836
12787
17416
21605
25247
28248
30530
32035
32723
32574
31592
29801
27244
23987
20112
15718
10917
5832
595
-4660
-9798
-14685
-19194
-23208
-26622
-29345
-31307
-32455
-32757
-32206
-30813
-28614
-25665
-22043
-17841
-13169
-8148
-2911
2405
7661
12717
17440
21705
25397
28419
30689
32146
32750
32483
31352
29385
26633
23169
19084
14487
9500
4255
-1105
-6439
-11603
-16457
-20870
-24723
-27911
-30346
-31961
-32712
-32578
-31559
-29684
-27001
-23582
-19519
-14922
-9916
-4636
771
6162
11386
16301
20770
24671
27896
30354
31977
32719
32558
31498
29565
26813
23317
19172
14492
9407
4058
-1405
-6833
-12073
-16978
-21411
-25247
-28377
-30713
-32188
-32760
-32410
-31148
-29007
-26047
-22351
-18021
-13179
-7961
-2516
3003
8440
13640
18454
22745
26389
29282
31340
32503
32737
32033
30409
27913
24613
20604
16000
10932
5547
0
-5550
-10942
-16021
-20637
-24657
-27963
-30458
-32068
-32745
-32468
-31244
-29107
-26118
-22364
-17952
-13013
-7689
-2137
3479
8997
14252
19090
23367
26955
29748
31662
32640
32650
31691
29790
27003
23411
19119
14256
8965
3403
-2262
-7862
-13230
-18204
-22633
-26385
-29345
-31423
-32556
-32707
-31871
-30072
-27362
-23823
-19561
-14703
-9397
-3803
1908
7565
12994
18030
22517
26318
29316
31419
32559
32702
31841
30001
27238
23635
19302
14372
8996
3339
-2422
-8112
-13553
-18577
-23026
-26761
-29667
-31650
-32648
-32629
-31591
-29565
-26615
-22829
-18327
-13249
-7752
-2009
3799
9491
14886
19815
24120
27666
30338
32052
32751
32412
31044
28690
25423
21345
16586
11295
5642
-193
-6025
-11667
-16938
-21669
-25706
-28920
-31206
-32489
-32726
-31909
-30063
-27244
-23544
-19081
-13998
-8460
-2644
3259
9060
14569
19606
24006
27626
30346
32075
32756
32366
30916
28451
25051
20827
15917
10480
4696
-1244
-7147
-12817
-18065
-22719
-26622
-29644
-31684
-32674
-32578
-31398
-29173
-25975
-21909
-17110
-11737
-5969
0
5972
11747
17130
21941
26016
29217
31436
32596
32657
31615
29504
26395
22390
17625
12260
6476
470
-5554
-11392
-16845
-21726
-25867
-29127
-31393
-32585
-32662
-31619
-29491
-26349
-22301
-17483
-12062
-6222
-166
5898
11762
17222
22088
26191
29387
31566
32648
32597
31411
29131
25835
21636
16679
11138
5205
-912
-7001
-12847
-18244
-23003
-26955
-29960
-31912
-32739
-32412
-30940
-28374
-24803
-20353
-15179
-9465
-3413
2763
8843
14612
19863
24407
28083
30758
32334
32755
32003
30103
27124
23169
18381
12929
7010
836
-5370
-11386
-16993
-21989
-26191
-29446
-31636
-32680
-32538
-31214
-28754
-25247
-20819
-15630
-9868
-3744
2518
8692
14551
19879
24480
28184
30855
32393
32739
31880
29845
26709
22585
17625
12011
5950
-333
-6607
-12639
-18204
-23094
-27128
-30152
-32055
-32763
-32248
-30528
-27666
-23767
-18976
-13473
-7461
-1167
5173
11322
17047
22132
26385
29644
31785
32724
32427
30901
28203
24435
19738
14288
8294
1981
-4409
-10635
-16457
-21654
-26025
-29402
-31656
-32697
-32485
-31027
-28377
-24634
-19943
-14481
-8460
-2109
4324
10594
16457
21686
26077
29459
31699
32710
32451
30929
28203
24378
19601
14056
7961
1552
-4919
-11201
-17047
-22227
-26537
-29806
-31906
-32751
-32307
-30590
-27666
-23648
-18696
-13002
-6791
-309
6187
12441
18204
23246
27366
30398
32222
32762
31995
29951
26709
22398
17189
11289
4935
-1619
-8112
-14281
-19879
-24678
-28486
-31147
-32552
-32643
-31416
-28917
-25247
-20553
-15023
-8882
-2378
4225
10659
16662
21989
26421
29777
31918
32756
32254
30432
27362
23169
18024
12137
5748
-879
-7473
-13762
-19485
-24407
-28323
-31070
-32533
-32650
-31414
-28875
-25136
-20353
-14721
-8475
-1874
4807
11292
17307
22602
26955
30182
32146
32765
32010
29911
26556
22083
16679
10571
4016
-2711
-9326
-15551
-21121
-25799
-29387
-31732
-32732
-32344
-30582
-27520
-23286
-18060
-12062
-5547
1206
7911
14280
20041
24947
28786
31393
32653
32513
30975
28105
24024
18906
12972
6476
-301
-7069
-13534
-19415
-24458
-28443
-31196
-32596
-32580
-31148
-28360
-24336
-19250
-13322
-6811
0
6813
13332
19269
24364
28393
31178
32594
32578
31129
28309
24241
19103
13120
6555
-301
-7147
-13680
-19609
-24671
-28641
-31340
-32648
-32505
-30916
-27948
-23735
-18460
-12360
-5706
1206
8067
14569
20421
25359
29162
31656
32728
32328
30473
27244
22786
17298
11027
4255
-2711
-9557
-15974
-21669
-26383
-29901
-32062
-32766
-31979
-29736
-26137
-21345
-15577
-9095
-2195
4807
11593
17850
23291
27666
30771
32464
32665
31362
28614
24546
19345
13249
6538
-477
-7473
-14125
-20126
-25196
-29098
-31650
-32732
-32292
-30349
-26991
-22374
-16712
-10266
-3339
3746
10659
17076
22694
27251
30530
32377
32702
31489
28793
24740
19519
13375
6597
-494
-7565
-14281
-20323
-25404
-29282
-31772
-32753
-32178
-30072
-26533
-21729
-15887
-9285
-2238
4919
11843
18204
23695
28052
31066
32589
32548
30942
27847
23411
17845
11416
4435
-2763
-9830
-16425
-22227
-26955
-30378
-32330
-32713
-31507
-28769
-24631
-19293
-13013
-6096
1120
8285
15047
21076
26077
29802
32068
32763
31850
29372
25451
20276
14101
7230
0
-7232
-14111
-20295
-25478
-29402
-31872
-32764
-32033
-29711
-25913
-20827
-14703
-7845
-595
6688
13640
19914
25196
29220
31785
32759
32093
29819
26047
20967
14832
7950
664
-6656
-13645
-19948
-25247
-29273
-31822
-32763
-32046
-29706
-25861
-20703
-14492
-7543
-209
7138
14125
20396
25629
29557
31977
32766
31880
29363
25342
20022
13674
6622
-771
-8129
-15071
-21240
-26318
-30042
-32219
-32734
-31559
-28754
-24461
-18901
-12360
-5177
2276
9615
16457
22447
27271
30678
32489
32608
31026
27825
23169
17302
10527
3199
-4298
-11573
-18244
-23960
-28419
-31387
-32705
-32302
-30198
-26501
-21406
-15179
-8148
-684
6817
13962
20369
25700
29668
32064
32757
31710
28975
24698
19103
12488
5205
-2358
-9798
-16717
-22745
-27557
-30894
-32577
-32513
-30703
-27244
-22319
-16192
-9191
-1693
5898
13175
19743
25247
29388
31941
32765
31816
29141
24884
19276
12618
5272
-2362
-9871
-16845
-22903
-27714
-31014
-32621
-32445
-30495
-26875
-21781
-15492
-8351
-749
6896
14165
20658
26016
29942
32220
32721
31417
28377
23767
17841
10926
3403
-4310
-11787
-18613
-24407
-28847
-31684
-32759
-32010
-29476
-25298
-19707
-13013
-5590
2148
9769
16845
22980
27828
31116
32659
32366
30254
26438
21133
14635
7310
-430
-8148
-15409
-21801
-26962
-30598
-32502
-32563
-30778
-27244
-22162
-15818
-8572
-836
6950
14343
20920
26305
30190
32350
32661
31103
27762
22829
16586
9388
1649
-6187
-13670
-20369
-25898
-29936
-32249
-32702
-31267
-28024
-23161
-16955
-9766
-2009
5867
13405
20168
25762
29860
32222
32709
31291
28049
23169
16936
9711
1916
-5992
-13553
-20323
-25904
-29968
-32275
-32687
-31179
-27837
-22855
-16527
-9222
-1372
6562
14111
20829
26318
30252
32397
32623
30916
27374
22206
15718
8294
373
-7571
-15067
-21669
-26980
-30683
-32556
-32483
-30469
-26631
-21197
-14492
-6916
1077
9009
16402
22811
27851
31216
32702
32218
29790
25564
19793
12824
5078
-2978
-10856
-18080
-24210
-28873
-31785
-32766
-31757
-28816
-24119
-17952
-10689
-2772
5316
13083
20053
25799
29968
32304
32662
31017
27469
22233
15630
8064
0
-8067
-15639
-22251
-27492
-31038
-32669
-32282
-29899
-25665
-19840
-12785
-4935
3223
11185
18454
24578
29176
31960
32754
31507
28295
23317
16881
9388
1306
-6859
-14599
-21426
-26913
-30713
-32587
-32415
-30206
-26096
-20343
-13307
-5431
2789
10837
18204
24423
29100
31937
32755
31498
28244
23199
16679
9099
938
-7285
-15047
-21854
-27271
-30951
-32659
-32282
-29844
-25497
-19519
-12290
-4271
4023
12062
19330
25359
29762
32252
32670
30984
27303
21861
15008
7184
-1105
-9326
-16947
-23474
-28484
-31650
-32766
-31757
-28687
-23753
-17274
-9670
-1435
6896
14781
21705
27215
30951
32666
32248
29720
25247
19119
11737
3583
-4807
-12886
-20121
-26035
-30239
-32455
-32534
-30469
-26395
-20578
-13400
-5336
3083
11302
18775
25007
29584
32200
32681
30992
27244
21684
14679
6695
-1736
-10055
-17706
-24178
-29038
-31959
-32744
-31340
-27837
-22468
-15592
-7668
771
9163
16942
23583
28641
31772
32764
31548
28203
22955
16155
8261
-193
-8637
-16499
-23246
-28419
-31667
-32766
-31641
-28366
-23161
-16378
-8479
0
8482
16388
23178
28387
31659
32766
31633
28334
23092
16267
8323
-193
-8699
-16610
-23382
-28547
-31748
-32764
-31521
-28105
-22748
-15818
-7793
771
9287
17161
23850
28887
31923
32744
31292
27666
22114
15023
6884
-1736
-10238
-18030
-24565
-29387
-32158
-32681
-30919
-26991
-21173
-13868
-5590
3083
11543
19194
25499
30012
32414
32534
30361
26047
19895
12336
3903
-4807
-13181
-20625
-26610
-30711
-32637
-32248
-29569
-24790
-18247
-10405
-1820
6896
15124
22277
27843
31423
32760
31757
28483
23169
16196
8060
-655
-9326
-17331
-24094
-29127
-32068
-32703
-30984
-27033
-21133
-13707
-5289
3511
12062
19743
25999
30374
32552
32371
29844
25150
18630
10754
2094
-6719
-15047
-22282
-27896
-31478
-32765
-31661
-28244
-22763
-15616
-7324
1506
10228
18204
24847
29668
32313
32585
30461
26096
19809
12062
3423
-5469
-13962
-21426
-27310
-31178
-32740
-31881
-28661
-23317
-16242
-7961
912
9721
17811
24578
29519
32265
32608
30520
26157
19840
12041
3339
-5613
-14150
-21629
-27492
-31296
-32755
-31758
-28377
-22863
-15630
-7219
1736
10564
18599
25234
29968
32443
32468
30041
25342
18725
10689
1842
-7147
-15598
-22868
-28404
-31785
-32751
-31227
-27327
-21345
-13736
-5078
3969
12717
20496
26712
30887
32702
32014
28875
23522
16364
7950
-1077
-10024
-18204
-24986
-29848
-32414
-32483
-30050
-25298
-18593
-10451
-1499
7571
16058
23305
28750
31969
32711
30916
26720
20449
12587
3744
-5391
-14111
-21734
-27666
-31442
-32766
-31533
-27837
-21964
-14372
-5653
3510
12401
20323
26654
30894
32710
31957
28692
23169
15822
7226
-1941
-10958
-19113
-25762
-30378
-32596
-32237
-29328
-24096
-16955
-8469
691
9799
18132
25028
29936
32465
32412
29778
24772
17791
9388
234
-8940
-17404
-24479
-29598
-32350
-32513
-30072
-25219
-18342
-9991
-836
8388
16942
24135
29387
32275
32563
30226
25451
18620
10283
1113
-8148
-16754
-24006
-29316
-32252
-32574
-30254
-25477
-18630
-10266
-1066
8222
16845
24098
29390
32286
32549
30156
25298
18372
9941
695
-8610
-17213
-24407
-29603
-32371
-32482
-29925
-24908
-17841
-9305
0
9307
17850
24924
29942
32491
32356
29546
24293
17028
8351
-1019
-10308
-18745
-25629
-30386
-32621
-32145
-28995
-23432
-15917
-7073
2362
11603
19879
26497
30903
32728
31816
28241
22301
14491
5464
-4023
-13175
-21224
-27492
-31451
-32766
-31324
-27244
-20868
-12732
-3519
5992
15001
22745
28568
31977
32682
30619
25962
19103
10622
1238
-8253
-17047
-24394
-29668
-32420
-32412
-29643
-24347
-16973
-8148
1373
10781
19269
26112
30723
32705
31886
28334
22351
14449
5304
-4298
-13534
-21608
-27826
-31650
-32749
-31026
-26627
-19930
-11510
-2094
7504
16457
23989
29446
32355
32460
29752
24461
17046
8148
-1459
-10942
-19477
-26318
-30870
-32732
-31742
-27983
-21780
-13674
-4371
5316
14541
22496
28484
31977
32669
30495
25645
18541
9807
209
-9410
-18204
-25397
-30356
-32640
-32046
-28625
-22675
-14721
-5464
4278
13645
21806
28038
31787
32719
30748
26047
19032
10324
695
-8997
-17892
-25196
-30256
-32621
-32077
-28669
-22701
-14703
-5389
4409
13816
21989
28193
31872
32694
30582
25725
18555
9715
0
-9718
-18563
-25739
-30598
-32699
-31850
-28126
-21861
-13619
-4144
5708
15047
23026
28920
32194
32549
29951
24631
17073
7961
-1876
-11547
-20168
-26955
-31287
-32766
-31257
-26894
-20073
-11416
-1713
8148
17267
24807
30076
32589
32113
28690
22632
14492
5018
-4919
-14407
-22570
-28657
-32104
-32591
-30072
-24775
-17189
-8012
1907
11653
20323
27113
31393
32763
31094
26539
19519
10683
852
-9060
-18132
-25519
-30530
-32697
-31816
-27965
-21503
-13031
-3339
6667
16052
23938
29584
32459
32292
29097
23169
15065
5543
-4501
-14125
-22423
-28612
-32108
-32578
-29977
-24546
-16798
-7461
2582
12385
21019
27666
31694
32721
30647
25665
18247
9095
-923
-10856
-19760
-26786
-31264
-32766
-31146
-26556
-19431
-10451
-470
9557
18675
26008
30855
32749
31507
27244
20368
11537
1595
-8501
-17784
-25359
-30497
-32702
-31758
-27754
-21074
-12360
-2451
7696
17103
24860
30215
32648
31922
28105
21563
12929
3039
-7147
-16643
-24525
-30025
-32607
-32016
-28309
-21844
-13249
-3359
6859
16412
24364
29939
32588
32050
28377
21924
13322
3413
-6833
-16412
-24382
-29960
-32596
-32028
-28309
-21804
-13150
-3199
7069
16643
24578
30089
32630
31946
28105
21482
12732
2719
-7565
-17103
-24947
-30318
-32680
-31797
-27754
-20951
-12062
-1970
8320
17784
25478
30633
32732
31565
27244
20200
11134
952
-9326
-18675
-26154
-31014
-32765
-31228
-26556
-19215
-9941
333
10578
19760
26955
31436
32749
30759
25665
17979
8475
-1887
-12062
-21019
-27851
-31864
-32650
-30126
-24546
-16475
-6728
3703
13762
22423
28806
32258
32427
29291
23169
14683
4696
-5772
-15653
-23938
-29777
-32571
-32033
-28214
-21503
-12587
-2378
8077
17706
25519
30711
32748
31416
26850
19519
10175
-219
-10594
-19879
-27113
-31549
-32726
-30520
-25157
-17189
-7439
3083
13289
22119
28657
32222
32441
29289
23092
14492
4381
-6187
-16114
-24364
-30076
-32652
-31820
-27666
-20619
-11416
-1017
9491
19008
26537
31287
32757
30792
25595
17709
7961
-2625
-12939
-21894
-28547
-32194
-32451
-29286
-23032
-14346
-4144
6498
16457
24678
30291
32699
31644
27238
19943
10531
0
-10533
-19951
-27251
-31656
-32694
-30254
-24592
-16309
-6286
4409
14637
23305
29487
32519
32077
28203
21312
12137
1660
-8997
-18692
-26385
-31248
-32757
-30748
-25434
-17383
-7461
3266
13645
22556
29038
32390
32248
28625
21909
12824
2351
-8378
-18204
-26061
-31098
-32765
-30880
-25645
-17625
-7689
3083
13524
22496
29023
32393
32235
28565
21780
12618
2077
-8692
-18516
-26318
-31245
-32755
-30681
-25247
-17046
-6975
3863
14280
23132
29446
32527
32033
28015
20915
11510
836
-9932
-19609
-27125
-31650
-32682
-30103
-24198
-15616
-5304
5596
15880
24407
30232
32705
31550
26894
19250
9465
-1373
-12062
-21411
-28379
-32188
-32412
-29022
-22395
-13267
-2656
8253
18244
26197
31222
32754
30619
25054
16679
6433
-4537
-15001
-23783
-29895
-32648
-31731
-27244
-19690
-9916
976
11762
21224
28293
32170
32415
28997
22301
13080
2378
-8595
-18599
-26497
-31393
-32729
-30352
-24528
-15917
-5494
5554
15974
24578
30386
32734
31352
26395
18425
8351
-2679
-13405
-22602
-29217
-32491
-32046
-27932
-20616
-10936
0
10939
20625
27944
32055
32482
29173
22507
13249
2462
-8610
-18692
-26622
-31481
-32707
-30156
-24119
-15293
-4696
6446
16845
25296
30817
32766
30916
25477
17079
6695
-4468
-15115
-24006
-30106
-32702
-31489
-26606
-18620
-8460
2689
13528
22788
29387
32552
31909
27532
19930
9991
-1120
-12103
-21669
-28693
-32350
-32208
-28280
-21025
-11295
-234
10856
20671
28052
32127
32412
28871
21921
12379
1372
-9799
-19815
-27487
-31906
-32545
-29328
-22632
-13249
-2291
8940
19113
27016
31708
32629
29666
23169
13911
2992
-8285
-18577
-26654
-31549
-32677
-29899
-23544
-14372
-3477
7836
18214
26411
31442
32702
30037
23764
14635
3744
-7598
-18030
-26293
-31393
-32711
-30086
-23833
-14703
-3796
7571
18026
26305
31405
32707
30050
23753
14577
3632
-7754
-18204
-26446
-31479
-32688
-29925
-23522
-14256
-3253
8148
18560
26712
31608
32650
29706
23135
13736
2656
-8751
-19090
-27095
-31785
-32581
-29385
-22585
-13013
-1842
9557
19786
27585
31994
32468
28947
21861
12081
809
-10564
-20637
-28166
-32219
-32293
-28377
-20951
-10932
440
11762
21629
28819
32437
32033
27653
19840
9561
-1907
-13142
-22745
-29519
-32621
-31661
-26755
-18514
-7961
3586
14689
23960
30239
32740
31148
25658
16955
6128
-5469
-16384
-25247
-30944
-32759
-30461
-24336
-15151
-4058
7546
18204
26572
31595
32638
29565
22763
13087
1756
-9798
-20118
-27896
-32148
-32332
-28424
-20915
-10754
771
12203
22088
29171
32552
31797
27001
18769
8148
-3511
-14727
-24069
-30346
-32754
-30984
-25260
-16309
-5272
6439
17331
26008
31359
32696
29845
23169
13521
2137
-9523
-19964
-27843
-32146
-32318
-28334
-20703
-10405
1234
12717
22564
29503
32637
31559
26407
17841
6968
-4807
-15965
-25058
-30909
-32757
-30361
-24028
-14577
-3233
8533
19194
27364
31977
32433
28669
21173
10917
-762
-12345
-22321
-29387
-32619
-31592
-26438
-17828
-6884
4961
16161
25247
31028
32744
30168
23635
13998
2522
-9287
-19879
-27860
-32179
-32265
-28105
-20242
-9711
2101
13640
23382
30040
32733
31103
25362
16267
5018
-6896
-17901
-26537
-31659
-32585
-29190
-21921
-11741
0
11743
21929
29201
32589
31641
26480
17791
6728
-5233
-16499
-25566
-31222
-32709
-29826
-22955
-13013
-1327
10537
20994
28641
32450
31909
27088
18630
7668
-4324
-15739
-25041
-30976
-32744
-30105
-23411
-13561
-1880
10055
20637
28436
32397
31982
27244
18822
7852
-4182
-15653
-25007
-30974
-32743
-30072
-23319
-13400
-1660
10308
20879
28612
32455
31881
26966
18377
7282
-4807
-16245
-25468
-31216
-32702
-29720
-22675
-12528
-664
11292
21705
29147
32596
31576
26225
17274
5950
-6193
-17489
-26383
-31650
-32564
-28995
-21433
-10917
1105
12978
23064
29968
32737
30984
24950
15465
3839
-8320
-19330
-27666
-32170
-32217
-27796
-19519
-8531
3643
15314
24860
30951
32739
29972
23032
12884
938
-11141
-21669
-29176
-32613
-31498
-25982
-16835
-5332
6918
18204
26944
31912
32410
28366
20343
9465
-2743
-14569
-24351
-30713
-32759
-30198
-23387
-13283
-1306
10856
21492
29100
32604
31507
25962
16748
5166
-7147
-18454
-27152
-32008
-32332
-28076
-19840
-8789
3510
15314
24947
31038
32720
29752
22551
12140
0
-12143
-22559
-29762
-32723
-31017
-24884
-15198
-3339
8998
20053
28242
32393
31908
26854
17952
6476
-5930
-17489
-26541
-31785
-32465
-28481
-20402
-9388
2978
14918
24714
30951
32730
29790
22554
12062
-172
-12385
-22811
-29942
-32746
-30813
-24421
-14492
-2462
9926
20879
28806
32556
31581
26021
16679
4912
-7571
-18956
-27585
-32200
-32127
-27374
-18630
-7167
5342
17076
26318
31719
32485
28504
20353
9222
-3259
-15267
-25041
-31147
-32687
-29434
-21861
-11077
1334
13553
23783
30517
32764
30189
23169
12736
423
-11953
-22570
-29860
-32743
-30792
-24293
-14202
-2009
10483
21426
29201
32652
31267
25247
15482
3419
-9153
-20369
-28563
-32514
-31633
-26047
-16586
-4654
7973
19415
27967
32350
31910
26709
17520
5712
-6950
-18577
-27428
-32179
-32116
-27244
-18292
-6597
6088
17864
26962
32015
32263
27666
18910
7310
-5391
-17284
-26579
-31872
-32366
-27983
-19380
-7852
4862
16845
26287
31760
32433
28203
19707
8226
-4501
-16550
-26094
-31684
-32472
-28334
-19895
-8434
4310
16402
26003
31651
32486
28377
19946
8475
-4288
-16402
-26016
-31662
-32478
-28334
-19861
-8351
4437
16550
26133
31717
32445
28203
19638
8060
-4756
-16845
-26351
-31812
-32386
-27983
-19276
-7602
5243
17284
26666
31941
32293
27666
18769
6975
-5898
-17864
-27071
-32095
-32157
-27244
-18113
-6176
6719
18577
27557
32265
31968
26709
17302
5205
-7702
-19415
-28111
-32434
-31710
-26047
-16326
-4058
8843
20369
28719
32588
31368
25247
15179
2736
-10137
-21426
-29364
-32705
-30922
-24293
-13853
-1238
11573
22570
30025
32764
30353
23169
12339
-434
-13142
-23783
-30678
-32739
-29638
-21861
-10632
2276
14829
25041
31296
32604
28754
20353
8727
-4282
-16616
-26318
-31849
-32328
-27676
-18630
-6622
6439
18480
27585
32302
31880
26381
16679
4318
-8734
-20396
-28806
-32620
-31227
-24845
-14492
-1820
11144
22329
29942
32763
30335
23047
12062
-859
-13645
-24243
-30951
-32688
-29173
-20967
-9388
3703
16202
26094
31785
32354
27709
18593
6476
-6688
-18775
-27832
-32393
-31718
-25913
-15915
-3339
9779
21317
29402
32723
30737
23764
12933
0
-12935
-23772
-30745
-32720
-29372
-21243
-9654
3510
16105
26077
31798
32332
27590
18342
6096
-7147
-19226
-28162
-32493
-31507
-25362
-15061
-2291
10856
22227
29953
32765
30198
22670
11416
-1716
-14569
-25028
-31370
-32548
-28366
-19509
-7435
5867
18204
27539
32330
31782
25982
15887
3163
-10086
-21669
-29667
-32753
-30413
-23032
-11831
1334
14281
24860
31312
32563
28403
19519
7387
-5976
-18347
-27666
-32377
-31693
-25725
-15465
-2622
10659
22164
29968
32766
30086
22374
10917
-2369
-15261
-25599
-31650
-32396
-27709
-18372
-5950
7473
19643
28516
32596
31195
24546
13765
664
-12550
-23653
-30771
-32702
-29116
-20616
-8634
4807
17440
27128
32230
31881
26137
15968
3092
-10308
-21966
-29901
-32766
-30072
-22272
-10689
2711
15653
25937
31812
32275
27244
17574
4908
-8595
-20637
-29162
-32712
-30681
-23411
-12140
1206
14349
25041
31451
32480
27948
18630
6117
-7445
-19735
-28641
-32634
-31026
-24089
-13013
301
13567
24501
31222
32570
28309
19172
6728
-6876
-19298
-28393
-32589
-31159
-24347
-13326
0
13328
24354
31166
32585
28360
19220
6748
-6896
-19347
-28443
-32604
-31103
-24198
-13087
301
13640
24608
31294
32533
28105
18778
6176
-7504
-19879
-28786
-32669
-30847
-23635
-12290
1206
14493
25247
31583
32389
27520
17828
5008
-8692
-20870
-29387
-32745
-30352
-22624
-10917
2711
15865
26229
31977
32094
26556
16335
3233
-10442
-22277
-30182
-32757
-29546
-21112
-8944
4807
17712
27483
32390
31559
25136
14256
845
-12717
-24026
-31070
-32598
-28334
-19032
-6345
7473
19964
28903
32697
30666
23169
11540
-2148
-15456
-26008
-31918
-32127
-26596
-16309
-3103
10659
22517
30346
32741
29270
20553
8148
-5719
-18563
-28078
-32552
-31179
-24202
-12874
771
14281
25223
31625
32332
27214
17189
4062
-9798
-21894
-30040
-32762
-29565
-21025
-8682
5233
18204
27882
32514
31257
24336
13002
-691
-14262
-25247
-31650
-32307
-27094
-16955
-3732
10171
22227
30239
32747
29289
20494
7961
-6025
-18915
-28356
-32621
-30929
-23586
-11931
1907
15400
26077
31982
32033
26215
15592
2109
-11762
-23479
-30889
-32629
-28377
-18910
-5966
8077
20637
29402
32756
30080
21861
9613
-4409
-17621
-27585
-32459
-31342
-24435
-13013
816
14497
25499
31785
32188
26631
16140
2656
-11322
-23203
-30782
-32650
-28456
-18976
-5969
8148
20755
29503
32763
29925
21514
9095
-5021
-18204
-27995
-32564
-31058
-23753
-12011
1977
15598
26305
32095
31880
25698
14703
952
-12978
-24480
-31393
-32418
-27360
-17165
-3744
10381
22559
30497
32702
28754
19394
6380
-7836
-20580
-29446
-32762
-29899
-21393
-8847
5370
18577
28275
32630
30814
23169
11138
-3003
-16579
-27016
-32334
-31523
-24733
-13249
751
14612
25700
31906
32048
26096
15179
1372
-12698
-24354
-31371
-32412
-27273
-16932
-3359
10856
23003
30758
32638
28280
18514
5205
-9101
-21669
-30089
-32747
-29131
-19930
-6905
7445
20371
29387
32762
29844
21189
8460
-5898
-19125
-28673
-32702
-30433
-22301
-9868
4468
17946
27963
32585
30916
23274
11134
-3159
-16845
-27275
-32428
-31305
-24119
-12260
1977
15833
26622
32247
31615
24845
13249
-923
-14918
-26016
-32055
-31858
-25461
-14105
0
14107
25468
31864
32046
25975
14832
792
-13405
-24986
-31684
-32188
-26395
-15435
-1452
12817
24578
31525
32292
26727
15917
1981
-12345
-24250
-31393
-32366
-26976
-16280
-2378
11993
24006
31293
32415
27148
16527
2644
-11762
-23850
-31230
-32442
-27244
-16660
-2779
11653
23783
31206
32451
27267
16679
2783
-11667
-23806
-31222
-32441
-27217
-16586
-2656
11803
23919
31277
32412
27094
16378
2398
-12062
-24120
-31370
-32361
-26894
-16056
-2009
12441
24407
31496
32285
26615
15616
1488
-12939
-24777
-31650
-32178
-26251
-15055
-836
13553
25223
31826
32033
25797
14372
52
-14280
-25739
-32015
-31841
-25247
-13561
863
15115
26318
32208
31592
24592
12618
-1908
-16052
-26950
-32393
-31276
-23823
-11540
3083
17085
27622
32556
30880
22932
10324
-4384
-18204
-28323
-32682
-30389
-21909
-8965
5807
19399
29038
32755
29790
20744
7461
-7347
-20658
-29748
-32757
-29067
-19428
-5811
8997
21966
30436
32669
28203
17952
4016
-10746
-23305
-31079
-32468
-27184
-16309
-2077
12583
24657
31656
32135
25992
14491
0
-14493
-25999
-32139
-31644
-24613
-12494
2208
16457
27304
32503
30975
23032
10317
-4537
-18454
-28547
-32719
-30103
-21238
-7961
6971
20458
29694
32757
29007
19220
5431
-9491
-22439
-30713
-32587
-27666
-16973
-2736
12073
24364
31568
32177
26060
14492
-108
-14689
-26197
-32222
-31498
-24174
-11781
3083
17304
27896
32634
30520
21996
8847
-6162
-19879
-29416
-32766
-29219
-19519
-5706
9311
22368
30711
32578
27570
16743
2378
-12491
-24723
-31732
-32033
-25558
-13674
1105
15653
26888
32428
31095
23169
10328
-4707
-18745
-28806
-32750
-29736
-20402
-6728
8378
21705
30414
32650
27932
17262
2911
-12062
-24465
-31651
-32083
-25665
-13765
1077
15692
26955
32455
31012
22932
9941
-5180
-19194
-29098
-32765
-29406
-19738
-5832
9326
22486
30817
32526
27244
16102
1495
-13436
-25478
-32035
-31693
-24521
-12062
2999
17416
28078
32680
30226
21243
7668
-7565
-21167
-30192
-32685
-28105
-17438
-2992
12103
24578
31727
31995
25321
13150
-1876
-16499
-27539
-32596
-30567
-21889
-8448
6833
20630
29936
32722
28377
17845
3419
-11753
-24364
-31659
-32040
-25423
-13249
1823
16499
27568
32607
30508
21729
8189
-7147
-20920
-30108
-32693
-28105
-17347
-2779
12401
24860
31856
31850
24838
12360
-2839
-17416
-28160
-32702
-30037
-20749
-6884
8501
22013
30668
32552
27244
15915
1066
-14020
-26008
-32243
-31342
-23500
-10451
4915
19194
29220
32766
29042
18871
4509
-10856
-23813
-31479
-32147
-25665
-13473
1720
16533
27666
32637
30335
21271
7461
-8015
-21705
-30552
-32578
-27327
-15968
-1038
14125
26133
32294
31228
23169
9920
-5554
-19786
-29584
-32748
-28565
-17970
-3339
12043
24723
31849
31816
24627
11897
-3511
-18132
-28673
-32755
-29458
-19519
-5177
10334
23516
31393
32182
25702
13414
-1907
-16800
-27896
-32682
-30072
-20653
-6555
9029
22570
30997
32395
26445
14492
-751
-15827
-27310
-32589
-30461
-21406
-7481
8148
21926
30713
32507
26894
15151
-48
-15238
-26955
-32522
-30664
-21804
-7961
7702
21608
30575
32549
27076
15403
202
-15047
-26852
-32503
-30703
-21861
-8002
7696
21629
30598
32538
27001
15255
0
-15257
-27007
-32541
-30582
-21579
-7602
8129
21989
30779
32468
26664
14703
-655
-15865
-27411
-32621
-30288
-20948
-6758
8997
22672
31098
32318
26047
13736
-1763
-16855
-28038
-32713
-29790
-19946
-5464
10289
23653
31516
32046
25116
12336
-3319
-18204
-28847
-32766
-29042
-18541
-3711
11987
24889
31977
31593
23823
10480
-5316
-19871
-29777
-32711
-27983
-16697
-1495
14059
26318
32404
30885
22114
8148
-7733
-21801
-30745
-32460
-26539
-14372
1180
16457
27860
32699
29832
19930
5325
-10537
-23916
-31650
-31910
-24631
-11530
4298
19113
29409
32747
28334
17210
2009
-13670
-26112
-32365
-30942
-22178
-8148
7817
21929
30833
32412
26285
13907
-1780
-17047
-28259
-32743
-29429
-19103
-4222
11667
24777
31977
31548
23586
9991
-5992
-20546
-30192
-32619
-27244
-15350
219
15739
27492
32660
30001
20149
5464
-10533
-24006
-31719
-31816
-24270
-10892
5106
19879
29873
32681
27625
15917
373
-15261
-27221
-32621
-30156
-20416
-5748
10308
23879
31684
31836
24293
10875
-5173
-19973
-29942
-32665
-27477
-15633
0
15636
27483
32666
29925
19920
5078
-10999
-24407
-31886
-31615
-23656
-9941
6193
20824
30386
32549
26782
14487
-1341
-16845
-28242
-32749
-29262
-18630
-3445
12583
25539
32252
31078
22301
8064
-8148
-22368
-31111
-32231
-25451
-12429
3643
18824
29387
32737
28047
16465
836
-15001
-27152
-32625
-30072
-20115
-5205
10989
24479
31937
31523
23335
9388
-6876
-21447
-30723
-32412
-26092
-13322
2743
18132
29038
32759
28371
16955
1338
-14612
-26944
-32596
-30164
-20247
-5304
10958
24501
31960
31477
23169
9099
-7236
-21774
-30894
-32323
-25702
-12676
3510
18824
29446
32724
27837
16000
166
-15711
-27666
-32707
-29572
-19041
-3744
12491
25602
32304
30916
21780
7184
-9215
-23305
-31551
-31880
-24205
-10451
5930
20824
30486
32483
26311
13518
-2679
-18204
-29147
-32749
-28098
-16364
-502
15488
27574
32702
29574
18976
3583
-12717
-25806
-32371
-30748
-21345
-6538
9926
23879
31785
31636
23467
9346
-7147
-21830
-30974
-32254
-25342
-11991
4409
19692
29968
32623
26976
14462
-1736
-17495
-28798
-32764
-28377
-16752
-852
15267
27492
32699
29554
18857
3339
-13034
-26077
-32450
-30520
-20777
-5712
10817
24578
32042
31291
22515
7961
-8637
-23021
-31496
-31881
-24075
-10079
6509
21426
30833
32307
25463
12062
-4448
-19815
-30076
-32585
-26689
-13907
2465
18204
29244
32732
27762
15616
-569
-16610
-28356
-32765
-28692
-17189
-1231
15047
27428
32699
29490
18630
2932
-13528
-26478
-32552
-30168
-19943
-4530
12062
25519
32337
30737
21133
6022
-10659
-24565
-32068
-31208
-22206
-7407
9326
23628
31760
31593
23169
8686
-8070
-22719
-31423
-31903
-24028
-9858
6896
21846
31070
32147
24790
10926
-5807
-21019
-30711
-32336
-25461
-11891
4807
20244
30356
32478
26047
12755
-3899
-19528
-30012
-32581
-26556
-13521
3083
18877
29687
32654
26991
14192
-2362
-18294
-29387
-32703
-27360
-14769
1736
17784
29119
32734
27666
15255
-1206
-17349
-28887
-32752
-27913
-15652
771
16993
28695
32761
28105
15962
-434
-16717
-28547
-32765
-28244
-16186
193
16523
28443
32766
28334
16326
-48
-16412
-28387
-32766
-28374
-16382
0
0
0
0
0
0
0
0
0
0
0
0
0
0
0
0
0
0
0
0
0
0
0
0
0
0
0
0
0
0
0
0
0
0
0
0
0
0
0
0
0
0
0
0
0
0
0
0
0
0
0
0
0
0
0
0
0
0
0
0
0
0
0
0
0
0
0
0
0
0
0
0
0
0
0
0
0
0
0
0
0
0
0
0
0
0
0
0
0
0
0
0
0
0
0
0
0
0
0
0
0
0
0
0
0
0
0
0
0
0
0
0
0
0
0
0
0
0
0
0
0
0
0
0
0
0
0
0
0
0
0
0
0
0
0
0
0
0
0
0
0
0
0
0
0
0
0
0
0
0
0
0
0
0
0
0
0
0
0
0
0
0
0
0
0
0
0
0
0
0
0
0
0
0
0
0
0
0
0
0
0
0
0
0
0
0
0
0
0
0
0
0
0
0
0
0
0
0
0
0
0
0
0
0
0
0
0
0
0
0
0
0
0
0
0
0
0
0
0
0
0
0
0
0
0
0
0
0
0
0
0
0
0
0
0
0
0
0
0
0
0
0
0
0
0
0
0
0
0
0
0
0
0
0
0
0
0
0
0
0
0
0
0
0
0
0
0
0
0
0
0
0
0
0
0
0
0
0
0
0
0
0
0
0
0
0
0
0
0
0
0
0
0
0
0
0
0
0
0
0
0
0
0
0
0
0
0
0
0
0
0
0
0
0
0
0
0
0
0
0
0
0
0
0
0
0
0
0
0
0
0
0
0
0
0
0
0
0
0
0
0
0
0
0
0
0
0
0
0
0
0
0
0
0
0
0
0
0
0
0
0
0
0
0
0
0
0
0
0
0
0
0
0
0
0
0
0
0
0
0
0
0
0
0
0
0
0
0
0
0
0
0
0
0
0
0
0
0
0
0
0
0
0
0
0
0
0
0
0
0
0
0
0
0
0
0
0
0
0
0
0
0
0
0
0
0
0
0
0
0
0
0
0
0
0
0
0
0
0
0
0
0
0
0
0
0
0
0
0
0
0
0
0
0
0
0
0
0
0
0
0
0
0
0
0
0
0
0
0
0
0
0
0
0
0
0
0
0
0
0
0
0
0
0
0
0
0
0
0
0
0
0
0
0
0
0
0
0
0
0
0
0
0
0
0
0
0
0
0
0
0
0
0
0
0
0
0
0
0
0
0
0
0
0
0
0
0
0
0
0
0
0
0
0
0
0
0
0
0
0
0
0
0
0
0
0
0
0
0
0
0
0
0
0
0
0
0
0
0
0
0
0
0
0
0
0
0
0
0
0
0
0
0
0
0
0
0
0
0
0
0
0
0
0
0
0
0
0
0
0
0
0
0
0
0
0
0
0
0
0
0
0
0
0
0
0
0
0
0
0
0
0
0
0
0
0
0
0
0
0
0
0
0
0
0
0
0
0
0
0
0
0
0
0
0
0
0
0
0
0
0
0
0
0
0
0
0
0
0
0
0
0
0
0
0
0
0
0
0
0
0
0
0
0
0
0
0
0
0
0
0
0
0
0
0
0
0
0
0
0
0
0
0
0
0
0
0
0
0
0
0
0
0
0
0
0
0
0
0
0
0
0
0
0
0
0
0
0
0
0
0
0
0
0
0
0
0
0
0
0
0
0
0
0
0
0
0
0
0
0
0
0
0
0
0
0
0
0
0
0
0
0
0
0
0
0
0
0
0
0
0
0
0
0
0
0
0
0
0
0
0
0
0
0
0
0
0
0
0
0
0
0
0
0
0
0
0
0
0
0
0
0
0
0
0
0
0
0
0
0
0
0
0
0
0
0
0
0
0
0
0
0
0
0
0
0
0
0
0
0
0
0
0
0
0
0
0
0
0
0
0
0
0
0
0
0
0
0
0
0
0
0
0
0
0
0
0
0
0
0
0
0
0
0
0
0
0
0
0
0
0
0
0
0
0
0
0
0
0
0
0
0
0
0
0
0
0
0
0
0
0
0
0
0
0
0
0
0
0
0
0
0
0
0
0
0
0
0
0
0
0
0
0
0
0
0
0
0
0
0
0
0
0
0
0
0
0
0
0
0
0
0
0
0
0
0
0
0
0
0
0
0
0
0
0
0
0
0
0
0
0
0
0
0
0
0
0
0
0
0
0
0
0
0
0
0
0
0
0
0
0
0
0
0
0
0
0
0
0
0
13106
12943
12458
11664
10581
9238
7669
5914
4020
2034
8
-2006
-3960
-5803
-7489
-8977
-10232
-11223
-11929
-12335
-12433
-12225
-11721
-10935
-9893
-8623
-7160
-5545
-3819
-2028
-216
1569
3286
4893
6353
7633
8705
9547
10145
10488
10576
10412
10007
9377
8542
7529
6368
5089
3728
2318
894
-507
-1857
-3125
-4284
-5311
-6187
-6898
-7434
-7789
-7962
-7958
-7782
-7447
-6965
-6355
-5634
-4823
-3943
-3015
-2061
-1102
-157
755
1618
2419
3143
3782
4328
4775
5119
5360
5498
5536
5477
5326
5090
4777
4393
3946
3447
2904
2325
1720
1098
468
-160
-779
-1381
-1956
-2498
-2997
-3447
-3842
-4174
-4439
-4631
-4747
-4783
-4737
-4609
-4400
-4110
-3745
-3308
-2806
-2246
-1639
-994
-323
362
1047
1721
2367
2974
3529
4018
4431
4759
4993
5128
5158
5083
4903
4620
4240
3770
3221
2602
1928
1212
470
-280
-1025
-1747
-2430
-3059
-3621
-4103
-4496
-4791
-4981
-5065
-5040
-4908
-4673
-4341
-3920
-3421
-2856
-2238
-1580
-899
-210
473
1134
1761
2339
2857
3306
3676
3961
4158
4264
4279
4206
4046
3808
3497
3123
2695
2224
1721
1198
667
139
-374
-863
-1318
-1731
-2094
-2402
-2650
-2837
-2959
-3018
-3016
-2955
-2839
-2674
-2465
-2219
-1945
-1648
-1337
-1019
-702
-393
-97
179
432
659
855
1021
1154
1257
1329
1374
1393
1392
1372
1340
1298
1251
1203
1156
1114
1079
1052
1033
1022
1017
1016
1016
1012
1002
980
941
880
794
678
529
346
127
-127
-416
-734
-1078
-1440
-1813
-2188
-2553
-2898
-3210
-3478
-3690
-3834
-3900
-3879
-3764
-3550
-3234
-2817
-2302
-1694
-1003
-242
573
1427
2299
3167
4008
4799
5515
6135
6635
6998
7206
7246
7108
6788
6285
5603
4753
3749
2610
1361
31
-1350
-2749
-4128
-5452
-6684
-7788
-8731
-9484
-10021
-10321
-10369
-10156
-9681
-8949
-7971
-6768
-5364
-3793
-2090
-297
1539
3373
5156
6841
8381
9733
10858
11723
12301
12571
12524
12154
11468
10479
9211
7692
5961
4061
2041
-45
-2146
-4204
-6164
-7975
-9586
-10954
-12042
-12819
-13263
-13363
-13114
-12523
-11605
-10385
-8896
-7177
-5276
-3244
-1136
990
3079
5073
6919
8568
9976
11107
11932
12431
12593
12417
11911
11093
9987
8628
7056
5317
3462
1542
-386
-2272
-4062
-5709
-7167
-8401
-9379
-10077
-10483
-10589
-10398
-9922
-9179
-8197
-7009
-5652
-4170
-2607
-1012
569
2091
3511
4789
5892
6792
7467
7902
8091
8035
7741
7225
6508
5616
4582
3440
2228
985
-249
-1439
-2547
-3542
-4396
-5085
-5594
-5909
-6026
-5947
-5678
-5233
-4630
-3892
-3045
-2118
-1143
-152
823
1752
2606
3358
3988
4476
4811
4983
4990
4835
4524
4071
3490
2802
2030
1199
336
-532
-1380
-2180
-2910
-3546
-4072
-4473
-4737
-4858
-4834
-4667
-4363
-3933
-3390
-2750
-2034
-1262
-457
358
1161
1929
2641
3278
3824
4263
4587
4787
4860
4804
4624
4325
3916
3410
2822
2166
1462
728
-17
-755
-1466
-2134
-2742
-3276
-3725
-4078
-4329
-4472
-4508
-4436
-4259
-3986
-3622
-3180
-2670
-2106
-1503
-875
-239
391
1001
1577
2105
2575
2976
3300
3542
3698
3766
3746
3641
3456
3197
2871
2489
2060
1597
1112
615
122
-357
-812
-1231
-1605
-1926
-2188
-2387
-2519
-2585
-2585
-2522
-2401
-2227
-2009
-1754
-1471
-1171
-863
-558
-264
8
254
465
637
766
851
891
889
848
773
671
548
413
275
142
23
-73
-142
-175
-168
-120
-29
103
275
480
711
959
1216
1468
1706
1915
2085
2205
2263
2252
2166
1998
1749
1419
1012
535
-1
-585
-1202
-1834
-2463
-3069
-3632
-4133
-4552
-4872
-5078
-5157
-5099
-4900
-4557
-4073
-3456
-2716
-1869
-934
66
1106
2159
3196
4187
5103
5916
6602
7136
7499
7677
7660
7443
7026
6416
5626
4671
3576
2366
1072
-272
-1633
-2973
-4256
-5447
-6513
-7424
-8155
-8683
-8994
-9077
-8929
-8552
-7955
-7154
-6169
-5026
-3755
-2390
-966
477
1904
3276
4558
5716
6721
7549
8179
8597
8796
8772
8530
8080
7437
6621
5656
4571
3397
2166
910
-335
-1541
-2676
-3714
-4632
-5409
-6031
-6489
-6776
-6892
-6842
-6634
-6280
-5797
-5202
-4517
-3762
-2960
-2134
-1305
-493
284
1010
1672
2260
2766
3185
3516
3759
3919
3998
4005
3947
3831
3667
3463
3227
2965
2684
2388
2082
1767
1446
1119
786
446
99
-254
-616
-984
-1357
-1732
-2103
-2466
-2813
-3137
-3429
-3678
-3874
-4009
-4073
-4057
-3955
-3762
-3475
-3095
-2624
-2068
-1438
-743
0
773
1558
2335
3080
3772
4388
4909
5315
5590
5723
5704
5528
5196
4713
4089
3337
2479
1535
532
-499
-1531
-2532
-3469
-4315
-5041
-5623
-6041
-6280
-6329
-6185
-5851
-5333
-4647
-3813
-2856
-1804
-692
445
1572
2650
3646
4525
5257
5817
6186
6349
6299
6037
5570
4912
4083
3109
2024
862
-336
-1533
-2686
-3755
-4704
-5498
-6109
-6515
-6698
-6650
-6370
-5865
-5150
-4247
-3184
-1995
-720
599
1919
3195
4382
5440
6330
7022
7490
7714
7684
7399
6864
6095
5113
3950
2641
1228
-244
-1727
-3174
-4537
-5771
-6834
-7691
-8313
-8678
-8774
-8594
-8145
-7438
-6496
-5348
-4030
-2583
-1054
508
2055
3538
4909
6126
7151
7951
8503
8791
8807
8554
8041
7288
6321
5172
3882
2493
1051
-396
-1802
-3123
-4318
-5349
-6186
-6807
-7194
-7342
-7250
-6928
-6393
-5667
-4783
-3774
-2678
-1538
-394
711
1741
2660
3438
4050
4479
4715
4754
4602
4271
3780
3153
2421
1617
777
-60
-860
-1587
-2210
-2702
-3041
-3212
-3207
-3025
-2674
-2166
-1524
-773
54
924
1797
2635
3400
4055
4568
4911
5062
5007
4738
4257
3573
2702
1671
512
-738
-2037
-3339
-4596
-5762
-6790
-7640
-8274
-8663
-8782
-8619
-8168
-7435
-6435
-5191
-3737
-2113
-368
1445
3272
5053
6732
8252
9562
10616
11377
11813
11907
11648
11039
10092
8832
7293
5518
3558
1471
-681
-2834
-4924
-6886
-8661
-10194
-11438
-12355
-12917
-13106
-12917
-12355
-11438
-10194
-8661
-6886
-4924
-2834
-681
1471
3558
5518
7293
8832
10092
11039
11648
11907
11813
11377
10616
9562
8252
6732
5053
3272
1445
-368
-2113
-3737
-5191
-6435
-7435
-8168
-8619
-8782
-8663
-8274
-7640
-6790
-5762
-4596
-3339
-2037
-738
512
1671
2702
3573
4257
4738
5007
5062
4911
4568
4055
3400
2635
1797
924
54
-773
-1524
-2166
-2674
-3025
-3207
-3212
-3041
-2702
-2210
-1587
-860
-60
777
1617
2421
3153
3780
4271
4602
4754
4715
4479
4050
3438
2660
1741
711
-394
-1538
-2678
-3774
-4783
-5667
-6393
-6928
-7250
-7342
-7194
-6807
-6186
-5349
-4318
-3123
-1802
-396
1051
2493
3882
5172
6321
7288
8041
8554
8807
8791
8503
7951
7151
6126
4909
3538
2055
508
-1054
-2583
-4030
-5348
-6496
-7438
-8145
-8594
-8774
-8678
-8313
-7691
-6834
-5771
-4537
-3174
-1727
-244
1228
2641
3950
5113
6095
6864
7399
7684
7714
7490
7022
6330
5440
4382
3195
1919
599
-720
-1995
-3184
-4247
-5150
-5865
-6370
-6650
-6698
-6515
-6109
-5498
-4704
-3755
-2686
-1533
-336
862
2024
3109
4083
4912
5570
6037
6299
6349
6186
5817
5257
4525
3646
2650
1572
445
-692
-1804
-2856
-3813
-4647
-5333
-5851
-6185
-6329
-6280
-6041
-5623
-5041
-4315
-3469
-2532
-1531
-499
532
1535
2479
3337
4089
4713
5196
5528
5704
5723
5590
5315
4909
4388
3772
3080
2335
1558
773
0
-743
-1438
-2068
-2624
-3095
-3475
-3762
-3955
-4057
-4073
-4009
-3874
-3678
-3429
-3137
-2813
-2466
-2103
-1732
-1357
-984
-616
-254
99
446
786
1119
1446
1767
2082
2388
2684
2965
3227
3463
3667
3831
3947
4005
3998
3919
3759
3516
3185
2766
2260
1672
1010
284
-493
-1305
-2134
-2960
-3762
-4517
-5202
-5797
-6280
-6634
-6842
-6892
-6776
-6489
-6031
-5409
-4632
-3714
-2676
-1541
-335
910
2166
3397
4571
5656
6621
7437
8080
8530
8772
8796
8597
8179
7549
6721
5716
4558
3276
1904
477
-966
-2390
-3755
-5026
-6169
-7154
-7955
-8552
-8929
-9077
-8994
-8683
-8155
-7424
-6513
-5447
-4256
-2973
-1633
-272
1072
2366
3576
4671
5626
6416
7026
7443
7660
7677
7499
7136
6602
5916
5103
4187
3196
2159
1106
66
-934
-1869
-2716
-3456
-4073
-4557
-4900
-5099
-5157
-5078
-4872
-4552
-4133
-3632
-3069
-2463
-1834
-1202
-585
-1
535
1012
1419
1749
1998
2166
2252
2263
2205
2085
1915
1706
1468
1216
959
711
480
275
103
-29
-120
-168
-175
-142
-73
23
142
275
413
548
671
773
848
889
891
851
766
637
465
254
8
-264
-558
-863
-1171
-1471
-1754
-2009
-2227
-2401
-2522
-2585
-2585
-2519
-2387
-2188
-1926
-1605
-1231
-812
-357
122
615
1112
1597
2060
2489
2871
3197
3456
3641
3746
3766
3698
3542
3300
2976
2575
2105
1577
1001
391
-239
-875
-1503
-2106
-2670
-3180
-3622
-3986
-4259
-4436
-4508
-4472
-4329
-4078
-3725
-3276
-2742
-2134
-1466
-755
-17
728
1462
2166
2822
3410
3916
4325
4624
4804
4860
4787
4587
4263
3824
3278
2641
1929
1161
358
-457
-1262
-2034
-2750
-3390
-3933
-4363
-4667
-4834
-4858
-4737
-4473
-4072
-3546
-2910
-2180
-1380
-532
336
1199
2030
2802
3490
4071
4524
4835
4990
4983
4811
4476
3988
3358
2606
1752
823
-152
-1143
-2118
-3045
-3892
-4630
-5233
-5678
-5947
-6026
-5909
-5594
-5085
-4396
-3542
-2547
-1439
-249
985
2228
3440
4582
5616
6508
7225
7741
8035
8091
7902
7467
6792
5892
4789
3511
2091
569
-1012
-2607
-4170
-5652
-7009
-8197
-9179
-9922
-10398
-10589
-10483
-10077
-9379
-8401
-7167
-5709
-4062
-2272
-386
1542
3462
5317
7056
8628
9987
11093
11911
12417
12593
12431
11932
11107
9976
8568
6919
5073
3079
990
-1136
-3244
-5276
-7177
-8896
-10385
-11605
-12523
-13114
-13363
-13263
-12819
-12042
-10954
-9586
-7975
-6164
-4204
-2146
-45
2041
4061
5961
7692
9211
10479
11468
12154
12524
12571
12301
11723
10858
9733
8381
6841
5156
3373
1539
-297
-2090
-3793
-5364
-6768
-7971
-8949
-9681
-10156
-10369
-10321
-10021
-9484
-8731
-7788
-6684
-5452
-4128
-2749
-1350
31
1361
2610
3749
4753
5603
6285
6788
7108
7246
7206
6998
6635
6135
5515
4799
4008
3167
2299
1427
573
-242
-1003
-1694
-2302
-2817
-3234
-3550
-3764
-3879
-3900
-3834
-3690
-3478
-3210
-2898
-2553
-2188
-1813
-1440
-1078
-734
-416
-127
127
346
529
678
794
880
941
980
1002
1012
1016
1016
1017
1022
1033
1052
1079
1114
1156
1203
1251
1298
1340
1372
1392
1393
1374
1329
1257
1154
1021
855
659
432
179
-97
-393
-702
-1019
-1337
-1648
-1945
-2219
-2465
-2674
-2839
-2955
-3016
-3018
-2959
-2837
-2650
-2402
-2094
-1731
-1318
-863
-374
139
667
1198
1721
2224
2695
3123
3497
3808
4046
4206
4279
4264
4158
3961
3676
3306
2857
2339
1761
1134
473
-210
-899
-1580
-2238
-2856
-3421
-3920
-4341
-4673
-4908
-5040
-5065
-4981
-4791
-4496
-4103
-3621
-3059
-2430
-1747
-1025
-280
470
1212
1928
2602
3221
3770
4240
4620
4903
5083
5158
5128
4993
4759
4431
4018
3529
2974
2367
1721
1047
362
-323
-994
-1639
-2246
-2806
-3308
-3745
-4110
-4400
-4609
-4737
-4783
-4747
-4631
-4439
-4174
-3842
-3447
-2997
-2498
-1956
-1381
-779
-160
468
1098
1720
2325
2904
3447
3946
4393
4777
5090
5326
5477
5536
5498
5360
5119
4775
4328
3782
3143
2419
1618
755
-157
-1102
-2061
-3015
-3943
-4823
-5634
-6355
-6965
-7447
-7782
-7958
-7962
-7789
-7434
-6898
-6187
-5311
-4284
-3125
-1857
-507
894
2318
3728
5089
6368
7529
8542
9377
10007
10412
10576
10488
10145
9547
8705
7633
6353
4893
3286
1569
-216
-2028
-3819
-5545
-7160
-8623
-9893
-10935
-11721
-12225
-12433
-12335
-11929
-11223
-10232
-8977
-7489
-5803
-3960
-2006
8
2034
4020
5914
7669
9238
10581
11664
12458
12943
0
0
0
0
0
0
0
0
0
0
0
0
0
0
0
0
0
0
0
0
0
0
0
0
0
0
0
0
0
0
0
0
0
0
0
0
0
0
0
0
0
0
0
0
0
0
0
0
0
0
0
0
0
0
0
0
0
0
0
0
0
0
0
0
0
0
0
0
0
0
0
0
0
0
0
0
0
0
0
0
0
0
0
0
0
0
0
0
0
0
0
0
0
0
0
0
0
0
0
0
0
0
0
0
0
0
0
0
0
0
0
0
0
0
0
0
0
0
0
0
0
0
0
0
0
0
0
0
0
0
0
0
0
0
0
-3276
-3266
-3235
-3181
-3100
-2989
-2843
-2655
-2422
-2139
-1801
-1408
-958
-453
100
699
1332
1987
2651
3306
3936
4521
5041
5478
5812
6027
6109
6045
5827
5452
4920
4235
3408
2455
1394
249
-950
-2176
-3395
-4572
-5673
-6665
-7515
-8194
-8678
-8945
-8982
-8779
-8335
-7655
-6750
-5641
-4352
-2915
-1366
254
1901
3531
5097
6553
7857
8969
9855
10486
10841
10904
10669
10140
9326
8248
6932
5411
3728
1927
58
-1826
-3675
-5434
-7055
-8491
-9699
-10646
-11302
-11649
-11676
-11380
-10769
-9861
-8679
-7257
-5636
-3860
-1980
-49
1878
3748
5507
7107
8503
9657
10536
11118
11388
11340
10979
10315
9371
8175
6763
5177
3465
1674
-142
-1933
-3648
-5240
-6664
-7884
-8867
-9588
-10032
-10189
-10060
-9653
-8985
-8078
-6964
-5676
-4257
-2747
-1193
360
1870
3293
4590
5727
6677
7415
7926
8202
8240
8046
7632
7015
6220
5275
4212
3065
1870
664
-517
-1640
-2675
-3594
-4373
-4996
-5449
-5726
-5825
-5752
-5514
-5127
-4609
-3982
-3270
-2499
-1695
-887
-99
643
1319
1911
2403
2785
3050
3195
3222
3139
2953
2679
2331
1927
1486
1027
570
133
-265
-613
-897
-1107
-1237
-1285
-1251
-1140
-960
-719
-432
-113
222
558
877
1162
1400
1576
1681
1705
1644
1496
1263
950
566
120
-370
-891
-1425
-1951
-2450
-2903
-3291
-3598
-3807
-3909
-3893
-3754
-3490
-3105
-2604
-1999
-1302
-531
292
1148
2010
2853
3653
4385
5024
5549
5942
6187
6272
6190
5938
5519
4939
4209
3346
2369
1302
173
-990
-2157
-3296
-4378
-5370
-6246
-6980
-7550
-7937
-8129
-8118
-7899
-7476
-6856
-6053
-5085
-3975
-2749
-1438
-74
1307
2673
3986
5214
6324
7287
8078
8675
9062
9228
9168
8882
8376
7663
6760
5688
4475
3151
1748
301
-1152
-2578
-3940
-5204
-6340
-7320
-8120
-8722
-9113
-9282
-9229
-8956
-8472
-7790
-6929
-5912
-4765
-3518
-2202
-850
504
1829
3093
4266
5322
6237
6992
7573
7970
8176
8191
8020
7671
7156
6493
5700
4799
3815
2773
1699
618
-444
-1466
-2425
-3302
-4081
-4748
-5294
-5711
-5997
-6150
-6175
-6076
-5862
-5543
-5130
-4637
-4077
-3466
-2816
-2144
-1460
-780
-112
530
1141
1711
2236
2710
3130
3492
3796
4041
4226
4351
4417
4424
4373
4266
4101
3882
3609
3283
2906
2480
2010
1498
950
371
-231
-849
-1474
-2094
-2699
-3276
-3814
-4300
-4720
-5064
-5320
-5478
-5530
-5469
-5293
-4999
-4589
-4068
-3444
-2726
-1929
-1069
-164
765
1697
2609
3478
4282
4998
5607
6092
6436
6630
6666
6539
6251
5808
5218
4495
3658
2728
1727
683
-376
-1424
-2431
-3370
-4216
-4946
-5540
-5982
-6262
-6371
-6308
-6078
-5687
-5149
-4480
-3703
-2840
-1919
-968
-15
910
1782
2574
3264
3833
4266
4551
4685
4666
4498
4193
3762
3225
2602
1918
1197
468
-243
-911
-1513
-2027
-2435
-2723
-2882
-2908
-2802
-2568
-2219
-1767
-1233
-638
-7
634
1259
1841
2355
2778
3091
3276
3323
3226
2982
2596
2078
1442
707
-102
-960
-1836
-2701
-3522
-4268
-4911
-5424
-5784
-5973
-5976
-5788
-5407
-4837
-4090
-3183
-2139
-986
242
1514
2789
4031
5200
6259
7175
7916
8456
8775
8858
8698
8294
7653
6789
5721
4477
3088
1591
26
-1564
-3137
-4650
-6059
-7327
-8417
-9299
-9947
-10345
-10478
-10344
-9946
-9292
-8402
-7297
-6007
-4566
-3013
-1387
268
1911
3500
4995
6357
7555
8560
9349
9905
10218
10283
10103
9686
9046
8204
7183
6013
4723
3347
1921
478
-945
-2319
-3612
-4797
-5849
-6749
-7481
-8035
-8402
-8583
-8578
-8394
-8042
-7533
-6885
-6115
-5243
-4291
-3280
-2231
-1165
-105
931
1925
2861
3724
4501
5181
5755
6217
6562
6787
6890
6872
6735
6482
6119
5653
5090
4440
3713
2921
2075
1191
281
-637
-1551
-2443
-3296
-4094
-4822
-5464
-6007
-6436
-6742
-6915
-6949
-6840
-6587
-6193
-5663
-5007
-4235
-3364
-2411
-1397
-344
723
1780
2802
3764
4641
5411
6054
6553
6895
7070
7073
6903
6564
6066
5419
4643
3757
2786
1756
695
-367
-1404
-2385
-3284
-4078
-4745
-5268
-5636
-5840
-5877
-5750
-5466
-5037
-4479
-3812
-3059
-2247
-1402
-551
276
1057
1766
2381
2886
3267
3515
3627
3603
3449
3176
2798
2333
1802
1229
637
52
-501
-1002
-1428
-1764
-1996
-2114
-2113
-1995
-1765
-1431
-1009
-516
26
595
1166
1713
2212
2638
2971
3193
3290
3252
3075
2760
2313
1746
1075
321
-491
-1334
-2179
-2995
-3751
-4419
-4971
-5384
-5639
-5720
-5621
-5336
-4872
-4236
-3445
-2521
-1490
-382
767
1924
3050
4109
5066
5889
6549
7022
7292
7346
7179
6796
6205
5422
4471
3380
2182
915
-382
-1670
-2907
-4055
-5077
-5942
-6621
-7095
-7349
-7375
-7174
-6754
-6130
-5323
-4361
-3276
-2106
-888
334
1523
2640
3646
4511
5207
5713
6014
6104
5981
5654
5138
4452
3625
2689
1677
629
-416
-1421
-2349
-3165
-3841
-4352
-4679
-4812
-4747
-4487
-4042
-3431
-2677
-1809
-861
129
1125
2086
2975
3755
4395
4867
5151
5232
5102
4764
4224
3499
2612
1591
473
-704
-1901
-3072
-4175
-5169
-6015
-6679
-7134
-7358
-7337
-7066
-6546
-5791
-4818
-3657
-2339
-906
596
2124
3626
5053
6358
7496
8429
9123
9551
9697
9550
9110
8388
7402
6177
4750
3161
1456
-312
-2092
-3830
-5473
-6971
-8278
-9354
-10166
-10689
-10906
-10809
-10402
-9695
-8710
-7476
-6029
-4412
-2673
-864
963
2755
4460
6028
7415
8582
9498
10138
10487
10538
10293
9762
8966
7930
6688
5278
3745
2133
491
-1132
-2694
-4149
-5458
-6586
-7507
-8197
-8644
-8841
-8787
-8492
-7971
-7244
-6338
-5283
-4115
-2870
-1585
-298
953
2137
3222
4180
4990
5635
6102
6386
6485
6406
6156
5751
5208
4548
3795
2972
2106
1222
345
-502
-1299
-2027
-2670
-3216
-3656
-3983
-4196
-4296
-4285
-4170
-3960
-3663
-3293
-2861
-2381
-1864
-1326
-777
-230
303
814
1294
1734
2128
2470
2756
2981
3145
3243
3276
3243
3145
2981
2756
2470
2128
1734
1294
814
303
-230
-777
-1326
-1864
-2381
-2861
-3293
-3663
-3960
-4170
-4285
-4296
-4196
-3983
-3656
-3216
-2670
-2027
-1299
-502
345
1222
2106
2972
3795
4548
5208
5751
6156
6406
6485
6386
6102
5635
4990
4180
3222
2137
953
-298
-1585
-2870
-4115
-5283
-6338
-7244
-7971
-8492
-8787
-8841
-8644
-8197
-7507
-6586
-5458
-4149
-2694
-1132
491
2133
3745
5278
6688
7930
8966
9762
10293
10538
10487
10138
9498
8582
7415
6028
4460
2755
963
-864
-2673
-4412
-6029
-7476
-8710
-9695
-10402
-10809
-10906
-10689
-10166
-9354
-8278
-6971
-5473
-3830
-2092
-312
1456
3161
4750
6177
7402
8388
9110
9550
9697
9551
9123
8429
7496
6358
5053
3626
2124
596
-906
-2339
-3657
-4818
-5791
-6546
-7066
-7337
-7358
-7134
-6679
-6015
-5169
-4175
-3072
-1901
-704
473
1591
2612
3499
4224
4764
5102
5232
5151
4867
4395
3755
2975
2086
1125
129
-861
-1809
-2677
-3431
-4042
-4487
-4747
-4812
-4679
-4352
-3841
-3165
-2349
-1421
-416
629
1677
2689
3625
4452
5138
5654
5981
6104
6014
5713
5207
4511
3646
2640
1523
334
-888
-2106
-3276
-4361
-5323
-6130
-6754
-7174
-7375
-7349
-7095
-6621
-5942
-5077
-4055
-2907
-1670
-382
915
2182
3380
4471
5422
6205
6796
7179
7346
7292
7022
6549
5889
5066
4109
3050
1924
767
-382
-1490
-2521
-3445
-4236
-4872
-5336
-5621
-5720
-5639
-5384
-4971
-4419
-3751
-2995
-2179
-1334
-491
321
1075
1746
2313
2760
3075
3252
3290
3193
2971
2638
2212
1713
1166
595
26
-516
-1009
-1431
-1765
-1995
-2113
-2114
-1996
-1764
-1428
-1002
-501
52
637
1229
1802
2333
2798
3176
3449
3603
3627
3515
3267
2886
2381
1766
1057
276
-551
-1402
-2247
-3059
-3812
-4479
-5037
-5466
-5750
-5877
-5840
-5636
-5268
-4745
-4078
-3284
-2385
-1404
-367
695
1756
2786
3757
4643
5419
6066
6564
6903
7073
7070
6895
6553
6054
5411
4641
3764
2802
1780
723
-344
-1397
-2411
-3364
-4235
-5007
-5663
-6193
-6587
-6840
-6949
-6915
-6742
-6436
-6007
-5464
-4822
-4094
-3296
-2443
-1551
-637
281
1191
2075
2921
3713
4440
5090
5653
6119
6482
6735
6872
6890
6787
6562
6217
5755
5181
4501
3724
2861
1925
931
-105
-1165
-2231
-3280
-4291
-5243
-6115
-6885
-7533
-8042
-8394
-8578
-8583
-8402
-8035
-7481
-6749
-5849
-4797
-3612
-2319
-945
478
1921
3347
4723
6013
7183
8204
9046
9686
10103
10283
10218
9905
9349
8560
7555
6357
4995
3500
1911
268
-1387
-3013
-4566
-6007
-7297
-8402
-9292
-9946
-10344
-10478
-10345
-9947
-9299
-8417
-7327
-6059
-4650
-3137
-1564
26
1591
3088
4477
5721
6789
7653
8294
8698
8858
8775
8456
7916
7175
6259
5200
4031
2789
1514
242
-986
-2139
-3183
-4090
-4837
-5407
-5788
-5976
-5973
-5784
-5424
-4911
-4268
-3522
-2701
-1836
-960
-102
707
1442
2078
2596
2982
3226
3323
3276
3091
2778
2355
1841
1259
634
-7
-638
-1233
-1767
-2219
-2568
-2802
-2908
-2882
-2723
-2435
-2027
-1513
-911
-243
468
1197
1918
2602
3225
3762
4193
4498
4666
4685
4551
4266
3833
3264
2574
1782
910
-15
-968
-1919
-2840
-3703
-4480
-5149
-5687
-6078
-6308
-6371
-6262
-5982
-5540
-4946
-4216
-3370
-2431
-1424
-376
683
1727
2728
3658
4495
5218
5808
6251
6539
6666
6630
6436
6092
5607
4998
4282
3478
2609
1697
765
-164
-1069
-1929
-2726
-3444
-4068
-4589
-4999
-5293
-5469
-5530
-5478
-5320
-5064
-4720
-4300
-3814
-3276
-2699
-2094
-1474
-849
-231
371
950
1498
2010
2480
2906
3283
3609
3882
4101
4266
4373
4424
4417
4351
4226
4041
3796
3492
3130
2710
2236
1711
1141
530
-112
-780
-1460
-2144
-2816
-3466
-4077
-4637
-5130
-5543
-5862
-6076
-6175
-6150
-5997
-5711
-5294
-4748
-4081
-3302
-2425
-1466
-444
618
1699
2773
3815
4799
5700
6493
7156
7671
8020
8191
8176
7970
7573
6992
6237
5322
4266
3093
1829
504
-850
-2202
-3518
-4765
-5912
-6929
-7790
-8472
-8956
-9229
-9282
-9113
-8722
-8120
-7320
-6340
-5204
-3940
-2578
-1152
301
1748
3151
4475
5688
6760
7663
8376
8882
9168
9228
9062
8675
8078
7287
6324
5214
3986
2673
1307
-74
-1438
-2749
-3975
-5085
-6053
-6856
-7476
-7899
-8118
-8129
-7937
-7550
-6980
-6246
-5370
-4378
-3296
-2157
-990
173
1302
2369
3346
4209
4939
5519
5938
6190
6272
6187
5942
5549
5024
4385
3653
2853
2010
1148
292
-531
-1302
-1999
-2604
-3105
-3490
-3754
-3893
-3909
-3807
-3598
-3291
-2903
-2450
-1951
-1425
-891
-370
120
566
950
1263
1496
1644
1705
1681
1576
1400
1162
877
558
222
-113
-432
-719
-960
-1140
-1251
-1285
-1237
-1107
-897
-613
-265
133
570
1027
1486
1927
2331
2679
2953
3139
3222
3195
3050
2785
2403
1911
1319
643
-99
-887
-1695
-2499
-3270
-3982
-4609
-5127
-5514
-5752
-5825
-5726
-5449
-4996
-4373
-3594
-2675
-1640
-517
664
1870
3065
4212
5275
6220
7015
7632
8046
8240
8202
7926
7415
6677
5727
4590
3293
1870
360
-1193
-2747
-4257
-5676
-6964
-8078
-8985
-9653
-10060
-10189
-10032
-9588
-8867
-7884
-6664
-5240
-3648
-1933
-142
1674
3465
5177
6763
8175
9371
10315
10979
11340
11388
11118
10536
9657
8503
7107
5507
3748
1878
-49
-1980
-3860
-5636
-7257
-8679
-9861
-10769
-11380
-11676
-11649
-11302
-10646
-9699
-8491
-7055
-5434
-3675
-1826
58
1927
3728
5411
6932
8248
9326
10140
10669
10904
10841
10486
9855
8969
7857
6553
5097
3531
1901
254
-1366
-2915
-4352
-5641
-6750
-7655
-8335
-8779
-8982
-8945
-8678
-8194
-7515
-6665
-5673
-4572
-3395
-2176
-950
249
1394
2455
3408
4235
4920
5452
5827
6045
6109
6027
5812
5478
5041
4521
3936
3306
2651
1987
1332
699
100
-453
-958
-1408
-1801
-2139
-2422
-2655
-2843
-2989
-3100
-3181
-3235
-3266
0
0
0
0
0
0
0
0
0
0
0
0
0
0
0
0
0
0
0
0
0
0
0
0
0
0
0
0
0
0
0
0
0
0
0
0
0
0
0
0
0
0
0
0
0
0
0
0
0
0
0
0
0
0
0
0
0
0
0
0
0
0
0
0
0
0
0
0
0
0
0
0
0
0
0
0
0
0
0
0
0
0
0
0
0
0
0
0
0
0
0
0
0
0
0
0
0
0
0
0
0
0
0
0
0
0
0
0
0
0
0
0
0
0
0
0
0
0
0
0
0
0
0
0
0
0
0
0
0
0
0
0
0
0
0
3276
3252
3181
3061
2894
2680
2419
2112
1762
1372
943
482
-4
-512
-1030
-1551
-2063
-2554
-3013
-3428
-3785
-4073
-4282
-4400
-4421
-4339
-4149
-3851
-3448
-2945
-2350
-1675
-935
-147
669
1495
2305
3079
3793
4425
4956
5367
5645
5776
5754
5576
5243
4760
4140
3396
2548
1618
632
-381
-1395
-2379
-3304
-4142
-4868
-5460
-5899
-6171
-6268
-6185
-5926
-5496
-4908
-4181
-3337
-2400
-1400
-367
666
1670
2612
3464
4201
4801
5246
5524
5628
5558
5318
4919
4376
3708
2940
2099
1215
317
-563
-1397
-2158
-2820
-3362
-3769
-4029
-4137
-4092
-3899
-3570
-3119
-2567
-1937
-1255
-548
153
823
1435
1963
2389
2695
2869
2905
2803
2566
2205
1736
1176
551
-112
-788
-1446
-2057
-2595
-3033
-3350
-3530
-3559
-3432
-3149
-2713
-2139
-1442
-646
222
1133
2052
2946
3779
4519
5134
5596
5883
5978
5869
5553
5032
4318
3427
2383
1217
-36
-1340
-2650
-3925
-5122
-6199
-7119
-7846
-8352
-8616
-8622
-8364
-7844
-7072
-6067
-4854
-3467
-1946
-334
1319
2965
4555
6037
7365
8498
9399
10037
10390
10445
10198
9653
8823
7732
6411
4897
3233
1469
-342
-2150
-3900
-5540
-7024
-8306
-9350
-10127
-10613
-10797
-10675
-10251
-9540
-8565
-7356
-5952
-4393
-2729
-1007
720
2404
3996
5450
6728
7795
8624
9194
9496
9525
9287
8794
8067
7133
6024
4776
3431
2029
614
-772
-2092
-3308
-4388
-5306
-6041
-6577
-6908
-7031
-6953
-6683
-6238
-5641
-4915
-4088
-3191
-2254
-1307
-379
503
1315
2037
2653
3152
3525
3771
3891
3892
3784
3578
3291
2939
2540
2112
1673
1238
823
440
98
-194
-434
-620
-754
-840
-883
-891
-873
-838
-796
-756
-725
-710
-716
-745
-798
-873
-966
-1072
-1183
-1291
-1387
-1460
-1502
-1503
-1456
-1356
-1199
-983
-712
-388
-19
384
812
1249
1679
2088
2457
2771
3014
3174
3239
3201
3056
2802
2442
1984
1438
819
144
-565
-1286
-1995
-2666
-3276
-3801
-4220
-4513
-4668
-4672
-4521
-4214
-3756
-3156
-2431
-1601
-690
274
1262
2241
3177
4040
4797
5421
5888
6178
6276
6175
5871
5369
4682
3825
2822
1703
500
-749
-2008
-3236
-4392
-5439
-6342
-7070
-7595
-7898
-7964
-7789
-7372
-6723
-5858
-4800
-3579
-2230
-792
690
2175
3616
4968
6191
7247
8100
8726
9102
9216
9063
8646
7977
7073
5962
4676
3251
1731
160
-1416
-2950
-4399
-5719
-6873
-7828
-8557
-9041
-9268
-9233
-8941
-8402
-7635
-6665
-5525
-4248
-2875
-1447
-6
1404
2746
3981
5075
6001
6736
7264
7576
7669
7548
7224
6714
6039
5227
4306
3310
2272
1225
201
-768
-1658
-2444
-3108
-3637
-4022
-4261
-4356
-4314
-4149
-3877
-3515
-3086
-2613
-2119
-1626
-1156
-728
-357
-57
165
305
363
343
255
109
-77
-288
-506
-709
-879
-999
-1052
-1024
-908
-695
-387
14
501
1060
1675
2325
2987
3636
4245
4786
5233
5562
5750
5781
5639
5317
4813
4129
3276
2270
1132
-110
-1424
-2776
-4125
-5432
-6657
-7759
-8701
-9449
-9973
-10249
-10260
-9996
-9454
-8640
-7568
-6260
-4744
-3058
-1241
658
2591
4505
6349
8069
9618
10949
12022
12805
13270
13400
13187
12631
11741
10538
9049
7311
5366
3263
1058
-1193
-3432
-5601
-7641
-9499
-11125
-12476
-13517
-14220
-14565
-14543
-14156
-13412
-12332
-10944
-9284
-7396
-5330
-3139
-880
1388
3608
5724
7680
9430
10930
12144
13043
13609
13831
13707
13245
12460
11378
10030
8454
6694
4797
2815
798
-1199
-3130
-4945
-6600
-8056
-9281
-10249
-10941
-11346
-11461
-11288
-10841
-10138
-9204
-8068
-6766
-5336
-3817
-2253
-684
848
2307
3656
4864
5905
6757
7406
7841
8060
8065
7865
7473
6908
6192
5351
4414
3410
2371
1325
303
-668
-1564
-2363
-3047
-3603
-4022
-4299
-4433
-4430
-4296
-4045
-3691
-3252
-2747
-2197
-1623
-1047
-488
33
502
904
1227
1464
1610
1663
1627
1507
1311
1052
742
396
32
-333
-684
-1004
-1278
-1493
-1638
-1704
-1687
-1584
-1395
-1126
-783
-376
81
575
1088
1604
2104
2570
2985
3332
3596
3767
3834
3790
3634
3365
2986
2507
1936
1288
579
-171
-945
-1721
-2476
-3190
-3841
-4410
-4882
-5239
-5472
-5572
-5533
-5355
-5041
-4598
-4034
-3365
-2606
-1776
-896
11
924
1820
2675
3468
4179
4792
5292
5667
5908
6011
5975
5803
5499
5074
4539
3909
3201
2432
1623
792
-40
-854
-1633
-2360
-3019
-3599
-4090
-4483
-4774
-4962
-5045
-5028
-4915
-4712
-4429
-4075
-3661
-3197
-2695
-2166
-1621
-1070
-522
15
534
1029
1496
1930
2328
2689
3011
3293
3533
3732
3888
4001
4069
4091
4064
3988
3859
3676
3436
3139
2784
2370
1899
1373
797
177
-479
-1164
-1865
-2570
-3265
-3933
-4560
-5127
-5619
-6020
-6314
-6488
-6530
-6432
-6187
-5795
-5255
-4574
-3761
-2828
-1794
-679
492
1694
2898
4074
5192
6220
7131
7897
8494
8901
9103
9088
8851
8391
7715
6834
5766
4534
3167
1697
160
-1405
-2959
-4462
-5873
-7153
-8269
-9188
-9885
-10337
-10531
-10459
-10120
-9521
-8675
-7604
-6333
-4896
-3329
-1674
25
1726
3381
4947
6382
7648
8711
9544
10123
10436
10474
10237
9734
8978
7993
6806
5450
3965
2391
772
-847
-2423
-3913
-5278
-6481
-7492
-8285
-8843
-9152
-9208
-9013
-8578
-7918
-7055
-6017
-4836
-3547
-2190
-803
573
1902
3145
4271
5249
6054
6669
7080
7280
7268
7050
6637
6046
5299
4421
3441
2391
1302
208
-857
-1867
-2791
-3604
-4285
-4819
-5193
-5400
-5440
-5315
-5034
-4610
-4059
-3401
-2660
-1860
-1026
-185
636
1416
2130
2760
3287
3700
3987
4145
4170
4067
3840
3501
3061
2537
1946
1308
642
-29
-689
-1315
-1891
-2400
-2829
-3167
-3405
-3539
-3567
-3489
-3311
-3038
-2680
-2249
-1759
-1224
-659
-81
492
1047
1569
2042
2455
2798
3062
3241
3331
3331
3242
3068
2813
2485
2093
1648
1163
649
120
-409
-927
-1420
-1874
-2280
-2627
-2906
-3110
-3234
-3276
-3234
-3110
-2906
-2627
-2280
-1874
-1420
-927
-409
120
649
1163
1648
2093
2485
2813
3068
3242
3331
3331
3241
3062
2798
2455
2042
1569
1047
492
-81
-659
-1224
-1759
-2249
-2680
-3038
-3311
-3489
-3567
-3539
-3405
-3167
-2829
-2400
-1891
-1315
-689
-29
642
1308
1946
2537
3061
3501
3840
4067
4170
4145
3987
3700
3287
2760
2130
1416
636
-185
-1026
-1860
-2660
-3401
-4059
-4610
-5034
-5315
-5440
-5400
-5193
-4819
-4285
-3604
-2791
-1867
-857
208
1302
2391
3441
4421
5299
6046
6637
7050
7268
7280
7080
6669
6054
5249
4271
3145
1902
573
-803
-2190
-3547
-4836
-6017
-7055
-7918
-8578
-9013
-9208
-9152
-8843
-8285
-7492
-6481
-5278
-3913
-2423
-847
772
2391
3965
5450
6806
7993
8978
9734
10237
10474
10436
10123
9544
8711
7648
6382
4947
3381
1726
25
-1674
-3329
-4896
-6333
-7604
-8675
-9521
-10120
-10459
-10531
-10337
-9885
-9188
-8269
-7153
-5873
-4462
-2959
-1405
160
1697
3167
4534
5766
6834
7715
8391
8851
9088
9103
8901
8494
7897
7131
6220
5192
4074
2898
1694
492
-679
-1794
-2828
-3761
-4574
-5255
-5795
-6187
-6432
-6530
-6488
-6314
-6020
-5619
-5127
-4560
-3933
-3265
-2570
-1865
-1164
-479
177
797
1373
1899
2370
2784
3139
3436
3676
3859
3988
4064
4091
4069
4001
3888
3732
3533
3293
3011
2689
2328
1930
1496
1029
534
15
-522
-1070
-1621
-2166
-2695
-3197
-3661
-4075
-4429
-4712
-4915
-5028
-5045
-4962
-4774
-4483
-4090
-3599
-3019
-2360
-1633
-854
-40
792
1623
2432
3201
3909
4539
5074
5499
5803
5975
6011
5908
5667
5292
4792
4179
3468
2675
1820
924
11
-896
-1776
-2606
-3365
-4034
-4598
-5041
-5355
-5533
-5572
-5472
-5239
-4882
-4410
-3841
-3190
-2476
-1721
-945
-171
579
1288
1936
2507
2986
3365
3634
3790
3834
3767
3596
3332
2985
2570
2104
1604
1088
575
81
-376
-783
-1126
-1395
-1584
-1687
-1704
-1638
-1493
-1278
-1004
-684
-333
32
396
742
1052
1311
1507
1627
1663
1610
1464
1227
904
502
33
-488
-1047
-1623
-2197
-2747
-3252
-3691
-4045
-4296
-4430
-4433
-4299
-4022
-3603
-3047
-2363
-1564
-668
303
1325
2371
3410
4414
5351
6192
6908
7473
7865
8065
8060
7841
7406
6757
5905
4864
3656
2307
848
-684
-2253
-3817
-5336
-6766
-8068
-9204
-10138
-10841
-11288
-11461
-11346
-10941
-10249
-9281
-8056
-6600
-4945
-3130
-1199
798
2815
4797
6694
8454
10030
11378
12460
13245
13707
13831
13609
13043
12144
10930
9430
7680
5724
3608
1388
-880
-3139
-5330
-7396
-9284
-10944
-12332
-13412
-14156
-14543
-14565
-14220
-13517
-12476
-11125
-9499
-7641
-5601
-3432
-1193
1058
3263
5366
7311
9049
10538
11741
12631
13187
13400
13270
12805
12022
10949
9618
8069
6349
4505
2591
658
-1241
-3058
-4744
-6260
-7568
-8640
-9454
-9996
-10260
-10249
-9973
-9449
-8701
-7759
-6657
-5432
-4125
-2776
-1424
-110
1132
2270
3276
4129
4813
5317
5639
5781
5750
5562
5233
4786
4245
3636
2987
2325
1675
1060
501
14
-387
-695
-908
-1024
-1052
-999
-879
-709
-506
-288
-77
109
255
343
363
305
165
-57
-357
-728
-1156
-1626
-2119
-2613
-3086
-3515
-3877
-4149
-4314
-4356
-4261
-4022
-3637
-3108
-2444
-1658
-768
201
1225
2272
3310
4306
5227
6039
6714
7224
7548
7669
7576
7264
6736
6001
5075
3981
2746
1404
-6
-1447
-2875
-4248
-5525
-6665
-7635
-8402
-8941
-9233
-9268
-9041
-8557
-7828
-6873
-5719
-4399
-2950
-1416
160
1731
3251
4676
5962
7073
7977
8646
9063
9216
9102
8726
8100
7247
6191
4968
3616
2175
690
-792
-2230
-3579
-4800
-5858
-6723
-7372
-7789
-7964
-7898
-7595
-7070
-6342
-5439
-4392
-3236
-2008
-749
500
1703
2822
3825
4682
5369
5871
6175
6276
6178
5888
5421
4797
4040
3177
2241
1262
274
-690
-1601
-2431
-3156
-3756
-4214
-4521
-4672
-4668
-4513
-4220
-3801
-3276
-2666
-1995
-1286
-565
144
819
1438
1984
2442
2802
3056
3201
3239
3174
3014
2771
2457
2088
1679
1249
812
384
-19
-388
-712
-983
-1199
-1356
-1456
-1503
-1502
-1460
-1387
-1291
-1183
-1072
-966
-873
-798
-745
-716
-710
-725
-756
-796
-838
-873
-891
-883
-840
-754
-620
-434
-194
98
440
823
1238
1673
2112
2540
2939
3291
3578
3784
3892
3891
3771
3525
3152
2653
2037
1315
503
-379
-1307
-2254
-3191
-4088
-4915
-5641
-6238
-6683
-6953
-7031
-6908
-6577
-6041
-5306
-4388
-3308
-2092
-772
614
2029
3431
4776
6024
7133
8067
8794
9287
9525
9496
9194
8624
7795
6728
5450
3996
2404
720
-1007
-2729
-4393
-5952
-7356
-8565
-9540
-10251
-10675
-10797
-10613
-10127
-9350
-8306
-7024
-5540
-3900
-2150
-342
1469
3233
4897
6411
7732
8823
9653
10198
10445
10390
10037
9399
8498
7365
6037
4555
2965
1319
-334
-1946
-3467
-4854
-6067
-7072
-7844
-8364
-8622
-8616
-8352
-7846
-7119
-6199
-5122
-3925
-2650
-1340
-36
1217
2383
3427
4318
5032
5553
5869
5978
5883
5596
5134
4519
3779
2946
2052
1133
222
-646
-1442
-2139
-2713
-3149
-3432
-3559
-3530
-3350
-3033
-2595
-2057
-1446
-788
-112
551
1176
1736
2205
2566
2803
2905
2869
2695
2389
1963
1435
823
153
-548
-1255
-1937
-2567
-3119
-3570
-3899
-4092
-4137
-4029
-3769
-3362
-2820
-2158
-1397
-563
317
1215
2099
2940
3708
4376
4919
5318
5558
5628
5524
5246
4801
4201
3464
2612
1670
666
-367
-1400
-2400
-3337
-4181
-4908
-5496
-5926
-6185
-6268
-6171
-5899
-5460
-4868
-4142
-3304
-2379
-1395
-381
632
1618
2548
3396
4140
4760
5243
5576
5754
5776
5645
5367
4956
4425
3793
3079
2305
1495
669
-147
-935
-1675
-2350
-2945
-3448
-3851
-4149
-4339
-4421
-4400
-4282
-4073
-3785
-3428
-3013
-2554
-2063
-1551
-1030
-512
-4
482
943
1372
1762
2112
2419
2680
2894
3061
3181
3252
0
0
0
0
0
0
0
0
0
0
0
0
0
0
0
0
0
0
0
0
0
0
0
0
0
0
0
0
0
0
0
0
0
0
0
0
0
0
0
0
0
0
0
0
0
0
0
0
0
0
0
0
0
0
0
0
0
0
0
0
0
0
0
0
0
0
0
0
0
0
0
0
0
0
0
0
0
0
0
0
0
0
0
0
0
0
0
0
0
0
0
0
0
0
0
0
0
0
0
0
0
0
0
0
0
0
0
0
0
0
0
0
0
0
0
0
0
0
0
0
0
0
0
0
0
0
0
0
0
0
0
0
0
0
0
3276
3271
3256
3227
3180
3108
3005
2861
2669
2422
2113
1737
1292
779
200
-437
-1125
-1848
-2593
-3339
-4065
-4751
-5371
-5904
-6326
-6617
-6760
-6739
-6545
-6171
-5618
-4891
-4000
-2964
-1804
-547
775
2128
3475
4776
5994
7090
8028
8778
9312
9608
9651
9434
8955
8223
7252
6065
4693
3169
1537
-160
-1875
-3558
-5161
-6638
-7945
-9042
-9897
-10484
-10784
-10787
-10493
-9908
-9049
-7941
-6615
-5111
-3471
-1745
18
1767
3451
5022
6435
7651
8635
9364
9817
9986
9871
9479
8826
7938
6844
5581
4192
2719
1211
-287
-1731
-3078
-4289
-5331
-6179
-6811
-7215
-7387
-7331
-7055
-6579
-5925
-5121
-4202
-3202
-2159
-1110
-90
864
1725
2466
3067
3513
3796
3915
3874
3683
3359
2923
2400
1816
1201
584
-5
-542
-1001
-1363
-1613
-1740
-1740
-1614
-1370
-1018
-578
-68
484
1053
1613
2133
2587
2951
3202
3325
3306
3139
2823
2362
1768
1058
254
-618
-1529
-2447
-3337
-4166
-4902
-5514
-5976
-6267
-6368
-6270
-5969
-5468
-4777
-3912
-2897
-1760
-535
742
2032
3295
4490
5578
6523
7295
7866
8216
8331
8205
7840
7245
6435
5434
4270
2980
1601
174
-1257
-2650
-3964
-5158
-6198
-7054
-7701
-8122
-8306
-8251
-7961
-7448
-6732
-5837
-4793
-3635
-2401
-1130
138
1366
2516
3554
4453
5188
5741
6102
6266
6234
6016
5627
5085
4417
3649
2813
1940
1062
212
-582
-1296
-1907
-2397
-2756
-2976
-3057
-3004
-2827
-2542
-2167
-1725
-1240
-738
-245
214
617
943
1176
1304
1319
1219
1009
695
292
-182
-707
-1258
-1809
-2333
-2804
-3195
-3485
-3653
-3684
-3567
-3297
-2876
-2310
-1612
-799
103
1070
2069
3067
4029
4920
5707
6359
6848
7151
7250
7134
6798
6246
5486
4535
3417
2160
800
-625
-2075
-3506
-4875
-6140
-7260
-8199
-8928
-9419
-9657
-9628
-9332
-8772
-7962
-6923
-5682
-4274
-2738
-1117
542
2194
3791
5287
6640
7812
8769
9485
9941
10125
10034
9672
9051
8191
7120
5869
4476
2983
1432
-130
-1662
-3119
-4461
-5654
-6667
-7474
-8058
-8409
-8521
-8398
-8051
-7496
-6756
-5858
-4832
-3715
-2540
-1346
-167
961
2009
2948
3755
4412
4906
5230
5383
5369
5199
4885
4448
3908
3290
2620
1924
1228
557
-66
-623
-1097
-1475
-1750
-1917
-1979
-1939
-1806
-1594
-1318
-994
-643
-283
64
382
652
861
995
1047
1012
888
679
392
35
-375
-826
-1297
-1770
-2223
-2637
-2992
-3270
-3456
-3538
-3505
-3352
-3078
-2686
-2181
-1577
-886
-127
679
1509
2339
3143
3896
4575
5155
5618
5946
6124
6144
6001
5694
5228
4611
3856
2983
2010
964
-129
-1243
-2346
-3410
-4407
-5309
-6091
-6732
-7214
-7523
-7649
-7588
-7339
-6908
-6304
-5541
-4639
-3619
-2505
-1326
-111
1110
2309
3454
4519
5476
6303
6980
7491
7823
7970
7928
7700
7291
6712
5979
5109
4124
3048
1907
729
-457
-1624
-2745
-3794
-4745
-5578
-6275
-6820
-7202
-7413
-7451
-7316
-7014
-6553
-5946
-5209
-4362
-3424
-2419
-1372
-308
748
1772
2740
3630
4423
5100
5648
6056
6316
6425
6383
6192
5861
5399
4820
4139
3375
2547
1677
787
-102
-970
-1794
-2557
-3240
-3830
-4314
-4683
-4930
-5052
-5051
-4927
-4689
-4345
-3906
-3387
-2801
-2166
-1499
-818
-141
516
1137
1708
2216
2649
3001
3264
3436
3516
3505
3408
3230
2980
2668
2303
1899
1467
1021
571
131
-289
-679
-1032
-1339
-1596
-1798
-1945
-2035
-2071
-2055
-1991
-1883
-1739
-1564
-1364
-1147
-919
-687
-455
-230
-14
187
372
539
687
815
923
1012
1083
1135
1172
1192
1197
1187
1163
1123
1068
996
908
801
675
529
364
180
-21
-239
-471
-711
-957
-1201
-1438
-1660
-1860
-2029
-2160
-2245
-2276
-2248
-2157
-1998
-1770
-1473
-1112
-690
-215
301
849
1415
1981
2532
3050
3518
3917
4231
4445
4546
4524
4371
4085
3664
3113
2440
1660
787
-157
-1150
-2165
-3174
-4147
-5053
-5865
-6553
-7092
-7459
-7636
-7610
-7371
-6918
-6254
-5389
-4339
-3127
-1780
-332
1181
2719
4240
5700
7057
8269
9298
10108
10672
10965
10971
10682
10096
9223
8078
6686
5077
3292
1374
-625
-2656
-4663
-6590
-8384
-9992
-11367
-12468
-13260
-13716
-13817
-13556
-12933
-11960
-10657
-9057
-7196
-5123
-2890
-556
1818
4169
6435
8553
10466
12121
13472
14481
15120
15369
15220
14675
13748
12461
10849
8953
6824
4517
2093
-381
-2843
-5227
-7470
-9513
-11303
-12794
-13948
-14737
-15142
-15156
-14780
-14028
-12923
-11497
-9790
-7852
-5734
-3495
-1195
1104
3343
5465
7414
9142
10608
11778
12627
13137
13302
13124
12615
11796
10694
9344
7788
6071
4242
2353
454
-1404
-3175
-4813
-6280
-7542
-8571
-9349
-9861
-10104
-10080
-9799
-9276
-8536
-7604
-6514
-5300
-3999
-2650
-1291
40
1310
2488
3544
4457
5207
5783
6175
6384
6412
6268
5965
5519
4951
4284
3543
2752
1939
1126
340
-399
-1073
-1664
-2161
-2553
-2836
-3008
-3072
-3031
-2896
-2677
-2386
-2040
-1654
-1244
-828
-420
-36
310
609
851
1028
1137
1177
1148
1053
900
696
451
175
-119
-419
-712
-986
-1230
-1432
-1584
-1679
-1711
-1676
-1575
-1407
-1177
-889
-552
-175
231
656
1086
1508
1910
2277
2599
2865
3063
3188
3232
3191
3065
2853
2559
2188
1747
1247
698
114
-490
-1102
-1704
-2282
-2819
-3301
-3714
-4047
-4289
-4432
-4470
-4400
-4222
-3938
-3553
-3074
-2511
-1878
-1189
-460
291
1047
1789
2497
3153
3741
4245
4651
4947
5125
5179
5107
4908
4588
4152
3610
2977
2266
1496
687
-141
-968
-1772
-2532
-3228
-3842
-4357
-4761
-5042
-5192
-5209
-5091
-4842
-4469
-3982
-3394
-2722
-1984
-1200
-392
416
1206
1953
2639
3243
3751
4148
4424
4574
4593
4483
4248
3897
3440
2893
2273
1598
889
168
-542
-1223
-1853
-2413
-2888
-3264
-3530
-3680
-3711
-3622
-3419
-3109
-2702
-2214
-1660
-1059
-432
202
821
1406
1938
2398
2773
3049
3219
3276
3219
3049
2773
2398
1938
1406
821
202
-432
-1059
-1660
-2214
-2702
-3109
-3419
-3622
-3711
-3680
-3530
-3264
-2888
-2413
-1853
-1223
-542
168
889
1598
2273
2893
3440
3897
4248
4483
4593
4574
4424
4148
3751
3243
2639
1953
1206
416
-392
-1200
-1984
-2722
-3394
-3982
-4469
-4842
-5091
-5209
-5192
-5042
-4761
-4357
-3842
-3228
-2532
-1772
-968
-141
687
1496
2266
2977
3610
4152
4588
4908
5107
5179
5125
4947
4651
4245
3741
3153
2497
1789
1047
291
-460
-1189
-1878
-2511
-3074
-3553
-3938
-4222
-4400
-4470
-4432
-4289
-4047
-3714
-3301
-2819
-2282
-1704
-1102
-490
114
698
1247
1747
2188
2559
2853
3065
3191
3232
3188
3063
2865
2599
2277
1910
1508
1086
656
231
-175
-552
-889
-1177
-1407
-1575
-1676
-1711
-1679
-1584
-1432
-1230
-986
-712
-419
-119
175
451
696
900
1053
1148
1177
1137
1028
851
609
310
-36
-420
-828
-1244
-1654
-2040
-2386
-2677
-2896
-3031
-3072
-3008
-2836
-2553
-2161
-1664
-1073
-399
340
1126
1939
2752
3543
4284
4951
5519
5965
6268
6412
6384
6175
5783
5207
4457
3544
2488
1310
40
-1291
-2650
-3999
-5300
-6514
-7604
-8536
-9276
-9799
-10080
-10104
-9861
-9349
-8571
-7542
-6280
-4813
-3175
-1404
454
2353
4242
6071
7788
9344
10694
11796
12615
13124
13302
13137
12627
11778
10608
9142
7414
5465
3343
1104
-1195
-3495
-5734
-7852
-9790
-11497
-12923
-14028
-14780
-15156
-15142
-14737
-13948
-12794
-11303
-9513
-7470
-5227
-2843
-381
2093
4517
6824
8953
10849
12461
13748
14675
15220
15369
15120
14481
13472
12121
10466
8553
6435
4169
1818
-556
-2890
-5123
-7196
-9057
-10657
-11960
-12933
-13556
-13817
-13716
-13260
-12468
-11367
-9992
-8384
-6590
-4663
-2656
-625
1374
3292
5077
6686
8078
9223
10096
10682
10971
10965
10672
10108
9298
8269
7057
5700
4240
2719
1181
-332
-1780
-3127
-4339
-5389
-6254
-6918
-7371
-7610
-7636
-7459
-7092
-6553
-5865
-5053
-4147
-3174
-2165
-1150
-157
787
1660
2440
3113
3664
4085
4371
4524
4546
4445
4231
3917
3518
3050
2532
1981
1415
849
301
-215
-690
-1112
-1473
-1770
-1998
-2157
-2248
-2276
-2245
-2160
-2029
-1860
-1660
-1438
-1201
-957
-711
-471
-239
-21
180
364
529
675
801
908
996
1068
1123
1163
1187
1197
1192
1172
1135
1083
1012
923
815
687
539
372
187
-14
-230
-455
-687
-919
-1147
-1364
-1564
-1739
-1883
-1991
-2055
-2071
-2035
-1945
-1798
-1596
-1339
-1032
-679
-289
131
571
1021
1467
1899
2303
2668
2980
3230
3408
3505
3516
3436
3264
3001
2649
2216
1708
1137
516
-141
-818
-1499
-2166
-2801
-3387
-3906
-4345
-4689
-4927
-5051
-5052
-4930
-4683
-4314
-3830
-3240
-2557
-1794
-970
-102
787
1677
2547
3375
4139
4820
5399
5861
6192
6383
6425
6316
6056
5648
5100
4423
3630
2740
1772
748
-308
-1372
-2419
-3424
-4362
-5209
-5946
-6553
-7014
-7316
-7451
-7413
-7202
-6820
-6275
-5578
-4745
-3794
-2745
-1624
-457
729
1907
3048
4124
5109
5979
6712
7291
7700
7928
7970
7823
7491
6980
6303
5476
4519
3454
2309
1110
-111
-1326
-2505
-3619
-4639
-5541
-6304
-6908
-7339
-7588
-7649
-7523
-7214
-6732
-6091
-5309
-4407
-3410
-2346
-1243
-129
964
2010
2983
3856
4611
5228
5694
6001
6144
6124
5946
5618
5155
4575
3896
3143
2339
1509
679
-127
-886
-1577
-2181
-2686
-3078
-3352
-3505
-3538
-3456
-3270
-2992
-2637
-2223
-1770
-1297
-826
-375
35
392
679
888
1012
1047
995
861
652
382
64
-283
-643
-994
-1318
-1594
-1806
-1939
-1979
-1917
-1750
-1475
-1097
-623
-66
557
1228
1924
2620
3290
3908
4448
4885
5199
5369
5383
5230
4906
4412
3755
2948
2009
961
-167
-1346
-2540
-3715
-4832
-5858
-6756
-7496
-8051
-8398
-8521
-8409
-8058
-7474
-6667
-5654
-4461
-3119
-1662
-130
1432
2983
4476
5869
7120
8191
9051
9672
10034
10125
9941
9485
8769
7812
6640
5287
3791
2194
542
-1117
-2738
-4274
-5682
-6923
-7962
-8772
-9332
-9628
-9657
-9419
-8928
-8199
-7260
-6140
-4875
-3506
-2075
-625
800
2160
3417
4535
5486
6246
6798
7134
7250
7151
6848
6359
5707
4920
4029
3067
2069
1070
103
-799
-1612
-2310
-2876
-3297
-3567
-3684
-3653
-3485
-3195
-2804
-2333
-1809
-1258
-707
-182
292
695
1009
1219
1319
1304
1176
943
617
214
-245
-738
-1240
-1725
-2167
-2542
-2827
-3004
-3057
-2976
-2756
-2397
-1907
-1296
-582
212
1062
1940
2813
3649
4417
5085
5627
6016
6234
6266
6102
5741
5188
4453
3554
2516
1366
138
-1130
-2401
-3635
-4793
-5837
-6732
-7448
-7961
-8251
-8306
-8122
-7701
-7054
-6198
-5158
-3964
-2650
-1257
174
1601
2980
4270
5434
6435
7245
7840
8205
8331
8216
7866
7295
6523
5578
4490
3295
2032
742
-535
-1760
-2897
-3912
-4777
-5468
-5969
-6270
-6368
-6267
-5976
-5514
-4902
-4166
-3337
-2447
-1529
-618
254
1058
1768
2362
2823
3139
3306
3325
3202
2951
2587
2133
1613
1053
484
-68
-578
-1018
-1370
-1614
-1740
-1740
-1613
-1363
-1001
-542
-5
584
1201
1816
2400
2923
3359
3683
3874
3915
3796
3513
3067
2466
1725
864
-90
-1110
-2159
-3202
-4202
-5121
-5925
-6579
-7055
-7331
-7387
-7215
-6811
-6179
-5331
-4289
-3078
-1731
-287
1211
2719
4192
5581
6844
7938
8826
9479
9871
9986
9817
9364
8635
7651
6435
5022
3451
1767
18
-1745
-3471
-5111
-6615
-7941
-9049
-9908
-10493
-10787
-10784
-10484
-9897
-9042
-7945
-6638
-5161
-3558
-1875
-160
1537
3169
4693
6065
7252
8223
8955
9434
9651
9608
9312
8778
8028
7090
5994
4776
3475
2128
775
-547
-1804
-2964
-4000
-4891
-5618
-6171
-6545
-6739
-6760
-6617
-6326
-5904
-5371
-4751
-4065
-3339
-2593
-1848
-1125
-437
200
779
1292
1737
2113
2422
2669
2861
3005
3108
3180
3227
3256
3271
0
0
0
0
0
0
0
0
0
0
0
0
0
0
0
0
0
0
0
0
0
0
0
0
0
0
0
0
0
0
0
0
0
0
0
0
0
0
0
0
0
0
0
0
0
0
0
0
0
0
0
0
0
0
0
0
0
0
0
0
0
0
0
0
0
0
0
0
0
0
0
0
0
0
0
0
0
0
0
0
0
0
0
0
0
0
0
0
0
0
0
0
0
0
0
0
0
0
0
0
0
0
0
0
0
0
0
0
0
0
0
0
0
0
0
0
0
0
0
0
0
0
0
0
0
0
0
0
0
0
0
0
0
0
0
