0
4278
8485
12550
16402
19973
23203
26035
28419
30314
31684
32507
32766
32456
31581
30156
28203
25758
22860
19561
15917
11991
7852
3573
-771
-5106
-9352
-13436
-17284
-20829
-24006
-26759
-29038
-30801
-32015
-32660
-32720
-32196
-31094
-29434
-27244
-24563
-21439
-17925
-14087
-9991
-5712
-1327
3083
7441
11667
15683
19415
22796
25762
28259
30239
31667
32514
32764
32412
31462
29931
27847
25247
22178
18696
14865
10755
6443
2009
-2465
-6896
-11201
-15299
-19113
-22570
-25606
-28162
-30190
-31650
-32514
-32764
-32394
-31411
-29832
-27686
-25012
-21861
-18292
-14372
-10175
-5781
-1274
3259
7733
12062
16161
19951
23359
26318
28771
30668
31973
32659
32711
32127
30919
29107
26727
23823
20452
16679
12577
8226
3711
-879
-5455
-9926
-14204
-18204
-21846
-25058
-27775
-29942
-31516
-32464
-32766
-32415
-31417
-29790
-27567
-24790
-21514
-17805
-13736
-9388
-4849
-209
4437
8997
13377
17489
21248
24578
27411
29687
31359
32393
32765
32468
31507
29899
27676
24884
21579
17828
13707
9301
4700
0
-4703
-9311
-13729
-17864
-21629
-24947
-27746
-29968
-31566
-32503
-32761
-32332
-31225
-29460
-27076
-24119
-20653
-16748
-12488
-7961
-3263
1506
6246
10856
15238
19298
22949
26112
28719
30713
32051
32702
32651
31900
30461
28366
25658
22395
18646
14492
10022
5332
524
-4298
-9029
-13567
-17811
-21669
-25055
-27896
-30127
-31699
-32577
-32739
-32182
-30916
-28967
-26379
-23206
-19519
-15397
-10932
-6222
-1372
3511
8320
12945
17284
21240
24723
27655
29968
31611
32545
32748
32214
30954
28995
26381
23169
19431
15252
10724
5950
1038
-3899
-8751
-13405
-17757
-21705
-25159
-28038
-30277
-31822
-32637
-32702
-32014
-30588
-28456
-25665
-22280
-18377
-14047
-9388
-4509
477
5455
10308
14924
19194
23018
26305
28979
30974
32243
32756
32498
31476
29711
27244
24133
20449
16280
11722
6884
1880
-3170
-8148
-12935
-17416
-21484
-25041
-28000
-30291
-31856
-32659
-32677
-31909
-30373
-28105
-25157
-21600
-17520
-13013
-8189
-3163
1941
7001
11893
16499
20705
24407
27516
29953
31659
32589
32721
32049
30590
28377
25463
21921
17836
13307
8448
3377
-1780
-6896
-11843
-16499
-20746
-24479
-27603
-30040
-31727
-32621
-32699
-31957
-30413
-28105
-25088
-21439
-17247
-12618
-7668
-2522
2689
7836
12787
17416
21605
25247
28248
30530
32035
32723
32574
31592
29801
27244
23987
20112
15718
10917
5832
595
-4660
-9798
-14685
-19194
-23208
-26622
-29345
-31307
-32455
-32757
-32206
-30813
-28614
-25665
-22043
-17841
-13169
-8148
-2911
2405
7661
12717
17440
21705
25397
28419
30689
32146
32750
32483
31352
29385
26633
23169
19084
14487
9500
4255
-1105
-6439
-11603
-16457
-20870
-24723
-27911
-30346
-31961
-32712
-32578
-31559
-29684
-27001
-23582
-19519
-14922
-9916
-4636
771
6162
11386
16301
20770
24671
27896
30354
31977
32719
32558
31498
29565
26813
23317
19172
14492
9407
4058
-1405
-6833
-12073
-16978
-21411
-25247
-28377
-30713
-32188
-32760
-32410
-31148
-29007
-26047
-22351
-18021
-13179
-7961
-2516
3003
8440
13640
18454
22745
26389
29282
31340
32503
32737
32033
30409
27913
24613
20604
16000
10932
5547
0
-5550
-10942
-16021
-20637
-24657
-27963
-30458
-32068
-32745
-32468
-31244
-29107
-26118
-22364
-17952
-13013
-7689
-2137
3479
8997
14252
19090
23367
26955
29748
31662
32640
32650
31691
29790
27003
23411
19119
14256
8965
3403
-2262
-7862
-13230
-18204
-22633
-26385
-29345
-31423
-32556
-32707
-31871
-30072
-27362
-23823
-19561
-14703
-9397
-3803
1908
7565
12994
18030
22517
26318
29316
31419
32559
32702
31841
30001
27238
23635
19302
14372
8996
3339
-2422
-8112
-13553
-18577
-23026
-26761
-29667
-31650
-32648
-32629
-31591
-29565
-26615
-22829
-18327
-13249
-7752
-2009
3799
9491
14886
19815
24120
27666
30338
32052
32751
32412
31044
28690
25423
21345
16586
11295
5642
-193
-6025
-11667
-16938
-21669
-25706
-28920
-31206
-32489
-32726
-31909
-30063
-27244
-23544
-19081
-13998
-8460
-2644
3259
9060
14569
19606
24006
27626
30346
32075
32756
32366
30916
28451
25051
20827
15917
10480
4696
-1244
-7147
-12817
-18065
-22719
-26622
-29644
-31684
-32674
-32578
-31398
-29173
-25975
-21909
-17110
-11737
-5969
0
5972
11747
17130
21941
26016
29217
31436
32596
32657
31615
29504
26395
22390
17625
12260
6476
470
-5554
-11392
-16845
-21726
-25867
-29127
-31393
-32585
-32662
-31619
-29491
-26349
-22301
-17483
-12062
-6222
-166
5898
11762
17222
22088
26191
29387
31566
32648
32597
31411
29131
25835
21636
16679
11138
5205
-912
-7001
-12847
-18244
-23003
-26955
-29960
-31912
-32739
-32412
-30940
-28374
-24803
-20353
-15179
-9465
-3413
2763
8843
14612
19863
24407
28083
30758
32334
32755
32003
30103
27124
23169
18381
12929
7010
836
-5370
-11386
-16993
-21989
-26191
-29446
-31636
-32680
-32538
-31214
-28754
-25247
-20819
-15630
-9868
-3744
2518
8692
14551
19879
24480
28184
30855
32393
32739
31880
29845
26709
22585
17625
12011
5950
-333
-6607
-12639
-18204
-23094
-27128
-30152
-32055
-32763
-32248
-30528
-27666
-23767
-18976
-13473
-7461
-1167
5173
11322
17047
22132
26385
29644
31785
32724
32427
30901
28203
24435
19738
14288
8294
1981
-4409
-10635
-16457
-21654
-26025
-29402
-31656
-32697
-32485
-31027
-28377
-24634
-19943
-14481
-8460
-2109
4324
10594
16457
21686
26077
29459
31699
32710
32451
30929
28203
24378
19601
14056
7961
1552
-4919
-11201
-17047
-22227
-26537
-29806
-31906
-32751
-32307
-30590
-27666
-23648
-18696
-13002
-6791
-309
6187
12441
18204
23246
27366
30398
32222
32762
31995
29951
26709
22398
17189
11289
4935
-1619
-8112
-14281
-19879
-24678
-28486
-31147
-32552
-32643
-31416
-28917
-25247
-20553
-15023
-8882
-2378
4225
10659
16662
21989
26421
29777
31918
32756
32254
30432
27362
23169
18024
12137
5748
-879
-7473
-13762
-19485
-24407
-28323
-31070
-32533
-32650
-31414
-28875
-25136
-20353
-14721
-8475
-1874
4807
11292
17307
22602
26955
30182
32146
32765
32010
29911
26556
22083
16679
10571
4016
-2711
-9326
-15551
-21121
-25799
-29387
-31732
-32732
-32344
-30582
-27520
-23286
-18060
-12062
-5547
1206
7911
14280
20041
24947
28786
31393
32653
32513
30975
28105
24024
18906
12972
6476
-301
-7069
-13534
-19415
-24458
-28443
-31196
-32596
-32580
-31148
-28360
-24336
-19250
-13322
-6811
0
6813
13332
19269
24364
28393
31178
32594
32578
31129
28309
24241
19103
13120
6555
-301
-7147
-13680
-19609
-24671
-28641
-31340
-32648
-32505
-30916
-27948
-23735
-18460
-12360
-5706
1206
8067
14569
20421
25359
29162
31656
32728
32328
30473
27244
22786
17298
11027
4255
-2711
-9557
-15974
-21669
-26383
-29901
-32062
-32766
-31979
-29736
-26137
-21345
-15577
-9095
-2195
4807
11593
17850
23291
27666
30771
32464
32665
31362
28614
24546
19345
13249
6538
-477
-7473
-14125
-20126
-25196
-29098
-31650
-32732
-32292
-30349
-26991
-22374
-16712
-10266
-3339
3746
10659
17076
22694
27251
30530
32377
32702
31489
28793
24740
19519
13375
6597
-494
-7565
-14281
-20323
-25404
-29282
-31772
-32753
-32178
-30072
-26533
-21729
-15887
-9285
-2238
4919
11843
18204
23695
28052
31066
32589
32548
30942
27847
23411
17845
11416
4435
-2763
-9830
-16425
-22227
-26955
-30378
-32330
-32713
-31507
-28769
-24631
-19293
-13013
-6096
1120
8285
15047
21076
26077
29802
32068
32763
31850
29372
25451
20276
14101
7230
0
-7232
-14111
-20295
-25478
-29402
-31872
-32764
-32033
-29711
-25913
-20827
-14703
-7845
-595
6688
13640
19914
25196
29220
31785
32759
32093
29819
26047
20967
14832
7950
664
-6656
-13645
-19948
-25247
-29273
-31822
-32763
-32046
-29706
-25861
-20703
-14492
-7543
-209
7138
14125
20396
25629
29557
31977
32766
31880
29363
25342
20022
13674
6622
-771
-8129
-15071
-21240
-26318
-30042
-32219
-32734
-31559
-28754
-24461
-18901
-12360
-5177
2276
9615
16457
22447
27271
30678
32489
32608
31026
27825
23169
17302
10527
3199
-4298
-11573
-18244
-23960
-28419
-31387
-32705
-32302
-30198
-26501
-21406
-15179
-8148
-684
6817
13962
20369
25700
29668
32064
32757
31710
28975
24698
19103
12488
5205
-2358
-9798
-16717
-22745
-27557
-30894
-32577
-32513
-30703
-27244
-22319
-16192
-9191
-1693
5898
13175
19743
25247
29388
31941
32765
31816
29141
24884
19276
12618
5272
-2362
-9871
-16845
-22903
-27714
-31014
-32621
-32445
-30495
-26875
-21781
-15492
-8351
-749
6896
14165
20658
26016
29942
32220
32721
31417
28377
23767
17841
10926
3403
-4310
-11787
-18613
-24407
-28847
-31684
-32759
-32010
-29476
-25298
-19707
-13013
-5590
2148
9769
16845
22980
27828
31116
32659
32366
30254
26438
21133
14635
7310
-430
-8148
-15409
-21801
-26962
-30598
-32502
-32563
-30778
-27244
-22162
-15818
-8572
-836
6950
14343
20920
26305
30190
32350
32661
31103
27762
22829
16586
9388
1649
-6187
-13670
-20369
-25898
-29936
-32249
-32702
-31267
-28024
-23161
-16955
-9766
-2009
5867
13405
20168
25762
29860
32222
32709
31291
28049
23169
16936
9711
1916
-5992
-13553
-20323
-25904
-29968
-32275
-32687
-31179
-27837
-22855
-16527
-9222
-1372
6562
14111
20829
26318
30252
32397
32623
30916
27374
22206
15718
8294
373
-7571
-15067
-21669
-26980
-30683
-32556
-32483
-30469
-26631
-21197
-14492
-6916
1077
9009
16402
22811
27851
31216
32702
32218
29790
25564
19793
12824
5078
-2978
-10856
-18080
-24210
-28873
-31785
-32766
-31757
-28816
-24119
-17952
-10689
-2772
5316
13083
20053
25799
29968
32304
32662
31017
27469
22233
15630
8064
0
-8067
-15639
-22251
-27492
-31038
-32669
-32282
-29899
-25665
-19840
-12785
-4935
3223
11185
18454
24578
29176
31960
32754
31507
28295
23317
16881
9388
1306
-6859
-14599
-21426
-26913
-30713
-32587
-32415
-30206
-26096
-20343
-13307
-5431
2789
10837
18204
24423
29100
31937
32755
31498
28244
23199
16679
9099
938
-7285
-15047
-21854
-27271
-30951
-32659
-32282
-29844
-25497
-19519
-12290
-4271
4023
12062
19330
25359
29762
32252
32670
30984
27303
21861
15008
7184
-1105
-9326
-16947
-23474
-28484
-31650
-32766
-31757
-28687
-23753
-17274
-9670
-1435
6896
14781
21705
27215
30951
32666
32248
29720
25247
19119
11737
3583
-4807
-12886
-20121
-26035
-30239
-32455
-32534
-30469
-26395
-20578
-13400
-5336
3083
11302
18775
25007
29584
32200
32681
30992
27244
21684
14679
6695
-1736
-10055
-17706
-24178
-29038
-31959
-32744
-31340
-27837
-22468
-15592
-7668
771
9163
16942
23583
28641
31772
32764
31548
28203
22955
16155
8261
-193
-8637
-16499
-23246
-28419
-31667
-32766
-31641
-28366
-23161
-16378
-8479
0
8482
16388
23178
28387
31659
32766
31633
28334
23092
16267
8323
-193
-8699
-16610
-23382
-28547
-31748
-32764
-31521
-28105
-22748
-15818
-7793
771
9287
17161
23850
28887
31923
32744
31292
27666
22114
15023
6884
-1736
-10238
-18030
-24565
-29387
-32158
-32681
-30919
-26991
-21173
-13868
-5590
3083
11543
19194
25499
30012
32414
32534
30361
26047
19895
12336
3903
-4807
-13181
-20625
-26610
-30711
-32637
-32248
-29569
-24790
-18247
-10405
-1820
6896
15124
22277
27843
31423
32760
31757
28483
23169
16196
8060
-655
-9326
-17331
-24094
-29127
-32068
-32703
-30984
-27033
-21133
-13707
-5289
3511
12062
19743
25999
30374
32552
32371
29844
25150
18630
10754
2094
-6719
-15047
-22282
-27896
-31478
-32765
-31661
-28244
-22763
-15616
-7324
1506
10228
18204
24847
29668
32313
32585
30461
26096
19809
12062
3423
-5469
-13962
-21426
-27310
-31178
-32740
-31881
-28661
-23317
-16242
-7961
912
9721
17811
24578
29519
32265
32608
30520
26157
19840
12041
3339
-5613
-14150
-21629
-27492
-31296
-32755
-31758
-28377
-22863
-15630
-7219
1736
10564
18599
25234
29968
32443
32468
30041
25342
18725
10689
1842
-7147
-15598
-22868
-28404
-31785
-32751
-31227
-27327
-21345
-13736
-5078
3969
12717
20496
26712
30887
32702
32014
28875
23522
16364
7950
-1077
-10024
-18204
-24986
-29848
-32414
-32483
-30050
-25298
-18593
-10451
-1499
7571
16058
23305
28750
31969
32711
30916
26720
20449
12587
3744
-5391
-14111
-21734
-27666
-31442
-32766
-31533
-27837
-21964
-14372
-5653
3510
12401
20323
26654
30894
32710
31957
28692
23169
15822
7226
-1941
-10958
-19113
-25762
-30378
-32596
-32237
-29328
-24096
-16955
-8469
691
9799
18132
25028
29936
32465
32412
29778
24772
17791
9388
234
-8940
-17404
-24479
-29598
-32350
-32513
-30072
-25219
-18342
-9991
-836
8388
16942
24135
29387
32275
32563
30226
25451
18620
10283
1113
-8148
-16754
-24006
-29316
-32252
-32574
-30254
-25477
-18630
-10266
-1066
8222
16845
24098
29390
32286
32549
30156
25298
18372
9941
695
-8610
-17213
-24407
-29603
-32371
-32482
-29925
-24908
-17841
-9305
0
9307
17850
24924
29942
32491
32356
29546
24293
17028
8351
-1019
-10308
-18745
-25629
-30386
-32621
-32145
-28995
-23432
-15917
-7073
2362
11603
19879
26497
30903
32728
31816
28241
22301
14491
5464
-4023
-13175
-21224
-27492
-31451
-32766
-31324
-27244
-20868
-12732
-3519
5992
15001
22745
28568
31977
32682
30619
25962
19103
10622
1238
-8253
-17047
-24394
-29668
-32420
-32412
-29643
-24347
-16973
-8148
1373
10781
19269
26112
30723
32705
31886
28334
22351
14449
5304
-4298
-13534
-21608
-27826
-31650
-32749
-31026
-26627
-19930
-11510
-2094
7504
16457
23989
29446
32355
32460
29752
24461
17046
8148
-1459
-10942
-19477
-26318
-30870
-32732
-31742
-27983
-21780
-13674
-4371
5316
14541
22496
28484
31977
32669
30495
25645
18541
9807
209
-9410
-18204
-25397
-30356
-32640
-32046
-28625
-22675
-14721
-5464
4278
13645
21806
28038
31787
32719
30748
26047
19032
10324
695
-8997
-17892
-25196
-30256
-32621
-32077
-28669
-22701
-14703
-5389
4409
13816
21989
28193
31872
32694
30582
25725
18555
9715
0
-9718
-18563
-25739
-30598
-32699
-31850
-28126
-21861
-13619
-4144
5708
15047
23026
28920
32194
32549
29951
24631
17073
7961
-1876
-11547
-20168
-26955
-31287
-32766
-31257
-26894
-20073
-11416
-1713
8148
17267
24807
30076
32589
32113
28690
22632
14492
5018
-4919
-14407
-22570
-28657
-32104
-32591
-30072
-24775
-17189
-8012
1907
11653
20323
27113
31393
32763
31094
26539
19519
10683
852
-9060
-18132
-25519
-30530
-32697
-31816
-27965
-21503
-13031
-3339
6667
16052
23938
29584
32459
32292
29097
23169
15065
5543
-4501
-14125
-22423
-28612
-32108
-32578
-29977
-24546
-16798
-7461
2582
12385
21019
27666
31694
32721
30647
25665
18247
9095
-923
-10856
-19760
-26786
-31264
-32766
-31146
-26556
-19431
-10451
-470
9557
18675
26008
30855
32749
31507
27244
20368
11537
1595
-8501
-17784
-25359
-30497
-32702
-31758
-27754
-21074
-12360
-2451
7696
17103
24860
30215
32648
31922
28105
21563
12929
3039
-7147
-16643
-24525
-30025
-32607
-32016
-28309
-21844
-13249
-3359
6859
16412
24364
29939
32588
32050
28377
21924
13322
3413
-6833
-16412
-24382
-29960
-32596
-32028
-28309
-21804
-13150
-3199
7069
16643
24578
30089
32630
31946
28105
21482
12732
2719
-7565
-17103
-24947
-30318
-32680
-31797
-27754
-20951
-12062
-1970
8320
17784
25478
30633
32732
31565
27244
20200
11134
952
-9326
-18675
-26154
-31014
-32765
-31228
-26556
-19215
-9941
333
10578
19760
26955
31436
32749
30759
25665
17979
8475
-1887
-12062
-21019
-27851
-31864
-32650
-30126
-24546
-16475
-6728
3703
13762
22423
28806
32258
32427
29291
23169
14683
4696
-5772
-15653
-23938
-29777
-32571
-32033
-28214
-21503
-12587
-2378
8077
17706
25519
30711
32748
31416
26850
19519
10175
-219
-10594
-19879
-27113
-31549
-32726
-30520
-25157
-17189
-7439
3083
13289
22119
28657
32222
32441
29289
23092
14492
4381
-6187
-16114
-24364
-30076
-32652
-31820
-27666
-20619
-11416
-1017
9491
19008
26537
31287
32757
30792
25595
17709
7961
-2625
-12939
-21894
-28547
-32194
-32451
-29286
-23032
-14346
-4144
6498
16457
24678
30291
32699
31644
27238
19943
10531
0
-10533
-19951
-27251
-31656
-32694
-30254
-24592
-16309
-6286
4409
14637
23305
29487
32519
32077
28203
21312
12137
1660
-8997
-18692
-26385
-31248
-32757
-30748
-25434
-17383
-7461
3266
13645
22556
29038
32390
32248
28625
21909
12824
2351
-8378
-18204
-26061
-31098
-32765
-30880
-25645
-17625
-7689
3083
13524
22496
29023
32393
32235
28565
21780
12618
2077
-8692
-18516
-26318
-31245
-32755
-30681
-25247
-17046
-6975
3863
14280
23132
29446
32527
32033
28015
20915
11510
836
-9932
-19609
-27125
-31650
-32682
-30103
-24198
-15616
-5304
5596
15880
24407
30232
32705
31550
26894
19250
9465
-1373
-12062
-21411
-28379
-32188
-32412
-29022
-22395
-13267
-2656
8253
18244
26197
31222
32754
30619
25054
16679
6433
-4537
-15001
-23783
-29895
-32648
-31731
-27244
-19690
-9916
976
11762
21224
28293
32170
32415
28997
22301
13080
2378
-8595
-18599
-26497
-31393
-32729
-30352
-24528
-15917
-5494
5554
15974
24578
30386
32734
31352
26395
18425
8351
-2679
-13405
-22602
-29217
-32491
-32046
-27932
-20616
-10936
0
10939
20625
27944
32055
32482
29173
22507
13249
2462
-8610
-18692
-26622
-31481
-32707
-30156
-24119
-15293
-4696
6446
16845
25296
30817
32766
30916
25477
17079
6695
-4468
-15115
-24006
-30106
-32702
-31489
-26606
-18620
-8460
2689
13528
22788
29387
32552
31909
27532
19930
9991
-1120
-12103
-21669
-28693
-32350
-32208
-28280
-21025
-11295
-234
10856
20671
28052
32127
32412
28871
21921
12379
1372
-9799
-19815
-27487
-31906
-32545
-29328
-22632
-13249
-2291
8940
19113
27016
31708
32629
29666
23169
13911
2992
-8285
-18577
-26654
-31549
-32677
-29899
-23544
-14372
-3477
7836
18214
26411
31442
32702
30037
23764
14635
3744
-7598
-18030
-26293
-31393
-32711
-30086
-23833
-14703
-3796
7571
18026
26305
31405
32707
30050
23753
14577
3632
-7754
-18204
-26446
-31479
-32688
-29925
-23522
-14256
-3253
8148
18560
26712
31608
32650
29706
23135
13736
2656
-8751
-19090
-27095
-31785
-32581
-29385
-22585
-13013
-1842
9557
19786
27585
31994
32468
28947
21861
12081
809
-10564
-20637
-28166
-32219
-32293
-28377
-20951
-10932
440
11762
21629
28819
32437
32033
27653
19840
9561
-1907
-13142
-22745
-29519
-32621
-31661
-26755
-18514
-7961
3586
14689
23960
30239
32740
31148
25658
16955
6128
-5469
-16384
-25247
-30944
-32759
-30461
-24336
-15151
-4058
7546
18204
26572
31595
32638
29565
22763
13087
1756
-9798
-20118
-27896
-32148
-32332
-28424
-20915
-10754
771
12203
22088
29171
32552
31797
27001
18769
8148
-3511
-14727
-24069
-30346
-32754
-30984
-25260
-16309
-5272
6439
17331
26008
31359
32696
29845
23169
13521
2137
-9523
-19964
-27843
-32146
-32318
-28334
-20703
-10405
1234
12717
22564
29503
32637
31559
26407
17841
6968
-4807
-15965
-25058
-30909
-32757
-30361
-24028
-14577
-3233
8533
19194
27364
31977
32433
28669
21173
10917
-762
-12345
-22321
-29387
-32619
-31592
-26438
-17828
-6884
4961
16161
25247
31028
32744
30168
23635
13998
2522
-9287
-19879
-27860
-32179
-32265
-28105
-20242
-9711
2101
13640
23382
30040
32733
31103
25362
16267
5018
-6896
-17901
-26537
-31659
-32585
-29190
-21921
-11741
0
11743
21929
29201
32589
31641
26480
17791
6728
-5233
-16499
-25566
-31222
-32709
-29826
-22955
-13013
-1327
10537
20994
28641
32450
31909
27088
18630
7668
-4324
-15739
-25041
-30976
-32744
-30105
-23411
-13561
-1880
10055
20637
28436
32397
31982
27244
18822
7852
-4182
-15653
-25007
-30974
-32743
-30072
-23319
-13400
-1660
10308
20879
28612
32455
31881
26966
18377
7282
-4807
-16245
-25468
-31216
-32702
-29720
-22675
-12528
-664
11292
21705
29147
32596
31576
26225
17274
5950
-6193
-17489
-26383
-31650
-32564
-28995
-21433
-10917
1105
12978
23064
29968
32737
30984
24950
15465
3839
-8320
-19330
-27666
-32170
-32217
-27796
-19519
-8531
3643
15314
24860
30951
32739
29972
23032
12884
938
-11141
-21669
-29176
-32613
-31498
-25982
-16835
-5332
6918
18204
26944
31912
32410
28366
20343
9465
-2743
-14569
-24351
-30713
-32759
-30198
-23387
-13283
-1306
10856
21492
29100
32604
31507
25962
16748
5166
-7147
-18454
-27152
-32008
-32332
-28076
-19840
-8789
3510
15314
24947
31038
32720
29752
22551
12140
0
-12143
-22559
-29762
-32723
-31017
-24884
-15198
-3339
8998
20053
28242
32393
31908
26854
17952
6476
-5930
-17489
-26541
-31785
-32465
-28481
-20402
-9388
2978
14918
24714
30951
32730
29790
22554
12062
-172
-12385
-22811
-29942
-32746
-30813
-24421
-14492
-2462
9926
20879
28806
32556
31581
26021
16679
4912
-7571
-18956
-27585
-32200
-32127
-27374
-18630
-7167
5342
17076
26318
31719
32485
28504
20353
9222
-3259
-15267
-25041
-31147
-32687
-29434
-21861
-11077
1334
13553
23783
30517
32764
30189
23169
12736
423
-11953
-22570
-29860
-32743
-30792
-24293
-14202
-2009
10483
21426
29201
32652
31267
25247
15482
3419
-9153
-20369
-28563
-32514
-31633
-26047
-16586
-4654
7973
19415
27967
32350
31910
26709
17520
5712
-6950
-18577
-27428
-32179
-32116
-27244
-18292
-6597
6088
17864
26962
32015
32263
27666
18910
7310
-5391
-17284
-26579
-31872
-32366
-27983
-19380
-7852
4862
16845
26287
31760
32433
28203
19707
8226
-4501
-16550
-26094
-31684
-32472
-28334
-19895
-8434
4310
16402
26003
31651
32486
28377
19946
8475
-4288
-16402
-26016
-31662
-32478
-28334
-19861
-8351
4437
16550
26133
31717
32445
28203
19638
8060
-4756
-16845
-26351
-31812
-32386
-27983
-19276
-7602
5243
17284
26666
31941
32293
27666
18769
6975
-5898
-17864
-27071
-32095
-32157
-27244
-18113
-6176
6719
18577
27557
32265
31968
26709
17302
5205
-7702
-19415
-28111
-32434
-31710
-26047
-16326
-4058
8843
20369
28719
32588
31368
25247
15179
2736
-10137
-21426
-29364
-32705
-30922
-24293
-13853
-1238
11573
22570
30025
32764
30353
23169
12339
-434
-13142
-23783
-30678
-32739
-29638
-21861
-10632
2276
14829
25041
31296
32604
28754
20353
8727
-4282
-16616
-26318
-31849
-32328
-27676
-18630
-6622
6439
18480
27585
32302
31880
26381
16679
4318
-8734
-20396
-28806
-32620
-31227
-24845
-14492
-1820
11144
22329
29942
32763
30335
23047
12062
-859
-13645
-24243
-30951
-32688
-29173
-20967
-9388
3703
16202
26094
31785
32354
27709
18593
6476
-6688
-18775
-27832
-32393
-31718
-25913
-15915
-3339
9779
21317
29402
32723
30737
23764
12933
0
-12935
-23772
-30745
-32720
-29372
-21243
-9654
3510
16105
26077
31798
32332
27590
18342
6096
-7147
-19226
-28162
-32493
-31507
-25362
-15061
-2291
10856
22227
29953
32765
30198
22670
11416
-1716
-14569
-25028
-31370
-32548
-28366
-19509
-7435
5867
18204
27539
32330
31782
25982
15887
3163
-10086
-21669
-29667
-32753
-30413
-23032
-11831
1334
14281
24860
31312
32563
28403
19519
7387
-5976
-18347
-27666
-32377
-31693
-25725
-15465
-2622
10659
22164
29968
32766
30086
22374
10917
-2369
-15261
-25599
-31650
-32396
-27709
-18372
-5950
7473
19643
28516
32596
31195
24546
13765
664
-12550
-23653
-30771
-32702
-29116
-20616
-8634
4807
17440
27128
32230
31881
26137
15968
3092
-10308
-21966
-29901
-32766
-30072
-22272
-10689
2711
15653
25937
31812
32275
27244
17574
4908
-8595
-20637
-29162
-32712
-30681
-23411
-12140
1206
14349
25041
31451
32480
27948
18630
6117
-7445
-19735
-28641
-32634
-31026
-24089
-13013
301
13567
24501
31222
32570
28309
19172
6728
-6876
-19298
-28393
-32589
-31159
-24347
-13326
0
13328
24354
31166
32585
28360
19220
6748
-6896
-19347
-28443
-32604
-31103
-24198
-13087
301
13640
24608
31294
32533
28105
18778
6176
-7504
-19879
-28786
-32669
-30847
-23635
-12290
1206
14493
25247
31583
32389
27520
17828
5008
-8692
-20870
-29387
-32745
-30352
-22624
-10917
2711
15865
26229
31977
32094
26556
16335
3233
-10442
-22277
-30182
-32757
-29546
-21112
-8944
4807
17712
27483
32390
31559
25136
14256
845
-12717
-24026
-31070
-32598
-28334
-19032
-6345
7473
19964
28903
32697
30666
23169
11540
-2148
-15456
-26008
-31918
-32127
-26596
-16309
-3103
10659
22517
30346
32741
29270
20553
8148
-5719
-18563
-28078
-32552
-31179
-24202
-12874
771
14281
25223
31625
32332
27214
17189
4062
-9798
-21894
-30040
-32762
-29565
-21025
-8682
5233
18204
27882
32514
31257
24336
13002
-691
-14262
-25247
-31650
-32307
-27094
-16955
-3732
10171
22227
30239
32747
29289
20494
7961
-6025
-18915
-28356
-32621
-30929
-23586
-11931
1907
15400
26077
31982
32033
26215
15592
2109
-11762
-23479
-30889
-32629
-28377
-18910
-5966
8077
20637
29402
32756
30080
21861
9613
-4409
-17621
-27585
-32459
-31342
-24435
-13013
816
14497
25499
31785
32188
26631
16140
2656
-11322
-23203
-30782
-32650
-28456
-18976
-5969
8148
20755
29503
32763
29925
21514
9095
-5021
-18204
-27995
-32564
-31058
-23753
-12011
1977
15598
26305
32095
31880
25698
14703
952
-12978
-24480
-31393
-32418
-27360
-17165
-3744
10381
22559
30497
32702
28754
19394
6380
-7836
-20580
-29446
-32762
-29899
-21393
-8847
5370
18577
28275
32630
30814
23169
11138
-3003
-16579
-27016
-32334
-31523
-24733
-13249
751
14612
25700
31906
32048
26096
15179
1372
-12698
-24354
-31371
-32412
-27273
-16932
-3359
10856
23003
30758
32638
28280
18514
5205
-9101
-21669
-30089
-32747
-29131
-19930
-6905
7445
20371
29387
32762
29844
21189
8460
-5898
-19125
-28673
-32702
-30433
-22301
-9868
4468
17946
27963
32585
30916
23274
11134
-3159
-16845
-27275
-32428
-31305
-24119
-12260
1977
15833
26622
32247
31615
24845
13249
-923
-14918
-26016
-32055
-31858
-25461
-14105
0
14107
25468
31864
32046
25975
14832
792
-13405
-24986
-31684
-32188
-26395
-15435
-1452
12817
24578
31525
32292
26727
15917
1981
-12345
-24250
-31393
-32366
-26976
-16280
-2378
11993
24006
31293
32415
27148
16527
2644
-11762
-23850
-31230
-32442
-27244
-16660
-2779
11653
23783
31206
32451
27267
16679
2783
-11667
-23806
-31222
-32441
-27217
-16586
-2656
11803
23919
31277
32412
27094
16378
2398
-12062
-24120
-31370
-32361
-26894
-16056
-2009
12441
24407
31496
32285
26615
15616
1488
-12939
-24777
-31650
-32178
-26251
-15055
-836
13553
25223
31826
32033
25797
14372
52
-14280
-25739
-32015
-31841
-25247
-13561
863
15115
26318
32208
31592
24592
12618
-1908
-16052
-26950
-32393
-31276
-23823
-11540
3083
17085
27622
32556
30880
22932
10324
-4384
-18204
-28323
-32682
-30389
-21909
-8965
5807
19399
29038
32755
29790
20744
7461
-7347
-20658
-29748
-32757
-29067
-19428
-5811
8997
21966
30436
32669
28203
17952
4016
-10746
-23305
-31079
-32468
-27184
-16309
-2077
12583
24657
31656
32135
25992
14491
0
-14493
-25999
-32139
-31644
-24613
-12494
2208
16457
27304
32503
30975
23032
10317
-4537
-18454
-28547
-32719
-30103
-21238
-7961
6971
20458
29694
32757
29007
19220
5431
-9491
-22439
-30713
-32587
-27666
-16973
-2736
12073
24364
31568
32177
26060
14492
-108
-14689
-26197
-32222
-31498
-24174
-11781
3083
17304
27896
32634
30520
21996
8847
-6162
-19879
-29416
-32766
-29219
-19519
-5706
9311
22368
30711
32578
27570
16743
2378
-12491
-24723
-31732
-32033
-25558
-13674
1105
15653
26888
32428
31095
23169
10328
-4707
-18745
-28806
-32750
-29736
-20402
-6728
8378
21705
30414
32650
27932
17262
2911
-12062
-24465
-31651
-32083
-25665
-13765
1077
15692
26955
32455
31012
22932
9941
-5180
-19194
-29098
-32765
-29406
-19738
-5832
9326
22486
30817
32526
27244
16102
1495
-13436
-25478
-32035
-31693
-24521
-12062
2999
17416
28078
32680
30226
21243
7668
-7565
-21167
-30192
-32685
-28105
-17438
-2992
12103
24578
31727
31995
25321
13150
-1876
-16499
-27539
-32596
-30567
-21889
-8448
6833
20630
29936
32722
28377
17845
3419
-11753
-24364
-31659
-32040
-25423
-13249
1823
16499
27568
32607
30508
21729
8189
-7147
-20920
-30108
-32693
-28105
-17347
-2779
12401
24860
31856
31850
24838
12360
-2839
-17416
-28160
-32702
-30037
-20749
-6884
8501
22013
30668
32552
27244
15915
1066
-14020
-26008
-32243
-31342
-23500
-10451
4915
19194
29220
32766
29042
18871
4509
-10856
-23813
-31479
-32147
-25665
-13473
1720
16533
27666
32637
30335
21271
7461
-8015
-21705
-30552
-32578
-27327
-15968
-1038
14125
26133
32294
31228
23169
9920
-5554
-19786
-29584
-32748
-28565
-17970
-3339
12043
24723
31849
31816
24627
11897
-3511
-18132
-28673
-32755
-29458
-19519
-5177
10334
23516
31393
32182
25702
13414
-1907
-16800
-27896
-32682
-30072
-20653
-6555
9029
22570
30997
32395
26445
14492
-751
-15827
-27310
-32589
-30461
-21406
-7481
8148
21926
30713
32507
26894
15151
-48
-15238
-26955
-32522
-30664
-21804
-7961
7702
21608
30575
32549
27076
15403
202
-15047
-26852
-32503
-30703
-21861
-8002
7696
21629
30598
32538
27001
15255
0
-15257
-27007
-32541
-30582
-21579
-7602
8129
21989
30779
32468
26664
14703
-655
-15865
-27411
-32621
-30288
-20948
-6758
8997
22672
31098
32318
26047
13736
-1763
-16855
-28038
-32713
-29790
-19946
-5464
10289
23653
31516
32046
25116
12336
-3319
-18204
-28847
-32766
-29042
-18541
-3711
11987
24889
31977
31593
23823
10480
-5316
-19871
-29777
-32711
-27983
-16697
-1495
14059
26318
32404
30885
22114
8148
-7733
-21801
-30745
-32460
-26539
-14372
1180
16457
27860
32699
29832
19930
5325
-10537
-23916
-31650
-31910
-24631
-11530
4298
19113
29409
32747
28334
17210
2009
-13670
-26112
-32365
-30942
-22178
-8148
7817
21929
30833
32412
26285
13907
-1780
-17047
-28259
-32743
-29429
-19103
-4222
11667
24777
31977
31548
23586
9991
-5992
-20546
-30192
-32619
-27244
-15350
219
15739
27492
32660
30001
20149
5464
-10533
-24006
-31719
-31816
-24270
-10892
5106
19879
29873
32681
27625
15917
373
-15261
-27221
-32621
-30156
-20416
-5748
10308
23879
31684
31836
24293
10875
-5173
-19973
-29942
-32665
-27477
-15633
0
15636
27483
32666
29925
19920
5078
-10999
-24407
-31886
-31615
-23656
-9941
6193
20824
30386
32549
26782
14487
-1341
-16845
-28242
-32749
-29262
-18630
-3445
12583
25539
32252
31078
22301
8064
-8148
-22368
-31111
-32231
-25451
-12429
3643
18824
29387
32737
28047
16465
836
-15001
-27152
-32625
-30072
-20115
-5205
10989
24479
31937
31523
23335
9388
-6876
-21447
-30723
-32412
-26092
-13322
2743
18132
29038
32759
28371
16955
1338
-14612
-26944
-32596
-30164
-20247
-5304
10958
24501
31960
31477
23169
9099
-7236
-21774
-30894
-32323
-25702
-12676
3510
18824
29446
32724
27837
16000
166
-15711
-27666
-32707
-29572
-19041
-3744
12491
25602
32304
30916
21780
7184
-9215
-23305
-31551
-31880
-24205
-10451
5930
20824
30486
32483
26311
13518
-2679
-18204
-29147
-32749
-28098
-16364
-502
15488
27574
32702
29574
18976
3583
-12717
-25806
-32371
-30748
-21345
-6538
9926
23879
31785
31636
23467
9346
-7147
-21830
-30974
-32254
-25342
-11991
4409
19692
29968
32623
26976
14462
-1736
-17495
-28798
-32764
-28377
-16752
-852
15267
27492
32699
29554
18857
3339
-13034
-26077
-32450
-30520
-20777
-5712
10817
24578
32042
31291
22515
7961
-8637
-23021
-31496
-31881
-24075
-10079
6509
21426
30833
32307
25463
12062
-4448
-19815
-30076
-32585
-26689
-13907
2465
18204
29244
32732
27762
15616
-569
-16610
-28356
-32765
-28692
-17189
-1231
15047
27428
32699
29490
18630
2932
-13528
-26478
-32552
-30168
-19943
-4530
12062
25519
32337
30737
21133
6022
-10659
-24565
-32068
-31208
-22206
-7407
9326
23628
31760
31593
23169
8686
-8070
-22719
-31423
-31903
-24028
-9858
6896
21846
31070
32147
24790
10926
-5807
-21019
-30711
-32336
-25461
-11891
4807
20244
30356
32478
26047
12755
-3899
-19528
-30012
-32581
-26556
-13521
3083
18877
29687
32654
26991
14192
-2362
-18294
-29387
-32703
-27360
-14769
1736
17784
29119
32734
27666
15255
-1206
-17349
-28887
-32752
-27913
-15652
771
16993
28695
32761
28105
15962
-434
-16717
-28547
-32765
-28244
-16186
193
16523
28443
32766
28334
16326
-48
-16412
-28387
-32766
-28374
-16382
0
0
0
0
0
0
0
0
0
0
0
0
0
0
0
0
0
0
0
0
0
0
0
0
0
0
0
0
0
0
0
0
0
0
0
0
0
0
0
0
0
0
0
0
0
0
0
0
0
0
0
0
0
0
0
0
0
0
0
0
0
0
0
0
0
0
0
0
0
0
0
0
0
0
0
0
0
0
0
0
0
0
0
0
0
0
0
0
0
0
0
0
0
0
0
0
0
0
0
0
0
0
0
0
0
0
0
0
0
0
0
0
0
0
0
0
0
0
0
0
0
0
0
0
0
0
0
0
0
0
0
0
0
0
0
0
0
0
0
0
0
0
0
0
0
0
0
0
0
0
0
0
0
0
0
0
0
0
0
0
0
0
0
0
0
0
0
0
0
0
0
0
0
0
0
0
0
0
0
0
0
0
0
0
0
0
0
0
0
0
0
0
0
0
0
0
0
0
0
0
0
0
0
0
0
0
0
0
0
0
0
0
0
0
0
0
0
0
0
0
0
0
0
0
0
0
0
0
0
0
0
0
0
0
0
0
0
0
0
0
0
0
0
0
0
0
0
0
0
0
0
0
0
0
0
0
0
0
0
0
0
0
0
0
0
0
0
0
0
0
0
0
0
0
0
0
0
0
0
0
0
0
0
0
0
0
0
0
0
0
0
0
0
0
0
0
0
0
0
0
0
0
0
0
0
0
0
0
0
0
0
0
0
0
0
0
0
0
0
0
0
0
0
0
0
0
0
0
0
0
0
0
0
0
0
0
0
0
0
0
0
0
0
0
0
0
0
0
0
0
0
0
0
0
0
0
0
0
0
0
0
0
0
0
0
0
0
0
0
0
0
0
0
0
0
0
0
0
0
0
0
0
0
0
0
0
0
0
0
0
0
0
0
0
0
0
0
0
0
0
0
0
0
0
0
0
0
0
0
0
0
0
0
0
0
0
0
0
0
0
0
0
0
0
0
0
0
0
0
0
0
0
0
0
0
0
0
0
0
0
0
0
0
0
0
0
0
0
0
0
0
0
0
0
0
0
0
0
0
0
0
0
0
0
0
0
0
0
0
0
0
0
0
0
0
0
0
0
0
0
0
0
0
0
0
0
0
0
0
0
0
0
0
0
0
0
0
0
0
0
0
0
0
0
0
0
0
0
0
0
0
0
0
0
0
0
0
0
0
0
0
0
0
0
0
0
0
0
0
0
0
0
0
0
0
0
0
0
0
0
0
0
0
0
0
0
0
0
0
0
0
0
0
0
0
0
0
0
0
0
0
0
0
0
0
0
0
0
0
0
0
0
0
0
0
0
0
0
0
0
0
0
0
0
0
0
0
0
0
0
0
0
0
0
0
0
0
0
0
0
0
0
0
0
0
0
0
0
0
0
0
0
0
0
0
0
0
0
0
0
0
0
0
0
0
0
0
0
0
0
0
0
0
0
0
0
0
0
0
0
0
0
0
0
0
0
0
0
0
0
0
0
0
0
0
0
0
0
0
0
0
0
0
0
0
0
0
0
0
0
0
0
0
0
0
0
0
0
0
0
0
0
0
0
0
0
0
0
0
0
0
0
0
0
0
0
0
0
0
0
0
0
0
0
0
0
0
0
0
0
0
0
0
0
0
0
0
0
0
0
0
0
0
0
0
0
0
0
0
0
0
0
0
0
0
0
0
0
0
0
0
0
0
0
0
0
0
0
0
0
0
0
0
0
0
0
0
0
0
0
0
0
0
0
0
0
0
0
0
0
0
0
0
0
0
0
0
0
0
0
0
0
0
0
0
0
0
0
0
0
0
0
0
0
0
0
0
0
0
0
0
0
0
0
0
0
0
0
0
0
0
0
0
0
0
0
0
0
0
0
0
0
0
0
0
0
0
0
0
0
0
0
0
0
0
0
0
0
0
0
0
0
0
0
0
0
0
0
0
0
0
0
0
0
0
0
0
0
0
0
0
0
0
0
0
0
0
0
0
0
0
0
0
0
0
0
0
0
0
0
0
0
0
0
0
0
0
0
0
0
0
0
0
0
0
0
0
0
0
0
0
0
0
0
0
0
0
0
0
0
0
0
0
0
0
0
0
0
0
0
0
0
0
0
0
0
0
0
0
0
0
0
0
0
0
0
0
0
0
0
0
0
0
0
0
0
0
0
0
0
0
0
0
0
0
0
0
0
0
0
13106
12943
12458
11664
10581
9238
7669
5914
4020
2034
8
-2006
-3960
-5803
-7489
-8977
-10232
-11223
-11929
-12335
-12433
-12225
-11721
-10935
-9893
-8623
-7160
-5545
-3819
-2028
-216
1569
3286
4893
6353
7633
8705
9547
10145
10488
10576
10412
10007
9377
8542
7529
6368
5089
3728
2318
894
-507
-1857
-3125
-4284
-5311
-6187
-6898
-7434
-7789
-7962
-7958
-7782
-7447
-6965
-6355
-5634
-4823
-3943
-3015
-2061
-1102
-157
755
1618
2419
3143
3782
4328
4775
5119
5360
5498
5536
5477
5326
5090
4777
4393
3946
3447
2904
2325
1720
1098
468
-160
-779
-1381
-1956
-2498
-2997
-3447
-3842
-4174
-4439
-4631
-4747
-4783
-4737
-4609
-4400
-4110
-3745
-3308
-2806
-2246
-1639
-994
-323
362
1047
1721
2367
2974
3529
4018
4431
4759
4993
5128
5158
5083
4903
4620
4240
3770
3221
2602
1928
1212
470
-280
-1025
-1747
-2430
-3059
-3621
-4103
-4496
-4791
-4981
-5065
-5040
-4908
-4673
-4341
-3920
-3421
-2856
-2238
-1580
-899
-210
473
1134
1761
2339
2857
3306
3676
3961
4158
4264
4279
4206
4046
3808
3497
3123
2695
2224
1721
1198
667
139
-374
-863
-1318
-1731
-2094
-2402
-2650
-2837
-2959
-3018
-3016
-2955
-2839
-2674
-2465
-2219
-1945
-1648
-1337
-1019
-702
-393
-97
179
432
659
855
1021
1154
1257
1329
1374
1393
1392
1372
1340
1298
1251
1203
1156
1114
1079
1052
1033
1022
1017
1016
1016
1012
1002
980
941
880
794
678
529
346
127
-127
-416
-734
-1078
-1440
-1813
-2188
-2553
-2898
-3210
-3478
-3690
-3834
-3900
-3879
-3764
-3550
-3234
-2817
-2302
-1694
-1003
-242
573
1427
2299
3167
4008
4799
5515
6135
6635
6998
7206
7246
7108
6788
6285
5603
4753
3749
2610
1361
31
-1350
-2749
-4128
-5452
-6684
-7788
-8731
-9484
-10021
-10321
-10369
-10156
-9681
-8949
-7971
-6768
-5364
-3793
-2090
-297
1539
3373
5156
6841
8381
9733
10858
11723
12301
12571
12524
12154
11468
10479
9211
7692
5961
4061
2041
-45
-2146
-4204
-6164
-7975
-9586
-10954
-12042
-12819
-13263
-13363
-13114
-12523
-11605
-10385
-8896
-7177
-5276
-3244
-1136
990
3079
5073
6919
8568
9976
11107
11932
12431
12593
12417
11911
11093
9987
8628
7056
5317
3462
1542
-386
-2272
-4062
-5709
-7167
-8401
-9379
-10077
-10483
-10589
-10398
-9922
-9179
-8197
-7009
-5652
-4170
-2607
-1012
569
2091
3511
4789
5892
6792
7467
7902
8091
8035
7741
7225
6508
5616
4582
3440
2228
985
-249
-1439
-2547
-3542
-4396
-5085
-5594
-5909
-6026
-5947
-5678
-5233
-4630
-3892
-3045
-2118
-1143
-152
823
1752
2606
3358
3988
4476
4811
4983
4990
4835
4524
4071
3490
2802
2030
1199
336
-532
-1380
-2180
-2910
-3546
-4072
-4473
-4737
-4858
-4834
-4667
-4363
-3933
-3390
-2750
-2034
-1262
-457
358
1161
1929
2641
3278
3824
4263
4587
4787
4860
4804
4624
4325
3916
3410
2822
2166
1462
728
-17
-755
-1466
-2134
-2742
-3276
-3725
-4078
-4329
-4472
-4508
-4436
-4259
-3986
-3622
-3180
-2670
-2106
-1503
-875
-239
391
1001
1577
2105
2575
2976
3300
3542
3698
3766
3746
3641
3456
3197
2871
2489
2060
1597
1112
615
122
-357
-812
-1231
-1605
-1926
-2188
-2387
-2519
-2585
-2585
-2522
-2401
-2227
-2009
-1754
-1471
-1171
-863
-558
-264
8
254
465
637
766
851
891
889
848
773
671
548
413
275
142
23
-73
-142
-175
-168
-120
-29
103
275
480
711
959
1216
1468
1706
1915
2085
2205
2263
2252
2166
1998
1749
1419
1012
535
-1
-585
-1202
-1834
-2463
-3069
-3632
-4133
-4552
-4872
-5078
-5157
-5099
-4900
-4557
-4073
-3456
-2716
-1869
-934
66
1106
2159
3196
4187
5103
5916
6602
7136
7499
7677
7660
7443
7026
6416
5626
4671
3576
2366
1072
-272
-1633
-2973
-4256
-5447
-6513
-7424
-8155
-8683
-8994
-9077
-8929
-8552
-7955
-7154
-6169
-5026
-3755
-2390
-966
477
1904
3276
4558
5716
6721
7549
8179
8597
8796
8772
8530
8080
7437
6621
5656
4571
3397
2166
910
-335
-1541
-2676
-3714
-4632
-5409
-6031
-6489
-6776
-6892
-6842
-6634
-6280
-5797
-5202
-4517
-3762
-2960
-2134
-1305
-493
284
1010
1672
2260
2766
3185
3516
3759
3919
3998
4005
3947
3831
3667
3463
3227
2965
2684
2388
2082
1767
1446
1119
786
446
99
-254
-616
-984
-1357
-1732
-2103
-2466
-2813
-3137
-3429
-3678
-3874
-4009
-4073
-4057
-3955
-3762
-3475
-3095
-2624
-2068
-1438
-743
0
773
1558
2335
3080
3772
4388
4909
5315
5590
5723
5704
5528
5196
4713
4089
3337
2479
1535
532
-499
-1531
-2532
-3469
-4315
-5041
-5623
-6041
-6280
-6329
-6185
-5851
-5333
-4647
-3813
-2856
-1804
-692
445
1572
2650
3646
4525
5257
5817
6186
6349
6299
6037
5570
4912
4083
3109
2024
862
-336
-1533
-2686
-3755
-4704
-5498
-6109
-6515
-6698
-6650
-6370
-5865
-5150
-4247
-3184
-1995
-720
599
1919
3195
4382
5440
6330
7022
7490
7714
7684
7399
6864
6095
5113
3950
2641
1228
-244
-1727
-3174
-4537
-5771
-6834
-7691
-8313
-8678
-8774
-8594
-8145
-7438
-6496
-5348
-4030
-2583
-1054
508
2055
3538
4909
6126
7151
7951
8503
8791
8807
8554
8041
7288
6321
5172
3882
2493
1051
-396
-1802
-3123
-4318
-5349
-6186
-6807
-7194
-7342
-7250
-6928
-6393
-5667
-4783
-3774
-2678
-1538
-394
711
1741
2660
3438
4050
4479
4715
4754
4602
4271
3780
3153
2421
1617
777
-60
-860
-1587
-2210
-2702
-3041
-3212
-3207
-3025
-2674
-2166
-1524
-773
54
924
1797
2635
3400
4055
4568
4911
5062
5007
4738
4257
3573
2702
1671
512
-738
-2037
-3339
-4596
-5762
-6790
-7640
-8274
-8663
-8782
-8619
-8168
-7435
-6435
-5191
-3737
-2113
-368
1445
3272
5053
6732
8252
9562
10616
11377
11813
11907
11648
11039
10092
8832
7293
5518
3558
1471
-681
-2834
-4924
-6886
-8661
-10194
-11438
-12355
-12917
-13106
-12917
-12355
-11438
-10194
-8661
-6886
-4924
-2834
-681
1471
3558
5518
7293
8832
10092
11039
11648
11907
11813
11377
10616
9562
8252
6732
5053
3272
1445
-368
-2113
-3737
-5191
-6435
-7435
-8168
-8619
-8782
-8663
-8274
-7640
-6790
-5762
-4596
-3339
-2037
-738
512
1671
2702
3573
4257
4738
5007
5062
4911
4568
4055
3400
2635
1797
924
54
-773
-1524
-2166
-2674
-3025
-3207
-3212
-3041
-2702
-2210
-1587
-860
-60
777
1617
2421
3153
3780
4271
4602
4754
4715
4479
4050
3438
2660
1741
711
-394
-1538
-2678
-3774
-4783
-5667
-6393
-6928
-7250
-7342
-7194
-6807
-6186
-5349
-4318
-3123
-1802
-396
1051
2493
3882
5172
6321
7288
8041
8554
8807
8791
8503
7951
7151
6126
4909
3538
2055
508
-1054
-2583
-4030
-5348
-6496
-7438
-8145
-8594
-8774
-8678
-8313
-7691
-6834
-5771
-4537
-3174
-1727
-244
1228
2641
3950
5113
6095
6864
7399
7684
7714
7490
7022
6330
5440
4382
3195
1919
599
-720
-1995
-3184
-4247
-5150
-5865
-6370
-6650
-6698
-6515
-6109
-5498
-4704
-3755
-2686
-1533
-336
862
2024
3109
4083
4912
5570
6037
6299
6349
6186
5817
5257
4525
3646
2650
1572
445
-692
-1804
-2856
-3813
-4647
-5333
-5851
-6185
-6329
-6280
-6041
-5623
-5041
-4315
-3469
-2532
-1531
-499
532
1535
2479
3337
4089
4713
5196
5528
5704
5723
5590
5315
4909
4388
3772
3080
2335
1558
773
0
-743
-1438
-2068
-2624
-3095
-3475
-3762
-3955
-4057
-4073
-4009
-3874
-3678
-3429
-3137
-2813
-2466
-2103
-1732
-1357
-984
-616
-254
99
446
786
1119
1446
1767
2082
2388
2684
2965
3227
3463
3667
3831
3947
4005
3998
3919
3759
3516
3185
2766
2260
1672
1010
284
-493
-1305
-2134
-2960
-3762
-4517
-5202
-5797
-6280
-6634
-6842
-6892
-6776
-6489
-6031
-5409
-4632
-3714
-2676
-1541
-335
910
2166
3397
4571
5656
6621
7437
8080
8530
8772
8796
8597
8179
7549
6721
5716
4558
3276
1904
477
-966
-2390
-3755
-5026
-6169
-7154
-7955
-8552
-8929
-9077
-8994
-8683
-8155
-7424
-6513
-5447
-4256
-2973
-1633
-272
1072
2366
3576
4671
5626
6416
7026
7443
7660
7677
7499
7136
6602
5916
5103
4187
3196
2159
1106
66
-934
-1869
-2716
-3456
-4073
-4557
-4900
-5099
-5157
-5078
-4872
-4552
-4133
-3632
-3069
-2463
-1834
-1202
-585
-1
535
1012
1419
1749
1998
2166
2252
2263
2205
2085
1915
1706
1468
1216
959
711
480
275
103
-29
-120
-168
-175
-142
-73
23
142
275
413
548
671
773
848
889
891
851
766
637
465
254
8
-264
-558
-863
-1171
-1471
-1754
-2009
-2227
-2401
-2522
-2585
-2585
-2519
-2387
-2188
-1926
-1605
-1231
-812
-357
122
615
1112
1597
2060
2489
2871
3197
3456
3641
3746
3766
3698
3542
3300
2976
2575
2105
1577
1001
391
-239
-875
-1503
-2106
-2670
-3180
-3622
-3986
-4259
-4436
-4508
-4472
-4329
-4078
-3725
-3276
-2742
-2134
-1466
-755
-17
728
1462
2166
2822
3410
3916
4325
4624
4804
4860
4787
4587
4263
3824
3278
2641
1929
1161
358
-457
-1262
-2034
-2750
-3390
-3933
-4363
-4667
-4834
-4858
-4737
-4473
-4072
-3546
-2910
-2180
-1380
-532
336
1199
2030
2802
3490
4071
4524
4835
4990
4983
4811
4476
3988
3358
2606
1752
823
-152
-1143
-2118
-3045
-3892
-4630
-5233
-5678
-5947
-6026
-5909
-5594
-5085
-4396
-3542
-2547
-1439
-249
985
2228
3440
4582
5616
6508
7225
7741
8035
8091
7902
7467
6792
5892
4789
3511
2091
569
-1012
-2607
-4170
-5652
-7009
-8197
-9179
-9922
-10398
-10589
-10483
-10077
-9379
-8401
-7167
-5709
-4062
-2272
-386
1542
3462
5317
7056
8628
9987
11093
11911
12417
12593
12431
11932
11107
9976
8568
6919
5073
3079
990
-1136
-3244
-5276
-7177
-8896
-10385
-11605
-12523
-13114
-13363
-13263
-12819
-12042
-10954
-9586
-7975
-6164
-4204
-2146
-45
2041
4061
5961
7692
9211
10479
11468
12154
12524
12571
12301
11723
10858
9733
8381
6841
5156
3373
1539
-297
-2090
-3793
-5364
-6768
-7971
-8949
-9681
-10156
-10369
-10321
-10021
-9484
-8731
-7788
-6684
-5452
-4128
-2749
-1350
31
1361
2610
3749
4753
5603
6285
6788
7108
7246
7206
6998
6635
6135
5515
4799
4008
3167
2299
1427
573
-242
-1003
-1694
-2302
-2817
-3234
-3550
-3764
-3879
-3900
-3834
-3690
-3478
-3210
-2898
-2553
-2188
-1813
-1440
-1078
-734
-416
-127
127
346
529
678
794
880
941
980
1002
1012
1016
1016
1017
1022
1033
1052
1079
1114
1156
1203
1251
1298
1340
1372
1392
1393
1374
1329
1257
1154
1021
855
659
432
179
-97
-393
-702
-1019
-1337
-1648
-1945
-2219
-2465
-2674
-2839
-2955
-3016
-3018
-2959
-2837
-2650
-2402
-2094
-1731
-1318
-863
-374
139
667
1198
1721
2224
2695
3123
3497
3808
4046
4206
4279
4264
4158
3961
3676
3306
2857
2339
1761
1134
473
-210
-899
-1580
-2238
-2856
-3421
-3920
-4341
-4673
-4908
-5040
-5065
-4981
-4791
-4496
-4103
-3621
-3059
-2430
-1747
-1025
-280
470
1212
1928
2602
3221
3770
4240
4620
4903
5083
5158
5128
4993
4759
4431
4018
3529
2974
2367
1721
1047
362
-323
-994
-1639
-2246
-2806
-3308
-3745
-4110
-4400
-4609
-4737
-4783
-4747
-4631
-4439
-4174
-3842
-3447
-2997
-2498
-1956
-1381
-779
-160
468
1098
1720
2325
2904
3447
3946
4393
4777
5090
5326
5477
5536
5498
5360
5119
4775
4328
3782
3143
2419
1618
755
-157
-1102
-2061
-3015
-3943
-4823
-5634
-6355
-6965
-7447
-7782
-7958
-7962
-7789
-7434
-6898
-6187
-5311
-4284
-3125
-1857
-507
894
2318
3728
5089
6368
7529
8542
9377
10007
10412
10576
10488
10145
9547
8705
7633
6353
4893
3286
1569
-216
-2028
-3819
-5545
-7160
-8623
-9893
-10935
-11721
-12225
-12433
-12335
-11929
-11223
-10232
-8977
-7489
-5803
-3960
-2006
8
2034
4020
5914
7669
9238
10581
11664
12458
12943
0
0
0
0
0
0
0
0
0
0
0
0
0
0
0
0
0
0
0
0
0
0
0
0
0
0
0
0
0
0
0
0
0
0
0
0
0
0
0
0
0
0
0
0
0
0
0
0
0
0
0
0
0
0
0
0
0
0
0
0
0
0
0
0
0
0
0
0
0
0
0
0
0
0
0
0
0
0
0
0
0
0
0
0
0
0
0
0
0
0
0
0
0
0
0
0
0
0
0
0
0
0
0
0
0
0
0
0
0
0
0
0
0
0
0
0
0
0
0
0
0
0
0
0
0
0
0
0
0
0
0
0
0
0
0
0
38
150
330
568
852
1165
1490
1807
2096
2338
2514
2608
2605
2496
2274
1937
1488
933
284
-440
-1223
-2040
-2865
-3669
-4426
-5105
-5681
-6127
-6423
-6551
-6497
-6253
-5818
-5196
-4396
-3435
-2334
-1121
173
1515
2867
4190
5444
6594
7601
8434
9065
9469
9632
9541
9193
8594
7753
6689
5428
3999
2440
790
-906
-2606
-4262
-5830
-7267
-8532
-9592
-10415
-10979
-11266
-11268
-10983
-10417
-9583
-8503
-7204
-5720
-4088
-2350
-552
1260
3042
4746
6331
7755
8985
9990
10746
11237
11450
11384
11043
10436
9583
8505
7232
5798
4238
2593
902
-791
-2448
-4028
-5497
-6819
-7966
-8915
-9645
-10143
-10402
-10420
-10200
-9752
-9090
-8233
-7204
-6029
-4739
-3363
-1934
-485
950
2342
3661
4878
5969
6914
7693
8294
8706
8925
8949
8781
8429
7902
7216
6387
5435
4383
3254
2073
866
-340
-1522
-2654
-3713
-4678
-5530
-6252
-6831
-7257
-7521
-7622
-7559
-7335
-6958
-6437
-5787
-5022
-4162
-3227
-2238
-1218
-190
822
1796
2711
3547
4287
4915
5419
5790
6023
6115
6067
5885
5575
5150
4622
4008
3326
2594
1833
1062
301
-430
-1116
-1740
-2290
-2755
-3128
-3404
-3582
-3663
-3653
-3558
-3388
-3155
-2871
-2551
-2208
-1856
-1509
-1179
-876
-608
-382
-202
-68
21
69
84
72
44
10
-17
-28
-11
42
141
291
493
750
1057
1409
1797
2209
2630
3044
3434
3780
4064
4268
4373
4367
4236
3973
3572
3036
2367
1576
678
-307
-1357
-2444
-3538
-4606
-5616
-6532
-7324
-7960
-8413
-8660
-8684
-8473
-8022
-7332
-6414
-5283
-3963
-2485
-885
795
2512
4217
5862
7398
8777
9957
10898
11566
11936
11989
11718
11121
10208
8999
7522
5813
3917
1884
-231
-2369
-4470
-6474
-8323
-9963
-11344
-12425
-13172
-13561
-13578
-13219
-12492
-11416
-10020
-8341
-6428
-4334
-2118
154
2421
4615
6673
8536
10151
11472
12461
13091
13344
13216
12712
11850
10656
9169
7434
5505
3440
1302
-845
-2938
-4915
-6718
-8295
-9602
-10604
-11274
-11597
-11568
-11193
-10489
-9483
-8211
-6716
-5048
-3261
-1413
436
2232
3917
5441
6760
7835
8638
9148
9356
9260
8869
8203
7288
6160
4858
3430
1923
389
-1121
-2560
-3880
-5041
-6007
-6752
-7254
-7502
-7493
-7232
-6733
-6017
-5112
-4052
-2876
-1625
-342
929
2147
3272
4268
5104
5756
6206
6442
6461
6267
5870
5288
4543
3663
2680
1629
545
-535
-1578
-2549
-3421
-4166
-4764
-5201
-5467
-5558
-5478
-5233
-4839
-4312
-3674
-2949
-2164
-1346
-523
280
1039
1731
2340
2850
3251
3538
3709
3768
3719
3575
3348
3052
2705
2323
1923
1522
1135
773
446
163
-73
-262
-404
-505
-573
-614
-641
-663
-693
-739
-811
-916
-1059
-1241
-1462
-1716
-1998
-2296
-2599
-2889
-3153
-3371
-3528
-3605
-3589
-3467
-3228
-2869
-2386
-1783
-1068
-254
641
1596
2586
3580
4549
5459
6279
6976
7522
7889
8057
8008
7733
7226
6491
5539
4388
3063
1594
19
-1619
-3276
-4905
-6457
-7884
-9140
-10184
-10979
-11495
-11708
-11606
-11181
-10439
-9392
-8064
-6487
-4700
-2751
-690
1423
3533
5577
7498
9239
10748
11980
12898
13471
13682
13520
12987
12097
10871
9343
7555
5556
3402
1153
-1126
-3373
-5523
-7517
-9298
-10816
-12031
-12908
-13425
-13570
-13340
-12746
-11807
-10553
-9022
-7262
-5324
-3266
-1148
967
3022
4957
6720
8261
9542
10529
11201
11543
11553
11238
10612
9703
8543
7171
5633
3979
2261
529
-1161
-2765
-4235
-5531
-6621
-7477
-8081
-8423
-8502
-8323
-7901
-7258
-6421
-5423
-4301
-3096
-1847
-598
613
1749
2775
3663
4389
4936
5294
5457
5428
5216
4836
4307
3654
2903
2086
1232
373
-459
-1237
-1936
-2532
-3008
-3351
-3554
-3612
-3529
-3312
-2973
-2527
-1995
-1397
-758
-101
547
1166
1732
2226
2632
2936
3130
3209
3171
3020
2763
2411
1978
1479
933
359
-222
-792
-1333
-1825
-2255
-2610
-2879
-3057
-3139
-3126
-3020
-2828
-2557
-2220
-1827
-1394
-936
-466
0
448
867
1244
1572
1842
2050
2195
2275
2294
2255
2164
2028
1856
1655
1436
1206
974
748
533
336
158
3
-127
-236
-325
-397
-455
-504
-550
-596
-647
-707
-778
-863
-961
-1071
-1192
-1320
-1450
-1576
-1692
-1790
-1863
-1904
-1906
-1863
-1770
-1623
-1422
-1165
-856
-498
-98
336
795
1267
1740
2199
2631
3023
3360
3631
3824
3930
3943
3857
3671
3386
3006
2537
1989
1374
707
4
-717
-1439
-2143
-2808
-3418
-3955
-4404
-4751
-4987
-5104
-5098
-4967
-4713
-4343
-3865
-3291
-2635
-1913
-1143
-346
459
1252
2013
2723
3364
3922
4382
4735
4973
5091
5088
4967
4731
4389
3951
3429
2837
2193
1511
810
107
-580
-1238
-1850
-2404
-2889
-3294
-3615
-3845
-3984
-4031
-3990
-3865
-3663
-3391
-3060
-2678
-2259
-1812
-1349
-881
-419
28
452
845
1201
1515
1784
2006
2179
2305
2385
2421
2416
2374
2299
2195
2066
1917
1752
1574
1388
1194
997
798
599
401
205
11
-179
-366
-550
-729
-902
-1070
-1231
-1383
-1525
-1654
-1768
-1866
-1943
-1999
-2029
-2032
-2007
-1950
-1861
-1739
-1584
-1396
-1178
-932
-659
-365
-53
270
601
932
1258
1571
1865
2133
2370
2568
2723
2831
2887
2889
2836
2726
2561
2342
2072
1756
1399
1007
588
149
-300
-752
-1197
-1626
-2028
-2397
-2723
-2998
-3217
-3374
-3465
-3486
-3437
-3317
-3128
-2872
-2555
-2183
-1762
-1301
-809
-296
226
747
1256
1742
2194
2601
2956
3250
3475
3627
3703
3699
3617
3457
3223
2920
2555
2135
1671
1173
651
118
-412
-931
-1425
-1883
-2295
-2651
-2945
-3169
-3320
-3395
-3392
-3314
-3163
-2943
-2661
-2326
-1945
-1529
-1089
-636
-181
263
689
1085
1442
1753
2011
2212
2353
2432
2450
2408
2312
2164
1973
1745
1488
1210
921
630
344
71
-180
-405
-598
-756
-876
-958
-1001
-1008
-982
-927
-847
-749
-638
-521
-405
-294
-195
-113
-51
-12
0
-12
-51
-113
-195
-294
-405
-521
-638
-749
-847
-927
-982
-1008
-1001
-958
-876
-756
-598
-405
-180
71
344
630
921
1210
1488
1745
1973
2164
2312
2408
2450
2432
2353
2212
2011
1753
1442
1085
689
263
-181
-636
-1089
-1529
-1945
-2326
-2661
-2943
-3163
-3314
-3392
-3395
-3320
-3169
-2945
-2651
-2295
-1883
-1425
-931
-412
118
651
1173
1671
2135
2555
2920
3223
3457
3617
3699
3703
3627
3475
3250
2956
2601
2194
1742
1256
747
226
-296
-809
-1301
-1762
-2183
-2555
-2872
-3128
-3317
-3437
-3486
-3465
-3374
-3217
-2998
-2723
-2397
-2028
-1626
-1197
-752
-300
149
588
1007
1399
1756
2072
2342
2561
2726
2836
2889
2887
2831
2723
2568
2370
2133
1865
1571
1258
932
601
270
-53
-365
-659
-932
-1178
-1396
-1584
-1739
-1861
-1950
-2007
-2032
-2029
-1999
-1943
-1866
-1768
-1654
-1525
-1383
-1231
-1070
-902
-729
-550
-366
-179
11
205
401
599
798
997
1194
1388
1574
1752
1917
2066
2195
2299
2374
2416
2421
2385
2305
2179
2006
1784
1515
1201
845
452
28
-419
-881
-1349
-1812
-2259
-2678
-3060
-3391
-3663
-3865
-3990
-4031
-3984
-3845
-3615
-3294
-2889
-2404
-1850
-1238
-580
107
810
1511
2193
2837
3429
3951
4389
4731
4967
5088
5091
4973
4735
4382
3922
3364
2723
2013
1252
459
-346
-1143
-1913
-2635
-3291
-3865
-4343
-4713
-4967
-5098
-5104
-4987
-4751
-4404
-3955
-3418
-2808
-2143
-1439
-717
4
707
1374
1989
2537
3006
3386
3671
3857
3943
3930
3824
3631
3360
3023
2631
2199
1740
1267
795
336
-98
-498
-856
-1165
-1422
-1623
-1770
-1863
-1906
-1904
-1863
-1790
-1692
-1576
-1450
-1320
-1192
-1071
-961
-863
-778
-707
-647
-596
-550
-504
-455
-397
-325
-236
-127
3
158
336
533
748
974
1206
1436
1655
1856
2028
2164
2255
2294
2275
2195
2050
1842
1572
1244
867
448
0
-466
-936
-1394
-1827
-2220
-2557
-2828
-3020
-3126
-3139
-3057
-2879
-2610
-2255
-1825
-1333
-792
-222
359
933
1479
1978
2411
2763
3020
3171
3209
3130
2936
2632
2226
1732
1166
547
-101
-758
-1397
-1995
-2527
-2973
-3312
-3529
-3612
-3554
-3351
-3008
-2532
-1936
-1237
-459
373
1232
2086
2903
3654
4307
4836
5216
5428
5457
5294
4936
4389
3663
2775
1749
613
-598
-1847
-3096
-4301
-5423
-6421
-7258
-7901
-8323
-8502
-8423
-8081
-7477
-6621
-5531
-4235
-2765
-1161
529
2261
3979
5633
7171
8543
9703
10612
11238
11553
11543
11201
10529
9542
8261
6720
4957
3022
967
-1148
-3266
-5324
-7262
-9022
-10553
-11807
-12746
-13340
-13570
-13425
-12908
-12031
-10816
-9298
-7517
-5523
-3373
-1126
1153
3402
5556
7555
9343
10871
12097
12987
13520
13682
13471
12898
11980
10748
9239
7498
5577
3533
1423
-690
-2751
-4700
-6487
-8064
-9392
-10439
-11181
-11606
-11708
-11495
-10979
-10184
-9140
-7884
-6457
-4905
-3276
-1619
19
1594
3063
4388
5539
6491
7226
7733
8008
8057
7889
7522
6976
6279
5459
4549
3580
2586
1596
641
-254
-1068
-1783
-2386
-2869
-3228
-3467
-3589
-3605
-3528
-3371
-3153
-2889
-2599
-2296
-1998
-1716
-1462
-1241
-1059
-916
-811
-739
-693
-663
-641
-614
-573
-505
-404
-262
-73
163
446
773
1135
1522
1923
2323
2705
3052
3348
3575
3719
3768
3709
3538
3251
2850
2340
1731
1039
280
-523
-1346
-2164
-2949
-3674
-4312
-4839
-5233
-5478
-5558
-5467
-5201
-4764
-4166
-3421
-2549
-1578
-535
545
1629
2680
3663
4543
5288
5870
6267
6461
6442
6206
5756
5104
4268
3272
2147
929
-342
-1625
-2876
-4052
-5112
-6017
-6733
-7232
-7493
-7502
-7254
-6752
-6007
-5041
-3880
-2560
-1121
389
1923
3430
4858
6160
7288
8203
8869
9260
9356
9148
8638
7835
6760
5441
3917
2232
436
-1413
-3261
-5048
-6716
-8211
-9483
-10489
-11193
-11568
-11597
-11274
-10604
-9602
-8295
-6718
-4915
-2938
-845
1302
3440
5505
7434
9169
10656
11850
12712
13216
13344
13091
12461
11472
10151
8536
6673
4615
2421
154
-2118
-4334
-6428
-8341
-10020
-11416
-12492
-13219
-13578
-13561
-13172
-12425
-11344
-9963
-8323
-6474
-4470
-2369
-231
1884
3917
5813
7522
8999
10208
11121
11718
11989
11936
11566
10898
9957
8777
7398
5862
4217
2512
795
-885
-2485
-3963
-5283
-6414
-7332
-8022
-8473
-8684
-8660
-8413
-7960
-7324
-6532
-5616
-4606
-3538
-2444
-1357
-307
678
1576
2367
3036
3572
3973
4236
4367
4373
4268
4064
3780
3434
3044
2630
2209
1797
1409
1057
750
493
291
141
42
-11
-28
-17
10
44
72
84
69
21
-68
-202
-382
-608
-876
-1179
-1509
-1856
-2208
-2551
-2871
-3155
-3388
-3558
-3653
-3663
-3582
-3404
-3128
-2755
-2290
-1740
-1116
-430
301
1062
1833
2594
3326
4008
4622
5150
5575
5885
6067
6115
6023
5790
5419
4915
4287
3547
2711
1796
822
-190
-1218
-2238
-3227
-4162
-5022
-5787
-6437
-6958
-7335
-7559
-7622
-7521
-7257
-6831
-6252
-5530
-4678
-3713
-2654
-1522
-340
866
2073
3254
4383
5435
6387
7216
7902
8429
8781
8949
8925
8706
8294
7693
6914
5969
4878
3661
2342
950
-485
-1934
-3363
-4739
-6029
-7204
-8233
-9090
-9752
-10200
-10420
-10402
-10143
-9645
-8915
-7966
-6819
-5497
-4028
-2448
-791
902
2593
4238
5798
7232
8505
9583
10436
11043
11384
11450
11237
10746
9990
8985
7755
6331
4746
3042
1260
-552
-2350
-4088
-5720
-7204
-8503
-9583
-10417
-10983
-11268
-11266
-10979
-10415
-9592
-8532
-7267
-5830
-4262
-2606
-906
790
2440
3999
5428
6689
7753
8594
9193
9541
9632
9469
9065
8434
7601
6594
5444
4190
2867
1515
173
-1121
-2334
-3435
-4396
-5196
-5818
-6253
-6497
-6551
-6423
-6127
-5681
-5105
-4426
-3669
-2865
-2040
-1223
-440
284
933
1488
1937
2274
2496
2605
2608
2514
2338
2096
1807
1490
1165
852
568
330
150
38
0
0
0
0
0
0
0
0
0
0
0
0
0
0
0
0
0
0
0
0
0
0
0
0
0
0
0
0
0
0
0
0
0
0
0
0
0
0
0
0
0
0
0
0
0
0
0
0
0
0
0
0
0
0
0
0
0
0
0
0
0
0
0
0
0
0
0
0
0
0
0
0
0
0
0
0
0
0
0
0
0
0
0
0
0
0
0
0
0
0
0
0
0
0
0
0
0
0
0
0
0
0
0
0
0
0
0
0
0
0
0
0
0
0
0
0
0
0
0
0
0
0
0
0
0
0
0
0
0
0
0
0
0
0
0
6553
6466
6209
5788
5215
4506
3680
2759
1769
736
-310
-1345
-2338
-3265
-4100
-4822
-5414
-5860
-6150
-6278
-6242
-6046
-5695
-5202
-4580
-3848
-3026
-2137
-1205
-254
690
1605
2467
3255
3950
4538
5004
5340
5539
5600
5524
5315
4982
4534
3985
3351
2647
1893
1106
305
-488
-1260
-1991
-2666
-3272
-3795
-4227
-4560
-4787
-4907
-4918
-4822
-4622
-4324
-3935
-3465
-2922
-2319
-1669
-983
-278
434
1139
1823
2471
3071
3611
4078
4462
4755
4950
5039
5021
4892
4654
4309
3861
3318
2690
1988
1225
417
-418
-1264
-2099
-2906
-3663
-4351
-4952
-5448
-5825
-6069
-6170
-6121
-5919
-5564
-5062
-4419
-3650
-2768
-1795
-753
332
1434
2525
3575
4555
5437
6196
6808
7254
7517
7586
7456
7125
6598
5886
5004
3973
2819
1571
262
-1072
-2397
-3676
-4871
-5949
-6879
-7632
-8186
-8522
-8630
-8503
-8144
-7559
-6764
-5779
-4631
-3350
-1972
-535
919
2353
3724
4993
6125
7088
7854
8402
8717
8791
8622
8215
7584
6749
5733
4567
3287
1928
532
-860
-2211
-3482
-4636
-5642
-6473
-7109
-7533
-7738
-7722
-7490
-7053
-6429
-5639
-4713
-3681
-2575
-1432
-287
825
1874
2829
3663
4356
4892
5260
5455
5479
5338
5045
4615
4070
3434
2731
1991
1239
503
-190
-822
-1370
-1821
-2162
-2389
-2498
-2495
-2386
-2184
-1903
-1563
-1182
-782
-386
-13
316
586
782
894
914
842
679
433
113
-264
-683
-1123
-1563
-1980
-2351
-2657
-2877
-2995
-2999
-2880
-2635
-2263
-1771
-1171
-476
291
1109
1951
2788
3592
4331
4979
5508
5896
6123
6174
6041
5719
5212
4529
3684
2698
1597
411
-826
-2080
-3312
-4485
-5562
-6510
-7296
-7895
-8286
-8452
-8386
-8086
-7556
-6809
-5863
-4745
-3483
-2112
-671
798
2257
3663
4976
6158
7177
8004
8615
8995
9132
9024
8675
8097
7306
6327
5188
3923
2566
1158
-262
-1657
-2988
-4219
-5319
-6261
-7021
-7584
-7938
-8078
-8007
-7731
-7264
-6624
-5832
-4915
-3901
-2820
-1705
-584
510
1552
2515
3379
4123
4736
5206
5528
5703
5732
5624
5388
5039
4591
4061
3469
2833
2171
1501
840
201
-400
-955
-1455
-1894
-2267
-2573
-2812
-2986
-3098
-3152
-3152
-3104
-3014
-2885
-2723
-2533
-2317
-2079
-1821
-1546
-1255
-950
-632
-303
33
377
723
1067
1404
1729
2034
2312
2556
2758
2910
3005
3036
2999
2889
2706
2449
2121
1727
1274
772
233
-328
-897
-1457
-1991
-2480
-2909
-3261
-3521
-3680
-3726
-3656
-3466
-3159
-2742
-2223
-1617
-942
-216
534
1288
2019
2700
3306
3815
4206
4460
4565
4512
4297
3922
3395
2727
1939
1052
94
-904
-1910
-2890
-3808
-4631
-5327
-5868
-6229
-6392
-6343
-6078
-5596
-4907
-4025
-2973
-1780
-481
886
2279
3653
4962
6162
7211
8070
8704
9088
9201
9030
8574
7837
6834
5590
4136
2512
763
-1058
-2901
-4707
-6420
-7987
-9356
-10482
-11324
-11853
-12044
-11887
-11380
-10531
-9359
-7894
-6176
-4250
-2172
0
2202
4372
6443
8355
10049
11474
12587
13351
13742
13747
13362
12598
11475
10023
8285
6311
4156
1884
-438
-2746
-4972
-7051
-8923
-10536
-11844
-12811
-13411
-13629
-13463
-12920
-12021
-10794
-9280
-7526
-5586
-3520
-1390
740
2809
4758
6530
8076
9357
10339
10999
11327
11319
10984
10342
9418
8250
6880
5356
3728
2052
380
-1235
-2746
-4107
-5281
-6237
-6952
-7413
-7613
-7558
-7259
-6736
-6018
-5136
-4129
-3038
-1905
-774
313
1319
2209
2954
3530
3921
4118
4122
3937
3578
3065
2423
1684
880
48
-775
-1553
-2253
-2843
-3297
-3594
-3718
-3663
-3427
-3016
-2443
-1728
-896
21
993
1980
2946
3854
4665
5349
5873
6216
6358
6287
5999
5498
4793
3903
2851
1667
387
-950
-2304
-3632
-4891
-6041
-7043
-7864
-8475
-8854
-8987
-8864
-8487
-7863
-7008
-5944
-4700
-3311
-1816
-258
1318
2869
4351
5720
6938
7972
8792
9377
9710
9785
9601
9166
8493
7603
6525
5289
3932
2493
1012
-469
-1911
-3276
-4528
-5637
-6575
-7323
-7866
-8195
-8309
-8212
-7913
-7428
-6778
-5985
-5079
-4087
-3041
-1971
-906
124
1095
1985
2774
3448
3997
4416
4702
4858
4893
4814
4637
4374
4044
3663
3248
2817
2384
1963
1566
1201
875
590
349
147
-18
-154
-268
-370
-469
-574
-694
-836
-1006
-1208
-1444
-1713
-2011
-2331
-2666
-3004
-3332
-3638
-3905
-4119
-4265
-4329
-4300
-4166
-3922
-3563
-3089
-2502
-1811
-1026
-162
762
1727
2708
3680
4615
5488
6272
6941
7472
7846
8045
8057
7874
7494
6919
6157
5221
4129
2905
1576
173
-1270
-2720
-4138
-5490
-6739
-7851
-8798
-9551
-10088
-10393
-10454
-10267
-9831
-9155
-8251
-7141
-5847
-4402
-2837
-1190
497
2187
3837
5407
6859
8156
9266
10162
10822
11229
11372
11248
10860
10216
9333
8230
6935
5480
3898
2229
512
-1211
-2901
-4517
-6020
-7375
-8552
-9523
-10266
-10766
-11012
-11000
-10732
-10217
-9469
-8507
-7357
-6047
-4609
-3079
-1493
109
1691
3216
4647
5953
7104
8076
8846
9401
9730
9827
9695
9339
8772
8010
7074
5989
4782
3486
2131
751
-619
-1951
-3210
-4370
-5404
-6290
-7010
-7549
-7900
-8057
-8021
-7797
-7394
-6826
-6111
-5269
-4324
-3301
-2226
-1128
-33
1031
2041
2973
3806
4522
5108
5553
5850
5995
5992
5843
5558
5147
4626
4012
3322
2577
1797
1004
218
-541
-1256
-1909
-2487
-2977
-3371
-3663
-3849
-3930
-3907
-3786
-3576
-3285
-2925
-2509
-2051
-1566
-1067
-569
-85
371
791
1164
1482
1740
1934
2064
2128
2129
2072
1962
1806
1610
1384
1137
877
613
353
105
-124
-329
-506
-650
-761
-836
-878
-886
-864
-816
-744
-655
-551
-440
-324
-210
-100
0
88
162
221
262
287
296
289
269
237
196
149
98
46
-3
-50
-92
-126
-152
-170
-178
-177
-169
-153
-131
-105
-76
-45
-15
13
40
62
79
92
99
101
98
91
81
68
54
40
27
16
7
1
0
1
7
16
27
40
54
68
81
91
98
101
99
92
79
62
40
13
-15
-45
-76
-105
-131
-153
-169
-177
-178
-170
-152
-126
-92
-50
-3
46
98
149
196
237
269
289
296
287
262
221
162
88
0
-100
-210
-324
-440
-551
-655
-744
-816
-864
-886
-878
-836
-761
-650
-506
-329
-124
105
353
613
877
1137
1384
1610
1806
1962
2072
2129
2128
2064
1934
1740
1482
1164
791
371
-85
-569
-1067
-1566
-2051
-2509
-2925
-3285
-3576
-3786
-3907
-3930
-3849
-3663
-3371
-2977
-2487
-1909
-1256
-541
218
1004
1797
2577
3322
4012
4626
5147
5558
5843
5992
5995
5850
5553
5108
4522
3806
2973
2041
1031
-33
-1128
-2226
-3301
-4324
-5269
-6111
-6826
-7394
-7797
-8021
-8057
-7900
-7549
-7010
-6290
-5404
-4370
-3210
-1951
-619
751
2131
3486
4782
5989
7074
8010
8772
9339
9695
9827
9730
9401
8846
8076
7104
5953
4647
3216
1691
109
-1493
-3079
-4609
-6047
-7357
-8507
-9469
-10217
-10732
-11000
-11012
-10766
-10266
-9523
-8552
-7375
-6020
-4517
-2901
-1211
512
2229
3898
5480
6935
8230
9333
10216
10860
11248
11372
11229
10822
10162
9266
8156
6859
5407
3837
2187
497
-1190
-2837
-4402
-5847
-7141
-8251
-9155
-9831
-10267
-10454
-10393
-10088
-9551
-8798
-7851
-6739
-5490
-4138
-2720
-1270
173
1576
2905
4129
5221
6157
6919
7494
7874
8057
8045
7846
7472
6941
6272
5488
4615
3680
2708
1727
762
-162
-1026
-1811
-2502
-3089
-3563
-3922
-4166
-4300
-4329
-4265
-4119
-3905
-3638
-3332
-3004
-2666
-2331
-2011
-1713
-1444
-1208
-1006
-836
-694
-574
-469
-370
-268
-154
-18
147
349
590
875
1201
1566
1963
2384
2817
3248
3663
4044
4374
4637
4814
4893
4858
4702
4416
3997
3448
2774
1985
1095
124
-906
-1971
-3041
-4087
-5079
-5985
-6778
-7428
-7913
-8212
-8309
-8195
-7866
-7323
-6575
-5637
-4528
-3276
-1911
-469
1012
2493
3932
5289
6525
7603
8493
9166
9601
9785
9710
9377
8792
7972
6938
5720
4351
2869
1318
-258
-1816
-3311
-4700
-5944
-7008
-7863
-8487
-8864
-8987
-8854
-8475
-7864
-7043
-6041
-4891
-3632
-2304
-950
387
1667
2851
3903
4793
5498
5999
6287
6358
6216
5873
5349
4665
3854
2946
1980
993
21
-896
-1728
-2443
-3016
-3427
-3663
-3718
-3594
-3297
-2843
-2253
-1553
-775
48
880
1684
2423
3065
3578
3937
4122
4118
3921
3530
2954
2209
1319
313
-774
-1905
-3038
-4129
-5136
-6018
-6736
-7259
-7558
-7613
-7413
-6952
-6237
-5281
-4107
-2746
-1235
380
2052
3728
5356
6880
8250
9418
10342
10984
11319
11327
10999
10339
9357
8076
6530
4758
2809
740
-1390
-3520
-5586
-7526
-9280
-10794
-12021
-12920
-13463
-13629
-13411
-12811
-11844
-10536
-8923
-7051
-4972
-2746
-438
1884
4156
6311
8285
10023
11475
12598
13362
13747
13742
13351
12587
11474
10049
8355
6443
4372
2202
0
-2172
-4250
-6176
-7894
-9359
-10531
-11380
-11887
-12044
-11853
-11324
-10482
-9356
-7987
-6420
-4707
-2901
-1058
763
2512
4136
5590
6834
7837
8574
9030
9201
9088
8704
8070
7211
6162
4962
3653
2279
886
-481
-1780
-2973
-4025
-4907
-5596
-6078
-6343
-6392
-6229
-5868
-5327
-4631
-3808
-2890
-1910
-904
94
1052
1939
2727
3395
3922
4297
4512
4565
4460
4206
3815
3306
2700
2019
1288
534
-216
-942
-1617
-2223
-2742
-3159
-3466
-3656
-3726
-3680
-3521
-3261
-2909
-2480
-1991
-1457
-897
-328
233
772
1274
1727
2121
2449
2706
2889
2999
3036
3005
2910
2758
2556
2312
2034
1729
1404
1067
723
377
33
-303
-632
-950
-1255
-1546
-1821
-2079
-2317
-2533
-2723
-2885
-3014
-3104
-3152
-3152
-3098
-2986
-2812
-2573
-2267
-1894
-1455
-955
-400
201
840
1501
2171
2833
3469
4061
4591
5039
5388
5624
5732
5703
5528
5206
4736
4123
3379
2515
1552
510
-584
-1705
-2820
-3901
-4915
-5832
-6624
-7264
-7731
-8007
-8078
-7938
-7584
-7021
-6261
-5319
-4219
-2988
-1657
-262
1158
2566
3923
5188
6327
7306
8097
8675
9024
9132
8995
8615
8004
7177
6158
4976
3663
2257
798
-671
-2112
-3483
-4745
-5863
-6809
-7556
-8086
-8386
-8452
-8286
-7895
-7296
-6510
-5562
-4485
-3312
-2080
-826
411
1597
2698
3684
4529
5212
5719
6041
6174
6123
5896
5508
4979
4331
3592
2788
1951
1109
291
-476
-1171
-1771
-2263
-2635
-2880
-2999
-2995
-2877
-2657
-2351
-1980
-1563
-1123
-683
-264
113
433
679
842
914
894
782
586
316
-13
-386
-782
-1182
-1563
-1903
-2184
-2386
-2495
-2498
-2389
-2162
-1821
-1370
-822
-190
503
1239
1991
2731
3434
4070
4615
5045
5338
5479
5455
5260
4892
4356
3663
2829
1874
825
-287
-1432
-2575
-3681
-4713
-5639
-6429
-7053
-7490
-7722
-7738
-7533
-7109
-6473
-5642
-4636
-3482
-2211
-860
532
1928
3287
4567
5733
6749
7584
8215
8622
8791
8717
8402
7854
7088
6125
4993
3724
2353
919
-535
-1972
-3350
-4631
-5779
-6764
-7559
-8144
-8503
-8630
-8522
-8186
-7632
-6879
-5949
-4871
-3676
-2397
-1072
262
1571
2819
3973
5004
5886
6598
7125
7456
7586
7517
7254
6808
6196
5437
4555
3575
2525
1434
332
-753
-1795
-2768
-3650
-4419
-5062
-5564
-5919
-6121
-6170
-6069
-5825
-5448
-4952
-4351
-3663
-2906
-2099
-1264
-418
417
1225
1988
2690
3318
3861
4309
4654
4892
5021
5039
4950
4755
4462
4078
3611
3071
2471
1823
1139
434
-278
-983
-1669
-2319
-2922
-3465
-3935
-4324
-4622
-4822
-4918
-4907
-4787
-4560
-4227
-3795
-3272
-2666
-1991
-1260
-488
305
1106
1893
2647
3351
3985
4534
4982
5315
5524
5600
5539
5340
5004
4538
3950
3255
2467
1605
690
-254
-1205
-2137
-3026
-3848
-4580
-5202
-5695
-6046
-6242
-6278
-6150
-5860
-5414
-4822
-4100
-3265
-2338
-1345
-310
736
1769
2759
3680
4506
5215
5788
6209
6466
0
0
0
0
0
0
0
0
0
0
0
0
0
0
0
0
0
0
0
0
0
0
0
0
0
0
0
0
0
0
0
0
0
0
0
0
0
0
0
0
0
0
0
0
0
0
0
0
0
0
0
0
0
0
0
0
0
0
0
0
0
0
0
0
0
0
0
0
0
0
0
0
0
0
0
0
0
0
0
0
0
0
0
0
0
0
0
0
0
0
0
0
0
0
0
0
0
0
0
0
0
0
0
0
0
0
0
0
0
0
0
0
0
0
0
0
0
0
0
0
0
0
0
0
0
0
0
0
0
0
0
0
0
0
0
0
36
142
313
537
802
1092
1388
1670
1920
2117
2244
2285
2229
2067
1794
1412
926
347
-310
-1026
-1779
-2542
-3287
-3985
-4608
-5128
-5520
-5761
-5835
-5728
-5434
-4953
-4290
-3458
-2476
-1369
-166
1097
2384
3655
4868
5983
6963
7771
8376
8755
8886
8760
8372
7728
6839
5727
4419
2951
1363
-299
-1989
-3656
-5250
-6723
-8028
-9124
-9977
-10557
-10845
-10827
-10502
-9876
-8963
-7789
-6385
-4791
-3052
-1217
661
2528
4331
6018
7539
8851
9917
10708
11200
11381
11247
10804
10066
9057
7806
6351
4736
3008
1216
-587
-2352
-4029
-5573
-6943
-8103
-9025
-9687
-10077
-10190
-10029
-9604
-8935
-8046
-6968
-5736
-4388
-2966
-1511
-63
1336
2652
3851
4906
5793
6496
7004
7313
7424
7344
7085
6665
6104
5426
4656
3821
2947
2062
1188
348
-438
-1155
-1791
-2337
-2788
-3143
-3403
-3575
-3665
-3683
-3639
-3544
-3410
-3247
-3065
-2873
-2676
-2480
-2287
-2097
-1910
-1722
-1530
-1327
-1107
-867
-599
-301
31
398
798
1229
1684
2154
2630
3100
3548
3961
4321
4615
4826
4942
4949
4840
4609
4251
3770
3169
2459
1652
766
-178
-1159
-2150
-3125
-4055
-4914
-5675
-6314
-6809
-7142
-7299
-7272
-7055
-6652
-6069
-5317
-4416
-3386
-2255
-1051
192
1442
2665
3827
4896
5841
6636
7260
7695
7929
7956
7776
7394
6821
6075
5177
4152
3031
1844
624
-593
-1777
-2895
-3918
-4820
-5578
-6176
-6601
-6845
-6907
-6789
-6501
-6054
-5467
-4759
-3955
-3079
-2157
-1217
-284
615
1460
2230
2907
3479
3936
4271
4483
4574
4550
4418
4189
3877
3497
3063
2592
2100
1601
1109
636
192
-213
-577
-895
-1164
-1386
-1563
-1699
-1798
-1866
-1908
-1930
-1937
-1933
-1922
-1906
-1885
-1860
-1829
-1789
-1736
-1667
-1576
-1460
-1314
-1134
-919
-667
-379
-57
293
668
1058
1455
1848
2224
2571
2877
3130
3317
3430
3459
3398
3243
2995
2655
2228
1724
1153
531
-127
-802
-1475
-2125
-2732
-3276
-3739
-4103
-4357
-4488
-4490
-4360
-4099
-3713
-3210
-2605
-1915
-1159
-360
456
1267
2046
2767
3409
3949
4369
4656
4799
4792
4635
4332
3891
3326
2655
1899
1082
230
-628
-1467
-2257
-2973
-3592
-4093
-4460
-4680
-4746
-4656
-4413
-4025
-3505
-2870
-2142
-1345
-505
348
1188
1985
2713
3349
3869
4259
4504
4596
4535
4320
3962
3472
2866
2168
1399
587
-240
-1056
-1831
-2540
-3159
-3668
-4050
-4292
-4387
-4333
-4133
-3794
-3330
-2757
-2095
-1368
-602
176
940
1664
2323
2894
3359
3702
3913
3985
3918
3715
3386
2943
2402
1786
1115
415
-287
-968
-1604
-2171
-2650
-3023
-3280
-3411
-3412
-3286
-3038
-2679
-2222
-1686
-1092
-462
178
806
1397
1929
2381
2737
2982
3107
3108
2984
2739
2384
1930
1394
798
163
-485
-1124
-1728
-2274
-2740
-3108
-3361
-3490
-3487
-3350
-3082
-2692
-2191
-1597
-928
-209
535
1279
1995
2657
3242
3726
4090
4321
4407
4344
4130
3771
3276
2661
1945
1149
301
-571
-1441
-2278
-3053
-3741
-4317
-4762
-5059
-5198
-5171
-4979
-4626
-4124
-3486
-2734
-1890
-982
-39
908
1831
2698
3481
4156
4700
5095
5330
5396
5293
5023
4596
4026
3332
2538
1669
754
-176
-1092
-1964
-2763
-3464
-4045
-4487
-4776
-4906
-4872
-4678
-4331
-3844
-3236
-2528
-1745
-914
-64
775
1576
2310
2952
3482
3882
4138
4242
4192
3991
3646
3169
2579
1897
1147
356
-448
-1236
-1979
-2652
-3230
-3691
-4018
-4200
-4227
-4098
-3816
-3389
-2831
-2159
-1396
-567
300
1176
2031
2836
3562
4182
4676
5022
5209
5226
5070
4743
4253
3612
2838
1955
987
-35
-1082
-2120
-3117
-4042
-4864
-5558
-6099
-6470
-6656
-6650
-6449
-6056
-5481
-4737
-3846
-2831
-1720
-544
662
1866
3032
4128
5122
5985
6692
7223
7561
7697
7626
7350
6876
6216
5389
4416
3326
2146
909
-350
-1599
-2804
-3933
-4956
-5847
-6583
-7146
-7522
-7703
-7687
-7477
-7079
-6507
-5779
-4915
-3939
-2880
-1766
-627
506
1607
2646
3598
4441
5156
5728
6146
6403
6498
6434
6217
5857
5369
4770
4079
3318
2508
1673
835
15
-767
-1493
-2147
-2717
-3193
-3569
-3841
-4009
-4077
-4050
-3936
-3746
-3491
-3184
-2839
-2468
-2086
-1703
-1332
-981
-657
-367
-114
101
280
425
541
632
707
772
834
902
982
1078
1196
1339
1505
1695
1905
2129
2360
2589
2805
2998
3154
3263
3311
3290
3188
3000
2719
2345
1876
1318
678
-33
-802
-1612
-2444
-3275
-4084
-4846
-5537
-6134
-6614
-6958
-7147
-7169
-7013
-6674
-6153
-5453
-4585
-3565
-2413
-1154
183
1567
2963
4333
5641
6850
7926
8835
9548
10041
10294
10294
10034
9514
8742
7731
6503
5084
3510
1816
47
-1752
-3537
-5258
-6869
-8327
-9591
-10624
-11396
-11884
-12072
-11951
-11523
-10795
-9785
-8517
-7024
-5344
-3520
-1602
358
2311
4203
5983
7603
9019
10193
11094
11697
11988
11960
11614
10963
10025
8828
7408
5805
4065
2238
375
-1469
-3245
-4903
-6397
-7688
-8741
-9529
-10035
-10247
-10164
-9794
-9153
-8263
-7156
-5869
-4444
-2925
-1362
198
1708
3122
4398
5500
6396
7063
7484
7652
7566
7233
6671
5903
4957
3868
2676
1424
154
-1089
-2264
-3330
-4252
-5000
-5548
-5879
-5983
-5858
-5509
-4949
-4198
-3284
-2238
-1097
97
1304
2481
3585
4578
5422
6086
6545
6779
6777
6534
6054
5350
4440
3350
2112
765
-651
-2091
-3511
-4865
-6107
-7199
-8101
-8783
-9220
-9392
-9290
-8911
-8262
-7356
-6214
-4867
-3349
-1702
30
1800
3558
5255
6842
8274
9510
10514
11255
11710
11865
11713
11253
10497
9461
8171
6658
4961
3122
1187
-792
-2769
-4692
-6513
-8185
-9666
-10920
-11916
-12628
-13040
-13142
-12931
-12414
-11602
-10517
-9185
-7638
-5914
-4054
-2101
-101
1897
3851
5714
7445
9005
10360
11481
12344
12931
13231
13239
12957
12393
11561
10480
9175
7677
6017
4232
2361
445
-1476
-3362
-5173
-6871
-8420
-9790
-10951
-11879
-12556
-12968
-13106
-12968
-12556
-11879
-10951
-9790
-8420
-6871
-5173
-3362
-1476
445
2361
4232
6017
7677
9175
10480
11561
12393
12957
13239
13231
12931
12344
11481
10360
9005
7445
5714
3851
1897
-101
-2101
-4054
-5914
-7638
-9185
-10517
-11602
-12414
-12931
-13142
-13040
-12628
-11916
-10920
-9666
-8185
-6513
-4692
-2769
-792
1187
3122
4961
6658
8171
9461
10497
11253
11713
11865
11710
11255
10514
9510
8274
6842
5255
3558
1800
30
-1702
-3349
-4867
-6214
-7356
-8262
-8911
-9290
-9392
-9220
-8783
-8101
-7199
-6107
-4865
-3511
-2091
-651
765
2112
3350
4440
5350
6054
6534
6777
6779
6545
6086
5422
4578
3585
2481
1304
97
-1097
-2238
-3284
-4198
-4949
-5509
-5858
-5983
-5879
-5548
-5000
-4252
-3330
-2264
-1089
154
1424
2676
3868
4957
5903
6671
7233
7566
7652
7484
7063
6396
5500
4398
3122
1708
198
-1362
-2925
-4444
-5869
-7156
-8263
-9153
-9794
-10164
-10247
-10035
-9529
-8741
-7688
-6397
-4903
-3245
-1469
375
2238
4065
5805
7408
8828
10025
10963
11614
11960
11988
11697
11094
10193
9019
7603
5983
4203
2311
358
-1602
-3520
-5344
-7024
-8517
-9785
-10795
-11523
-11951
-12072
-11884
-11396
-10624
-9591
-8327
-6869
-5258
-3537
-1752
47
1816
3510
5084
6503
7731
8742
9514
10034
10294
10294
10041
9548
8835
7926
6850
5641
4333
2963
1567
183
-1154
-2413
-3565
-4585
-5453
-6153
-6674
-7013
-7169
-7147
-6958
-6614
-6134
-5537
-4846
-4084
-3275
-2444
-1612
-802
-33
678
1318
1876
2345
2719
3000
3188
3290
3311
3263
3154
2998
2805
2589
2360
2129
1905
1695
1505
1339
1196
1078
982
902
834
772
707
632
541
425
280
101
-114
-367
-657
-981
-1332
-1703
-2086
-2468
-2839
-3184
-3491
-3746
-3936
-4050
-4077
-4009
-3841
-3569
-3193
-2717
-2147
-1493
-767
15
835
1673
2508
3318
4079
4770
5369
5857
6217
6434
6498
6403
6146
5728
5156
4441
3598
2646
1607
506
-627
-1766
-2880
-3939
-4915
-5779
-6507
-7079
-7477
-7687
-7703
-7522
-7146
-6583
-5847
-4956
-3933
-2804
-1599
-350
909
2146
3326
4416
5389
6216
6876
7350
7626
7697
7561
7223
6692
5985
5122
4128
3032
1866
662
-544
-1720
-2831
-3846
-4737
-5481
-6056
-6449
-6650
-6656
-6470
-6099
-5558
-4864
-4042
-3117
-2120
-1082
-35
987
1955
2838
3612
4253
4743
5070
5226
5209
5022
4676
4182
3562
2836
2031
1176
300
-567
-1396
-2159
-2831
-3389
-3816
-4098
-4227
-4200
-4018
-3691
-3230
-2652
-1979
-1236
-448
356
1147
1897
2579
3169
3646
3991
4192
4242
4138
3882
3482
2952
2310
1576
775
-64
-914
-1745
-2528
-3236
-3844
-4331
-4678
-4872
-4906
-4776
-4487
-4045
-3464
-2763
-1964
-1092
-176
754
1669
2538
3332
4026
4596
5023
5293
5396
5330
5095
4700
4156
3481
2698
1831
908
-39
-982
-1890
-2734
-3486
-4124
-4626
-4979
-5171
-5198
-5059
-4762
-4317
-3741
-3053
-2278
-1441
-571
301
1149
1945
2661
3276
3771
4130
4344
4407
4321
4090
3726
3242
2657
1995
1279
535
-209
-928
-1597
-2191
-2692
-3082
-3350
-3487
-3490
-3361
-3108
-2740
-2274
-1728
-1124
-485
163
798
1394
1930
2384
2739
2984
3108
3107
2982
2737
2381
1929
1397
806
178
-462
-1092
-1686
-2222
-2679
-3038
-3286
-3412
-3411
-3280
-3023
-2650
-2171
-1604
-968
-287
415
1115
1786
2402
2943
3386
3715
3918
3985
3913
3702
3359
2894
2323
1664
940
176
-602
-1368
-2095
-2757
-3330
-3794
-4133
-4333
-4387
-4292
-4050
-3668
-3159
-2540
-1831
-1056
-240
587
1399
2168
2866
3472
3962
4320
4535
4596
4504
4259
3869
3349
2713
1985
1188
348
-505
-1345
-2142
-2870
-3505
-4025
-4413
-4656
-4746
-4680
-4460
-4093
-3592
-2973
-2257
-1467
-628
230
1082
1899
2655
3326
3891
4332
4635
4792
4799
4656
4369
3949
3409
2767
2046
1267
456
-360
-1159
-1915
-2605
-3210
-3713
-4099
-4360
-4490
-4488
-4357
-4103
-3739
-3276
-2732
-2125
-1475
-802
-127
531
1153
1724
2228
2655
2995
3243
3398
3459
3430
3317
3130
2877
2571
2224
1848
1455
1058
668
293
-57
-379
-667
-919
-1134
-1314
-1460
-1576
-1667
-1736
-1789
-1829
-1860
-1885
-1906
-1922
-1933
-1937
-1930
-1908
-1866
-1798
-1699
-1563
-1386
-1164
-895
-577
-213
192
636
1109
1601
2100
2592
3063
3497
3877
4189
4418
4550
4574
4483
4271
3936
3479
2907
2230
1460
615
-284
-1217
-2157
-3079
-3955
-4759
-5467
-6054
-6501
-6789
-6907
-6845
-6601
-6176
-5578
-4820
-3918
-2895
-1777
-593
624
1844
3031
4152
5177
6075
6821
7394
7776
7956
7929
7695
7260
6636
5841
4896
3827
2665
1442
192
-1051
-2255
-3386
-4416
-5317
-6069
-6652
-7055
-7272
-7299
-7142
-6809
-6314
-5675
-4914
-4055
-3125
-2150
-1159
-178
766
1652
2459
3169
3770
4251
4609
4840
4949
4942
4826
4615
4321
3961
3548
3100
2630
2154
1684
1229
798
398
31
-301
-599
-867
-1107
-1327
-1530
-1722
-1910
-2097
-2287
-2480
-2676
-2873
-3065
-3247
-3410
-3544
-3639
-3683
-3665
-3575
-3403
-3143
-2788
-2337
-1791
-1155
-438
348
1188
2062
2947
3821
4656
5426
6104
6665
7085
7344
7424
7313
7004
6496
5793
4906
3851
2652
1336
-63
-1511
-2966
-4388
-5736
-6968
-8046
-8935
-9604
-10029
-10190
-10077
-9687
-9025
-8103
-6943
-5573
-4029
-2352
-587
1216
3008
4736
6351
7806
9057
10066
10804
11247
11381
11200
10708
9917
8851
7539
6018
4331
2528
661
-1217
-3052
-4791
-6385
-7789
-8963
-9876
-10502
-10827
-10845
-10557
-9977
-9124
-8028
-6723
-5250
-3656
-1989
-299
1363
2951
4419
5727
6839
7728
8372
8760
8886
8755
8376
7771
6963
5983
4868
3655
2384
1097
-166
-1369
-2476
-3458
-4290
-4953
-5434
-5728
-5835
-5761
-5520
-5128
-4608
-3985
-3287
-2542
-1779
-1026
-310
347
926
1412
1794
2067
2229
2285
2244
2117
1920
1670
1388
1092
802
537
313
142
36
0
0
0
0
0
0
0
0
0
0
0
0
0
0
0
0
0
0
0
0
0
0
0
0
0
0
0
0
0
0
0
0
0
0
0
0
0
0
0
0
0
0
0
0
0
0
0
0
0
0
0
0
0
0
0
0
0
0
0
0
0
0
0
0
0
0
0
0
0
0
0
0
0
0
0
0
0
0
0
0
0
0
0
0
0
0
0
0
0
0
0
0
0
0
0
0
0
0
0
0
0
0
0
0
0
0
0
0
0
0
0
0
0
0
0
0
0
0
0
0
0
0
0
0
0
0
0
0
0
0
0
0
0
0
0
