17269
10860
2323
-6503
-13675
-17624
-17552
-13646
-7044
438
6748
10116
9502
4874
-2766
-11612
-19489
-24393
-24992
-20975
-13146
-3247
6453
13713
16874
15271
9419
894
-8039
-14981
-17991
-16075
-9452
484
11483
20977
26708
27284
22529
13547
2464
-8071
-15531
-18124
-15240
-7608
2863
13539
21694
25174
22923
15258
3804
-8879
-19903
-26744
-27847
-23008
-13430
-1444
10040
18230
21115
17953
9452
-2389
-14751
-24660
-29696
-28562
-21402
-9768
3740
16081
24488
27110
23450
14470
2370
-9933
-19489
-23995
-22337
-14836
-3174
10002
21698
29260
30980
26482
16796
4110
-8737
-18907
-24204
-23562
-17269
-6882
5141
16010
23227
25144
21317
12579
836
-11371
-21439
-27272
-27724
-22829
-13764
-2566
8328
16611
20598
19566
13876
4870
-5444
-14830
-21300
-23513
-21037
-14409
-4991
5321
14505
20812
23111
21086
15278
6950
-2178
-10279
-15767
-17601
-15467
-9822
-1797
7032
14943
20394
22308
20275
14624
6366
-2997
-11743
-18255
-21326
-20385
-15618
-7946
1143
9863
16470
19603
18552
13416
5102
-4831
-14468
-21899
-25605
-24765
-19436
-10561
202
10793
19159
23661
23411
18457
9790
-852
-11321
-19489
-23676
-22989
-17506
-8259
2970
14002
22701
27390
27185
22159
13316
2383
-8538
-17386
-22537
-23111
-19117
-11435
-1619
8414
16757
21866
22839
19557
12675
3479
-6373
-15156
-21389
-24077
-22861
-18059
-10579
-1745
6935
14023
18380
19340
16806
11247
3621
-4785
-12557
-18379
-21238
-20593
-16466
-9452
-634
8577
16669
22278
24419
22671
17266
9070
-547
-9934
-17446
-21735
-21998
-18136
-10784
-1216
8878
17691
23626
25585
23172
16768
7458
-3158
-13264
-21146
-25502
-25659
-21680
-14337
-4956
4831
13373
19282
21658
20214
15302
7819
-962
-9610
-16770
-21364
-22742
-20752
-15744
-8489
-60
8328
15489
20425
22454
21302
17139
10562
2517
-5819
-13200
-18490
-20833
-19793
-15444
-8376
370
9452
17427
22985
25167
23534
18256
10098
306
-9595
-18051
-23738
-25781
-23899
-18445
-10342
-916
8328
15950
20809
22233
20100
14836
7317
-1280
-9676
-16676
-21335
-23071
-21720
-17531
-11107
-3316
4831
12303
18167
21692
22436
20294
15522
8715
749
-7315
-14367
-19391
-21614
-20635
-16499
-9718
-1216
7793
15984
22118
25243
24846
20941
14071
5225
-4317
-13185
-20136
-24233
-24981
-22385
-16923
-9452
-1064
7079
13917
18615
20664
19908
16541
11055
4160
-3299
-10441
-16433
-20571
-22346
-21500
-18059
-12350
-4978
3219
11256
18121
22898
24907
23810
19683
13021
4692
-4186
-12397
-18810
-22546
-23111
-20461
-15010
-7549
873
9116
16108
20992
23227
22631
19380
13947
7025
-575
-8021
-14540
-19489
-22393
-22979
-21192
-17198
-11380
-4318
3252
10500
16581
20738
22403
21287
17441
11278
3530
-4831
-12726
-19119
-23164
-24330
-22475
-17858
-11093
-3053
5263
12871
18928
22826
24245
23158
19803
14624
8203
1193
-5740
-11965
-16925
-20162
-21356
-20348
-17173
-12078
-5526
1827
9185
15695
20553
23111
22980
20099
14756
7561
-632
-8844
-16108
-21593
-24718
-25209
-23119
-18786
-12774
-5772
1491
8328
14156
18525
21131
21815
20554
17456
12759
6829
157
-6661
-12962
-18074
-21393
-22467
-21073
-17269
-11407
-4108
3815
11459
17953
22575
24845
24580
21894
17166
10967
3970
-3141
-9741
-15316
-19489
-22014
-22770
-21741
-19008
-14749
-9242
-2876
3856
10372
16048
20279
22562
22571
20219
15695
9452
2160
-5382
-12349
-18005
-21791
-23390
-22743
-20034
-15633
-10027
-3752
2675
8791
14203
18591
21694
23307
23278
21529
18082
13090
6866
-124
-7279
-13920
-19371
-23050
-24552
-23716
-20646
-15704
-9452
-2566
4252
10371
15295
18702
20448
20539
19094
16300
12377
7562
2112
-3683
-9486
-14901
-19489
-22805
-24451
-24142
-21768
-17438
-11484
-4439
3027
10196
16398
21097
23949
24833
23833
21195
17269
12441
7082
1521
-3964
-9127
-13732
-17535
-20273
-21685
-21548
-19726
-16225
-11226
-5098
1631
8328
14339
19077
22108
23198
22340
19731
15719
10741
5241
-379
-5798
-10778
-15145
-18756
-21466
-23111
-23512
-22505
-19986
-15959
-10586
-4196
2727
9595
15790
20750
24052
25465
24976
22770
19180
14624
9523
4248
-917
-5776
-10197
-14077
-17297
-19700
-21088
-21249
-20007
-17276
-13115
-7755
-1596
4831
10938
16157
20031
22272
22793
21697
19237
15748
11578
7027
2319
-2403
-7049
-11537
-15747
-19489
-22499
-24467
-25085
-24121
-21478
-17245
-11701
-5294
1425
7882
13568
18106
21295
23105
23647
23111
21701
19579
16838
13498
9548
4992
-89
-5505
-10937
-15966
-20131
-23004
-24269
-23789
-21632
-18059
-13479
-8369
-3188
1692
6031
9732
12810
15333
17361
18889
19825
19992
19174
17181
13920
9452
4016
-1983
-8031
-13586
-18168
-21437
-23239
-23614
-22759
-20961
-18517
-15660
-12521
-9114
-5374
-1216
3394
8381
13521
18461
22755
25952
27680
27728
26088
22961
18716
13812
8707
3772
-764
-4831
-8490
-11867
-15078
-18157
-21005
-23396
-25007
-25498
-24600
-22191
-18354
-13373
-7699
-1865
3613
8328
12050
14744
16547
17693
18431
18934
19241
19243
18710
17367
14982
11457
6883
1553
-4073
-9452
-14062
-17506
-19582
-20313
-19919
-18745
-17163
-15467
-13805
-12147
-10313
-8037
-5073
-1287
3267
8328
13456
18116
21785
24065
24768
23951
21896
19028
15815
12647
9751
7146
4666
2023
-1077
-4831
-9250
-14115
-19011
-23395
-26721
-28561
-28704
-27204
-24367
-20675
-16664
-12802
-9378
-6445
-3833
-1216
1772
5409
9781
14721
19828
24540
28256
30482
30944
29657
26921
23245
19226
15398
12111
9452
7239
5094
2565
-728
-4965
-10045
-15584
-20986
-25578
-28767
-30179
-29755
-27760
-24720
-21282
-18059
-15470
-13644
-12393
-11282
-9753
-7294
-3603
1312
7104
13150
18690
23005
25590
26278
25276
23111
20490
18120
16519
15885
16045
16506
16589
15621
13129
8982
3453
-2828
-9013
-14239
-17836
-19489
-19316
-17833
-15814
-14091
-13329
-13846
-15527
-17844
-19995
-21112
-20496
-17815
-13207
-7266
-912
4831
9088
11343
11577
10263
8243
6510
5936
7044
9852
13860
18163
21681
23433
22803
19704
14624
8515
2563
-2101
-4690
-4961
-3277
-517
2150
3571
2915
-95
-5096
-11155
-16996
-21313
-23111
-21957
-18111
-12473
-6364
-1202
1858
2218
0
-3978
-8403
-11804
-12923
-11061
-6263
661
8328
15110
19547
20709
18446
13439
7038
933
-3268
-4451
-2288
2670
9109
15281
19436
20270
-17269
-10860
-2323
6503
13675
17624
17552
13646
7044
-438
-6748
-10116
-9502
-4874
2766
11612
19489
24393
24992
20975
13146
3247
-6453
-13713
-16874
-15271
-9419
-894
8039
14981
17991
16075
9452
-484
-11483
-20977
-26708
-27284
-22529
-13547
-2464
8071
15531
18124
15240
7608
-2863
-13539
-21694
-25174
-22923
-15258
-3804
8879
19903
26744
27847
23008
13430
1444
-10040
-18230
-21115
-17953
-9452
2389
14751
24660
29696
28562
21402
9768
-3740
-16081
-24488
-27110
-23450
-14470
-2370
9933
19489
23995
22337
14836
3174
-10002
-21698
-29260
-30980
-26482
-16796
-4110
8737
18907
24204
23562
17269
6882
-5141
-16010
-23227
-25144
-21317
-12579
-836
11371
21439
27272
27724
22829
13764
2566
-8328
-16611
-20598
-19566
-13876
-4870
5444
14830
21300
23513
21037
14409
4991
-5321
-14505
-20812
-23111
-21086
-15278
-6950
2178
10279
15767
17601
15467
9822
1797
-7032
-14943
-20394
-22308
-20275
-14624
-6366
2997
11743
18255
21326
20385
15618
7946
-1143
-9863
-16470
-19603
-18552
-13416
-5102
4831
14468
21899
25605
24765
19436
10561
-202
-10793
-19159
-23661
-23411
-18457
-9790
852
11321
19489
23676
22989
17506
8259
-2970
-14002
-22701
-27390
-27185
-22159
-13316
-2383
8538
17386
22537
23111
19117
11435
1619
-8414
-16757
-21866
-22839
-19557
-12675
-3479
6373
15156
21389
24077
22861
18059
10579
1745
-6935
-14023
-18380
-19340
-16806
-11247
-3621
4785
12557
18379
21238
20593
16466
9452
634
-8577
-16669
-22278
-24419
-22671
-17266
-9070
547
9934
17446
21735
21998
18136
10784
1216
-8878
-17691
-23626
-25585
-23172
-16768
-7458
3158
13264
21146
25502
25659
21680
14337
4956
-4831
-13373
-19282
-21658
-20214
-15302
-7819
962
9610
16770
21364
22742
20752
15744
8489
60
-8328
-15489
-20425
-22454
-21302
-17139
-10562
-2517
5819
13200
18490
20833
19793
15444
8376
-370
-9452
-17427
-22985
-25167
-23534
-18256
-10098
-306
9595
18051
23738
25781
23899
18445
10342
916
-8328
-15950
-20809
-22233
-20100
-14836
-7317
1280
9676
16676
21335
23071
21720
17531
11107
3316
-4831
-12303
-18167
-21692
-22436
-20294
-15522
-8715
-749
7315
14367
19391
21614
20635
16499
9718
1216
-7793
-15984
-22118
-25243
-24846
-20941
-14071
-5225
4317
13185
20136
24233
24981
22385
16923
9452
1064
-7079
-13917
-18615
-20664
-19908
-16541
-11055
-4160
3299
10441
16433
20571
22346
21500
18059
12350
4978
-3219
-11256
-18121
-22898
-24907
-23810
-19683
-13021
-4692
4186
12397
18810
22546
23111
20461
15010
7549
-873
-9116
-16108
-20992
-23227
-22631
-19380
-13947
-7025
575
8021
14540
19489
22393
22979
21192
17198
11380
4318
-3252
-10500
-16581
-20738
-22403
-21287
-17441
-11278
-3530
4831
12726
19119
23164
24330
22475
17858
11093
3053
-5263
-12871
-18928
-22826
-24245
-23158
-19803
-14624
-8203
-1193
5740
11965
16925
20162
21356
20348
17173
12078
5526
-1827
-9185
-15695
-20553
-23111
-22980
-20099
-14756
-7561
632
8844
16108
21593
24718
25209
23119
18786
12774
5772
-1491
-8328
-14156
-18525
-21131
-21815
-20554
-17456
-12759
-6829
-157
6661
12962
18074
21393
22467
21073
17269
11407
4108
-3815
-11459
-17953
-22575
-24845
-24580
-21894
-17166
-10967
-3970
3141
9741
15316
19489
22014
22770
21741
19008
14749
9242
2876
-3856
-10372
-16048
-20279
-22562
-22571
-20219
-15695
-9452
-2160
5382
12349
18005
21791
23390
22743
20034
15633
10027
3752
-2675
-8791
-14203
-18591
-21694
-23307
-23278
-21529
-18082
-13090
-6866
124
7279
13920
19371
23050
24552
23716
20646
15704
9452
2566
-4252
-10371
-15295
-18702
-20448
-20539
-19094
-16300
-12377
-7562
-2112
3683
9486
14901
19489
22805
24451
24142
21768
17438
11484
4439
-3027
-10196
-16398
-21097
-23949
-24833
-23833
-21195
-17269
-12441
-7082
-1521
3964
9127
13732
17535
20273
21685
21548
19726
16225
11226
5098
-1631
-8328
-14339
-19077
-22108
-23198
-22340
-19731
-15719
-10741
-5241
379
5798
10778
15145
18756
21466
23111
23512
22505
19986
15959
10586
4196
-2727
-9595
-15790
-20750
-24052
-25465
-24976
-22770
-19180
-14624
-9523
-4248
917
5776
10197
14077
17297
19700
21088
21249
20007
17276
13115
7755
1596
-4831
-10938
-16157
-20031
-22272
-22793
-21697
-19237
-15748
-11578
-7027
-2319
2403
7049
11537
15747
19489
22499
24467
25085
24121
21478
17245
11701
5294
-1425
-7882
-13568
-18106
-21295
-23105
-23647
-23111
-21701
-19579
-16838
-13498
-9548
-4992
89
5505
10937
15966
20131
23004
24269
23789
21632
18059
13479
8369
3188
-1692
-6031
-9732
-12810
-15333
-17361
-18889
-19825
-19992
-19174
-17181
-13920
-9452
-4016
1983
8031
13586
18168
21437
23239
23614
22759
20961
18517
15660
12521
9114
5374
1216
-3394
-8381
-13521
-18461
-22755
-25952
-27680
-27728
-26088
-22961
-18716
-13812
-8707
-3772
764
4831
8490
11867
15078
18157
21005
23396
25007
25498
24600
22191
18354
13373
7699
1865
-3613
-8328
-12050
-14744
-16547
-17693
-18431
-18934
-19241
-19243
-18710
-17367
-14982
-11457
-6883
-1553
4073
9452
14062
17506
19582
20313
19919
18745
17163
15467
13805
12147
10313
8037
5073
1287
-3267
-8328
-13456
-18116
-21785
-24065
-24768
-23951
-21896
-19028
-15815
-12647
-9751
-7146
-4666
-2023
1077
4831
9250
14115
19011
23395
26721
28561
28704
27204
24367
20675
16664
12802
9378
6445
3833
1216
-1772
-5409
-9781
-14721
-19828
-24540
-28256
-30482
-30944
-29657
-26921
-23245
-19226
-15398
-12111
-9452
-7239
-5094
-2565
728
4965
10045
15584
20986
25578
28767
30179
29755
27760
24720
21282
18059
15470
13644
12393
11282
9753
7294
3603
-1312
-7104
-13150
-18690
-23005
-25590
-26278
-25276
-23111
-20490
-18120
-16519
-15885
-16045
-16506
-16589
-15621
-13129
-8982
-3453
2828
9013
14239
17836
19489
19316
17833
15814
14091
13329
13846
15527
17844
19995
21112
20496
17815
13207
7266
912
-4831
-9088
-11343
-11577
-10263
-8243
-6510
-5936
-7044
-9852
-13860
-18163
-21681
-23433
-22803
-19704
-14624
-8515
-2563
2101
4690
4961
3277
517
-2150
-3571
-2915
95
5096
11155
16996
21313
23111
21957
18111
12473
6364
1202
-1858
-2218
0
3978
8403
11804
12923
11061
6263
-661
-8328
-15110
-19547
-20709
-18446
-13439
-7038
-933
3268
4451
2288
-2670
-9109
-15281
-19436
-20270
-17269
-10860
-2323
6503
13675
17624
17552
13646
7044
-438
-6748
-10116
-9502
-4874
2766
11612
19489
24393
24992
20975
13146
3247
-6453
-13713
-16874
-15271
-9419
-894
8039
14981
17991
16075
9452
-484
-11483
-20977
-26708
-27284
-22529
-13547
-2464
8071
15531
18124
15240
7608
-2863
-13539
-21694
-25174
-22923
-15258
-3804
8879
19903
26744
27847
23008
13430
1444
-10040
-18230
-21115
-17953
-9452
2389
14751
24660
29696
28562
21402
9768
-3740
-16081
-24488
-27110
-23450
-14470
-2370
9933
19489
23995
22337
14836
3174
-10002
-21698
-29260
-30980
-26482
-16796
-4110
8737
18907
24204
23562
17269
6882
-5141
-16010
-23227
-25144
-21317
-12579
-836
11371
21439
27272
27724
22829
13764
2566
-8328
-16611
-20598
-19566
-13876
-4870
5444
14830
21300
23513
21037
14409
4991
-5321
-14505
-20812
-23111
-21086
-15278
-6950
2178
10279
15767
17601
15467
9822
1797
-7032
-14943
-20394
-22308
-20275
-14624
-6366
2997
11743
18255
21326
20385
15618
7946
-1143
-9863
-16470
-19603
-18552
-13416
-5102
4831
14468
21899
25605
24765
19436
10561
-202
-10793
-19159
-23661
-23411
-18457
-9790
852
11321
19489
23676
22989
17506
8259
-2970
-14002
-22701
-27390
-27185
-22159
-13316
-2383
8538
17386
22537
23111
19117
11435
1619
-8414
-16757
-21866
-22839
-19557
-12675
-3479
6373
15156
21389
24077
22861
18059
10579
1745
-6935
-14023
-18380
-19340
-16806
-11247
-3621
4785
12557
18379
21238
20593
16466
9452
634
-8577
-16669
-22278
-24419
-22671
-17266
-9070
547
9934
17446
21735
21998
18136
10784
1216
-8878
-17691
-23626
-25585
-23172
-16768
-7458
3158
13264
21146
25502
25659
21680
14337
4956
-4831
-13373
-19282
-21658
-20214
-15302
-7819
962
9610
16770
21364
22742
20752
15744
8489
60
-8328
-15489
-20425
-22454
-21302
-17139
-10562
-2517
5819
13200
18490
20833
19793
15444
8376
-370
-9452
-17427
-22985
-25167
-23534
-18256
-10098
-306
9595
18051
23738
25781
23899
18445
10342
916
-8328
-15950
-20809
-22233
-20100
-14836
-7317
1280
9676
16676
21335
23071
21720
17531
11107
3316
-4831
-12303
-18167
-21692
-22436
-20294
-15522
-8715
-749
7315
14367
19391
21614
20635
16499
9718
1216
-7793
-15984
-22118
-25243
-24846
-20941
-14071
-5225
4317
13185
20136
24233
24981
22385
16923
9452
1064
-7079
-13917
-18615
-20664
-19908
-16541
-11055
-4160
3299
10441
16433
20571
22346
21500
18059
12350
4978
-3219
-11256
-18121
-22898
-24907
-23810
-19683
-13021
-4692
4186
12397
18810
22546
23111
20461
15010
7549
-873
-9116
-16108
-20992
-23227
-22631
-19380
-13947
-7025
575
8021
14540
19489
22393
22979
21192
17198
11380
4318
-3252
-10500
-16581
-20738
-22403
-21287
-17441
-11278
-3530
4831
12726
19119
23164
24330
22475
17858
11093
3053
-5263
-12871
-18928
-22826
-24245
-23158
-19803
-14624
-8203
-1193
5740
11965
16925
20162
21356
20348
17173
12078
5526
-1827
-9185
-15695
-20553
-23111
-22980
-20099
-14756
-7561
632
8844
16108
21593
24718
25209
23119
18786
12774
5772
-1491
-8328
-14156
-18525
-21131
-21815
-20554
-17456
-12759
-6829
-157
6661
12962
18074
21393
22467
21073
17269
11407
4108
-3815
-11459
-17953
-22575
-24845
-24580
-21894
-17166
-10967
-3970
3141
9741
15316
19489
22014
22770
21741
19008
14749
9242
2876
-3856
-10372
-16048
-20279
-22562
-22571
-20219
-15695
-9452
-2160
5382
12349
18005
21791
23390
22743
20034
15633
10027
3752
-2675
-8791
-14203
-18591
-21694
-23307
-23278
-21529
-18082
-13090
-6866
124
7279
13920
19371
23050
24552
23716
20646
15704
9452
2566
-4252
-10371
-15295
-18702
-20448
-20539
-19094
-16300
-12377
-7562
-2112
3683
9486
14901
19489
22805
24451
24142
21768
17438
11484
4439
-3027
-10196
-16398
-21097
-23949
-24833
-23833
-21195
-17269
-12441
-7082
-1521
3964
9127
13732
17535
20273
21685
21548
19726
16225
11226
5098
-1631
-8328
-14339
-19077
-22108
-23198
-22340
-19731
-15719
-10741
-5241
379
5798
10778
15145
18756
21466
23111
23512
22505
19986
15959
10586
4196
-2727
-9595
-15790
-20750
-24052
-25465
-24976
-22770
-19180
-14624
-9523
-4248
917
5776
10197
14077
17297
19700
21088
21249
20007
17276
13115
7755
1596
-4831
-10938
-16157
-20031
-22272
-22793
-21697
-19237
-15748
-11578
-7027
-2319
2403
7049
11537
15747
19489
22499
24467
25085
24121
21478
17245
11701
5294
-1425
-7882
-13568
-18106
-21295
-23105
-23647
-23111
-21701
-19579
-16838
-13498
-9548
-4992
89
5505
10937
15966
20131
23004
24269
23789
21632
18059
13479
8369
3188
-1692
-6031
-9732
-12810
-15333
-17361
-18889
-19825
-19992
-19174
-17181
-13920
-9452
-4016
1983
8031
13586
18168
21437
23239
23614
22759
20961
18517
15660
12521
9114
5374
1216
-3394
-8381
-13521
-18461
-22755
-25952
-27680
-27728
-26088
-22961
-18716
-13812
-8707
-3772
764
4831
8490
11867
15078
18157
21005
23396
25007
25498
24600
22191
18354
13373
7699
1865
-3613
-8328
-12050
-14744
-16547
-17693
-18431
-18934
-19241
-19243
-18710
-17367
-14982
-11457
-6883
-1553
4073
9452
14062
17506
19582
20313
19919
18745
17163
15467
13805
12147
10313
8037
5073
1287
-3267
-8328
-13456
-18116
-21785
-24065
-24768
-23951
-21896
-19028
-15815
-12647
-9751
-7146
-4666
-2023
1077
4831
9250
14115
19011
23395
26721
28561
28704
27204
24367
20675
16664
12802
9378
6445
3833
1216
-1772
-5409
-9781
-14721
-19828
-24540
-28256
-30482
-30944
-29657
-26921
-23245
-19226
-15398
-12111
-9452
-7239
-5094
-2565
728
4965
10045
15584
20986
25578
28767
30179
29755
27760
24720
21282
18059
15470
13644
12393
11282
9753
7294
3603
-1312
-7104
-13150
-18690
-23005
-25590
-26278
-25276
-23111
-20490
-18120
-16519
-15885
-16045
-16506
-16589
-15621
-13129
-8982
-3453
2828
9013
14239
17836
19489
19316
17833
15814
14091
13329
13846
15527
17844
19995
21112
20496
17815
13207
7266
912
-4831
-9088
-11343
-11577
-10263
-8243
-6510
-5936
-7044
-9852
-13860
-18163
-21681
-23433
-22803
-19704
-14624
-8515
-2563
2101
4690
4961
3277
517
-2150
-3571
-2915
95
5096
11155
16996
21313
23111
21957
18111
12473
6364
1202
-1858
-2218
0
3978
8403
11804
12923
11061
6263
-661
-8328
-15110
-19547
-20709
-18446
-13439
-7038
-933
3268
4451
2288
-2670
-9109
-15281
-19436
-20270
-17269
-10860
-2323
6503
13675
17624
17552
13646
7044
-438
-6748
-10116
-9502
-4874
2766
11612
19489
24393
24992
20975
13146
3247
-6453
-13713
-16874
-15271
-9419
-894
8039
14981
17991
16075
9452
-484
-11483
-20977
-26708
-27284
-22529
-13547
-2464
8071
15531
18124
15240
7608
-2863
-13539
-21694
-25174
-22923
-15258
-3804
8879
19903
26744
27847
23008
13430
1444
-10040
-18230
-21115
-17953
-9452
2389
14751
24660
29696
28562
21402
9768
-3740
-16081
-24488
-27110
-23450
-14470
-2370
9933
19489
23995
22337
14836
3174
-10002
-21698
-29260
-30980
-26482
-16796
-4110
8737
18907
24204
23562
17269
6882
-5141
-16010
-23227
-25144
-21317
-12579
-836
11371
21439
27272
27724
22829
13764
2566
-8328
-16611
-20598
-19566
-13876
-4870
5444
14830
21300
23513
21037
14409
4991
-5321
-14505
-20812
-23111
-21086
-15278
-6950
2178
10279
15767
17601
15467
9822
1797
-7032
-14943
-20394
-22308
-20275
-14624
-6366
2997
11743
18255
21326
20385
15618
7946
-1143
-9863
-16470
-19603
-18552
-13416
-5102
4831
14468
21899
25605
24765
19436
10561
-202
-10793
-19159
-23661
-23411
-18457
-9790
852
11321
19489
23676
22989
17506
8259
-2970
-14002
-22701
-27390
-27185
-22159
-13316
-2383
8538
17386
22537
23111
19117
11435
1619
-8414
-16757
-21866
-22839
-19557
-12675
-3479
6373
15156
21389
24077
22861
18059
10579
1745
-6935
-14023
-18380
-19340
-16806
-11247
-3621
4785
12557
18379
21238
20593
16466
9452
634
-8577
-16669
-22278
-24419
-22671
-17266
-9070
547
9934
17446
21735
21998
18136
10784
1216
-8878
-17691
-23626
-25585
-23172
-16768
-7458
3158
13264
21146
25502
25659
21680
14337
4956
-4831
-13373
-19282
-21658
-20214
-15302
-7819
962
9610
16770
21364
22742
20752
15744
8489
60
-8328
-15489
-20425
-22454
-21302
-17139
-10562
-2517
5819
13200
18490
20833
19793
15444
8376
-370
-9452
-17427
-22985
-25167
-23534
-18256
-10098
-306
9595
18051
23738
25781
23899
18445
10342
916
-8328
-15950
-20809
-22233
-20100
-14836
-7317
1280
9676
16676
21335
23071
21720
17531
11107
3316
-4831
-12303
-18167
-21692
-22436
-20294
-15522
-8715
-749
7315
14367
19391
21614
20635
16499
9718
1216
-7793
-15984
-22118
-25243
-24846
-20941
-14071
-5225
4317
13185
20136
24233
24981
22385
16923
9452
1064
-7079
-13917
-18615
-20664
-19908
-16541
-11055
-4160
3299
10441
16433
20571
22346
21500
18059
12350
4978
-3219
-11256
-18121
-22898
-24907
-23810
-19683
-13021
-4692
4186
12397
18810
22546
23111
20461
15010
7549
-873
-9116
-16108
-20992
-23227
-22631
-19380
-13947
-7025
575
8021
14540
19489
22393
22979
21192
17198
11380
4318
-3252
-10500
-16581
-20738
-22403
-21287
-17441
-11278
-3530
4831
12726
19119
23164
24330
22475
17858
11093
3053
-5263
-12871
-18928
-22826
-24245
-23158
-19803
-14624
-8203
-1193
5740
11965
16925
20162
21356
20348
17173
12078
5526
-1827
-9185
-15695
-20553
-23111
-22980
-20099
-14756
-7561
632
8844
16108
21593
24718
25209
23119
18786
12774
5772
-1491
-8328
-14156
-18525
-21131
-21815
-20554
-17456
-12759
-6829
-157
6661
12962
18074
21393
22467
21073
17269
11407
4108
-3815
-11459
-17953
-22575
-24845
-24580
-21894
-17166
-10967
-3970
3141
9741
15316
19489
22014
22770
21741
19008
14749
9242
2876
-3856
-10372
-16048
-20279
-22562
-22571
-20219
-15695
-9452
-2160
5382
12349
18005
21791
23390
22743
20034
15633
10027
3752
-2675
-8791
-14203
-18591
-21694
-23307
-23278
-21529
-18082
-13090
-6866
124
7279
13920
19371
23050
24552
23716
20646
15704
9452
2566
-4252
-10371
-15295
-18702
-20448
-20539
-19094
-16300
-12377
-7562
-2112
3683
9486
14901
19489
22805
24451
24142
21768
17438
11484
4439
-3027
-10196
-16398
-21097
-23949
-24833
-23833
-21195
-17269
-12441
-7082
-1521
3964
9127
13732
17535
20273
21685
21548
19726
16225
11226
5098
-1631
-8328
-14339
-19077
-22108
-23198
-22340
-19731
-15719
-10741
-5241
379
5798
10778
15145
18756
21466
23111
23512
22505
19986
15959
10586
4196
-2727
-9595
-15790
-20750
-24052
-25465
-24976
-22770
-19180
-14624
-9523
-4248
917
5776
10197
14077
17297
19700
21088
21249
20007
17276
13115
7755
1596
-4831
-10938
-16157
-20031
-22272
-22793
-21697
-19237
-15748
-11578
-7027
-2319
2403
7049
11537
15747
19489
22499
24467
25085
24121
21478
17245
11701
5294
-1425
-7882
-13568
-18106
-21295
-23105
-23647
-23111
-21701
-19579
-16838
-13498
-9548
-4992
89
5505
10937
15966
20131
23004
24269
23789
21632
18059
13479
8369
3188
-1692
-6031
-9732
-12810
-15333
-17361
-18889
-19825
-19992
-19174
-17181
-13920
-9452
-4016
1983
8031
13586
18168
21437
23239
23614
22759
20961
18517
15660
12521
9114
5374
1216
-3394
-8381
-13521
-18461
-22755
-25952
-27680
-27728
-26088
-22961
-18716
-13812
-8707
-3772
764
4831
8490
11867
15078
18157
21005
23396
25007
25498
24600
22191
18354
13373
7699
1865
-3613
-8328
-12050
-14744
-16547
-17693
-18431
-18934
-19241
-19243
-18710
-17367
-14982
-11457
-6883
-1553
4073
9452
14062
17506
19582
20313
19919
18745
17163
15467
13805
12147
10313
8037
5073
1287
-3267
-8328
-13456
-18116
-21785
-24065
-24768
-23951
-21896
-19028
-15815
-12647
-9751
-7146
-4666
-2023
1077
4831
9250
14115
19011
23395
26721
28561
28704
27204
24367
20675
16664
12802
9378
6445
3833
1216
-1772
-5409
-9781
-14721
-19828
-24540
-28256
-30482
-30944
-29657
-26921
-23245
-19226
-15398
-12111
-9452
-7239
-5094
-2565
728
4965
10045
15584
20986
25578
28767
30179
29755
27760
24720
21282
18059
15470
13644
12393
11282
9753
7294
3603
-1312
-7104
-13150
-18690
-23005
-25590
-26278
-25276
-23111
-20490
-18120
-16519
-15885
-16045
-16506
-16589
-15621
-13129
-8982
-3453
2828
9013
14239
17836
19489
19316
17833
15814
14091
13329
13846
15527
17844
19995
21112
20496
17815
13207
7266
912
-4831
-9088
-11343
-11577
-10263
-8243
-6510
-5936
-7044
-9852
-13860
-18163
-21681
-23433
-22803
-19704
-14624
-8515
-2563
2101
4690
4961
3277
517
-2150
-3571
-2915
95
5096
11155
16996
21313
23111
21957
18111
12473
6364
1202
-1858
-2218
0
3978
8403
11804
12923
11061
6263
-661
-8328
-15110
-19547
-20709
-18446
-13439
-7038
-933
3268
4451
2288
-2670
-9109
-15281
-19436
-20270
-17269
-10860
-2323
6503
13675
17624
17552
13646
7044
-438
-6748
-10116
-9502
-4874
2766
11612
19489
24393
24992
20975
13146
3247
-6453
-13713
-16874
-15271
-9419
-894
8039
14981
17991
16075
9452
-484
-11483
-20977
-26708
-27284
-22529
-13547
-2464
8071
15531
18124
15240
7608
-2863
-13539
-21694
-25174
-22923
-15258
-3804
8879
19903
26744
27847
23008
13430
1444
-10040
-18230
-21115
-17953
-9452
2389
14751
24660
29696
28562
21402
9768
-3740
-16081
-24488
-27110
-23450
-14470
-2370
9933
19489
23995
22337
14836
3174
-10002
-21698
-29260
-30980
-26482
-16796
-4110
8737
18907
24204
23562
17269
6882
-5141
-16010
-23227
-25144
-21317
-12579
-836
11371
21439
27272
27724
22829
13764
2566
-8328
-16611
-20598
-19566
-13876
-4870
5444
14830
21300
23513
21037
14409
4991
-5321
-14505
-20812
-23111
-21086
-15278
-6950
2178
10279
15767
17601
15467
9822
1797
-7032
-14943
-20394
-22308
-20275
-14624
-6366
2997
11743
18255
21326
20385
15618
7946
-1143
-9863
-16470
-19603
-18552
-13416
-5102
4831
14468
21899
25605
24765
19436
10561
-202
-10793
-19159
-23661
-23411
-18457
-9790
852
11321
19489
23676
22989
17506
8259
-2970
-14002
-22701
-27390
-27185
-22159
-13316
-2383
8538
17386
22537
23111
19117
11435
1619
-8414
-16757
-21866
-22839
-19557
-12675
-3479
6373
15156
21389
24077
22861
18059
10579
1745
-6935
-14023
-18380
-19340
-16806
-11247
-3621
4785
12557
18379
21238
20593
16466
9452
634
-8577
-16669
-22278
-24419
-22671
-17266
-9070
547
9934
17446
21735
21998
18136
10784
1216
-8878
-17691
-23626
-25585
-23172
-16768
-7458
3158
13264
21146
25502
25659
21680
14337
4956
-4831
-13373
-19282
-21658
-20214
-15302
-7819
962
9610
16770
21364
22742
20752
15744
8489
60
-8328
-15489
-20425
-22454
-21302
-17139
-10562
-2517
5819
13200
18490
20833
19793
15444
8376
-370
-9452
-17427
-22985
-25167
-23534
-18256
-10098
-306
9595
18051
23738
25781
23899
18445
10342
916
-8328
-15950
-20809
-22233
-20100
-14836
-7317
1280
9676
16676
21335
23071
21720
17531
11107
3316
-4831
-12303
-18167
-21692
-22436
-20294
-15522
-8715
-749
7315
14367
19391
21614
20635
16499
9718
1216
-7793
-15984
-22118
-25243
-24846
-20941
-14071
-5225
4317
13185
20136
24233
24981
22385
16923
9452
1064
-7079
-13917
-18615
-20664
-19908
-16541
-11055
-4160
3299
10441
16433
20571
22346
21500
18059
12350
4978
-3219
-11256
-18121
-22898
-24907
-23810
-19683
-13021
-4692
4186
12397
18810
22546
23111
20461
15010
7549
-873
-9116
-16108
-20992
-23227
-22631
-19380
-13947
-7025
575
8021
14540
19489
22393
22979
21192
17198
11380
4318
-3252
-10500
-16581
-20738
-22403
-21287
-17441
-11278
-3530
4831
12726
19119
23164
24330
22475
17858
11093
3053
-5263
-12871
-18928
-22826
-24245
-23158
-19803
-14624
-8203
-1193
5740
11965
16925
20162
21356
20348
17173
12078
5526
-1827
-9185
-15695
-20553
-23111
-22980
-20099
-14756
-7561
632
8844
16108
21593
24718
25209
23119
18786
12774
5772
-1491
-8328
-14156
-18525
-21131
-21815
-20554
-17456
-12759
-6829
-157
6661
12962
18074
21393
22467
21073
17269
11407
4108
-3815
-11459
-17953
-22575
-24845
-24580
-21894
-17166
-10967
-3970
3141
9741
15316
19489
22014
22770
21741
19008
14749
9242
2876
-3856
-10372
-16048
-20279
-22562
-22571
-20219
-15695
-9452
-2160
5382
12349
18005
21791
23390
22743
20034
15633
10027
3752
-2675
-8791
-14203
-18591
-21694
-23307
-23278
-21529
-18082
-13090
-6866
124
7279
13920
19371
23050
24552
23716
20646
15704
9452
2566
-4252
-10371
-15295
-18702
-20448
-20539
-19094
-16300
-12377
-7562
-2112
3683
9486
14901
19489
22805
24451
24142
21768
17438
11484
4439
-3027
-10196
-16398
-21097
-23949
-24833
-23833
-21195
-17269
-12441
-7082
-1521
3964
9127
13732
17535
20273
21685
21548
19726
16225
11226
5098
-1631
-8328
-14339
-19077
-22108
-23198
-22340
-19731
-15719
-10741
-5241
379
5798
10778
15145
18756
21466
23111
23512
22505
19986
15959
10586
4196
-2727
-9595
-15790
-20750
-24052
-25465
-24976
-22770
-19180
-14624
-9523
-4248
917
5776
10197
14077
17297
19700
21088
21249
20007
17276
13115
7755
1596
-4831
-10938
-16157
-20031
-22272
-22793
-21697
-19237
-15748
-11578
-7027
-2319
2403
7049
11537
15747
19489
22499
24467
25085
24121
21478
17245
11701
5294
-1425
-7882
-13568
-18106
-21295
-23105
-23647
-23111
-21701
-19579
-16838
-13498
-9548
-4992
89
5505
10937
15966
20131
23004
24269
23789
21632
18059
13479
8369
3188
-1692
-6031
-9732
-12810
-15333
-17361
-18889
-19825
-19992
-19174
-17181
-13920
-9452
-4016
1983
8031
13586
18168
21437
23239
23614
22759
20961
18517
15660
12521
9114
5374
1216
-3394
-8381
-13521
-18461
-22755
-25952
-27680
-27728
-26088
-22961
-18716
-13812
-8707
-3772
764
4831
8490
11867
15078
18157
21005
23396
25007
25498
24600
22191
18354
13373
7699
1865
-3613
-8328
-12050
-14744
-16547
-17693
-18431
-18934
-19241
-19243
-18710
-17367
-14982
-11457
-6883
-1553
4073
9452
14062
17506
19582
20313
19919
18745
17163
15467
13805
12147
10313
8037
5073
1287
-3267
-8328
-13456
-18116
-21785
-24065
-24768
-23951
-21896
-19028
-15815
-12647
-9751
-7146
-4666
-2023
1077
4831
9250
14115
19011
23395
26721
28561
28704
27204
24367
20675
16664
12802
9378
6445
3833
1216
-1772
-5409
-9781
-14721
-19828
-24540
-28256
-30482
-30944
-29657
-26921
-23245
-19226
-15398
-12111
-9452
-7239
-5094
-2565
728
4965
10045
15584
20986
25578
28767
30179
29755
27760
24720
21282
18059
15470
13644
12393
11282
9753
7294
3603
-1312
-7104
-13150
-18690
-23005
-25590
-26278
-25276
-23111
-20490
-18120
-16519
-15885
-16045
-16506
-16589
-15621
-13129
-8982
-3453
2828
9013
14239
17836
19489
19316
17833
15814
14091
13329
13846
15527
17844
19995
21112
20496
17815
13207
7266
912
-4831
-9088
-11343
-11577
-10263
-8243
-6510
-5936
-7044
-9852
-13860
-18163
-21681
-23433
-22803
-19704
-14624
-8515
-2563
2101
4690
4961
3277
517
-2150
-3571
-2915
95
5096
11155
16996
21313
23111
21957
18111
12473
6364
1202
-1858
-2218
0
3978
8403
11804
12923
11061
6263
-661
-8328
-15110
-19547
-20709
-18446
-13439
-7038
-933
3268
4451
2288
-2670
-9109
-15281
-19436
-20270
-17269
-10860
-2323
6503
13675
17624
17552
13646
7044
-438
-6748
-10116
-9502
-4874
2766
11612
19489
24393
24992
20975
13146
3247
-6453
-13713
-16874
-15271
-9419
-894
8039
14981
17991
16075
9452
-484
-11483
-20977
-26708
-27284
-22529
-13547
-2464
8071
15531
18124
15240
7608
-2863
-13539
-21694
-25174
-22923
-15258
-3804
8879
19903
26744
27847
23008
13430
1444
-10040
-18230
-21115
-17953
-9452
2389
14751
24660
29696
28562
21402
9768
-3740
-16081
-24488
-27110
-23450
-14470
-2370
9933
19489
23995
22337
14836
3174
-10002
-21698
-29260
-30980
-26482
-16796
-4110
8737
18907
24204
23562
17269
6882
-5141
-16010
-23227
-25144
-21317
-12579
-836
11371
21439
27272
27724
22829
13764
2566
-8328
-16611
-20598
-19566
-13876
-4870
5444
14830
21300
23513
21037
14409
4991
-5321
-14505
-20812
-23111
-21086
-15278
-6950
2178
10279
15767
17601
15467
9822
1797
-7032
-14943
-20394
-22308
-20275
-14624
-6366
2997
11743
18255
21326
20385
15618
7946
-1143
-9863
-16470
-19603
-18552
-13416
-5102
4831
14468
21899
25605
24765
19436
10561
-202
-10793
-19159
-23661
-23411
-18457
-9790
852
11321
19489
23676
22989
17506
8259
-2970
-14002
-22701
-27390
-27185
-22159
-13316
-2383
8538
17386
22537
23111
19117
11435
1619
-8414
-16757
-21866
-22839
-19557
-12675
-3479
6373
15156
21389
24077
22861
18059
10579
1745
-6935
-14023
-18380
-19340
-16806
-11247
-3621
4785
12557
18379
21238
20593
16466
9452
634
-8577
-16669
-22278
-24419
-22671
-17266
-9070
547
9934
17446
21735
21998
18136
10784
1216
-8878
-17691
-23626
-25585
-23172
-16768
-7458
3158
13264
21146
25502
25659
21680
14337
4956
-4831
-13373
-19282
-21658
-20214
-15302
-7819
962
9610
16770
21364
22742
20752
15744
8489
60
-8328
-15489
-20425
-22454
-21302
-17139
-10562
-2517
5819
13200
18490
20833
19793
15444
8376
-370
-9452
-17427
-22985
-25167
-23534
-18256
-10098
-306
9595
18051
23738
25781
23899
18445
10342
916
-8328
-15950
-20809
-22233
-20100
-14836
-7317
1280
9676
16676
21335
23071
21720
17531
11107
3316
-4831
-12303
-18167
-21692
-22436
-20294
-15522
-8715
-749
7315
14367
19391
21614
20635
16499
9718
1216
-7793
-15984
-22118
-25243
-24846
-20941
-14071
-5225
4317
13185
20136
24233
24981
22385
16923
9452
1064
-7079
-13917
-18615
-20664
-19908
-16541
-11055
-4160
3299
10441
16433
20571
22346
21500
18059
12350
4978
-3219
-11256
-18121
-22898
-24907
-23810
-19683
-13021
-4692
4186
12397
18810
22546
23111
20461
15010
7549
-873
-9116
-16108
-20992
-23227
-22631
-19380
-13947
-7025
575
8021
14540
19489
22393
22979
21192
17198
11380
4318
-3252
-10500
-16581
-20738
-22403
-21287
-17441
-11278
-3530
4831
12726
19119
23164
24330
22475
17858
11093
3053
-5263
-12871
-18928
-22826
-24245
-23158
-19803
-14624
-8203
-1193
5740
11965
16925
20162
21356
20348
17173
12078
5526
-1827
-9185
-15695
-20553
-23111
-22980
-20099
-14756
-7561
632
8844
16108
21593
24718
25209
23119
18786
12774
5772
-1491
-8328
-14156
-18525
-21131
-21815
-20554
-17456
-12759
-6829
-157
6661
12962
18074
21393
22467
21073
17269
11407
4108
-3815
-11459
-17953
-22575
-24845
-24580
-21894
-17166
-10967
-3970
3141
9741
15316
19489
22014
22770
21741
19008
14749
9242
2876
-3856
-10372
-16048
-20279
-22562
-22571
-20219
-15695
-9452
-2160
5382
12349
18005
21791
23390
22743
20034
15633
10027
3752
-2675
-8791
-14203
-18591
-21694
-23307
-23278
-21529
-18082
-13090
-6866
124
7279
13920
19371
23050
24552
23716
20646
15704
9452
2566
-4252
-10371
-15295
-18702
-20448
-20539
-19094
-16300
-12377
-7562
-2112
3683
9486
14901
19489
22805
24451
24142
21768
17438
11484
4439
-3027
-10196
-16398
-21097
-23949
-24833
-23833
-21195
-17269
-12441
-7082
-1521
3964
9127
13732
17535
20273
21685
21548
19726
16225
11226
5098
-1631
-8328
-14339
-19077
-22108
-23198
-22340
-19731
-15719
-10741
-5241
379
5798
10778
15145
18756
21466
23111
23512
22505
19986
15959
10586
4196
-2727
-9595
-15790
-20750
-24052
-25465
-24976
-22770
-19180
-14624
-9523
-4248
917
5776
10197
14077
17297
19700
21088
21249
20007
17276
13115
7755
1596
-4831
-10938
-16157
-20031
-22272
-22793
-21697
-19237
-15748
-11578
-7027
-2319
2403
7049
11537
15747
19489
22499
24467
25085
24121
21478
17245
11701
5294
-1425
-7882
-13568
-18106
-21295
-23105
-23647
-23111
-21701
-19579
-16838
-13498
-9548
-4992
89
5505
10937
15966
20131
23004
24269
23789
21632
18059
13479
8369
3188
-1692
-6031
-9732
-12810
-15333
-17361
-18889
-19825
-19992
-19174
-17181
-13920
-9452
-4016
1983
8031
13586
18168
21437
23239
23614
22759
20961
18517
15660
12521
9114
5374
1216
-3394
-8381
-13521
-18461
-22755
-25952
-27680
-27728
-26088
-22961
-18716
-13812
-8707
-3772
764
4831
8490
11867
15078
18157
21005
23396
25007
25498
24600
22191
18354
13373
7699
1865
-3613
-8328
-12050
-14744
-16547
-17693
-18431
-18934
-19241
-19243
-18710
-17367
-14982
-11457
-6883
-1553
4073
9452
14062
17506
19582
20313
19919
18745
17163
15467
13805
12147
10313
8037
5073
1287
-3267
-8328
-13456
-18116
-21785
-24065
-24768
-23951
-21896
-19028
-15815
-12647
-9751
-7146
-4666
-2023
1077
4831
9250
14115
19011
23395
26721
28561
28704
27204
24367
20675
16664
12802
9378
6445
3833
1216
-1772
-5409
-9781
-14721
-19828
-24540
-28256
-30482
-30944
-29657
-26921
-23245
-19226
-15398
-12111
-9452
-7239
-5094
-2565
728
4965
10045
15584
20986
25578
28767
30179
29755
27760
24720
21282
18059
15470
13644
12393
11282
9753
7294
3603
-1312
-7104
-13150
-18690
-23005
-25590
-26278
-25276
-23111
-20490
-18120
-16519
-15885
-16045
-16506
-16589
-15621
-13129
-8982
-3453
2828
9013
14239
17836
19489
19316
17833
15814
14091
13329
13846
15527
17844
19995
21112
20496
17815
13207
7266
912
-4831
-9088
-11343
-11577
-10263
-8243
-6510
-5936
-7044
-9852
-13860
-18163
-21681
-23433
-22803
-19704
-14624
-8515
-2563
2101
4690
4961
3277
517
-2150
-3571
-2915
95
5096
11155
16996
21313
23111
21957
18111
12473
6364
1202
-1858
-2218
0
3978
8403
11804
12923
11061
6263
-661
-8328
-15110
-19547
-20709
-18446
-13439
-7038
-933
3268
4451
2288
-2670
-9109
-15281
-19436
-20270
17269
10860
2323
-6503
-13675
-17624
-17552
-13646
-7044
438
6748
10116
9502
4874
-2766
-11612
-19489
-24393
-24992
-20975
-13146
-3247
6453
13713
16874
15271
9419
894
-8039
-14981
-17991
-16075
-9452
484
11483
20977
26708
27284
22529
13547
2464
-8071
-15531
-18124
-15240
-7608
2863
13539
21694
25174
22923
15258
3804
-8879
-19903
-26744
-27847
-23008
-13430
-1444
10040
18230
21115
17953
9452
-2389
-14751
-24660
-29696
-28562
-21402
-9768
3740
16081
24488
27110
23450
14470
2370
-9933
-19489
-23995
-22337
-14836
-3174
10002
21698
29260
30980
26482
16796
4110
-8737
-18907
-24204
-23562
-17269
-6882
5141
16010
23227
25144
21317
12579
836
-11371
-21439
-27272
-27724
-22829
-13764
-2566
8328
16611
20598
19566
13876
4870
-5444
-14830
-21300
-23513
-21037
-14409
-4991
5321
14505
20812
23111
21086
15278
6950
-2178
-10279
-15767
-17601
-15467
-9822
-1797
7032
14943
20394
22308
20275
14624
6366
-2997
-11743
-18255
-21326
-20385
-15618
-7946
1143
9863
16470
19603
18552
13416
5102
-4831
-14468
-21899
-25605
-24765
-19436
-10561
202
10793
19159
23661
23411
18457
9790
-852
-11321
-19489
-23676
-22989
-17506
-8259
2970
14002
22701
27390
27185
22159
13316
2383
-8538
-17386
-22537
-23111
-19117
-11435
-1619
8414
16757
21866
22839
19557
12675
3479
-6373
-15156
-21389
-24077
-22861
-18059
-10579
-1745
6935
14023
18380
19340
16806
11247
3621
-4785
-12557
-18379
-21238
-20593
-16466
-9452
-634
8577
16669
22278
24419
22671
17266
9070
-547
-9934
-17446
-21735
-21998
-18136
-10784
-1216
8878
17691
23626
25585
23172
16768
7458
-3158
-13264
-21146
-25502
-25659
-21680
-14337
-4956
4831
13373
19282
21658
20214
15302
7819
-962
-9610
-16770
-21364
-22742
-20752
-15744
-8489
-60
8328
15489
20425
22454
21302
17139
10562
2517
-5819
-13200
-18490
-20833
-19793
-15444
-8376
370
9452
17427
22985
25167
23534
18256
10098
306
-9595
-18051
-23738
-25781
-23899
-18445
-10342
-916
8328
15950
20809
22233
20100
14836
7317
-1280
-9676
-16676
-21335
-23071
-21720
-17531
-11107
-3316
4831
12303
18167
21692
22436
20294
15522
8715
749
-7315
-14367
-19391
-21614
-20635
-16499
-9718
-1216
7793
15984
22118
25243
24846
20941
14071
5225
-4317
-13185
-20136
-24233
-24981
-22385
-16923
-9452
-1064
7079
13917
18615
20664
19908
16541
11055
4160
-3299
-10441
-16433
-20571
-22346
-21500
-18059
-12350
-4978
3219
11256
18121
22898
24907
23810
19683
13021
4692
-4186
-12397
-18810
-22546
-23111
-20461
-15010
-7549
873
9116
16108
20992
23227
22631
19380
13947
7025
-575
-8021
-14540
-19489
-22393
-22979
-21192
-17198
-11380
-4318
3252
10500
16581
20738
22403
21287
17441
11278
3530
-4831
-12726
-19119
-23164
-24330
-22475
-17858
-11093
-3053
5263
12871
18928
22826
24245
23158
19803
14624
8203
1193
-5740
-11965
-16925
-20162
-21356
-20348
-17173
-12078
-5526
1827
9185
15695
20553
23111
22980
20099
14756
7561
-632
-8844
-16108
-21593
-24718
-25209
-23119
-18786
-12774
-5772
1491
8328
14156
18525
21131
21815
20554
17456
12759
6829
157
-6661
-12962
-18074
-21393
-22467
-21073
-17269
-11407
-4108
3815
11459
17953
22575
24845
24580
21894
17166
10967
3970
-3141
-9741
-15316
-19489
-22014
-22770
-21741
-19008
-14749
-9242
-2876
3856
10372
16048
20279
22562
22571
20219
15695
9452
2160
-5382
-12349
-18005
-21791
-23390
-22743
-20034
-15633
-10027
-3752
2675
8791
14203
18591
21694
23307
23278
21529
18082
13090
6866
-124
-7279
-13920
-19371
-23050
-24552
-23716
-20646
-15704
-9452
-2566
4252
10371
15295
18702
20448
20539
19094
16300
12377
7562
2112
-3683
-9486
-14901
-19489
-22805
-24451
-24142
-21768
-17438
-11484
-4439
3027
10196
16398
21097
23949
24833
23833
21195
17269
12441
7082
1521
-3964
-9127
-13732
-17535
-20273
-21685
-21548
-19726
-16225
-11226
-5098
1631
8328
14339
19077
22108
23198
22340
19731
15719
10741
5241
-379
-5798
-10778
-15145
-18756
-21466
-23111
-23512
-22505
-19986
-15959
-10586
-4196
2727
9595
15790
20750
24052
25465
24976
22770
19180
14624
9523
4248
-917
-5776
-10197
-14077
-17297
-19700
-21088
-21249
-20007
-17276
-13115
-7755
-1596
4831
10938
16157
20031
22272
22793
21697
19237
15748
11578
7027
2319
-2403
-7049
-11537
-15747
-19489
-22499
-24467
-25085
-24121
-21478
-17245
-11701
-5294
1425
7882
13568
18106
21295
23105
23647
23111
21701
19579
16838
13498
9548
4992
-89
-5505
-10937
-15966
-20131
-23004
-24269
-23789
-21632
-18059
-13479
-8369
-3188
1692
6031
9732
12810
15333
17361
18889
19825
19992
19174
17181
13920
9452
4016
-1983
-8031
-13586
-18168
-21437
-23239
-23614
-22759
-20961
-18517
-15660
-12521
-9114
-5374
-1216
3394
8381
13521
18461
22755
25952
27680
27728
26088
22961
18716
13812
8707
3772
-764
-4831
-8490
-11867
-15078
-18157
-21005
-23396
-25007
-25498
-24600
-22191
-18354
-13373
-7699
-1865
3613
8328
12050
14744
16547
17693
18431
18934
19241
19243
18710
17367
14982
11457
6883
1553
-4073
-9452
-14062
-17506
-19582
-20313
-19919
-18745
-17163
-15467
-13805
-12147
-10313
-8037
-5073
-1287
3267
8328
13456
18116
21785
24065
24768
23951
21896
19028
15815
12647
9751
7146
4666
2023
-1077
-4831
-9250
-14115
-19011
-23395
-26721
-28561
-28704
-27204
-24367
-20675
-16664
-12802
-9378
-6445
-3833
-1216
1772
5409
9781
14721
19828
24540
28256
30482
30944
29657
26921
23245
19226
15398
12111
9452
7239
5094
2565
-728
-4965
-10045
-15584
-20986
-25578
-28767
-30179
-29755
-27760
-24720
-21282
-18059
-15470
-13644
-12393
-11282
-9753
-7294
-3603
1312
7104
13150
18690
23005
25590
26278
25276
23111
20490
18120
16519
15885
16045
16506
16589
15621
13129
8982
3453
-2828
-9013
-14239
-17836
-19489
-19316
-17833
-15814
-14091
-13329
-13846
-15527
-17844
-19995
-21112
-20496
-17815
-13207
-7266
-912
4831
9088
11343
11577
10263
8243
6510
5936
7044
9852
13860
18163
21681
23433
22803
19704
14624
8515
2563
-2101
-4690
-4961
-3277
-517
2150
3571
2915
-95
-5096
-11155
-16996
-21313
-23111
-21957
-18111
-12473
-6364
-1202
1858
2218
0
-3978
-8403
-11804
-12923
-11061
-6263
661
8328
15110
19547
20709
18446
13439
7038
933
-3268
-4451
-2288
2670
9109
15281
19436
20270
-17269
-10860
-2323
6503
13675
17624
17552
13646
7044
-438
-6748
-10116
-9502
-4874
2766
11612
19489
24393
24992
20975
13146
3247
-6453
-13713
-16874
-15271
-9419
-894
8039
14981
17991
16075
9452
-484
-11483
-20977
-26708
-27284
-22529
-13547
-2464
8071
15531
18124
15240
7608
-2863
-13539
-21694
-25174
-22923
-15258
-3804
8879
19903
26744
27847
23008
13430
1444
-10040
-18230
-21115
-17953
-9452
2389
14751
24660
29696
28562
21402
9768
-3740
-16081
-24488
-27110
-23450
-14470
-2370
9933
19489
23995
22337
14836
3174
-10002
-21698
-29260
-30980
-26482
-16796
-4110
8737
18907
24204
23562
17269
6882
-5141
-16010
-23227
-25144
-21317
-12579
-836
11371
21439
27272
27724
22829
13764
2566
-8328
-16611
-20598
-19566
-13876
-4870
5444
14830
21300
23513
21037
14409
4991
-5321
-14505
-20812
-23111
-21086
-15278
-6950
2178
10279
15767
17601
15467
9822
1797
-7032
-14943
-20394
-22308
-20275
-14624
-6366
2997
11743
18255
21326
20385
15618
7946
-1143
-9863
-16470
-19603
-18552
-13416
-5102
4831
14468
21899
25605
24765
19436
10561
-202
-10793
-19159
-23661
-23411
-18457
-9790
852
11321
19489
23676
22989
17506
8259
-2970
-14002
-22701
-27390
-27185
-22159
-13316
-2383
8538
17386
22537
23111
19117
11435
1619
-8414
-16757
-21866
-22839
-19557
-12675
-3479
6373
15156
21389
24077
22861
18059
10579
1745
-6935
-14023
-18380
-19340
-16806
-11247
-3621
4785
12557
18379
21238
20593
16466
9452
634
-8577
-16669
-22278
-24419
-22671
-17266
-9070
547
9934
17446
21735
21998
18136
10784
1216
-8878
-17691
-23626
-25585
-23172
-16768
-7458
3158
13264
21146
25502
25659
21680
14337
4956
-4831
-13373
-19282
-21658
-20214
-15302
-7819
962
9610
16770
21364
22742
20752
15744
8489
60
-8328
-15489
-20425
-22454
-21302
-17139
-10562
-2517
5819
13200
18490
20833
19793
15444
8376
-370
-9452
-17427
-22985
-25167
-23534
-18256
-10098
-306
9595
18051
23738
25781
23899
18445
10342
916
-8328
-15950
-20809
-22233
-20100
-14836
-7317
1280
9676
16676
21335
23071
21720
17531
11107
3316
-4831
-12303
-18167
-21692
-22436
-20294
-15522
-8715
-749
7315
14367
19391
21614
20635
16499
9718
1216
-7793
-15984
-22118
-25243
-24846
-20941
-14071
-5225
4317
13185
20136
24233
24981
22385
16923
9452
1064
-7079
-13917
-18615
-20664
-19908
-16541
-11055
-4160
3299
10441
16433
20571
22346
21500
18059
12350
4978
-3219
-11256
-18121
-22898
-24907
-23810
-19683
-13021
-4692
4186
12397
18810
22546
23111
20461
15010
7549
-873
-9116
-16108
-20992
-23227
-22631
-19380
-13947
-7025
575
8021
14540
19489
22393
22979
21192
17198
11380
4318
-3252
-10500
-16581
-20738
-22403
-21287
-17441
-11278
-3530
4831
12726
19119
23164
24330
22475
17858
11093
3053
-5263
-12871
-18928
-22826
-24245
-23158
-19803
-14624
-8203
-1193
5740
11965
16925
20162
21356
20348
17173
12078
5526
-1827
-9185
-15695
-20553
-23111
-22980
-20099
-14756
-7561
632
8844
16108
21593
24718
25209
23119
18786
12774
5772
-1491
-8328
-14156
-18525
-21131
-21815
-20554
-17456
-12759
-6829
-157
6661
12962
18074
21393
22467
21073
17269
11407
4108
-3815
-11459
-17953
-22575
-24845
-24580
-21894
-17166
-10967
-3970
3141
9741
15316
19489
22014
22770
21741
19008
14749
9242
2876
-3856
-10372
-16048
-20279
-22562
-22571
-20219
-15695
-9452
-2160
5382
12349
18005
21791
23390
22743
20034
15633
10027
3752
-2675
-8791
-14203
-18591
-21694
-23307
-23278
-21529
-18082
-13090
-6866
124
7279
13920
19371
23050
24552
23716
20646
15704
9452
2566
-4252
-10371
-15295
-18702
-20448
-20539
-19094
-16300
-12377
-7562
-2112
3683
9486
14901
19489
22805
24451
24142
21768
17438
11484
4439
-3027
-10196
-16398
-21097
-23949
-24833
-23833
-21195
-17269
-12441
-7082
-1521
3964
9127
13732
17535
20273
21685
21548
19726
16225
11226
5098
-1631
-8328
-14339
-19077
-22108
-23198
-22340
-19731
-15719
-10741
-5241
379
5798
10778
15145
18756
21466
23111
23512
22505
19986
15959
10586
4196
-2727
-9595
-15790
-20750
-24052
-25465
-24976
-22770
-19180
-14624
-9523
-4248
917
5776
10197
14077
17297
19700
21088
21249
20007
17276
13115
7755
1596
-4831
-10938
-16157
-20031
-22272
-22793
-21697
-19237
-15748
-11578
-7027
-2319
2403
7049
11537
15747
19489
22499
24467
25085
24121
21478
17245
11701
5294
-1425
-7882
-13568
-18106
-21295
-23105
-23647
-23111
-21701
-19579
-16838
-13498
-9548
-4992
89
5505
10937
15966
20131
23004
24269
23789
21632
18059
13479
8369
3188
-1692
-6031
-9732
-12810
-15333
-17361
-18889
-19825
-19992
-19174
-17181
-13920
-9452
-4016
1983
8031
13586
18168
21437
23239
23614
22759
20961
18517
15660
12521
9114
5374
1216
-3394
-8381
-13521
-18461
-22755
-25952
-27680
-27728
-26088
-22961
-18716
-13812
-8707
-3772
764
4831
8490
11867
15078
18157
21005
23396
25007
25498
24600
22191
18354
13373
7699
1865
-3613
-8328
-12050
-14744
-16547
-17693
-18431
-18934
-19241
-19243
-18710
-17367
-14982
-11457
-6883
-1553
4073
9452
14062
17506
19582
20313
19919
18745
17163
15467
13805
12147
10313
8037
5073
1287
-3267
-8328
-13456
-18116
-21785
-24065
-24768
-23951
-21896
-19028
-15815
-12647
-9751
-7146
-4666
-2023
1077
4831
9250
14115
19011
23395
26721
28561
28704
27204
24367
20675
16664
12802
9378
6445
3833
1216
-1772
-5409
-9781
-14721
-19828
-24540
-28256
-30482
-30944
-29657
-26921
-23245
-19226
-15398
-12111
-9452
-7239
-5094
-2565
728
4965
10045
15584
20986
25578
28767
30179
29755
27760
24720
21282
18059
15470
13644
12393
11282
9753
7294
3603
-1312
-7104
-13150
-18690
-23005
-25590
-26278
-25276
-23111
-20490
-18120
-16519
-15885
-16045
-16506
-16589
-15621
-13129
-8982
-3453
2828
9013
14239
17836
19489
19316
17833
15814
14091
13329
13846
15527
17844
19995
21112
20496
17815
13207
7266
912
-4831
-9088
-11343
-11577
-10263
-8243
-6510
-5936
-7044
-9852
-13860
-18163
-21681
-23433
-22803
-19704
-14624
-8515
-2563
2101
4690
4961
3277
517
-2150
-3571
-2915
95
5096
11155
16996
21313
23111
21957
18111
12473
6364
1202
-1858
-2218
0
3978
8403
11804
12923
11061
6263
-661
-8328
-15110
-19547
-20709
-18446
-13439
-7038
-933
3268
4451
2288
-2670
-9109
-15281
-19436
-20270
0
0
0
0
0
0
0
0
0
0
0
0
0
0
0
0
0
0
0
0
0
0
0
0
0
0
0
0
0
0
0
0
0
0
0
0
0
0
0
0
0
0
0
0
0
0
0
0
0
0
0
0
0
0
0
0
0
0
0
0
0
0
0
0
0
0
0
0
0
0
0
0
0
0
0
0
0
0
0
0
0
0
0
0
0
0
0
0
0
0
0
0
0
0
0
0
0
0
0
0
0
0
0
0
0
0
0
0
0
0
0
0
0
0
0
0
0
0
0
0
0
0
0
0
0
0
0
0
0
0
0
0
0
0
0
0
0
0
0
0
0
0
0
0
0
0
0
0
0
0
0
0
0
0
0
0
0
0
0
0
0
0
0
0
0
0
0
0
0
0
0
0
0
0
0
0
0
0
0
0
0
0
0
0
0
0
0
0
0
0
0
0
0
0
0
0
0
0
0
0
0
0
0
0
0
0
0
0
0
0
0
0
0
0
0
0
0
0
0
0
0
0
0
0
0
0
0
0
0
0
0
0
0
0
0
0
0
0
0
0
0
0
0
0
0
0
0
0
0
0
0
0
0
0
0
0
0
0
0
0
0
0
0
0
0
0
0
0
0
0
0
0
0
0
0
0
0
0
0
0
0
0
0
0
0
0
0
0
0
0
0
0
0
0
0
0
0
0
0
0
0
0
0
0
0
0
0
0
0
0
0
0
0
0
0
0
0
0
0
0
0
0
0
0
0
0
0
0
0
0
0
0
0
0
0
0
0
0
0
0
0
0
0
0
0
0
0
0
0
0
0
0
0
0
0
0
0
0
0
0
0
0
0
0
0
0
0
0
0
0
0
0
0
0
0
0
0
0
0
0
0
0
0
0
0
0
0
0
0
0
0
0
0
0
0
0
0
0
0
0
0
0
0
0
0
0
0
0
0
0
0
0
0
0
0
0
0
0
0
0
0
0
0
0
0
0
0
0
0
0
0
0
0
0
0
0
0
0
0
0
0
0
0
0
0
0
0
0
0
0
0
0
0
0
0
0
0
0
0
0
0
0
0
0
0
0
0
0
0
0
0
0
0
0
0
0
0
0
0
0
0
0
0
0
0
0
0
0
0
0
0
0
0
0
0
0
0
0
0
0
0
0
0
0
0
0
0
0
0
0
0
0
0
0
0
0
0
0
0
0
0
0
0
0
0
0
0
0
0
0
0
0
0
0
0
0
0
0
0
0
0
0
0
0
0
0
0
0
0
0
0
0
0
0
0
0
0
0
0
0
0
0
0
0
0
0
0
0
0
0
0
0
0
0
0
0
0
0
0
0
0
0
0
0
0
0
0
0
0
0
0
0
0
0
0
0
0
0
0
0
0
0
0
0
0
0
0
0
0
0
0
0
0
0
0
0
0
0
0
0
0
0
0
0
0
0
0
0
0
0
0
0
0
0
0
0
0
0
0
0
0
0
0
0
0
0
0
0
0
0
0
0
0
0
0
0
0
0
0
0
0
0
0
0
0
0
0
0
0
0
0
0
0
0
0
0
0
0
0
0
0
0
0
0
0
0
0
0
0
0
0
0
0
0
0
0
0
0
0
0
0
0
0
0
0
0
0
0
0
0
0
0
0
0
0
0
0
0
0
0
0
0
0
0
0
0
0
0
0
0
0
0
0
0
0
0
0
0
0
0
0
0
0
0
0
0
0
0
0
0
0
0
0
0
0
0
0
0
0
0
0
0
0
0
0
0
0
0
0
0
0
0
0
0
0
0
0
0
0
0
0
0
0
0
0
0
0
0
0
0
0
0
0
0
0
0
0
0
0
0
0
0
0
0
0
0
0
0
0
0
0
0
0
0
0
0
0
0
0
0
0
0
0
0
0
0
0
0
0
0
0
0
0
0
0
0
0
0
0
0
0
0
0
0
0
0
0
0
0
0
0
0
0
0
0
0
0
0
0
0
0
0
0
0
0
0
0
0
0
0
0
0
0
0
0
0
0
0
0
0
0
0
0
0
0
0
0
0
0
0
0
0
0
0
0
0
0
0
0
0
0
0
0
0
0
0
0
0
0
0
0
0
0
0
0
0
0
0
0
0
0
0
0
0
0
0
0
0
0
0
0
0
0
0
0
0
0
0
0
0
0
0
0
0
0
0
0
0
0
0
0
0
0
0
0
0
0
0
0
0
1384
1386
1383
1347
1239
1016
641
97
-603
-1410
-2236
-2960
-3448
-3571
-3238
-2417
-1153
420
2101
3638
4778
5307
5100
4147
2566
588
-1479
-3307
-4604
-5175
-4955
-4021
-2575
-904
687
1934
2664
2829
2506
1869
1145
546
224
227
494
873
1161
1170
774
-43
-1178
-2419
-3494
-4132
-4130
-3404
-2020
-186
1784
3540
4760
5222
4854
3738
2102
255
-1468
-2787
-3524
-3635
-3205
-2417
-1496
-651
-23
337
478
513
578
781
1163
1673
2182
2513
2493
2011
1058
-251
-1695
-2985
-3831
-4015
-3448
-2205
-514
1284
2808
3726
3830
3092
1676
-95
-1813
-3069
-3559
-3151
-1923
-148
1760
3351
4230
4159
3112
1287
-934
-3073
-4657
-5329
-4929
-3530
-1423
949
3092
4565
5084
4579
3206
1303
-686
-2322
-3267
-3360
-2651
-1376
98
1373
2114
2131
1426
190
-1247
-2495
-3203
-3143
-2269
-733
1150
2975
4334
4915
4568
3341
1468
-682
-2694
-4190
-4909
-4762
-3836
-2366
-675
902
2098
2760
2870
2536
1946
1309
794
488
381
372
319
81
-419
-1167
-2041
-2839
-3327
-3297
-2636
-1367
340
2191
3822
4878
5097
4374
2795
631
-1714
-3781
-5151
-5541
-4858
-3231
-982
1438
3545
4921
5298
4618
3038
894
-1370
-3302
-4530
-4839
-4210
-2812
-961
956
2566
3586
3875
3454
2485
1225
-42
-1073
-1712
-1918
-1760
-1387
-971
-663
-544
-608
-767
-880
-799
-422
271
1201
2195
3026
3462
3330
2561
1223
-484
-2266
-3783
-4726
-4884
-4193
-2752
-815
1265
3104
4361
4809
4381
3183
1464
-426
-2121
-3303
-3768
-3465
-2496
-1089
447
1799
2704
3003
2665
1790
574
-731
-1873
-2646
-2927
-2691
-2008
-1017
103
1176
2051
2626
2854
2740
2327
1681
875
-16
-923
-1776
-2505
-3039
-3306
-3245
-2818
-2028
-925
386
1757
3006
3954
4447
4392
3770
2651
1179
-446
-2004
-3290
-4142
-4473
-4272
-3604
-2587
-1370
-105
1076
2078
2841
3338
3565
3527
3230
2681
1892
888
-275
-1513
-2703
-3698
-4352
-4540
-4189
-3302
-1964
-337
1359
2886
4027
4621
4597
3985
2905
1547
130
-1138
-2102
-2677
-2859
-2716
-2358
-1908
-1468
-1093
-785
-500
-167
277
869
1586
2347
3020
3448
3489
3048
2111
755
-849
-2472
-3856
-4770
-5047
-4622
-3544
-1969
-131
1695
3248
4317
4776
4599
3852
2679
1267
-185
-1501
-2546
-3236
-3541
-3475
-3081
-2420
-1562
-580
448
1442
2314
2975
3339
3342
2951
2179
1097
-174
-1473
-2617
-3434
-3791
-3619
-2927
-1808
-423
1023
2315
3260
3720
3635
3026
1993
699
-664
-1899
-2836
-3352
-3389
-2954
-2120
-1009
224
1413
2396
3043
3263
3023
2351
1332
106
-1151
-2255
-3031
-3347
-3139
-2423
-1298
60
1429
2573
3286
3430
2962
1951
569
-938
-2293
-3239
-3585
-3252
-2285
-854
779
2309
3439
3945
3716
2775
1283
-494
-2234
-3617
-4383
-4387
-3616
-2202
-387
1513
3171
4304
4724
4369
3308
1732
-86
-1846
-3259
-4111
-4285
-3785
-2725
-1307
216
1592
2605
3116
3080
2553
1673
632
-363
-1130
-1546
-1567
-1238
-675
-43
484
762
711
332
-285
-986
-1579
-1882
-1766
-1189
-216
988
2188
3121
3557
3350
2477
1054
-678
-2401
-3772
-4503
-4418
-3501
-1903
81
2070
3668
4552
4537
3623
1992
-21
-2001
-3536
-4305
-4150
-3106
-1401
600
2466
3795
4303
3879
2614
779
-1234
-2997
-4138
-4421
-3791
-2390
-518
1429
3051
4020
4157
3460
2099
380
-1331
-2684
-3417
-3411
-2702
-1474
-7
1382
2413
2890
2743
2029
917
-356
-1539
-2412
-2826
-2726
-2150
-1214
-80
1068
2065
2775
3112
3038
2564
1743
660
-567
-1803
-2894
-3690
-4057
-3901
-3190
-1970
-374
1390
3061
4369
5076
5034
4210
2712
771
-1292
-3127
-4415
-4939
-4624
-3555
-1959
-162
1483
2667
3190
3004
2215
1057
-159
-1129
-1616
-1511
-856
167
1282
2180
2596
2374
1503
125
-1490
-3013
-4115
-4545
-4184
-3069
-1384
576
2473
3985
4871
5015
4434
3266
1731
86
-1432
-2641
-3436
-3790
-3740
-3359
-2731
-1931
-1013
-21
1004
2009
2911
3605
3971
3904
3338
2280
824
-849
-2498
-3854
-4676
-4799
-4175
-2887
-1143
762
2499
3768
4354
4173
3282
1869
212
-1375
-2609
-3281
-3301
-2705
-1639
-329
972
2032
2675
2814
2451
1674
628
-510
-1568
-2394
-2880
-2964
-2638
-1938
-940
242
1471
2593
3449
3898
3837
3221
2086
551
-1185
-2867
-4222
-5006
-5053
-4311
-2865
-929
1183
3120
4545
5213
5014
4000
2372
444
-1419
-2882
-3701
-3773
-3152
-2034
-703
529
1399
1747
1551
925
87
-696
-1183
-1211
-743
125
1183
2158
2782
2853
2292
1159
-347
-1940
-3297
-4134
-4266
-3645
-2372
-675
1141
2756
3894
4379
4161
3317
2025
524
-936
-2144
-2957
-3314
-3233
-2791
-2095
-1257
-373
486
1273
1951
2483
2826
2925
2728
2200
1343
213
-1074
-2352
-3423
-4093
-4212
-3707
-2605
-1042
759
2521
3958
4826
4974
4364
3087
1343
-590
-2410
-3835
-4655
-4762
-4164
-2979
-1414
278
1839
3042
3729
3829
3365
2444
1235
-56
-1225
-2097
-2553
-2548
-2118
-1368
-458
430
1123
1488
1462
1064
392
-390
-1092
-1529
-1569
-1166
-373
658
1707
2528
2903
2696
1887
590
-962
-2465
-3600
-4106
-3839
-2814
-1205
678
2461
3772
4334
4023
2899
1201
-702
-2398
-3514
-3804
-3211
-1876
-113
1661
3025
3646
3360
2215
462
-1498
-3208
-4252
-4360
-3470
-1746
453
2655
4373
5220
4995
3730
1683
-713
-2956
-4572
-5230
-4805
-3409
-1360
889
2857
4135
4474
3839
2406
517
-1398
-2924
-3746
-3716
-2877
-1446
245
1828
2976
3478
3273
2452
1226
-129
-1341
-2198
-2592
-2523
-2090
-1451
-771
-186
232
486
635
765
956
1247
1614
1976
2208
2180
1794
1019
-88
-1391
-2682
-3734
-4336
-4346
-3715
-2506
-879
931
2663
4065
4943
5184
4767
3766
2321
623
-1121
-2713
-3981
-4796
-5076
-4796
-3981
-2713
-1121
623
2321
3766
4767
5184
4943
4065
2663
931
-879
-2506
-3715
-4346
-4336
-3734
-2682
-1391
-88
1019
1794
2180
2208
1976
1614
1247
956
765
635
486
232
-186
-771
-1451
-2090
-2523
-2592
-2198
-1341
-129
1226
2452
3273
3478
2976
1828
245
-1446
-2877
-3716
-3746
-2924
-1398
517
2406
3839
4474
4135
2857
889
-1360
-3409
-4805
-5230
-4572
-2956
-713
1683
3730
4995
5220
4373
2655
453
-1746
-3470
-4360
-4252
-3208
-1498
462
2215
3360
3646
3025
1661
-113
-1876
-3211
-3804
-3514
-2398
-702
1201
2899
4023
4334
3772
2461
678
-1205
-2814
-3839
-4106
-3600
-2465
-962
590
1887
2696
2903
2528
1707
658
-373
-1166
-1569
-1529
-1092
-390
392
1064
1462
1488
1123
430
-458
-1368
-2118
-2548
-2553
-2097
-1225
-56
1235
2444
3365
3829
3729
3042
1839
278
-1414
-2979
-4164
-4762
-4655
-3835
-2410
-590
1343
3087
4364
4974
4826
3958
2521
759
-1042
-2605
-3707
-4212
-4093
-3423
-2352
-1074
213
1343
2200
2728
2925
2826
2483
1951
1273
486
-373
-1257
-2095
-2791
-3233
-3314
-2957
-2144
-936
524
2025
3317
4161
4379
3894
2756
1141
-675
-2372
-3645
-4266
-4134
-3297
-1940
-347
1159
2292
2853
2782
2158
1183
125
-743
-1211
-1183
-696
87
925
1551
1747
1399
529
-703
-2034
-3152
-3773
-3701
-2882
-1419
444
2372
4000
5014
5213
4545
3120
1183
-929
-2865
-4311
-5053
-5006
-4222
-2867
-1185
551
2086
3221
3837
3898
3449
2593
1471
242
-940
-1938
-2638
-2964
-2880
-2394
-1568
-510
628
1674
2451
2814
2675
2032
972
-329
-1639
-2705
-3301
-3281
-2609
-1375
212
1869
3282
4173
4354
3768
2499
762
-1143
-2887
-4175
-4799
-4676
-3854
-2498
-849
824
2280
3338
3904
3971
3605
2911
2009
1004
-21
-1013
-1931
-2731
-3359
-3740
-3790
-3436
-2641
-1432
86
1731
3266
4434
5015
4871
3985
2473
576
-1384
-3069
-4184
-4545
-4115
-3013
-1490
125
1503
2374
2596
2180
1282
167
-856
-1511
-1616
-1129
-159
1057
2215
3004
3190
2667
1483
-162
-1959
-3555
-4624
-4939
-4415
-3127
-1292
771
2712
4210
5034
5076
4369
3061
1390
-374
-1970
-3190
-3901
-4057
-3690
-2894
-1803
-567
660
1743
2564
3038
3112
2775
2065
1068
-80
-1214
-2150
-2726
-2826
-2412
-1539
-356
917
2029
2743
2890
2413
1382
-7
-1474
-2702
-3411
-3417
-2684
-1331
380
2099
3460
4157
4020
3051
1429
-518
-2390
-3791
-4421
-4138
-2997
-1234
779
2614
3879
4303
3795
2466
600
-1401
-3106
-4150
-4305
-3536
-2001
-21
1992
3623
4537
4552
3668
2070
81
-1903
-3501
-4418
-4503
-3772
-2401
-678
1054
2477
3350
3557
3121
2188
988
-216
-1189
-1766
-1882
-1579
-986
-285
332
711
762
484
-43
-675
-1238
-1567
-1546
-1130
-363
632
1673
2553
3080
3116
2605
1592
216
-1307
-2725
-3785
-4285
-4111
-3259
-1846
-86
1732
3308
4369
4724
4304
3171
1513
-387
-2202
-3616
-4387
-4383
-3617
-2234
-494
1283
2775
3716
3945
3439
2309
779
-854
-2285
-3252
-3585
-3239
-2293
-938
569
1951
2962
3430
3286
2573
1429
60
-1298
-2423
-3139
-3347
-3031
-2255
-1151
106
1332
2351
3023
3263
3043
2396
1413
224
-1009
-2120
-2954
-3389
-3352
-2836
-1899
-664
699
1993
3026
3635
3720
3260
2315
1023
-423
-1808
-2927
-3619
-3791
-3434
-2617
-1473
-174
1097
2179
2951
3342
3339
2975
2314
1442
448
-580
-1562
-2420
-3081
-3475
-3541
-3236
-2546
-1501
-185
1267
2679
3852
4599
4776
4317
3248
1695
-131
-1969
-3544
-4622
-5047
-4770
-3856
-2472
-849
755
2111
3048
3489
3448
3020
2347
1586
869
277
-167
-500
-785
-1093
-1468
-1908
-2358
-2716
-2859
-2677
-2102
-1138
130
1547
2905
3985
4597
4621
4027
2886
1359
-337
-1964
-3302
-4189
-4540
-4352
-3698
-2703
-1513
-275
888
1892
2681
3230
3527
3565
3338
2841
2078
1076
-105
-1370
-2587
-3604
-4272
-4473
-4142
-3290
-2004
-446
1179
2651
3770
4392
4447
3954
3006
1757
386
-925
-2028
-2818
-3245
-3306
-3039
-2505
-1776
-923
-16
875
1681
2327
2740
2854
2626
2051
1176
103
-1017
-2008
-2691
-2927
-2646
-1873
-731
574
1790
2665
3003
2704
1799
447
-1089
-2496
-3465
-3768
-3303
-2121
-426
1464
3183
4381
4809
4361
3104
1265
-815
-2752
-4193
-4884
-4726
-3783
-2266
-484
1223
2561
3330
3462
3026
2195
1201
271
-422
-799
-880
-767
-608
-544
-663
-971
-1387
-1760
-1918
-1712
-1073
-42
1225
2485
3454
3875
3586
2566
956
-961
-2812
-4210
-4839
-4530
-3302
-1370
894
3038
4618
5298
4921
3545
1438
-982
-3231
-4858
-5541
-5151
-3781
-1714
631
2795
4374
5097
4878
3822
2191
340
-1367
-2636
-3297
-3327
-2839
-2041
-1167
-419
81
319
372
381
488
794
1309
1946
2536
2870
2760
2098
902
-675
-2366
-3836
-4762
-4909
-4190
-2694
-682
1468
3341
4568
4915
4334
2975
1150
-733
-2269
-3143
-3203
-2495
-1247
190
1426
2131
2114
1373
98
-1376
-2651
-3360
-3267
-2322
-686
1303
3206
4579
5084
4565
3092
949
-1423
-3530
-4929
-5329
-4657
-3073
-934
1287
3112
4159
4230
3351
1760
-148
-1923
-3151
-3559
-3069
-1813
-95
1676
3092
3830
3726
2808
1284
-514
-2205
-3448
-4015
-3831
-2985
-1695
-251
1058
2011
2493
2513
2182
1673
1163
781
578
513
478
337
-23
-651
-1496
-2417
-3205
-3635
-3524
-2787
-1468
255
2102
3738
4854
5222
4760
3540
1784
-186
-2020
-3404
-4130
-4132
-3494
-2419
-1178
-43
774
1170
1161
873
494
227
224
546
1145
1869
2506
2829
2664
1934
687
-904
-2575
-4021
-4955
-5175
-4604
-3307
-1479
588
2566
4147
5100
5307
4778
3638
2101
420
-1153
-2417
-3238
-3571
-3448
-2960
-2236
-1410
-603
97
641
1016
1239
1347
1383
1386
0
0
0
0
0
0
0
0
0
0
0
0
0
0
0
0
0
0
0
0
0
0
0
0
0
0
0
0
0
0
0
0
0
0
0
0
0
0
0
0
0
0
0
0
0
0
0
0
0
0
0
0
0
0
0
0
0
0
0
0
0
0
0
0
0
0
0
0
0
0
0
0
0
0
0
0
0
0
0
0
0
0
0
0
0
0
0
0
0
0
0
0
0
0
0
0
0
0
0
0
0
0
0
0
0
0
0
0
0
0
0
0
0
0
0
0
0
0
0
0
0
0
0
0
0
0
0
0
0
0
0
0
0
0
0
-3230
-3085
-2653
-1953
-1023
70
1227
2315
3186
3696
3739
3270
2324
1024
-434
-1817
-2892
-3475
-3471
-2894
-1874
-621
604
1560
2066
2044
1542
714
-208
-975
-1373
-1282
-703
239
1320
2265
2814
2782
2107
866
-727
-2375
-3746
-4549
-4596
-3840
-2389
-488
1533
3323
4572
5077
4772
3740
2185
394
-1325
-2703
-3550
-3787
-3451
-2671
-1639
-561
380
1062
1429
1500
1349
1080
798
587
490
508
601
703
744
662
422
22
-502
-1088
-1650
-2098
-2346
-2331
-2018
-1411
-554
468
1541
2529
3291
3700
3667
3151
2179
847
-689
-2229
-3553
-4458
-4793
-4480
-3538
-2083
-313
1520
3151
4341
4917
4800
4018
2700
1052
-675
-2230
-3399
-4033
-4075
-3558
-2594
-1355
-36
1170
2105
2664
2804
2547
1967
1180
315
-494
-1137
-1535
-1649
-1487
-1096
-554
35
568
952
1117
1035
719
227
-350
-900
-1313
-1496
-1396
-1010
-387
375
1150
1803
2211
2291
2013
1405
552
-422
-1373
-2161
-2669
-2825
-2608
-2050
-1224
-239
782
1720
2463
2926
3054
2826
2258
1402
342
-804
-1904
-2813
-3400
-3559
-3238
-2447
-1270
140
1581
2826
3665
3943
3591
2645
1253
-353
-1895
-3092
-3723
-3665
-2925
-1643
-64
1503
2749
3425
3392
2652
1353
-242
-1810
-3025
-3632
-3496
-2631
-1198
522
2191
3476
4116
3977
3077
1581
-227
-2009
-3427
-4217
-4237
-3489
-2123
-401
1352
2813
3716
3908
3368
2216
683
-929
-2314
-3207
-3439
-2970
-1891
-413
1176
2564
3470
3698
3176
1974
292
-1569
-3265
-4463
-4911
-4481
-3203
-1264
1020
3263
5063
6090
6137
5168
3325
903
-1694
-4037
-5735
-6519
-6279
-5086
-3172
-881
1395
3300
4563
5053
4786
3909
2653
1281
25
-955
-1599
-1934
-2054
-2075
-2093
-2149
-2215
-2201
-1989
-1473
-607
568
1913
3206
4190
4628
4366
3374
1772
-184
-2152
-3770
-4732
-4857
-4132
-2720
-920
889
2342
3159
3213
2552
1387
41
-1136
-1846
-1915
-1338
-273
993
2120
2794
2811
2121
849
-738
-2297
-3482
-4031
-3826
-2917
-1508
95
1565
2619
3096
2978
2390
1555
729
124
-142
-84
165
398
395
4
-806
-1921
-3093
-3997
-4313
-3817
-2452
-364
2106
4491
6290
7080
6623
4931
2273
-863
-3877
-6179
-7312
-7064
-5504
-2977
-23
2738
4748
5627
5253
3786
1623
-701
-2638
-3753
-3821
-2877
-1195
779
2544
3656
3841
3053
1480
-502
-2428
-3850
-4446
-4093
-2888
-1120
803
2456
3498
3745
3210
2084
685
-630
-1556
-1912
-1680
-1002
-130
641
1064
997
448
-430
-1383
-2121
-2402
-2094
-1217
57
1449
2635
3330
3359
2701
1495
7
-1430
-2506
-2997
-2823
-2064
-933
277
1270
1819
1820
1315
475
-446
-1184
-1530
-1388
-796
83
1008
1723
2024
1817
1143
165
-870
-1698
-2107
-1989
-1377
-430
600
1441
1862
1743
1106
109
-984
-1879
-2318
-2153
-1384
-167
1221
2448
3205
3285
2635
1371
-239
-1846
-3091
-3695
-3525
-2623
-1197
424
1873
2829
3089
2620
1561
189
-1148
-2118
-2480
-2146
-1201
119
1485
2548
3029
2783
1836
376
-1279
-2768
-3753
-4007
-3459
-2212
-519
1274
2806
3775
4003
3471
2320
812
-728
-1986
-2722
-2822
-2315
-1358
-200
878
1629
1888
1606
861
-168
-1238
-2096
-2531
-2422
-1758
-640
735
2118
3248
3905
3949
3343
2163
582
-1157
-2784
-4044
-4737
-4753
-4089
-2846
-1216
551
2191
3467
4204
4322
3844
2889
1644
334
-828
-1679
-2132
-2192
-1945
-1533
-1117
-833
-757
-885
-1131
-1348
-1369
-1052
-325
779
2122
3468
4533
5044
4801
3730
1914
-406
-2875
-5074
-6610
-7186
-6671
-5122
-2783
-39
2655
4864
6248
6629
6012
4578
2638
560
-1303
-2685
-3449
-3598
-3257
-2625
-1919
-1310
-890
-655
-516
-340
1
584
1393
2317
3167
3718
3767
3194
2001
327
-1563
-3335
-4644
-5215
-4903
-3730
-1894
274
2369
3996
4846
4767
3788
2120
106
-1846
-3348
-4112
-4000
-3057
-1494
358
2118
3432
4040
3829
2848
1294
-528
-2274
-3619
-4321
-4263
-3467
-2082
-358
1410
2931
3966
4365
4087
3200
1862
291
-1267
-2584
-3476
-3831
-3619
-2895
-1787
-475
839
1960
2726
3038
2869
2270
1358
299
-724
-1543
-2031
-2126
-1841
-1260
-514
238
852
1221
1296
1097
702
225
-210
-503
-601
-508
-282
-20
173
217
76
-221
-590
-906
-1037
-884
-411
334
1223
2063
2642
2773
2346
1361
-58
-1680
-3202
-4312
-4750
-4371
-3177
-1332
866
3039
4795
5808
5879
4978
3253
999
-1395
-3525
-5037
-5701
-5444
-4358
-2672
-705
1199
2738
3704
4008
3688
2886
1807
673
-325
-1058
-1474
-1594
-1494
-1274
-1029
-824
-685
-597
-518
-397
-197
92
449
822
1143
1348
1389
1253
959
558
114
-302
-643
-879
-1011
-1061
-1057
-1024
-968
-874
-707
-430
-17
529
1162
1790
2290
2528
2392
1824
844
-436
-1829
-3089
-3964
-4244
-3808
-2662
-944
1081
3075
4675
5567
5549
4576
2773
421
-2088
-4325
-5897
-6522
-6082
-4645
-2452
125
2657
4728
6013
6331
5673
4192
2172
-37
-2079
-3659
-4588
-4803
-4366
-3438
-2229
-957
199
1125
1780
2188
2411
2518
2559
2541
2429
2156
1649
861
-204
-1470
-2792
-3970
-4787
-5049
-4635
-3521
-1806
299
2501
4469
5892
6532
6270
5128
3265
952
-1471
-3656
-5299
-6188
-6229
-5460
-4029
-2167
-147
1763
3335
4408
4899
4807
4194
3171
1878
463
-930
-2172
-3151
-3779
-3995
-3774
-3128
-2117
-843
545
1876
2968
3659
3836
3458
2569
1299
-152
-1550
-2659
-3288
-3330
-2781
-1747
-425
932
2063
2749
2859
2373
1392
115
-1195
-2270
-2882
-2899
-2304
-1206
183
1592
2739
3391
3410
2780
1610
114
-1428
-2733
-3558
-3754
-3290
-2258
-854
663
2021
2985
3401
3221
2509
1420
173
-998
-1893
-2375
-2395
-1997
-1303
-479
294
871
1158
1136
856
428
-14
-341
-461
-341
-14
428
856
1136
1158
871
294
-479
-1303
-1997
-2395
-2375
-1893
-998
173
1420
2509
3221
3401
2985
2021
663
-854
-2258
-3290
-3754
-3558
-2733
-1428
114
1610
2780
3410
3391
2739
1592
183
-1206
-2304
-2899
-2882
-2270
-1195
115
1392
2373
2859
2749
2063
932
-425
-1747
-2781
-3330
-3288
-2659
-1550
-152
1299
2569
3458
3836
3659
2968
1876
545
-843
-2117
-3128
-3774
-3995
-3779
-3151
-2172
-930
463
1878
3171
4194
4807
4899
4408
3335
1763
-147
-2167
-4029
-5460
-6229
-6188
-5299
-3656
-1471
952
3265
5128
6270
6532
5892
4469
2501
299
-1806
-3521
-4635
-5049
-4787
-3970
-2792
-1470
-204
861
1649
2156
2429
2541
2559
2518
2411
2188
1780
1125
199
-957
-2229
-3438
-4366
-4803
-4588
-3659
-2079
-37
2172
4192
5673
6331
6013
4728
2657
125
-2452
-4645
-6082
-6522
-5897
-4325
-2088
421
2773
4576
5549
5567
4675
3075
1081
-944
-2662
-3808
-4244
-3964
-3089
-1829
-436
844
1824
2392
2528
2290
1790
1162
529
-17
-430
-707
-874
-968
-1024
-1057
-1061
-1011
-879
-643
-302
114
558
959
1253
1389
1348
1143
822
449
92
-197
-397
-518
-597
-685
-824
-1029
-1274
-1494
-1594
-1474
-1058
-325
673
1807
2886
3688
4008
3704
2738
1199
-705
-2672
-4358
-5444
-5701
-5037
-3525
-1395
999
3253
4978
5879
5808
4795
3039
866
-1332
-3177
-4371
-4750
-4312
-3202
-1680
-58
1361
2346
2773
2642
2063
1223
334
-411
-884
-1037
-906
-590
-221
76
217
173
-20
-282
-508
-601
-503
-210
225
702
1097
1296
1221
852
238
-514
-1260
-1841
-2126
-2031
-1543
-724
299
1358
2270
2869
3038
2726
1960
839
-475
-1787
-2895
-3619
-3831
-3476
-2584
-1267
291
1862
3200
4087
4365
3966
2931
1410
-358
-2082
-3467
-4263
-4321
-3619
-2274
-528
1294
2848
3829
4040
3432
2118
358
-1494
-3057
-4000
-4112
-3348
-1846
106
2120
3788
4767
4846
3996
2369
274
-1894
-3730
-4903
-5215
-4644
-3335
-1563
327
2001
3194
3767
3718
3167
2317
1393
584
1
-340
-516
-655
-890
-1310
-1919
-2625
-3257
-3598
-3449
-2685
-1303
560
2638
4578
6012
6629
6248
4864
2655
-39
-2783
-5122
-6671
-7186
-6610
-5074
-2875
-406
1914
3730
4801
5044
4533
3468
2122
779
-325
-1052
-1369
-1348
-1131
-885
-757
-833
-1117
-1533
-1945
-2192
-2132
-1679
-828
334
1644
2889
3844
4322
4204
3467
2191
551
-1216
-2846
-4089
-4753
-4737
-4044
-2784
-1157
582
2163
3343
3949
3905
3248
2118
735
-640
-1758
-2422
-2531
-2096
-1238
-168
861
1606
1888
1629
878
-200
-1358
-2315
-2822
-2722
-1986
-728
812
2320
3471
4003
3775
2806
1274
-519
-2212
-3459
-4007
-3753
-2768
-1279
376
1836
2783
3029
2548
1485
119
-1201
-2146
-2480
-2118
-1148
189
1561
2620
3089
2829
1873
424
-1197
-2623
-3525
-3695
-3091
-1846
-239
1371
2635
3285
3205
2448
1221
-167
-1384
-2153
-2318
-1879
-984
109
1106
1743
1862
1441
600
-430
-1377
-1989
-2107
-1698
-870
165
1143
1817
2024
1723
1008
83
-796
-1388
-1530
-1184
-446
475
1315
1820
1819
1270
277
-933
-2064
-2823
-2997
-2506
-1430
7
1495
2701
3359
3330
2635
1449
57
-1217
-2094
-2402
-2121
-1383
-430
448
997
1064
641
-130
-1002
-1680
-1912
-1556
-630
685
2084
3210
3745
3498
2456
803
-1120
-2888
-4093
-4446
-3850
-2428
-502
1480
3053
3841
3656
2544
779
-1195
-2877
-3821
-3753
-2638
-701
1623
3786
5253
5627
4748
2738
-23
-2977
-5504
-7064
-7312
-6179
-3877
-863
2273
4931
6623
7080
6290
4491
2106
-364
-2452
-3817
-4313
-3997
-3093
-1921
-806
4
395
398
165
-84
-142
124
729
1555
2390
2978
3096
2619
1565
95
-1508
-2917
-3826
-4031
-3482
-2297
-738
849
2121
2811
2794
2120
993
-273
-1338
-1915
-1846
-1136
41
1387
2552
3213
3159
2342
889
-920
-2720
-4132
-4857
-4732
-3770
-2152
-184
1772
3374
4366
4628
4190
3206
1913
568
-607
-1473
-1989
-2201
-2215
-2149
-2093
-2075
-2054
-1934
-1599
-955
25
1281
2653
3909
4786
5053
4563
3300
1395
-881
-3172
-5086
-6279
-6519
-5735
-4037
-1694
903
3325
5168
6137
6090
5063
3263
1020
-1264
-3203
-4481
-4911
-4463
-3265
-1569
292
1974
3176
3698
3470
2564
1176
-413
-1891
-2970
-3439
-3207
-2314
-929
683
2216
3368
3908
3716
2813
1352
-401
-2123
-3489
-4237
-4217
-3427
-2009
-227
1581
3077
3977
4116
3476
2191
522
-1198
-2631
-3496
-3632
-3025
-1810
-242
1353
2652
3392
3425
2749
1503
-64
-1643
-2925
-3665
-3723
-3092
-1895
-353
1253
2645
3591
3943
3665
2826
1581
140
-1270
-2447
-3238
-3559
-3400
-2813
-1904
-804
342
1402
2258
2826
3054
2926
2463
1720
782
-239
-1224
-2050
-2608
-2825
-2669
-2161
-1373
-422
552
1405
2013
2291
2211
1803
1150
375
-387
-1010
-1396
-1496
-1313
-900
-350
227
719
1035
1117
952
568
35
-554
-1096
-1487
-1649
-1535
-1137
-494
315
1180
1967
2547
2804
2664
2105
1170
-36
-1355
-2594
-3558
-4075
-4033
-3399
-2230
-675
1052
2700
4018
4800
4917
4341
3151
1520
-313
-2083
-3538
-4480
-4793
-4458
-3553
-2229
-689
847
2179
3151
3667
3700
3291
2529
1541
468
-554
-1411
-2018
-2331
-2346
-2098
-1650
-1088
-502
22
422
662
744
703
601
508
490
587
798
1080
1349
1500
1429
1062
380
-561
-1639
-2671
-3451
-3787
-3550
-2703
-1325
394
2185
3740
4772
5077
4572
3323
1533
-488
-2389
-3840
-4596
-4549
-3746
-2375
-727
866
2107
2782
2814
2265
1320
239
-703
-1282
-1373
-975
-208
714
1542
2044
2066
1560
604
-621
-1874
-2894
-3471
-3475
-2892
-1817
-434
1024
2324
3270
3739
3696
3186
2315
1227
70
-1023
-1953
-2653
-3085
0
0
0
0
0
0
0
0
0
0
0
0
0
0
0
0
0
0
0
0
0
0
0
0
0
0
0
0
0
0
0
0
0
0
0
0
0
0
0
0
0
0
0
0
0
0
0
0
0
0
0
0
0
0
0
0
0
0
0
0
0
0
0
0
0
0
0
0
0
0
0
0
0
0
0
0
0
0
0
0
0
0
0
0
0
0
0
0
0
0
0
0
0
0
0
0
0
0
0
0
0
0
0
0
0
0
0
0
0
0
0
0
0
0
0
0
0
0
0
0
0
0
0
0
0
0
0
0
0
0
0
0
0
0
0
