-0.49633074,0.8671371,0.95710754
-0.27695268,0.7979648,1.1526289
-0.14253932,0.7349421,0.88466644
-0.17497814,0.5939147,0.6163187
-0.24241394,0.46863222,0.42743778
-0.24661088,0.29483545,0.14547157
-0.24621391,0.09624815,-0.11128712
-0.25566316,-0.063023806,-0.21145916
-0.27746665,-0.0616107,-0.25696564
-0.30017054,-0.03879571,-0.32094097
-0.2529422,-0.015746057,-0.46432304
-0.17067993,0.051754892,-0.5495777
-0.17479599,0.1255762,-0.58150005
-0.26799095,0.20242226,-0.6498709
-0.15740812,0.3531239,-0.59677124
-0.23450553,0.39430636,-0.26698112
-0.22449946,0.40829968,-0.4093933
-0.29188693,0.43521512,-0.5977421
-0.3729216,0.52432954,-0.6167822
-0.35514557,0.7068831,-0.5526228
-0.2534566,0.6237601,-0.23445415
-0.07578409,0.47732815,-0.42765713
0.0017338991,0.42169002,-0.43311882
-0.017858386,0.3668582,-0.2269392
-0.08228707,0.31646767,-0.097408295
-0.15427244,0.21333757,-0.07189274
-0.18356454,0.1496032,-0.08807659
-0.1819464,0.0856362,-0.049038887
-0.18649328,0.021561563,-0.01939106
-0.18873,-0.06454764,-0.06363869
-0.18402863,-0.17722589,-0.078884125
-0.18552756,-0.2833122,0.0077638626
-0.1955272,-0.42247757,0.06467533
-0.1805067,-0.56697214,0.07277298
-0.162184,-0.6605654,0.120575905
-0.11930877,-0.7330745,0.08367443
-0.028173625,-0.78334993,0.0637846
0.052660882,-0.8326051,0.044158936
0.10657579,-0.86392623,0.058282852
0.14191693,-0.89503014,0.06426144
0.20016181,-0.8659077,0.053686142
0.24530113,-0.7764931,-0.010504723
0.2726131,-0.6875224,-0.0541296
0.30816495,-0.5867157,-0.06291294
0.2868337,-0.4917565,-0.18402767
0.2504108,-0.4073813,-0.30378723
0.21894193,-0.33453786,-0.43300438
0.20443845,-0.2610683,-0.54777527
0.15216291,-0.2132495,-0.61224365
0.13080466,-0.14198321,-0.6120949
0.06635064,-0.09374896,-0.62632847
0.006527424,-0.03484565,-0.6836643
-0.03422308,-0.006956458,-0.74461174
-0.05247289,0.05336231,-0.7482233
-0.07450038,0.11726785,-0.79858685
-0.068951964,0.15344894,-0.84181786
-0.05089611,0.22254622,-0.80733013
-0.032967508,0.26546794,-0.76688576
-0.04099679,0.3032936,-0.7001009
-0.07938856,0.3534081,-0.5710821
-0.0763762,0.37717158,-0.51259136
-0.07974684,0.37795246,-0.4563713
-0.11377311,0.35199052,-0.44188786
-0.14028376,0.34005594,-0.4212818
-0.12994117,0.34104675,-0.37309265
-0.14187682,0.3310148,-0.37869358
-0.14532053,0.28617138,-0.38783836
-0.13319755,0.26150614,-0.3730278
-0.104176104,0.24628186,-0.32232952
-0.09390026,0.2152763,-0.21782017
-0.06636304,0.22345632,-0.14204788
-0.038339913,0.23372036,-0.098563194
-0.03043437,0.23032129,-0.107652664
0.008419752,0.21561122,-0.10232735
0.07317269,0.15486336,-0.07544422
0.08919859,0.100667715,-0.1083622
0.09101355,0.06250745,-0.15558434
0.08469266,0.049872994,-0.14295483
0.07751697,0.06772566,-0.14468098
0.077963114,0.08043289,-0.12010765
0.05637461,0.102405906,-0.08957672
0.045135558,0.12075263,-0.04115677
0.038046896,0.14284593,-0.06816292
0.059305012,0.1305793,-0.058109283
0.06343472,0.119843364,-0.0038661957
0.061350048,0.09391248,0.029955864
0.048505783,0.051574707,0.056557655
0.074394464,-0.0059666634,0.109464645
0.09601009,-0.04269755,0.16711617
0.11345029,-0.08372116,0.15299225
0.12669629,-0.12539375,0.1508627
0.12372112,-0.13643932,0.1654644
0.15001917,-0.109303236,0.21465874
0.17709696,-0.07619834,0.2673235
0.18238282,-0.024943233,0.31626034
0.19918907,-0.020958781,0.32315636
0.1936341,-0.052113414,0.24855232
0.195077,-0.11428249,0.17493248
0.16503757,-0.19652212,0.14170837
0.16212398,-0.22668058,0.16910172
0.21141714,-0.26789927,0.18407726
0.26871026,-0.32297564,0.2957306
0.31662524,-0.36428893,0.5329399
0.36285406,-0.343714,0.44966125
0.4155932,-0.23711455,0.32734966
0.39065343,-0.10395515,0.28087997
0.28553146,0.05281675,0.09414101
0.1548106,0.18718302,-0.089749336
0.11898291,0.30328357,-0.116368294
0.047850788,0.4538852,0.14599133
-0.09517419,0.7913842,0.5364914
-0.13950694,0.80348504,-1.123455
-0.40556228,0.74657345,-0.87788296
-0.63695455,0.7887107,-0.6472902
-0.68105996,0.52386785,-0.69267845
-0.6858103,0.1902206,-0.47921467
-0.6133616,-0.08685863,-0.13502407
-0.44300008,-0.3018124,0.045718193
-0.271605,-0.3707537,0.20918465
-0.15351069,-0.30768406,0.21911049
-0.058179736,-0.15111732,0.13912392
0.007637322,0.028541803,-0.039027214
-0.022744954,0.21216273,-0.23031998
-0.12636983,0.3959577,-0.3294983
-0.2863862,0.52963364,-0.42872238
-0.48183346,0.508616,-0.52296543
-0.59524333,0.4426124,-0.07654381
-0.57603484,0.36565697,-0.06346607
-0.47966003,0.22434533,-0.18439102
-0.37657404,0.12404227,-0.20124435
-0.24121237,-0.0058267117,-0.10814667
-0.097171664,-0.1195426,-0.075024605
0.041079044,-0.26884055,-0.058368683
0.1324619,-0.40548217,-0.07641125
0.15364188,-0.45376062,-0.08373356
0.16924584,-0.49530977,-0.095840454
0.16033769,-0.47336704,-0.14234829
0.13576788,-0.40427268,-0.15641022
0.114743054,-0.30886376,-0.15843391
0.11611068,-0.22063065,-0.2197504
0.09332007,-0.18132246,-0.23655415
0.078523636,-0.1300081,-0.23771
0.054781616,-0.090685725,-0.26488876
0.015354335,-0.024170876,-0.3250456
-0.02018553,-0.0042381287,-0.3954153
-0.07814783,-0.0021442175,-0.3655033
-0.13129038,-0.027435541,-0.33110428
-0.16919178,-0.051560044,-0.33142376
-0.19446337,-0.045024037,-0.30443
-0.22768027,0.016840816,-0.318038
-0.20855647,0.05859053,-0.31849194
-0.22282958,0.082746625,-0.27858448
-0.1772911,0.104706764,-0.17486191
-0.0936926,0.08766925,-0.09806061
-0.0019869208,0.08183515,-0.046772003
0.056358874,0.058787823,0.011257172
0.110423386,0.038758278,0.09381485
0.15819669,0.038419485,0.14373112
0.15136164,0.020860672,0.18266201
0.15575033,-0.008715749,0.16436768
0.12984538,-0.008705854,0.116643906
0.06537628,6.0892105E-4,0.03138733
0.017144442,0.04778242,-0.057879448
-0.013876915,0.0742656,-0.12500477
-0.057572126,0.11226308,-0.17254734
-0.09362739,0.1378957,-0.17573547
-0.09150028,0.15840793,-0.1480217
-0.06924063,0.1488527,-0.11813545
-0.042456686,0.16652691,-0.032687187
0.010411918,0.18150246,0.071082115
0.058318377,0.1984824,0.15267181
0.09163767,0.23746979,0.21108627
0.10619819,0.2781495,0.15149403
0.098321795,0.28494203,0.101864815
0.08355087,0.2960689,0.084671974
0.07978237,0.284258,0.10082817
0.0679335,0.25342333,0.06456375
0.020735443,0.2620436,0.014279366
-0.012582719,0.23764992,0.020112038
0.012368083,0.18908358,0.05785942
0.03496784,0.14764905,0.12843895
0.08033311,0.10506809,0.12948704
0.116390884,0.091119766,0.09838009
0.12538773,0.073550105,0.05912018
0.17528051,0.06293285,0.008237839
0.19461942,0.041395664,-0.011425972
0.18138796,0.03860581,-0.030974388
0.17019153,0.012775183,-0.057523727
0.14084625,0.0054278374,-0.07792854
0.09580779,0.003243208,-0.08391762
0.087192714,-0.021116853,-0.10886669
0.086089015,-0.03191185,-0.10276222
0.074397266,-0.03639722,-0.14778328
0.095158994,-0.033523798,-0.13782501
0.12902033,-0.0021960735,-0.08400726
0.12547427,0.0370996,-0.12679958
0.13105112,0.06286621,-0.12175655
0.1179747,0.08446932,-0.1250658
0.06270844,0.11002052,-0.07845688
0.036572576,0.067106724,-0.08445358
0.027426183,-0.004559636,-0.06783199
0.025969148,-0.05728793,0.012792587
0.041970134,-0.073462725,0.08213425
0.05651623,-0.02956605,0.12129593
0.07331443,0.012137413,0.13410378
0.08577502,0.033780456,0.14337921
0.08786714,0.051010013,0.16575623
0.06394833,0.06282234,0.15834999
0.044156253,0.07162464,0.12973595
0.0390507,0.081021905,0.114507675
0.016354918,0.104092,0.054376602
-0.012136996,0.10045433,-0.032505035
-0.035987616,0.08602452,-0.11747646
-0.059795737,0.07885802,-0.17563534
-0.079640985,0.06723058,-0.20839787
-0.07988411,0.04557097,-0.22075367
-0.084251046,0.071101665,-0.25086784
-0.05356562,0.083155036,-0.30100822
-0.05093187,0.12464321,-0.33539963
-0.026348233,0.17158294,-0.36604786
-0.004775882,0.21787167,-0.37989902
0.013631284,0.26697028,-0.39252377
0.026136458,0.2891475,-0.40276337
0.062419534,0.27267504,-0.367898
0.097212315,0.24987173,-0.30254555
0.088988364,0.22660792,-0.24018288
0.0844183,0.20029974,-0.19974709
0.12253207,0.17925763,-0.15019512
0.11606419,0.13946044,-0.09752083
0.12673563,0.098832846,-0.06551361
0.12819874,0.054784298,-0.026672363
0.14185515,0.064163685,0.004717827
0.1559341,0.098042846,0.020421982
0.17436817,0.12407529,0.09064579
0.19498676,0.13773727,0.16269588
0.20498094,0.18184173,0.21639824
0.22828805,0.23244345,0.23172283
0.26136547,0.24328911,0.2220459
0.26862365,0.21109772,0.226758
0.2704335,0.16468823,0.25642776
0.23848248,0.117284894,0.27404785
0.21196038,0.059236526,0.2809124
0.18006024,0.017981768,0.24979496
0.16541967,0.0017007589,0.22849846
0.18945011,0.004394412,0.20862103
0.19498223,-0.0037983656,0.19966221
0.20094225,0.0058538914,0.18131733
0.19436127,0.014121175,0.13231373
0.17991227,0.03154564,0.10039711
0.16071236,0.05078721,0.035557747
0.13794008,0.049244642,-0.00732708
0.11517453,0.009188652,0.051104546
0.09949869,-3.2663345E-5,0.09602451
0.0669508,0.016629577,0.09072685
0.05927837,0.041217566,0.07361412
0.03935051,0.044018984,0.054268837
0.019951463,0.031200767,0.0481081
-0.007422805,0.01734674,0.03361702
-0.025298417,0.031525254,0.008388519
-0.090487,0.1271286,0.04254341
-0.11728442,0.2375809,0.05715084
-0.118463516,0.3290912,0.0130729675
-0.098365486,0.3956945,-0.033572197
-0.11093509,0.5820198,-0.023518562
-0.12595046,0.79587734,0.07600784
-0.13049483,0.8901944,0.13023567
-0.09398419,0.77640915,0.12544918
-0.09905958,0.5894073,0.07769394
-0.121887684,0.3816291,0.046946526
-0.1316598,0.14702046,0.15319729
-0.14307982,0.0060082674,0.2175808
-0.15140939,-0.036907196,0.32377625
-0.15407974,-0.016231894,0.20674229
