17269
10860
2323
-6503
-13675
-17624
-17552
-13646
-7044
438
6748
10116
9502
4874
-2766
-11612
-19489
-24393
-24992
-20975
-13146
-3247
6453
13713
16874
15271
9419
894
-8039
-14981
-17991
-16075
-9452
484
11483
20977
26708
27284
22529
13547
2464
-8071
-15531
-18124
-15240
-7608
2863
13539
21694
25174
22923
15258
3804
-8879
-19903
-26744
-27847
-23008
-13430
-1444
10040
18230
21115
17953
9452
-2389
-14751
-24660
-29696
-28562
-21402
-9768
3740
16081
24488
27110
23450
14470
2370
-9933
-19489
-23995
-22337
-14836
-3174
10002
21698
29260
30980
26482
16796
4110
-8737
-18907
-24204
-23562
-17269
-6882
5141
16010
23227
25144
21317
12579
836
-11371
-21439
-27272
-27724
-22829
-13764
-2566
8328
16611
20598
19566
13876
4870
-5444
-14830
-21300
-23513
-21037
-14409
-4991
5321
14505
20812
23111
21086
15278
6950
-2178
-10279
-15767
-17601
-15467
-9822
-1797
7032
14943
20394
22308
20275
14624
6366
-2997
-11743
-18255
-21326
-20385
-15618
-7946
1143
9863
16470
19603
18552
13416
5102
-4831
-14468
-21899
-25605
-24765
-19436
-10561
202
10793
19159
23661
23411
18457
9790
-852
-11321
-19489
-23676
-22989
-17506
-8259
2970
14002
22701
27390
27185
22159
13316
2383
-8538
-17386
-22537
-23111
-19117
-11435
-1619
8414
16757
21866
22839
19557
12675
3479
-6373
-15156
-21389
-24077
-22861
-18059
-10579
-1745
6935
14023
18380
19340
16806
11247
3621
-4785
-12557
-18379
-21238
-20593
-16466
-9452
-634
8577
16669
22278
24419
22671
17266
9070
-547
-9934
-17446
-21735
-21998
-18136
-10784
-1216
8878
17691
23626
25585
23172
16768
7458
-3158
-13264
-21146
-25502
-25659
-21680
-14337
-4956
4831
13373
19282
21658
20214
15302
7819
-962
-9610
-16770
-21364
-22742
-20752
-15744
-8489
-60
8328
15489
20425
22454
21302
17139
10562
2517
-5819
-13200
-18490
-20833
-19793
-15444
-8376
370
9452
17427
22985
25167
23534
18256
10098
306
-9595
-18051
-23738
-25781
-23899
-18445
-10342
-916
8328
15950
20809
22233
20100
14836
7317
-1280
-9676
-16676
-21335
-23071
-21720
-17531
-11107
-3316
4831
12303
18167
21692
22436
20294
15522
8715
749
-7315
-14367
-19391
-21614
-20635
-16499
-9718
-1216
7793
15984
22118
25243
24846
20941
14071
5225
-4317
-13185
-20136
-24233
-24981
-22385
-16923
-9452
-1064
7079
13917
18615
20664
19908
16541
11055
4160
-3299
-10441
-16433
-20571
-22346
-21500
-18059
-12350
-4978
3219
11256
18121
22898
24907
23810
19683
13021
4692
-4186
-12397
-18810
-22546
-23111
-20461
-15010
-7549
873
9116
16108
20992
23227
22631
19380
13947
7025
-575
-8021
-14540
-19489
-22393
-22979
-21192
-17198
-11380
-4318
3252
10500
16581
20738
22403
21287
17441
11278
3530
-4831
-12726
-19119
-23164
-24330
-22475
-17858
-11093
-3053
5263
12871
18928
22826
24245
23158
19803
14624
8203
1193
-5740
-11965
-16925
-20162
-21356
-20348
-17173
-12078
-5526
1827
9185
15695
20553
23111
22980
20099
14756
7561
-632
-8844
-16108
-21593
-24718
-25209
-23119
-18786
-12774
-5772
1491
8328
14156
18525
21131
21815
20554
17456
12759
6829
157
-6661
-12962
-18074
-21393
-22467
-21073
-17269
-11407
-4108
3815
11459
17953
22575
24845
24580
21894
17166
10967
3970
-3141
-9741
-15316
-19489
-22014
-22770
-21741
-19008
-14749
-9242
-2876
3856
10372
16048
20279
22562
22571
20219
15695
9452
2160
-5382
-12349
-18005
-21791
-23390
-22743
-20034
-15633
-10027
-3752
2675
8791
14203
18591
21694
23307
23278
21529
18082
13090
6866
-124
-7279
-13920
-19371
-23050
-24552
-23716
-20646
-15704
-9452
-2566
4252
10371
15295
18702
20448
20539
19094
16300
12377
7562
2112
-3683
-9486
-14901
-19489
-22805
-24451
-24142
-21768
-17438
-11484
-4439
3027
10196
16398
21097
23949
24833
23833
21195
17269
12441
7082
1521
-3964
-9127
-13732
-17535
-20273
-21685
-21548
-19726
-16225
-11226
-5098
1631
8328
14339
19077
22108
23198
22340
19731
15719
10741
5241
-379
-5798
-10778
-15145
-18756
-21466
-23111
-23512
-22505
-19986
-15959
-10586
-4196
2727
9595
15790
20750
24052
25465
24976
22770
19180
14624
9523
4248
-917
-5776
-10197
-14077
-17297
-19700
-21088
-21249
-20007
-17276
-13115
-7755
-1596
4831
10938
16157
20031
22272
22793
21697
19237
15748
11578
7027
2319
-2403
-7049
-11537
-15747
-19489
-22499
-24467
-25085
-24121
-21478
-17245
-11701
-5294
1425
7882
13568
18106
21295
23105
23647
23111
21701
19579
16838
13498
9548
4992
-89
-5505
-10937
-15966
-20131
-23004
-24269
-23789
-21632
-18059
-13479
-8369
-3188
1692
6031
9732
12810
15333
17361
18889
19825
19992
19174
17181
13920
9452
4016
-1983
-8031
-13586
-18168
-21437
-23239
-23614
-22759
-20961
-18517
-15660
-12521
-9114
-5374
-1216
3394
8381
13521
18461
22755
25952
27680
27728
26088
22961
18716
13812
8707
3772
-764
-4831
-8490
-11867
-15078
-18157
-21005
-23396
-25007
-25498
-24600
-22191
-18354
-13373
-7699
-1865
3613
8328
12050
14744
16547
17693
18431
18934
19241
19243
18710
17367
14982
11457
6883
1553
-4073
-9452
-14062
-17506
-19582
-20313
-19919
-18745
-17163
-15467
-13805
-12147
-10313
-8037
-5073
-1287
3267
8328
13456
18116
21785
24065
24768
23951
21896
19028
15815
12647
9751
7146
4666
2023
-1077
-4831
-9250
-14115
-19011
-23395
-26721
-28561
-28704
-27204
-24367
-20675
-16664
-12802
-9378
-6445
-3833
-1216
1772
5409
9781
14721
19828
24540
28256
30482
30944
29657
26921
23245
19226
15398
12111
9452
7239
5094
2565
-728
-4965
-10045
-15584
-20986
-25578
-28767
-30179
-29755
-27760
-24720
-21282
-18059
-15470
-13644
-12393
-11282
-9753
-7294
-3603
1312
7104
13150
18690
23005
25590
26278
25276
23111
20490
18120
16519
15885
16045
16506
16589
15621
13129
8982
3453
-2828
-9013
-14239
-17836
-19489
-19316
-17833
-15814
-14091
-13329
-13846
-15527
-17844
-19995
-21112
-20496
-17815
-13207
-7266
-912
4831
9088
11343
11577
10263
8243
6510
5936
7044
9852
13860
18163
21681
23433
22803
19704
14624
8515
2563
-2101
-4690
-4961
-3277
-517
2150
3571
2915
-95
-5096
-11155
-16996
-21313
-23111
-21957
-18111
-12473
-6364
-1202
1858
2218
0
-3978
-8403
-11804
-12923
-11061
-6263
661
8328
15110
19547
20709
18446
13439
7038
933
-3268
-4451
-2288
2670
9109
15281
19436
20270
-17269
-10860
-2323
6503
13675
17624
17552
13646
7044
-438
-6748
-10116
-9502
-4874
2766
11612
19489
24393
24992
20975
13146
3247
-6453
-13713
-16874
-15271
-9419
-894
8039
14981
17991
16075
9452
-484
-11483
-20977
-26708
-27284
-22529
-13547
-2464
8071
15531
18124
15240
7608
-2863
-13539
-21694
-25174
-22923
-15258
-3804
8879
19903
26744
27847
23008
13430
1444
-10040
-18230
-21115
-17953
-9452
2389
14751
24660
29696
28562
21402
9768
-3740
-16081
-24488
-27110
-23450
-14470
-2370
9933
19489
23995
22337
14836
3174
-10002
-21698
-29260
-30980
-26482
-16796
-4110
8737
18907
24204
23562
17269
6882
-5141
-16010
-23227
-25144
-21317
-12579
-836
11371
21439
27272
27724
22829
13764
2566
-8328
-16611
-20598
-19566
-13876
-4870
5444
14830
21300
23513
21037
14409
4991
-5321
-14505
-20812
-23111
-21086
-15278
-6950
2178
10279
15767
17601
15467
9822
1797
-7032
-14943
-20394
-22308
-20275
-14624
-6366
2997
11743
18255
21326
20385
15618
7946
-1143
-9863
-16470
-19603
-18552
-13416
-5102
4831
14468
21899
25605
24765
19436
10561
-202
-10793
-19159
-23661
-23411
-18457
-9790
852
11321
19489
23676
22989
17506
8259
-2970
-14002
-22701
-27390
-27185
-22159
-13316
-2383
8538
17386
22537
23111
19117
11435
1619
-8414
-16757
-21866
-22839
-19557
-12675
-3479
6373
15156
21389
24077
22861
18059
10579
1745
-6935
-14023
-18380
-19340
-16806
-11247
-3621
4785
12557
18379
21238
20593
16466
9452
634
-8577
-16669
-22278
-24419
-22671
-17266
-9070
547
9934
17446
21735
21998
18136
10784
1216
-8878
-17691
-23626
-25585
-23172
-16768
-7458
3158
13264
21146
25502
25659
21680
14337
4956
-4831
-13373
-19282
-21658
-20214
-15302
-7819
962
9610
16770
21364
22742
20752
15744
8489
60
-8328
-15489
-20425
-22454
-21302
-17139
-10562
-2517
5819
13200
18490
20833
19793
15444
8376
-370
-9452
-17427
-22985
-25167
-23534
-18256
-10098
-306
9595
18051
23738
25781
23899
18445
10342
916
-8328
-15950
-20809
-22233
-20100
-14836
-7317
1280
9676
16676
21335
23071
21720
17531
11107
3316
-4831
-12303
-18167
-21692
-22436
-20294
-15522
-8715
-749
7315
14367
19391
21614
20635
16499
9718
1216
-7793
-15984
-22118
-25243
-24846
-20941
-14071
-5225
4317
13185
20136
24233
24981
22385
16923
9452
1064
-7079
-13917
-18615
-20664
-19908
-16541
-11055
-4160
3299
10441
16433
20571
22346
21500
18059
12350
4978
-3219
-11256
-18121
-22898
-24907
-23810
-19683
-13021
-4692
4186
12397
18810
22546
23111
20461
15010
7549
-873
-9116
-16108
-20992
-23227
-22631
-19380
-13947
-7025
575
8021
14540
19489
22393
22979
21192
17198
11380
4318
-3252
-10500
-16581
-20738
-22403
-21287
-17441
-11278
-3530
4831
12726
19119
23164
24330
22475
17858
11093
3053
-5263
-12871
-18928
-22826
-24245
-23158
-19803
-14624
-8203
-1193
5740
11965
16925
20162
21356
20348
17173
12078
5526
-1827
-9185
-15695
-20553
-23111
-22980
-20099
-14756
-7561
632
8844
16108
21593
24718
25209
23119
18786
12774
5772
-1491
-8328
-14156
-18525
-21131
-21815
-20554
-17456
-12759
-6829
-157
6661
12962
18074
21393
22467
21073
17269
11407
4108
-3815
-11459
-17953
-22575
-24845
-24580
-21894
-17166
-10967
-3970
3141
9741
15316
19489
22014
22770
21741
19008
14749
9242
2876
-3856
-10372
-16048
-20279
-22562
-22571
-20219
-15695
-9452
-2160
5382
12349
18005
21791
23390
22743
20034
15633
10027
3752
-2675
-8791
-14203
-18591
-21694
-23307
-23278
-21529
-18082
-13090
-6866
124
7279
13920
19371
23050
24552
23716
20646
15704
9452
2566
-4252
-10371
-15295
-18702
-20448
-20539
-19094
-16300
-12377
-7562
-2112
3683
9486
14901
19489
22805
24451
24142
21768
17438
11484
4439
-3027
-10196
-16398
-21097
-23949
-24833
-23833
-21195
-17269
-12441
-7082
-1521
3964
9127
13732
17535
20273
21685
21548
19726
16225
11226
5098
-1631
-8328
-14339
-19077
-22108
-23198
-22340
-19731
-15719
-10741
-5241
379
5798
10778
15145
18756
21466
23111
23512
22505
19986
15959
10586
4196
-2727
-9595
-15790
-20750
-24052
-25465
-24976
-22770
-19180
-14624
-9523
-4248
917
5776
10197
14077
17297
19700
21088
21249
20007
17276
13115
7755
1596
-4831
-10938
-16157
-20031
-22272
-22793
-21697
-19237
-15748
-11578
-7027
-2319
2403
7049
11537
15747
19489
22499
24467
25085
24121
21478
17245
11701
5294
-1425
-7882
-13568
-18106
-21295
-23105
-23647
-23111
-21701
-19579
-16838
-13498
-9548
-4992
89
5505
10937
15966
20131
23004
24269
23789
21632
18059
13479
8369
3188
-1692
-6031
-9732
-12810
-15333
-17361
-18889
-19825
-19992
-19174
-17181
-13920
-9452
-4016
1983
8031
13586
18168
21437
23239
23614
22759
20961
18517
15660
12521
9114
5374
1216
-3394
-8381
-13521
-18461
-22755
-25952
-27680
-27728
-26088
-22961
-18716
-13812
-8707
-3772
764
4831
8490
11867
15078
18157
21005
23396
25007
25498
24600
22191
18354
13373
7699
1865
-3613
-8328
-12050
-14744
-16547
-17693
-18431
-18934
-19241
-19243
-18710
-17367
-14982
-11457
-6883
-1553
4073
9452
14062
17506
19582
20313
19919
18745
17163
15467
13805
12147
10313
8037
5073
1287
-3267
-8328
-13456
-18116
-21785
-24065
-24768
-23951
-21896
-19028
-15815
-12647
-9751
-7146
-4666
-2023
1077
4831
9250
14115
19011
23395
26721
28561
28704
27204
24367
20675
16664
12802
9378
6445
3833
1216
-1772
-5409
-9781
-14721
-19828
-24540
-28256
-30482
-30944
-29657
-26921
-23245
-19226
-15398
-12111
-9452
-7239
-5094
-2565
728
4965
10045
15584
20986
25578
28767
30179
29755
27760
24720
21282
18059
15470
13644
12393
11282
9753
7294
3603
-1312
-7104
-13150
-18690
-23005
-25590
-26278
-25276
-23111
-20490
-18120
-16519
-15885
-16045
-16506
-16589
-15621
-13129
-8982
-3453
2828
9013
14239
17836
19489
19316
17833
15814
14091
13329
13846
15527
17844
19995
21112
20496
17815
13207
7266
912
-4831
-9088
-11343
-11577
-10263
-8243
-6510
-5936
-7044
-9852
-13860
-18163
-21681
-23433
-22803
-19704
-14624
-8515
-2563
2101
4690
4961
3277
517
-2150
-3571
-2915
95
5096
11155
16996
21313
23111
21957
18111
12473
6364
1202
-1858
-2218
0
3978
8403
11804
12923
11061
6263
-661
-8328
-15110
-19547
-20709
-18446
-13439
-7038
-933
3268
4451
2288
-2670
-9109
-15281
-19436
-20270
-17269
-10860
-2323
6503
13675
17624
17552
13646
7044
-438
-6748
-10116
-9502
-4874
2766
11612
19489
24393
24992
20975
13146
3247
-6453
-13713
-16874
-15271
-9419
-894
8039
14981
17991
16075
9452
-484
-11483
-20977
-26708
-27284
-22529
-13547
-2464
8071
15531
18124
15240
7608
-2863
-13539
-21694
-25174
-22923
-15258
-3804
8879
19903
26744
27847
23008
13430
1444
-10040
-18230
-21115
-17953
-9452
2389
14751
24660
29696
28562
21402
9768
-3740
-16081
-24488
-27110
-23450
-14470
-2370
9933
19489
23995
22337
14836
3174
-10002
-21698
-29260
-30980
-26482
-16796
-4110
8737
18907
24204
23562
17269
6882
-5141
-16010
-23227
-25144
-21317
-12579
-836
11371
21439
27272
27724
22829
13764
2566
-8328
-16611
-20598
-19566
-13876
-4870
5444
14830
21300
23513
21037
14409
4991
-5321
-14505
-20812
-23111
-21086
-15278
-6950
2178
10279
15767
17601
15467
9822
1797
-7032
-14943
-20394
-22308
-20275
-14624
-6366
2997
11743
18255
21326
20385
15618
7946
-1143
-9863
-16470
-19603
-18552
-13416
-5102
4831
14468
21899
25605
24765
19436
10561
-202
-10793
-19159
-23661
-23411
-18457
-9790
852
11321
19489
23676
22989
17506
8259
-2970
-14002
-22701
-27390
-27185
-22159
-13316
-2383
8538
17386
22537
23111
19117
11435
1619
-8414
-16757
-21866
-22839
-19557
-12675
-3479
6373
15156
21389
24077
22861
18059
10579
1745
-6935
-14023
-18380
-19340
-16806
-11247
-3621
4785
12557
18379
21238
20593
16466
9452
634
-8577
-16669
-22278
-24419
-22671
-17266
-9070
547
9934
17446
21735
21998
18136
10784
1216
-8878
-17691
-23626
-25585
-23172
-16768
-7458
3158
13264
21146
25502
25659
21680
14337
4956
-4831
-13373
-19282
-21658
-20214
-15302
-7819
962
9610
16770
21364
22742
20752
15744
8489
60
-8328
-15489
-20425
-22454
-21302
-17139
-10562
-2517
5819
13200
18490
20833
19793
15444
8376
-370
-9452
-17427
-22985
-25167
-23534
-18256
-10098
-306
9595
18051
23738
25781
23899
18445
10342
916
-8328
-15950
-20809
-22233
-20100
-14836
-7317
1280
9676
16676
21335
23071
21720
17531
11107
3316
-4831
-12303
-18167
-21692
-22436
-20294
-15522
-8715
-749
7315
14367
19391
21614
20635
16499
9718
1216
-7793
-15984
-22118
-25243
-24846
-20941
-14071
-5225
4317
13185
20136
24233
24981
22385
16923
9452
1064
-7079
-13917
-18615
-20664
-19908
-16541
-11055
-4160
3299
10441
16433
20571
22346
21500
18059
12350
4978
-3219
-11256
-18121
-22898
-24907
-23810
-19683
-13021
-4692
4186
12397
18810
22546
23111
20461
15010
7549
-873
-9116
-16108
-20992
-23227
-22631
-19380
-13947
-7025
575
8021
14540
19489
22393
22979
21192
17198
11380
4318
-3252
-10500
-16581
-20738
-22403
-21287
-17441
-11278
-3530
4831
12726
19119
23164
24330
22475
17858
11093
3053
-5263
-12871
-18928
-22826
-24245
-23158
-19803
-14624
-8203
-1193
5740
11965
16925
20162
21356
20348
17173
12078
5526
-1827
-9185
-15695
-20553
-23111
-22980
-20099
-14756
-7561
632
8844
16108
21593
24718
25209
23119
18786
12774
5772
-1491
-8328
-14156
-18525
-21131
-21815
-20554
-17456
-12759
-6829
-157
6661
12962
18074
21393
22467
21073
17269
11407
4108
-3815
-11459
-17953
-22575
-24845
-24580
-21894
-17166
-10967
-3970
3141
9741
15316
19489
22014
22770
21741
19008
14749
9242
2876
-3856
-10372
-16048
-20279
-22562
-22571
-20219
-15695
-9452
-2160
5382
12349
18005
21791
23390
22743
20034
15633
10027
3752
-2675
-8791
-14203
-18591
-21694
-23307
-23278
-21529
-18082
-13090
-6866
124
7279
13920
19371
23050
24552
23716
20646
15704
9452
2566
-4252
-10371
-15295
-18702
-20448
-20539
-19094
-16300
-12377
-7562
-2112
3683
9486
14901
19489
22805
24451
24142
21768
17438
11484
4439
-3027
-10196
-16398
-21097
-23949
-24833
-23833
-21195
-17269
-12441
-7082
-1521
3964
9127
13732
17535
20273
21685
21548
19726
16225
11226
5098
-1631
-8328
-14339
-19077
-22108
-23198
-22340
-19731
-15719
-10741
-5241
379
5798
10778
15145
18756
21466
23111
23512
22505
19986
15959
10586
4196
-2727
-9595
-15790
-20750
-24052
-25465
-24976
-22770
-19180
-14624
-9523
-4248
917
5776
10197
14077
17297
19700
21088
21249
20007
17276
13115
7755
1596
-4831
-10938
-16157
-20031
-22272
-22793
-21697
-19237
-15748
-11578
-7027
-2319
2403
7049
11537
15747
19489
22499
24467
25085
24121
21478
17245
11701
5294
-1425
-7882
-13568
-18106
-21295
-23105
-23647
-23111
-21701
-19579
-16838
-13498
-9548
-4992
89
5505
10937
15966
20131
23004
24269
23789
21632
18059
13479
8369
3188
-1692
-6031
-9732
-12810
-15333
-17361
-18889
-19825
-19992
-19174
-17181
-13920
-9452
-4016
1983
8031
13586
18168
21437
23239
23614
22759
20961
18517
15660
12521
9114
5374
1216
-3394
-8381
-13521
-18461
-22755
-25952
-27680
-27728
-26088
-22961
-18716
-13812
-8707
-3772
764
4831
8490
11867
15078
18157
21005
23396
25007
25498
24600
22191
18354
13373
7699
1865
-3613
-8328
-12050
-14744
-16547
-17693
-18431
-18934
-19241
-19243
-18710
-17367
-14982
-11457
-6883
-1553
4073
9452
14062
17506
19582
20313
19919
18745
17163
15467
13805
12147
10313
8037
5073
1287
-3267
-8328
-13456
-18116
-21785
-24065
-24768
-23951
-21896
-19028
-15815
-12647
-9751
-7146
-4666
-2023
1077
4831
9250
14115
19011
23395
26721
28561
28704
27204
24367
20675
16664
12802
9378
6445
3833
1216
-1772
-5409
-9781
-14721
-19828
-24540
-28256
-30482
-30944
-29657
-26921
-23245
-19226
-15398
-12111
-9452
-7239
-5094
-2565
728
4965
10045
15584
20986
25578
28767
30179
29755
27760
24720
21282
18059
15470
13644
12393
11282
9753
7294
3603
-1312
-7104
-13150
-18690
-23005
-25590
-26278
-25276
-23111
-20490
-18120
-16519
-15885
-16045
-16506
-16589
-15621
-13129
-8982
-3453
2828
9013
14239
17836
19489
19316
17833
15814
14091
13329
13846
15527
17844
19995
21112
20496
17815
13207
7266
912
-4831
-9088
-11343
-11577
-10263
-8243
-6510
-5936
-7044
-9852
-13860
-18163
-21681
-23433
-22803
-19704
-14624
-8515
-2563
2101
4690
4961
3277
517
-2150
-3571
-2915
95
5096
11155
16996
21313
23111
21957
18111
12473
6364
1202
-1858
-2218
0
3978
8403
11804
12923
11061
6263
-661
-8328
-15110
-19547
-20709
-18446
-13439
-7038
-933
3268
4451
2288
-2670
-9109
-15281
-19436
-20270
-17269
-10860
-2323
6503
13675
17624
17552
13646
7044
-438
-6748
-10116
-9502
-4874
2766
11612
19489
24393
24992
20975
13146
3247
-6453
-13713
-16874
-15271
-9419
-894
8039
14981
17991
16075
9452
-484
-11483
-20977
-26708
-27284
-22529
-13547
-2464
8071
15531
18124
15240
7608
-2863
-13539
-21694
-25174
-22923
-15258
-3804
8879
19903
26744
27847
23008
13430
1444
-10040
-18230
-21115
-17953
-9452
2389
14751
24660
29696
28562
21402
9768
-3740
-16081
-24488
-27110
-23450
-14470
-2370
9933
19489
23995
22337
14836
3174
-10002
-21698
-29260
-30980
-26482
-16796
-4110
8737
18907
24204
23562
17269
6882
-5141
-16010
-23227
-25144
-21317
-12579
-836
11371
21439
27272
27724
22829
13764
2566
-8328
-16611
-20598
-19566
-13876
-4870
5444
14830
21300
23513
21037
14409
4991
-5321
-14505
-20812
-23111
-21086
-15278
-6950
2178
10279
15767
17601
15467
9822
1797
-7032
-14943
-20394
-22308
-20275
-14624
-6366
2997
11743
18255
21326
20385
15618
7946
-1143
-9863
-16470
-19603
-18552
-13416
-5102
4831
14468
21899
25605
24765
19436
10561
-202
-10793
-19159
-23661
-23411
-18457
-9790
852
11321
19489
23676
22989
17506
8259
-2970
-14002
-22701
-27390
-27185
-22159
-13316
-2383
8538
17386
22537
23111
19117
11435
1619
-8414
-16757
-21866
-22839
-19557
-12675
-3479
6373
15156
21389
24077
22861
18059
10579
1745
-6935
-14023
-18380
-19340
-16806
-11247
-3621
4785
12557
18379
21238
20593
16466
9452
634
-8577
-16669
-22278
-24419
-22671
-17266
-9070
547
9934
17446
21735
21998
18136
10784
1216
-8878
-17691
-23626
-25585
-23172
-16768
-7458
3158
13264
21146
25502
25659
21680
14337
4956
-4831
-13373
-19282
-21658
-20214
-15302
-7819
962
9610
16770
21364
22742
20752
15744
8489
60
-8328
-15489
-20425
-22454
-21302
-17139
-10562
-2517
5819
13200
18490
20833
19793
15444
8376
-370
-9452
-17427
-22985
-25167
-23534
-18256
-10098
-306
9595
18051
23738
25781
23899
18445
10342
916
-8328
-15950
-20809
-22233
-20100
-14836
-7317
1280
9676
16676
21335
23071
21720
17531
11107
3316
-4831
-12303
-18167
-21692
-22436
-20294
-15522
-8715
-749
7315
14367
19391
21614
20635
16499
9718
1216
-7793
-15984
-22118
-25243
-24846
-20941
-14071
-5225
4317
13185
20136
24233
24981
22385
16923
9452
1064
-7079
-13917
-18615
-20664
-19908
-16541
-11055
-4160
3299
10441
16433
20571
22346
21500
18059
12350
4978
-3219
-11256
-18121
-22898
-24907
-23810
-19683
-13021
-4692
4186
12397
18810
22546
23111
20461
15010
7549
-873
-9116
-16108
-20992
-23227
-22631
-19380
-13947
-7025
575
8021
14540
19489
22393
22979
21192
17198
11380
4318
-3252
-10500
-16581
-20738
-22403
-21287
-17441
-11278
-3530
4831
12726
19119
23164
24330
22475
17858
11093
3053
-5263
-12871
-18928
-22826
-24245
-23158
-19803
-14624
-8203
-1193
5740
11965
16925
20162
21356
20348
17173
12078
5526
-1827
-9185
-15695
-20553
-23111
-22980
-20099
-14756
-7561
632
8844
16108
21593
24718
25209
23119
18786
12774
5772
-1491
-8328
-14156
-18525
-21131
-21815
-20554
-17456
-12759
-6829
-157
6661
12962
18074
21393
22467
21073
17269
11407
4108
-3815
-11459
-17953
-22575
-24845
-24580
-21894
-17166
-10967
-3970
3141
9741
15316
19489
22014
22770
21741
19008
14749
9242
2876
-3856
-10372
-16048
-20279
-22562
-22571
-20219
-15695
-9452
-2160
5382
12349
18005
21791
23390
22743
20034
15633
10027
3752
-2675
-8791
-14203
-18591
-21694
-23307
-23278
-21529
-18082
-13090
-6866
124
7279
13920
19371
23050
24552
23716
20646
15704
9452
2566
-4252
-10371
-15295
-18702
-20448
-20539
-19094
-16300
-12377
-7562
-2112
3683
9486
14901
19489
22805
24451
24142
21768
17438
11484
4439
-3027
-10196
-16398
-21097
-23949
-24833
-23833
-21195
-17269
-12441
-7082
-1521
3964
9127
13732
17535
20273
21685
21548
19726
16225
11226
5098
-1631
-8328
-14339
-19077
-22108
-23198
-22340
-19731
-15719
-10741
-5241
379
5798
10778
15145
18756
21466
23111
23512
22505
19986
15959
10586
4196
-2727
-9595
-15790
-20750
-24052
-25465
-24976
-22770
-19180
-14624
-9523
-4248
917
5776
10197
14077
17297
19700
21088
21249
20007
17276
13115
7755
1596
-4831
-10938
-16157
-20031
-22272
-22793
-21697
-19237
-15748
-11578
-7027
-2319
2403
7049
11537
15747
19489
22499
24467
25085
24121
21478
17245
11701
5294
-1425
-7882
-13568
-18106
-21295
-23105
-23647
-23111
-21701
-19579
-16838
-13498
-9548
-4992
89
5505
10937
15966
20131
23004
24269
23789
21632
18059
13479
8369
3188
-1692
-6031
-9732
-12810
-15333
-17361
-18889
-19825
-19992
-19174
-17181
-13920
-9452
-4016
1983
8031
13586
18168
21437
23239
23614
22759
20961
18517
15660
12521
9114
5374
1216
-3394
-8381
-13521
-18461
-22755
-25952
-27680
-27728
-26088
-22961
-18716
-13812
-8707
-3772
764
4831
8490
11867
15078
18157
21005
23396
25007
25498
24600
22191
18354
13373
7699
1865
-3613
-8328
-12050
-14744
-16547
-17693
-18431
-18934
-19241
-19243
-18710
-17367
-14982
-11457
-6883
-1553
4073
9452
14062
17506
19582
20313
19919
18745
17163
15467
13805
12147
10313
8037
5073
1287
-3267
-8328
-13456
-18116
-21785
-24065
-24768
-23951
-21896
-19028
-15815
-12647
-9751
-7146
-4666
-2023
1077
4831
9250
14115
19011
23395
26721
28561
28704
27204
24367
20675
16664
12802
9378
6445
3833
1216
-1772
-5409
-9781
-14721
-19828
-24540
-28256
-30482
-30944
-29657
-26921
-23245
-19226
-15398
-12111
-9452
-7239
-5094
-2565
728
4965
10045
15584
20986
25578
28767
30179
29755
27760
24720
21282
18059
15470
13644
12393
11282
9753
7294
3603
-1312
-7104
-13150
-18690
-23005
-25590
-26278
-25276
-23111
-20490
-18120
-16519
-15885
-16045
-16506
-16589
-15621
-13129
-8982
-3453
2828
9013
14239
17836
19489
19316
17833
15814
14091
13329
13846
15527
17844
19995
21112
20496
17815
13207
7266
912
-4831
-9088
-11343
-11577
-10263
-8243
-6510
-5936
-7044
-9852
-13860
-18163
-21681
-23433
-22803
-19704
-14624
-8515
-2563
2101
4690
4961
3277
517
-2150
-3571
-2915
95
5096
11155
16996
21313
23111
21957
18111
12473
6364
1202
-1858
-2218
0
3978
8403
11804
12923
11061
6263
-661
-8328
-15110
-19547
-20709
-18446
-13439
-7038
-933
3268
4451
2288
-2670
-9109
-15281
-19436
-20270
-17269
-10860
-2323
6503
13675
17624
17552
13646
7044
-438
-6748
-10116
-9502
-4874
2766
11612
19489
24393
24992
20975
13146
3247
-6453
-13713
-16874
-15271
-9419
-894
8039
14981
17991
16075
9452
-484
-11483
-20977
-26708
-27284
-22529
-13547
-2464
8071
15531
18124
15240
7608
-2863
-13539
-21694
-25174
-22923
-15258
-3804
8879
19903
26744
27847
23008
13430
1444
-10040
-18230
-21115
-17953
-9452
2389
14751
24660
29696
28562
21402
9768
-3740
-16081
-24488
-27110
-23450
-14470
-2370
9933
19489
23995
22337
14836
3174
-10002
-21698
-29260
-30980
-26482
-16796
-4110
8737
18907
24204
23562
17269
6882
-5141
-16010
-23227
-25144
-21317
-12579
-836
11371
21439
27272
27724
22829
13764
2566
-8328
-16611
-20598
-19566
-13876
-4870
5444
14830
21300
23513
21037
14409
4991
-5321
-14505
-20812
-23111
-21086
-15278
-6950
2178
10279
15767
17601
15467
9822
1797
-7032
-14943
-20394
-22308
-20275
-14624
-6366
2997
11743
18255
21326
20385
15618
7946
-1143
-9863
-16470
-19603
-18552
-13416
-5102
4831
14468
21899
25605
24765
19436
10561
-202
-10793
-19159
-23661
-23411
-18457
-9790
852
11321
19489
23676
22989
17506
8259
-2970
-14002
-22701
-27390
-27185
-22159
-13316
-2383
8538
17386
22537
23111
19117
11435
1619
-8414
-16757
-21866
-22839
-19557
-12675
-3479
6373
15156
21389
24077
22861
18059
10579
1745
-6935
-14023
-18380
-19340
-16806
-11247
-3621
4785
12557
18379
21238
20593
16466
9452
634
-8577
-16669
-22278
-24419
-22671
-17266
-9070
547
9934
17446
21735
21998
18136
10784
1216
-8878
-17691
-23626
-25585
-23172
-16768
-7458
3158
13264
21146
25502
25659
21680
14337
4956
-4831
-13373
-19282
-21658
-20214
-15302
-7819
962
9610
16770
21364
22742
20752
15744
8489
60
-8328
-15489
-20425
-22454
-21302
-17139
-10562
-2517
5819
13200
18490
20833
19793
15444
8376
-370
-9452
-17427
-22985
-25167
-23534
-18256
-10098
-306
9595
18051
23738
25781
23899
18445
10342
916
-8328
-15950
-20809
-22233
-20100
-14836
-7317
1280
9676
16676
21335
23071
21720
17531
11107
3316
-4831
-12303
-18167
-21692
-22436
-20294
-15522
-8715
-749
7315
14367
19391
21614
20635
16499
9718
1216
-7793
-15984
-22118
-25243
-24846
-20941
-14071
-5225
4317
13185
20136
24233
24981
22385
16923
9452
1064
-7079
-13917
-18615
-20664
-19908
-16541
-11055
-4160
3299
10441
16433
20571
22346
21500
18059
12350
4978
-3219
-11256
-18121
-22898
-24907
-23810
-19683
-13021
-4692
4186
12397
18810
22546
23111
20461
15010
7549
-873
-9116
-16108
-20992
-23227
-22631
-19380
-13947
-7025
575
8021
14540
19489
22393
22979
21192
17198
11380
4318
-3252
-10500
-16581
-20738
-22403
-21287
-17441
-11278
-3530
4831
12726
19119
23164
24330
22475
17858
11093
3053
-5263
-12871
-18928
-22826
-24245
-23158
-19803
-14624
-8203
-1193
5740
11965
16925
20162
21356
20348
17173
12078
5526
-1827
-9185
-15695
-20553
-23111
-22980
-20099
-14756
-7561
632
8844
16108
21593
24718
25209
23119
18786
12774
5772
-1491
-8328
-14156
-18525
-21131
-21815
-20554
-17456
-12759
-6829
-157
6661
12962
18074
21393
22467
21073
17269
11407
4108
-3815
-11459
-17953
-22575
-24845
-24580
-21894
-17166
-10967
-3970
3141
9741
15316
19489
22014
22770
21741
19008
14749
9242
2876
-3856
-10372
-16048
-20279
-22562
-22571
-20219
-15695
-9452
-2160
5382
12349
18005
21791
23390
22743
20034
15633
10027
3752
-2675
-8791
-14203
-18591
-21694
-23307
-23278
-21529
-18082
-13090
-6866
124
7279
13920
19371
23050
24552
23716
20646
15704
9452
2566
-4252
-10371
-15295
-18702
-20448
-20539
-19094
-16300
-12377
-7562
-2112
3683
9486
14901
19489
22805
24451
24142
21768
17438
11484
4439
-3027
-10196
-16398
-21097
-23949
-24833
-23833
-21195
-17269
-12441
-7082
-1521
3964
9127
13732
17535
20273
21685
21548
19726
16225
11226
5098
-1631
-8328
-14339
-19077
-22108
-23198
-22340
-19731
-15719
-10741
-5241
379
5798
10778
15145
18756
21466
23111
23512
22505
19986
15959
10586
4196
-2727
-9595
-15790
-20750
-24052
-25465
-24976
-22770
-19180
-14624
-9523
-4248
917
5776
10197
14077
17297
19700
21088
21249
20007
17276
13115
7755
1596
-4831
-10938
-16157
-20031
-22272
-22793
-21697
-19237
-15748
-11578
-7027
-2319
2403
7049
11537
15747
19489
22499
24467
25085
24121
21478
17245
11701
5294
-1425
-7882
-13568
-18106
-21295
-23105
-23647
-23111
-21701
-19579
-16838
-13498
-9548
-4992
89
5505
10937
15966
20131
23004
24269
23789
21632
18059
13479
8369
3188
-1692
-6031
-9732
-12810
-15333
-17361
-18889
-19825
-19992
-19174
-17181
-13920
-9452
-4016
1983
8031
13586
18168
21437
23239
23614
22759
20961
18517
15660
12521
9114
5374
1216
-3394
-8381
-13521
-18461
-22755
-25952
-27680
-27728
-26088
-22961
-18716
-13812
-8707
-3772
764
4831
8490
11867
15078
18157
21005
23396
25007
25498
24600
22191
18354
13373
7699
1865
-3613
-8328
-12050
-14744
-16547
-17693
-18431
-18934
-19241
-19243
-18710
-17367
-14982
-11457
-6883
-1553
4073
9452
14062
17506
19582
20313
19919
18745
17163
15467
13805
12147
10313
8037
5073
1287
-3267
-8328
-13456
-18116
-21785
-24065
-24768
-23951
-21896
-19028
-15815
-12647
-9751
-7146
-4666
-2023
1077
4831
9250
14115
19011
23395
26721
28561
28704
27204
24367
20675
16664
12802
9378
6445
3833
1216
-1772
-5409
-9781
-14721
-19828
-24540
-28256
-30482
-30944
-29657
-26921
-23245
-19226
-15398
-12111
-9452
-7239
-5094
-2565
728
4965
10045
15584
20986
25578
28767
30179
29755
27760
24720
21282
18059
15470
13644
12393
11282
9753
7294
3603
-1312
-7104
-13150
-18690
-23005
-25590
-26278
-25276
-23111
-20490
-18120
-16519
-15885
-16045
-16506
-16589
-15621
-13129
-8982
-3453
2828
9013
14239
17836
19489
19316
17833
15814
14091
13329
13846
15527
17844
19995
21112
20496
17815
13207
7266
912
-4831
-9088
-11343
-11577
-10263
-8243
-6510
-5936
-7044
-9852
-13860
-18163
-21681
-23433
-22803
-19704
-14624
-8515
-2563
2101
4690
4961
3277
517
-2150
-3571
-2915
95
5096
11155
16996
21313
23111
21957
18111
12473
6364
1202
-1858
-2218
0
3978
8403
11804
12923
11061
6263
-661
-8328
-15110
-19547
-20709
-18446
-13439
-7038
-933
3268
4451
2288
-2670
-9109
-15281
-19436
-20270
-17269
-10860
-2323
6503
13675
17624
17552
13646
7044
-438
-6748
-10116
-9502
-4874
2766
11612
19489
24393
24992
20975
13146
3247
-6453
-13713
-16874
-15271
-9419
-894
8039
14981
17991
16075
9452
-484
-11483
-20977
-26708
-27284
-22529
-13547
-2464
8071
15531
18124
15240
7608
-2863
-13539
-21694
-25174
-22923
-15258
-3804
8879
19903
26744
27847
23008
13430
1444
-10040
-18230
-21115
-17953
-9452
2389
14751
24660
29696
28562
21402
9768
-3740
-16081
-24488
-27110
-23450
-14470
-2370
9933
19489
23995
22337
14836
3174
-10002
-21698
-29260
-30980
-26482
-16796
-4110
8737
18907
24204
23562
17269
6882
-5141
-16010
-23227
-25144
-21317
-12579
-836
11371
21439
27272
27724
22829
13764
2566
-8328
-16611
-20598
-19566
-13876
-4870
5444
14830
21300
23513
21037
14409
4991
-5321
-14505
-20812
-23111
-21086
-15278
-6950
2178
10279
15767
17601
15467
9822
1797
-7032
-14943
-20394
-22308
-20275
-14624
-6366
2997
11743
18255
21326
20385
15618
7946
-1143
-9863
-16470
-19603
-18552
-13416
-5102
4831
14468
21899
25605
24765
19436
10561
-202
-10793
-19159
-23661
-23411
-18457
-9790
852
11321
19489
23676
22989
17506
8259
-2970
-14002
-22701
-27390
-27185
-22159
-13316
-2383
8538
17386
22537
23111
19117
11435
1619
-8414
-16757
-21866
-22839
-19557
-12675
-3479
6373
15156
21389
24077
22861
18059
10579
1745
-6935
-14023
-18380
-19340
-16806
-11247
-3621
4785
12557
18379
21238
20593
16466
9452
634
-8577
-16669
-22278
-24419
-22671
-17266
-9070
547
9934
17446
21735
21998
18136
10784
1216
-8878
-17691
-23626
-25585
-23172
-16768
-7458
3158
13264
21146
25502
25659
21680
14337
4956
-4831
-13373
-19282
-21658
-20214
-15302
-7819
962
9610
16770
21364
22742
20752
15744
8489
60
-8328
-15489
-20425
-22454
-21302
-17139
-10562
-2517
5819
13200
18490
20833
19793
15444
8376
-370
-9452
-17427
-22985
-25167
-23534
-18256
-10098
-306
9595
18051
23738
25781
23899
18445
10342
916
-8328
-15950
-20809
-22233
-20100
-14836
-7317
1280
9676
16676
21335
23071
21720
17531
11107
3316
-4831
-12303
-18167
-21692
-22436
-20294
-15522
-8715
-749
7315
14367
19391
21614
20635
16499
9718
1216
-7793
-15984
-22118
-25243
-24846
-20941
-14071
-5225
4317
13185
20136
24233
24981
22385
16923
9452
1064
-7079
-13917
-18615
-20664
-19908
-16541
-11055
-4160
3299
10441
16433
20571
22346
21500
18059
12350
4978
-3219
-11256
-18121
-22898
-24907
-23810
-19683
-13021
-4692
4186
12397
18810
22546
23111
20461
15010
7549
-873
-9116
-16108
-20992
-23227
-22631
-19380
-13947
-7025
575
8021
14540
19489
22393
22979
21192
17198
11380
4318
-3252
-10500
-16581
-20738
-22403
-21287
-17441
-11278
-3530
4831
12726
19119
23164
24330
22475
17858
11093
3053
-5263
-12871
-18928
-22826
-24245
-23158
-19803
-14624
-8203
-1193
5740
11965
16925
20162
21356
20348
17173
12078
5526
-1827
-9185
-15695
-20553
-23111
-22980
-20099
-14756
-7561
632
8844
16108
21593
24718
25209
23119
18786
12774
5772
-1491
-8328
-14156
-18525
-21131
-21815
-20554
-17456
-12759
-6829
-157
6661
12962
18074
21393
22467
21073
17269
11407
4108
-3815
-11459
-17953
-22575
-24845
-24580
-21894
-17166
-10967
-3970
3141
9741
15316
19489
22014
22770
21741
19008
14749
9242
2876
-3856
-10372
-16048
-20279
-22562
-22571
-20219
-15695
-9452
-2160
5382
12349
18005
21791
23390
22743
20034
15633
10027
3752
-2675
-8791
-14203
-18591
-21694
-23307
-23278
-21529
-18082
-13090
-6866
124
7279
13920
19371
23050
24552
23716
20646
15704
9452
2566
-4252
-10371
-15295
-18702
-20448
-20539
-19094
-16300
-12377
-7562
-2112
3683
9486
14901
19489
22805
24451
24142
21768
17438
11484
4439
-3027
-10196
-16398
-21097
-23949
-24833
-23833
-21195
-17269
-12441
-7082
-1521
3964
9127
13732
17535
20273
21685
21548
19726
16225
11226
5098
-1631
-8328
-14339
-19077
-22108
-23198
-22340
-19731
-15719
-10741
-5241
379
5798
10778
15145
18756
21466
23111
23512
22505
19986
15959
10586
4196
-2727
-9595
-15790
-20750
-24052
-25465
-24976
-22770
-19180
-14624
-9523
-4248
917
5776
10197
14077
17297
19700
21088
21249
20007
17276
13115
7755
1596
-4831
-10938
-16157
-20031
-22272
-22793
-21697
-19237
-15748
-11578
-7027
-2319
2403
7049
11537
15747
19489
22499
24467
25085
24121
21478
17245
11701
5294
-1425
-7882
-13568
-18106
-21295
-23105
-23647
-23111
-21701
-19579
-16838
-13498
-9548
-4992
89
5505
10937
15966
20131
23004
24269
23789
21632
18059
13479
8369
3188
-1692
-6031
-9732
-12810
-15333
-17361
-18889
-19825
-19992
-19174
-17181
-13920
-9452
-4016
1983
8031
13586
18168
21437
23239
23614
22759
20961
18517
15660
12521
9114
5374
1216
-3394
-8381
-13521
-18461
-22755
-25952
-27680
-27728
-26088
-22961
-18716
-13812
-8707
-3772
764
4831
8490
11867
15078
18157
21005
23396
25007
25498
24600
22191
18354
13373
7699
1865
-3613
-8328
-12050
-14744
-16547
-17693
-18431
-18934
-19241
-19243
-18710
-17367
-14982
-11457
-6883
-1553
4073
9452
14062
17506
19582
20313
19919
18745
17163
15467
13805
12147
10313
8037
5073
1287
-3267
-8328
-13456
-18116
-21785
-24065
-24768
-23951
-21896
-19028
-15815
-12647
-9751
-7146
-4666
-2023
1077
4831
9250
14115
19011
23395
26721
28561
28704
27204
24367
20675
16664
12802
9378
6445
3833
1216
-1772
-5409
-9781
-14721
-19828
-24540
-28256
-30482
-30944
-29657
-26921
-23245
-19226
-15398
-12111
-9452
-7239
-5094
-2565
728
4965
10045
15584
20986
25578
28767
30179
29755
27760
24720
21282
18059
15470
13644
12393
11282
9753
7294
3603
-1312
-7104
-13150
-18690
-23005
-25590
-26278
-25276
-23111
-20490
-18120
-16519
-15885
-16045
-16506
-16589
-15621
-13129
-8982
-3453
2828
9013
14239
17836
19489
19316
17833
15814
14091
13329
13846
15527
17844
19995
21112
20496
17815
13207
7266
912
-4831
-9088
-11343
-11577
-10263
-8243
-6510
-5936
-7044
-9852
-13860
-18163
-21681
-23433
-22803
-19704
-14624
-8515
-2563
2101
4690
4961
3277
517
-2150
-3571
-2915
95
5096
11155
16996
21313
23111
21957
18111
12473
6364
1202
-1858
-2218
0
3978
8403
11804
12923
11061
6263
-661
-8328
-15110
-19547
-20709
-18446
-13439
-7038
-933
3268
4451
2288
-2670
-9109
-15281
-19436
-20270
17269
10860
2323
-6503
-13675
-17624
-17552
-13646
-7044
438
6748
10116
9502
4874
-2766
-11612
-19489
-24393
-24992
-20975
-13146
-3247
6453
13713
16874
15271
9419
894
-8039
-14981
-17991
-16075
-9452
484
11483
20977
26708
27284
22529
13547
2464
-8071
-15531
-18124
-15240
-7608
2863
13539
21694
25174
22923
15258
3804
-8879
-19903
-26744
-27847
-23008
-13430
-1444
10040
18230
21115
17953
9452
-2389
-14751
-24660
-29696
-28562
-21402
-9768
3740
16081
24488
27110
23450
14470
2370
-9933
-19489
-23995
-22337
-14836
-3174
10002
21698
29260
30980
26482
16796
4110
-8737
-18907
-24204
-23562
-17269
-6882
5141
16010
23227
25144
21317
12579
836
-11371
-21439
-27272
-27724
-22829
-13764
-2566
8328
16611
20598
19566
13876
4870
-5444
-14830
-21300
-23513
-21037
-14409
-4991
5321
14505
20812
23111
21086
15278
6950
-2178
-10279
-15767
-17601
-15467
-9822
-1797
7032
14943
20394
22308
20275
14624
6366
-2997
-11743
-18255
-21326
-20385
-15618
-7946
1143
9863
16470
19603
18552
13416
5102
-4831
-14468
-21899
-25605
-24765
-19436
-10561
202
10793
19159
23661
23411
18457
9790
-852
-11321
-19489
-23676
-22989
-17506
-8259
2970
14002
22701
27390
27185
22159
13316
2383
-8538
-17386
-22537
-23111
-19117
-11435
-1619
8414
16757
21866
22839
19557
12675
3479
-6373
-15156
-21389
-24077
-22861
-18059
-10579
-1745
6935
14023
18380
19340
16806
11247
3621
-4785
-12557
-18379
-21238
-20593
-16466
-9452
-634
8577
16669
22278
24419
22671
17266
9070
-547
-9934
-17446
-21735
-21998
-18136
-10784
-1216
8878
17691
23626
25585
23172
16768
7458
-3158
-13264
-21146
-25502
-25659
-21680
-14337
-4956
4831
13373
19282
21658
20214
15302
7819
-962
-9610
-16770
-21364
-22742
-20752
-15744
-8489
-60
8328
15489
20425
22454
21302
17139
10562
2517
-5819
-13200
-18490
-20833
-19793
-15444
-8376
370
9452
17427
22985
25167
23534
18256
10098
306
-9595
-18051
-23738
-25781
-23899
-18445
-10342
-916
8328
15950
20809
22233
20100
14836
7317
-1280
-9676
-16676
-21335
-23071
-21720
-17531
-11107
-3316
4831
12303
18167
21692
22436
20294
15522
8715
749
-7315
-14367
-19391
-21614
-20635
-16499
-9718
-1216
7793
15984
22118
25243
24846
20941
14071
5225
-4317
-13185
-20136
-24233
-24981
-22385
-16923
-9452
-1064
7079
13917
18615
20664
19908
16541
11055
4160
-3299
-10441
-16433
-20571
-22346
-21500
-18059
-12350
-4978
3219
11256
18121
22898
24907
23810
19683
13021
4692
-4186
-12397
-18810
-22546
-23111
-20461
-15010
-7549
873
9116
16108
20992
23227
22631
19380
13947
7025
-575
-8021
-14540
-19489
-22393
-22979
-21192
-17198
-11380
-4318
3252
10500
16581
20738
22403
21287
17441
11278
3530
-4831
-12726
-19119
-23164
-24330
-22475
-17858
-11093
-3053
5263
12871
18928
22826
24245
23158
19803
14624
8203
1193
-5740
-11965
-16925
-20162
-21356
-20348
-17173
-12078
-5526
1827
9185
15695
20553
23111
22980
20099
14756
7561
-632
-8844
-16108
-21593
-24718
-25209
-23119
-18786
-12774
-5772
1491
8328
14156
18525
21131
21815
20554
17456
12759
6829
157
-6661
-12962
-18074
-21393
-22467
-21073
-17269
-11407
-4108
3815
11459
17953
22575
24845
24580
21894
17166
10967
3970
-3141
-9741
-15316
-19489
-22014
-22770
-21741
-19008
-14749
-9242
-2876
3856
10372
16048
20279
22562
22571
20219
15695
9452
2160
-5382
-12349
-18005
-21791
-23390
-22743
-20034
-15633
-10027
-3752
2675
8791
14203
18591
21694
23307
23278
21529
18082
13090
6866
-124
-7279
-13920
-19371
-23050
-24552
-23716
-20646
-15704
-9452
-2566
4252
10371
15295
18702
20448
20539
19094
16300
12377
7562
2112
-3683
-9486
-14901
-19489
-22805
-24451
-24142
-21768
-17438
-11484
-4439
3027
10196
16398
21097
23949
24833
23833
21195
17269
12441
7082
1521
-3964
-9127
-13732
-17535
-20273
-21685
-21548
-19726
-16225
-11226
-5098
1631
8328
14339
19077
22108
23198
22340
19731
15719
10741
5241
-379
-5798
-10778
-15145
-18756
-21466
-23111
-23512
-22505
-19986
-15959
-10586
-4196
2727
9595
15790
20750
24052
25465
24976
22770
19180
14624
9523
4248
-917
-5776
-10197
-14077
-17297
-19700
-21088
-21249
-20007
-17276
-13115
-7755
-1596
4831
10938
16157
20031
22272
22793
21697
19237
15748
11578
7027
2319
-2403
-7049
-11537
-15747
-19489
-22499
-24467
-25085
-24121
-21478
-17245
-11701
-5294
1425
7882
13568
18106
21295
23105
23647
23111
21701
19579
16838
13498
9548
4992
-89
-5505
-10937
-15966
-20131
-23004
-24269
-23789
-21632
-18059
-13479
-8369
-3188
1692
6031
9732
12810
15333
17361
18889
19825
19992
19174
17181
13920
9452
4016
-1983
-8031
-13586
-18168
-21437
-23239
-23614
-22759
-20961
-18517
-15660
-12521
-9114
-5374
-1216
3394
8381
13521
18461
22755
25952
27680
27728
26088
22961
18716
13812
8707
3772
-764
-4831
-8490
-11867
-15078
-18157
-21005
-23396
-25007
-25498
-24600
-22191
-18354
-13373
-7699
-1865
3613
8328
12050
14744
16547
17693
18431
18934
19241
19243
18710
17367
14982
11457
6883
1553
-4073
-9452
-14062
-17506
-19582
-20313
-19919
-18745
-17163
-15467
-13805
-12147
-10313
-8037
-5073
-1287
3267
8328
13456
18116
21785
24065
24768
23951
21896
19028
15815
12647
9751
7146
4666
2023
-1077
-4831
-9250
-14115
-19011
-23395
-26721
-28561
-28704
-27204
-24367
-20675
-16664
-12802
-9378
-6445
-3833
-1216
1772
5409
9781
14721
19828
24540
28256
30482
30944
29657
26921
23245
19226
15398
12111
9452
7239
5094
2565
-728
-4965
-10045
-15584
-20986
-25578
-28767
-30179
-29755
-27760
-24720
-21282
-18059
-15470
-13644
-12393
-11282
-9753
-7294
-3603
1312
7104
13150
18690
23005
25590
26278
25276
23111
20490
18120
16519
15885
16045
16506
16589
15621
13129
8982
3453
-2828
-9013
-14239
-17836
-19489
-19316
-17833
-15814
-14091
-13329
-13846
-15527
-17844
-19995
-21112
-20496
-17815
-13207
-7266
-912
4831
9088
11343
11577
10263
8243
6510
5936
7044
9852
13860
18163
21681
23433
22803
19704
14624
8515
2563
-2101
-4690
-4961
-3277
-517
2150
3571
2915
-95
-5096
-11155
-16996
-21313
-23111
-21957
-18111
-12473
-6364
-1202
1858
2218
0
-3978
-8403
-11804
-12923
-11061
-6263
661
8328
15110
19547
20709
18446
13439
7038
933
-3268
-4451
-2288
2670
9109
15281
19436
20270
-17269
-10860
-2323
6503
13675
17624
17552
13646
7044
-438
-6748
-10116
-9502
-4874
2766
11612
19489
24393
24992
20975
13146
3247
-6453
-13713
-16874
-15271
-9419
-894
8039
14981
17991
16075
9452
-484
-11483
-20977
-26708
-27284
-22529
-13547
-2464
8071
15531
18124
15240
7608
-2863
-13539
-21694
-25174
-22923
-15258
-3804
8879
19903
26744
27847
23008
13430
1444
-10040
-18230
-21115
-17953
-9452
2389
14751
24660
29696
28562
21402
9768
-3740
-16081
-24488
-27110
-23450
-14470
-2370
9933
19489
23995
22337
14836
3174
-10002
-21698
-29260
-30980
-26482
-16796
-4110
8737
18907
24204
23562
17269
6882
-5141
-16010
-23227
-25144
-21317
-12579
-836
11371
21439
27272
27724
22829
13764
2566
-8328
-16611
-20598
-19566
-13876
-4870
5444
14830
21300
23513
21037
14409
4991
-5321
-14505
-20812
-23111
-21086
-15278
-6950
2178
10279
15767
17601
15467
9822
1797
-7032
-14943
-20394
-22308
-20275
-14624
-6366
2997
11743
18255
21326
20385
15618
7946
-1143
-9863
-16470
-19603
-18552
-13416
-5102
4831
14468
21899
25605
24765
19436
10561
-202
-10793
-19159
-23661
-23411
-18457
-9790
852
11321
19489
23676
22989
17506
8259
-2970
-14002
-22701
-27390
-27185
-22159
-13316
-2383
8538
17386
22537
23111
19117
11435
1619
-8414
-16757
-21866
-22839
-19557
-12675
-3479
6373
15156
21389
24077
22861
18059
10579
1745
-6935
-14023
-18380
-19340
-16806
-11247
-3621
4785
12557
18379
21238
20593
16466
9452
634
-8577
-16669
-22278
-24419
-22671
-17266
-9070
547
9934
17446
21735
21998
18136
10784
1216
-8878
-17691
-23626
-25585
-23172
-16768
-7458
3158
13264
21146
25502
25659
21680
14337
4956
-4831
-13373
-19282
-21658
-20214
-15302
-7819
962
9610
16770
21364
22742
20752
15744
8489
60
-8328
-15489
-20425
-22454
-21302
-17139
-10562
-2517
5819
13200
18490
20833
19793
15444
8376
-370
-9452
-17427
-22985
-25167
-23534
-18256
-10098
-306
9595
18051
23738
25781
23899
18445
10342
916
-8328
-15950
-20809
-22233
-20100
-14836
-7317
1280
9676
16676
21335
23071
21720
17531
11107
3316
-4831
-12303
-18167
-21692
-22436
-20294
-15522
-8715
-749
7315
14367
19391
21614
20635
16499
9718
1216
-7793
-15984
-22118
-25243
-24846
-20941
-14071
-5225
4317
13185
20136
24233
24981
22385
16923
9452
1064
-7079
-13917
-18615
-20664
-19908
-16541
-11055
-4160
3299
10441
16433
20571
22346
21500
18059
12350
4978
-3219
-11256
-18121
-22898
-24907
-23810
-19683
-13021
-4692
4186
12397
18810
22546
23111
20461
15010
7549
-873
-9116
-16108
-20992
-23227
-22631
-19380
-13947
-7025
575
8021
14540
19489
22393
22979
21192
17198
11380
4318
-3252
-10500
-16581
-20738
-22403
-21287
-17441
-11278
-3530
4831
12726
19119
23164
24330
22475
17858
11093
3053
-5263
-12871
-18928
-22826
-24245
-23158
-19803
-14624
-8203
-1193
5740
11965
16925
20162
21356
20348
17173
12078
5526
-1827
-9185
-15695
-20553
-23111
-22980
-20099
-14756
-7561
632
8844
16108
21593
24718
25209
23119
18786
12774
5772
-1491
-8328
-14156
-18525
-21131
-21815
-20554
-17456
-12759
-6829
-157
6661
12962
18074
21393
22467
21073
17269
11407
4108
-3815
-11459
-17953
-22575
-24845
-24580
-21894
-17166
-10967
-3970
3141
9741
15316
19489
22014
22770
21741
19008
14749
9242
2876
-3856
-10372
-16048
-20279
-22562
-22571
-20219
-15695
-9452
-2160
5382
12349
18005
21791
23390
22743
20034
15633
10027
3752
-2675
-8791
-14203
-18591
-21694
-23307
-23278
-21529
-18082
-13090
-6866
124
7279
13920
19371
23050
24552
23716
20646
15704
9452
2566
-4252
-10371
-15295
-18702
-20448
-20539
-19094
-16300
-12377
-7562
-2112
3683
9486
14901
19489
22805
24451
24142
21768
17438
11484
4439
-3027
-10196
-16398
-21097
-23949
-24833
-23833
-21195
-17269
-12441
-7082
-1521
3964
9127
13732
17535
20273
21685
21548
19726
16225
11226
5098
-1631
-8328
-14339
-19077
-22108
-23198
-22340
-19731
-15719
-10741
-5241
379
5798
10778
15145
18756
21466
23111
23512
22505
19986
15959
10586
4196
-2727
-9595
-15790
-20750
-24052
-25465
-24976
-22770
-19180
-14624
-9523
-4248
917
5776
10197
14077
17297
19700
21088
21249
20007
17276
13115
7755
1596
-4831
-10938
-16157
-20031
-22272
-22793
-21697
-19237
-15748
-11578
-7027
-2319
2403
7049
11537
15747
19489
22499
24467
25085
24121
21478
17245
11701
5294
-1425
-7882
-13568
-18106
-21295
-23105
-23647
-23111
-21701
-19579
-16838
-13498
-9548
-4992
89
5505
10937
15966
20131
23004
24269
23789
21632
18059
13479
8369
3188
-1692
-6031
-9732
-12810
-15333
-17361
-18889
-19825
-19992
-19174
-17181
-13920
-9452
-4016
1983
8031
13586
18168
21437
23239
23614
22759
20961
18517
15660
12521
9114
5374
1216
-3394
-8381
-13521
-18461
-22755
-25952
-27680
-27728
-26088
-22961
-18716
-13812
-8707
-3772
764
4831
8490
11867
15078
18157
21005
23396
25007
25498
24600
22191
18354
13373
7699
1865
-3613
-8328
-12050
-14744
-16547
-17693
-18431
-18934
-19241
-19243
-18710
-17367
-14982
-11457
-6883
-1553
4073
9452
14062
17506
19582
20313
19919
18745
17163
15467
13805
12147
10313
8037
5073
1287
-3267
-8328
-13456
-18116
-21785
-24065
-24768
-23951
-21896
-19028
-15815
-12647
-9751
-7146
-4666
-2023
1077
4831
9250
14115
19011
23395
26721
28561
28704
27204
24367
20675
16664
12802
9378
6445
3833
1216
-1772
-5409
-9781
-14721
-19828
-24540
-28256
-30482
-30944
-29657
-26921
-23245
-19226
-15398
-12111
-9452
-7239
-5094
-2565
728
4965
10045
15584
20986
25578
28767
30179
29755
27760
24720
21282
18059
15470
13644
12393
11282
9753
7294
3603
-1312
-7104
-13150
-18690
-23005
-25590
-26278
-25276
-23111
-20490
-18120
-16519
-15885
-16045
-16506
-16589
-15621
-13129
-8982
-3453
2828
9013
14239
17836
19489
19316
17833
15814
14091
13329
13846
15527
17844
19995
21112
20496
17815
13207
7266
912
-4831
-9088
-11343
-11577
-10263
-8243
-6510
-5936
-7044
-9852
-13860
-18163
-21681
-23433
-22803
-19704
-14624
-8515
-2563
2101
4690
4961
3277
517
-2150
-3571
-2915
95
5096
11155
16996
21313
23111
21957
18111
12473
6364
1202
-1858
-2218
0
3978
8403
11804
12923
11061
6263
-661
-8328
-15110
-19547
-20709
-18446
-13439
-7038
-933
3268
4451
2288
-2670
-9109
-15281
-19436
-20270
0
0
0
0
0
0
0
0
0
0
0
0
0
0
0
0
0
0
0
0
0
0
0
0
0
0
0
0
0
0
0
0
0
0
0
0
0
0
0
0
0
0
0
0
0
0
0
0
0
0
0
0
0
0
0
0
0
0
0
0
0
0
0
0
0
0
0
0
0
0
0
0
0
0
0
0
0
0
0
0
0
0
0
0
0
0
0
0
0
0
0
0
0
0
0
0
0
0
0
0
0
0
0
0
0
0
0
0
0
0
0
0
0
0
0
0
0
0
0
0
0
0
0
0
0
0
0
0
0
0
0
0
0
0
0
0
0
0
0
0
0
0
0
0
0
0
0
0
0
0
0
0
0
0
0
0
0
0
0
0
0
0
0
0
0
0
0
0
0
0
0
0
0
0
0
0
0
0
0
0
0
0
0
0
0
0
0
0
0
0
0
0
0
0
0
0
0
0
0
0
0
0
0
0
0
0
0
0
0
0
0
0
0
0
0
0
0
0
0
0
0
0
0
0
0
0
0
0
0
0
0
0
0
0
0
0
0
0
0
0
0
0
0
0
0
0
0
0
0
0
0
0
0
0
0
0
0
0
0
0
0
0
0
0
0
0
0
0
0
0
0
0
0
0
0
0
0
0
0
0
0
0
0
0
0
0
0
0
0
0
0
0
0
0
0
0
0
0
0
0
0
0
0
0
0
0
0
0
0
0
0
0
0
0
0
0
0
0
0
0
0
0
0
0
0
0
0
0
0
0
0
0
0
0
0
0
0
0
0
0
0
0
0
0
0
0
0
0
0
0
0
0
0
0
0
0
0
0
0
0
0
0
0
0
0
0
0
0
0
0
0
0
0
0
0
0
0
0
0
0
0
0
0
0
0
0
0
0
0
0
0
0
0
0
0
0
0
0
0
0
0
0
0
0
0
0
0
0
0
0
0
0
0
0
0
0
0
0
0
0
0
0
0
0
0
0
0
0
0
0
0
0
0
0
0
0
0
0
0
0
0
0
0
0
0
0
0
0
0
0
0
0
0
0
0
0
0
0
0
0
0
0
0
0
0
0
0
0
0
0
0
0
0
0
0
0
0
0
0
0
0
0
0
0
0
0
0
0
0
0
0
0
0
0
0
0
0
0
0
0
0
0
0
0
0
0
0
0
0
0
0
0
0
0
0
0
0
0
0
0
0
0
0
0
0
0
0
0
0
0
0
0
0
0
0
0
0
0
0
0
0
0
0
0
0
0
0
0
0
0
0
0
0
0
0
0
0
0
0
0
0
0
0
0
0
0
0
0
0
0
0
0
0
0
0
0
0
0
0
0
0
0
0
0
0
0
0
0
0
0
0
0
0
0
0
0
0
0
0
0
0
0
0
0
0
0
0
0
0
0
0
0
0
0
0
0
0
0
0
0
0
0
0
0
0
0
0
0
0
0
0
0
0
0
0
0
0
0
0
0
0
0
0
0
0
0
0
0
0
0
0
0
0
0
0
0
0
0
0
0
0
0
0
0
0
0
0
0
0
0
0
0
0
0
0
0
0
0
0
0
0
0
0
0
0
0
0
0
0
0
0
0
0
0
0
0
0
0
0
0
0
0
0
0
0
0
0
0
0
0
0
0
0
0
0
0
0
0
0
0
0
0
0
0
0
0
0
0
0
0
0
0
0
0
0
0
0
0
0
0
0
0
0
0
0
0
0
0
0
0
0
0
0
0
0
0
0
0
0
0
0
0
0
0
0
0
0
0
0
0
0
0
0
0
0
0
0
0
0
0
0
0
0
0
0
0
0
0
0
0
0
0
0
0
0
0
0
0
0
0
0
0
0
0
0
0
0
0
0
0
0
0
0
0
0
0
0
0
0
0
0
0
0
0
0
0
0
0
0
0
0
0
0
0
0
0
0
0
0
0
0
0
0
0
0
0
0
0
0
0
0
0
0
0
0
0
0
0
0
0
0
0
0
0
0
0
0
0
0
0
0
0
0
0
0
0
0
0
0
0
0
0
0
0
0
0
0
0
0
0
0
0
0
0
0
0
0
0
0
0
0
0
0
0
0
0
0
0
0
0
0
0
0
0
0
0
0
0
0
0
0
0
0
0
0
0
0
0
0
0
0
0
0
0
0
0
0
0
0
0
0
0
0
0
0
0
0
0
0
0
0
0
0
0
0
0
0
0
0
0
-9629
-7987
-5668
-2933
-70
2635
4928
6609
7552
7709
7119
5888
4183
2206
173
-1707
-3261
-4361
-4936
-4973
-4524
-3684
-2581
-1361
-168
870
1659
2146
2318
2203
1865
1391
874
404
53
-131
-136
15
277
576
834
970
923
658
170
-503
-1294
-2107
-2829
-3345
-3554
-3382
-2797
-1815
-502
1027
2623
4112
5317
6077
6269
5822
4729
3057
938
-1437
-3837
-6011
-7718
-8750
-8958
-8270
-6705
-4373
-1472
1732
4929
7792
10016
11343
11597
10705
8704
5749
2098
-1911
-5892
-9442
-12191
-13833
-14163
-13102
-10708
-7171
-2807
1977
6720
10949
14227
16201
16636
15445
12698
8624
3589
-1932
-7410
-12302
-16108
-18427
-18993
-17707
-14654
-10091
-4436
1781
7961
13493
17821
20494
21213
19870
16556
11557
5331
-1531
-8373
-14519
-19356
-22385
-23279
-21913
-18385
-13003
-6265
1190
8646
15373
20700
24086
25171
23817
20122
14414
7224
-767
-8786
-16053
-21847
-25585
-26875
-25563
-21747
-15770
-8190
270
8798
16560
22792
26870
28376
27135
23244
17055
9151
285
-8687
-16894
-23529
-27934
-29659
-28517
-24594
-18253
-10092
-890
8463
17061
24059
28769
30716
29694
25783
19347
10996
1530
-8134
-17063
-24381
-29372
-31537
-30655
-26795
-20320
-11848
-2193
7712
16908
24498
29740
32117
31389
27617
21160
12634
2863
-7209
-16606
-24414
-29874
-32451
-31889
-28239
-21850
-13338
-3525
6636
16166
24136
29775
32535
32147
28650
22380
13947
4167
-6008
-15598
-23671
-29449
-32371
-32162
-28841
-22739
-14448
-4776
5339
14916
23031
28901
31964
31929
28809
22917
14829
5334
-4642
-14133
-22225
-28141
-31313
-31450
-28549
-22906
-15077
-5831
3931
13264
21269
27177
30430
30728
28060
22701
15185
6253
-3223
-12323
-20174
-26023
-29322
-29768
-27341
-22297
-15144
-6589
2530
11328
18957
24693
27998
28577
26395
21693
14946
6828
-1865
-10289
-17634
-23201
-26475
-27163
-25229
-20889
-14588
-6960
1244
9228
16221
21565
24764
25539
23847
19885
14066
6977
-678
-8156
-14738
-19801
-22884
-23719
-22260
-18687
-13378
-6874
178
7091
13200
17929
20851
21716
20480
17302
12525
6642
243
-6048
-11625
-15967
-18683
-19548
-18517
-15735
-11509
-6281
-577
5039
10033
13937
16403
17232
16389
13998
10335
5787
818
-4080
-8440
-11856
-14029
-14790
-14110
-12103
-9009
-5160
-957
3182
6863
9746
11584
12241
11700
10064
7537
4402
989
-2358
-5320
-7628
-9090
-9606
-9177
-7895
-5931
-3516
-912
1616
3825
5520
6567
6908
6562
5613
4202
2507
721
-965
-2394
-3441
-4039
-4172
-3877
-3236
-2363
-1381
-419
413
1039
1412
1528
1418
1143
784
427
148
6
33
225
550
944
1328
1615
1721
1588
1183
514
-371
-1391
-2430
-3359
-4046
-4375
-4262
-3665
-2601
-1138
600
2448
4212
5695
6711
7115
6815
5789
4093
1859
-716
-3387
-5883
-7933
-9303
-9811
-9359
-7938
-5645
-2669
722
4204
7428
10057
11799
12440
11868
10093
7242
3558
-619
-4893
-8838
-12049
-14179
-14980
-14325
-12234
-8867
-4517
413
5452
10103
13894
16425
17408
16706
14342
10503
5532
-109
-5880
-11217
-15581
-18518
-19707
-18989
-16394
-12134
-6592
-286
6179
12173
17095
20443
21853
21154
18372
13742
7682
763
-6350
-12968
-18431
-22184
-23832
-23181
-20255
-15307
-8788
-1313
6398
13600
19579
23731
25626
25050
22024
16812
9894
1925
-6330
-14070
-20533
-25071
-27221
-26746
-23661
-18239
-10986
-2586
6151
14380
21290
26198
28603
28251
25148
19572
12045
3283
-5872
-14532
-21850
-27103
-29762
-29552
-26469
-20793
-13058
-4004
5500
14533
22212
27782
30689
30635
27608
21885
14009
4733
-5049
-14390
-22379
-28234
-31377
-31491
-28553
-22834
-14880
-5457
4529
14110
22355
28458
31822
32111
29291
23626
15659
6159
-3955
-13706
-22147
-28458
-32020
-32489
-29812
-24248
-16332
-6829
3338
13187
21764
28235
31974
32620
30110
24688
16883
7450
-2693
-12567
-21213
-27797
-31684
-32501
-30176
-24938
-17300
-8009
2036
11857
20508
27153
31155
32135
30008
24990
17576
8491
-1378
-11073
-19660
-26312
-30394
-31523
-29604
-24836
-17697
-8886
733
10229
18683
25286
29409
30670
28963
24475
17656
9181
-119
-9341
-17594
-24088
-28211
-29581
-28090
-23903
-17448
-9367
-454
8422
16405
22734
26812
28269
26988
23121
17067
9433
973
-7488
-15135
-21239
-25228
-26743
-25665
-22130
-16511
-9372
-1424
6556
13801
19620
23473
25014
24129
20936
15778
9179
1799
-5639
-12418
-17895
-21564
-23101
-22392
-19544
-14868
-8848
-2086
4751
11006
16085
19522
21017
20467
17962
13787
8376
2277
-3906
-9579
-14205
-17363
-18782
-18368
-16202
-12537
-7762
-2365
3117
8156
12279
15109
16416
16112
14275
11125
7006
2344
-2395
-6754
-10322
-12783
-13937
-13719
-12194
-9561
-6112
-2210
1751
5385
8357
10404
11369
11205
9978
7854
5082
1958
-1192
-4068
-6401
-7994
-8732
-8592
-7641
-6016
-3922
-1591
729
2814
4474
5575
6051
5904
5201
4062
2640
1108
-366
-1636
-2592
-3167
-3346
-3160
-2681
-2006
-1247
-510
108
547
773
793
643
384
100
-134
-248
-195
41
445
966
1528
2037
2398
2521
2342
1833
1006
-81
-1330
-2612
-3776
-4673
-5167
-5160
-4599
-3493
-1913
12
2104
4152
5933
7240
7898
7794
6885
5215
2908
163
-2761
-5574
-7983
-9719
-10568
-10399
-9180
-6980
-3980
-443
3295
6868
9908
12089
13155
12955
11462
8774
5118
821
-3706
-8025
-11695
-14332
-15636
-15439
-13711
-10578
-6308
-1291
3996
9039
13332
16430
17993
17828
15906
12374
7538
1845
-4163
-9905
-14806
-18366
-20204
-20101
-18026
-14142
-8792
-2473
4214
10620
16110
20128
22252
22238
20051
15865
10056
3164
-4152
-11183
-17236
-21703
-24120
-24222
-21960
-17522
-11311
-3907
3982
11594
18178
23080
25795
26032
23736
19098
12544
4689
-3715
-11856
-18935
-24250
-27262
-27653
-25359
-20572
-13736
-5496
3359
11973
19503
25206
28510
29071
26812
21928
14871
6315
-2924
-11951
-19885
-25947
-29532
-30274
-28082
-23148
-15934
-7129
2422
11798
20083
26468
30318
31249
29153
24217
16909
7927
-1865
-11522
-20102
-26768
-30866
-31988
-30013
-25122
-17779
-8690
1267
11132
19947
26851
31173
32485
30653
25848
18531
9408
-640
-10642
-19626
-26722
-31238
-32734
-31063
-26385
-19152
-10063
0
10063
19152
26385
31063
32734
31238
26722
19626
10642
640
-9408
-18531
-25848
-30653
-32485
-31173
-26851
-19947
-11132
-1267
8690
17779
25122
30013
31988
30866
26768
20102
11522
1865
-7927
-16909
-24217
-29153
-31249
-30318
-26468
-20083
-11798
-2422
7129
15934
23148
28082
30274
29532
25947
19885
11951
2924
-6315
-14871
-21928
-26812
-29071
-28510
-25206
-19503
-11973
-3359
5496
13736
20572
25359
27653
27262
24250
18935
11856
3715
-4689
-12544
-19098
-23736
-26032
-25795
-23080
-18178
-11594
-3982
3907
11311
17522
21960
24222
24120
21703
17236
11183
4152
-3164
-10056
-15865
-20051
-22238
-22252
-20128
-16110
-10620
-4214
2473
8792
14142
18026
20101
20204
18366
14806
9905
4163
-1845
-7538
-12374
-15906
-17828
-17993
-16430
-13332
-9039
-3996
1291
6308
10578
13711
15439
15636
14332
11695
8025
3706
-821
-5118
-8774
-11462
-12955
-13155
-12089
-9908
-6868
-3295
443
3980
6980
9180
10399
10568
9719
7983
5574
2761
-163
-2908
-5215
-6885
-7794
-7898
-7240
-5933
-4152
-2104
-12
1913
3493
4599
5160
5167
4673
3776
2612
1330
81
-1006
-1833
-2342
-2521
-2398
-2037
-1528
-966
-445
-41
195
248
134
-100
-384
-643
-793
-773
-547
-108
510
1247
2006
2681
3160
3346
3167
2592
1636
366
-1108
-2640
-4062
-5201
-5904
-6051
-5575
-4474
-2814
-729
1591
3922
6016
7641
8592
8732
7994
6401
4068
1192
-1958
-5082
-7854
-9978
-11205
-11369
-10404
-8357
-5385
-1751
2210
6112
9561
12194
13719
13937
12783
10322
6754
2395
-2344
-7006
-11125
-14275
-16112
-16416
-15109
-12279
-8156
-3117
2365
7762
12537
16202
18368
18782
17363
14205
9579
3906
-2277
-8376
-13787
-17962
-20467
-21017
-19522
-16085
-11006
-4751
2086
8848
14868
19544
22392
23101
21564
17895
12418
5639
-1799
-9179
-15778
-20936
-24129
-25014
-23473
-19620
-13801
-6556
1424
9372
16511
22130
25665
26743
25228
21239
15135
7488
-973
-9433
-17067
-23121
-26988
-28269
-26812
-22734
-16405
-8422
454
9367
17448
23903
28090
29581
28211
24088
17594
9341
119
-9181
-17656
-24475
-28963
-30670
-29409
-25286
-18683
-10229
-733
8886
17697
24836
29604
31523
30394
26312
19660
11073
1378
-8491
-17576
-24990
-30008
-32135
-31155
-27153
-20508
-11857
-2036
8009
17300
24938
30176
32501
31684
27797
21213
12567
2693
-7450
-16883
-24688
-30110
-32620
-31974
-28235
-21764
-13187
-3338
6829
16332
24248
29812
32489
32020
28458
22147
13706
3955
-6159
-15659
-23626
-29291
-32111
-31822
-28458
-22355
-14110
-4529
5457
14880
22834
28553
31491
31377
28234
22379
14390
5049
-4733
-14009
-21885
-27608
-30635
-30689
-27782
-22212
-14533
-5500
4004
13058
20793
26469
29552
29762
27103
21850
14532
5872
-3283
-12045
-19572
-25148
-28251
-28603
-26198
-21290
-14380
-6151
2586
10986
18239
23661
26746
27221
25071
20533
14070
6330
-1925
-9894
-16812
-22024
-25050
-25626
-23731
-19579
-13600
-6398
1313
8788
15307
20255
23181
23832
22184
18431
12968
6350
-763
-7682
-13742
-18372
-21154
-21853
-20443
-17095
-12173
-6179
286
6592
12134
16394
18989
19707
18518
15581
11217
5880
109
-5532
-10503
-14342
-16706
-17408
-16425
-13894
-10103
-5452
-413
4517
8867
12234
14325
14980
14179
12049
8838
4893
619
-3558
-7242
-10093
-11868
-12440
-11799
-10057
-7428
-4204
-722
2669
5645
7938
9359
9811
9303
7933
5883
3387
716
-1859
-4093
-5789
-6815
-7115
-6711
-5695
-4212
-2448
-600
1138
2601
3665
4262
4375
4046
3359
2430
1391
371
-514
-1183
-1588
-1721
-1615
-1328
-944
-550
-225
-33
-6
-148
-427
-784
-1143
-1418
-1528
-1412
-1039
-413
419
1381
2363
3236
3877
4172
4039
3441
2394
965
-721
-2507
-4202
-5613
-6562
-6908
-6567
-5520
-3825
-1616
912
3516
5931
7895
9177
9606
9090
7628
5320
2358
-989
-4402
-7537
-10064
-11700
-12241
-11584
-9746
-6863
-3182
957
5160
9009
12103
14110
14790
14029
11856
8440
4080
-818
-5787
-10335
-13998
-16389
-17232
-16403
-13937
-10033
-5039
577
6281
11509
15735
18517
19548
18683
15967
11625
6048
-243
-6642
-12525
-17302
-20480
-21716
-20851
-17929
-13200
-7091
-178
6874
13378
18687
22260
23719
22884
19801
14738
8156
678
-6977
-14066
-19885
-23847
-25539
-24764
-21565
-16221
-9228
-1244
6960
14588
20889
25229
27163
26475
23201
17634
10289
1865
-6828
-14946
-21693
-26395
-28577
-27998
-24693
-18957
-11328
-2530
6589
15144
22297
27341
29768
29322
26023
20174
12323
3223
-6253
-15185
-22701
-28060
-30728
-30430
-27177
-21269
-13264
-3931
5831
15077
22906
28549
31450
31313
28141
22225
14133
4642
-5334
-14829
-22917
-28809
-31929
-31964
-28901
-23031
-14916
-5339
4776
14448
22739
28841
32162
32371
29449
23671
15598
6008
-4167
-13947
-22380
-28650
-32147
-32535
-29775
-24136
-16166
-6636
3525
13338
21850
28239
31889
32451
29874
24414
16606
7209
-2863
-12634
-21160
-27617
-31389
-32117
-29740
-24498
-16908
-7712
2193
11848
20320
26795
30655
31537
29372
24381
17063
8134
-1530
-10996
-19347
-25783
-29694
-30716
-28769
-24059
-17061
-8463
890
10092
18253
24594
28517
29659
27934
23529
16894
8687
-285
-9151
-17055
-23244
-27135
-28376
-26870
-22792
-16560
-8798
-270
8190
15770
21747
25563
26875
25585
21847
16053
8786
767
-7224
-14414
-20122
-23817
-25171
-24086
-20700
-15373
-8646
-1190
6265
13003
18385
21913
23279
22385
19356
14519
8373
1531
-5331
-11557
-16556
-19870
-21213
-20494
-17821
-13493
-7961
-1781
4436
10091
14654
17707
18993
18427
16108
12302
7410
1932
-3589
-8624
-12698
-15445
-16636
-16201
-14227
-10949
-6720
-1977
2807
7171
10708
13102
14163
13833
12191
9442
5892
1911
-2098
-5749
-8704
-10705
-11597
-11343
-10016
-7792
-4929
-1732
1472
4373
6705
8270
8958
8750
7718
6011
3837
1437
-938
-3057
-4729
-5822
-6269
-6077
-5317
-4112
-2623
-1027
502
1815
2797
3382
3554
3345
2829
2107
1294
503
-170
-658
-923
-970
-834
-576
-277
-15
136
131
-53
-404
-874
-1391
-1865
-2203
-2318
-2146
-1659
-870
168
1361
2581
3684
4524
4973
4936
4361
3261
1707
-173
-2206
-4183
-5888
-7119
-7709
-7552
-6609
-4928
-2635
70
2933
5668
7987
9628
10389
10145
8870
6642
3643
138
-3539
-7027
-9964
-12033
-12989
-12692
-11123
-8389
-4720
-448
4021
8247
11805
14312
15488
15172
13349
10151
5854
853
-4377
-9325
-13494
-16450
-17865
-17561
-15523
-11909
-7033
-1345
4609
10254
15023
18428
20101
19840
17630
13645
8240
1917
-4721
-11029
-16381
-20232
-22177
-21987
-19645
-15342
-9461
-2555
4717
11650
17560
21850
24075
23984
21551
16979
10682
3252
-4601
-12116
-18554
-23270
-25781
-25811
-23327
-18539
-11886
-3993
4382
12430
19360
24484
27281
27453
24956
20004
13055
4765
-4069
-12594
-19976
-25484
-28564
-28895
-26420
-21356
-14173
-5555
3672
12615
20402
26266
29621
30123
27704
22578
15226
6349
-3201
-12499
-20641
-26826
-30444
-31126
-28794
-23656
-16197
-7131
2668
12255
20696
27165
31027
31896
29677
24573
17070
7886
-2087
-11892
-20573
-27283
-31368
-32424
-30342
-25317
-17830
-8603
1472
11422
20279
27185
31466
32706
30781
25877
18464
9263
-835
-10855
-19825
-26875
-31323
-32739
-30988
-26240
-18961
-9854
193
10208
19221
26362
30942
32522
30956
26401
19306
10364
444
-9490
-18479
-25655
-30329
-32058
-30685
-26352
-19492
-10778
-1058
8719
17612
24764
29492
31349
30172
26089
19509
11085
1639
-7909
-16635
-23704
-28441
-30404
-29421
-25608
-19352
-11276
-2171
7073
15564
22487
27188
29229
28437
24910
19014
11339
2642
-6227
-14412
-21130
-25746
-27836
-27223
-23996
-18492
-11269
-3040
5387
13199
19648
24130
26236
25790
22870
17786
11058
3355
-4565
-11938
-18059
-22358
-24443
-24149
-21538
-16896
-10701
-3577
3776
10648
16383
20446
22476
22312
20008
15823
10197
3696
-3035
-9346
-14635
-18414
-20349
-20292
-18289
-14575
-9543
-3707
2352
8046
12836
16281
18083
18107
16394
13155
8739
3604
-1738
-6766
-11006
-14070
-15697
-15773
-14338
-11573
-7789
-3382
1203
5520
9161
11798
13211
13310
12133
9841
6697
3040
-758
-4323
-7322
-9489
-10649
-10740
-9798
-7968
-5468
-2575
407
3188
5506
7162
8033
8081
7353
5969
4111
1992
-158
-2127
-3731
-4841
-5384
-5357
-4815
-3861
-2634
-1291
16
1150
2014
2543
2726
2591
2205
1658
1049
475
18
-269
-367
-291
-81
192
453
620
631
445
56
-509
-1190
-1898
-2527
-2973
-3139
-2956
-2393
-1466
-240
1179
2648
4004
5079
5726
5830
5328
4221
2577
530
-1736
-3996
-6011
-7554
-8429
-8503
-7717
-6100
-3768
-922
2175
5221
7904
9928
11058
11135
10102
8010
5026
1411
-2496
-6319
-9667
-12186
-13593
-13703
-12459
-9936
-6338
-1991
2701
7281
11289
14309
16012
16185
14769
11856
7690
2651
-2788
-8101
-12757
-16281
-18295
-18561
-17010
-13753
-9067
-3383
2764
8777
14065
18087
20424
20808
19162
15607
10453
4174
-2632
-9311
-15203
-19715
-22382
-22907
-21203
-17398
-11831
-5015
2400
9699
16166
21154
24154
24841
23114
19109
13184
5890
-2076
-9947
-16952
-22395
-25726
-26591
-24877
-20719
-14495
-6787
1668
10057
17559
23432
27086
28143
26474
22211
15747
7690
-1189
-10035
-17986
-24258
-28226
-29484
-27888
-23569
-16925
-8586
648
9890
18237
24872
29138
30602
29105
24774
18010
9459
-60
-9629
-18316
-25273
-29814
-31487
-30113
-25812
-18989
-10292
-563
9262
18229
25462
30255
32132
30901
26671
19843
11074
1207
-8801
-17983
-25444
-30458
-32531
-31458
-27337
-20562
-11788
-1861
8258
17588
25223
30423
32682
31779
27800
21132
12418
2505
-7646
-17054
-24807
-30156
-32584
-31858
-28053
-21540
-12954
-3130
6978
16394
24205
29661
32238
31692
28086
21777
13382
3720
-6269
-15620
-23429
-28947
-31648
-31282
-27898
-21834
-13689
-4261
5534
14746
22489
28021
30820
30629
27484
21705
13867
4740
-4785
-13787
-21400
-26897
-29762
-29736
-26843
-21385
-13906
-5146
4039
12760
20178
25587
28485
28610
25979
20870
13798
5466
-3310
-11679
-18836
-24106
-26999
-27261
-24895
-20159
-13537
-5690
2611
10561
17394
22471
25320
25696
23596
19254
13120
5809
-1955
-9420
-15870
-20697
-23463
-23930
-22090
-18158
-12543
-5816
1355
8275
14279
18805
21445
21977
20389
16874
11805
5705
-823
-7139
-12640
-16812
-19284
-19852
-18503
-15410
-10910
-5468
367
6029
10973
14742
17000
17573
16447
13775
9857
5105
0
-4957
-9294
-12609
-14615
-15159
-14236
-11981
-8654
-4613
-272
3939
7622
10439
12148
12632
11888
10038
7306
3994
445
-2986
-5973
-8249
-9624
-10010
-9421
-7962
-5822
-3247
-510
2109
4367
6060
7062
7317
6855
5769
4213
2377
468
-1319
-2815
-3894
-4486
-4577
-4210
-3475
-2489
-1391
-314
623
1335
1768
1918
1811
1511
1099
665
294
50
-29
61
297
620
956
1222
1338
1243
903
323
-457
-1362
-2286
-3107
-3703
-3967
-3818
-3221
-2193
-802
834
2556
4182
5522
6407
6698
6319
5253
3563
1381
-1097
-3634
-5969
-7846
-9042
-9395
-8818
-7319
-4999
-2054
1247
4589
7634
10060
11590
12033
11295
9400
6489
2814
-1285
-5416
-9166
-12145
-14030
-14590
-13726
-11475
-8015
-3650
1214
6110
10554
14089
16339
17045
16091
13528
9563
4551
-1038
-6670
-11788
-15875
-18501
-19376
-18368
-15535
-11115
-5506
764
7094
12862
17491
20500
21562
20536
17478
12655
6502
-398
-7385
-13774
-18927
-22319
-23588
-22573
-19338
-14163
-7525
-48
7545
14517
20174
23945
25434
24464
21095
15625
8559
568
-7580
-15092
-21226
-25366
-27086
-26187
-22729
-17019
-9591
-1148
7494
15499
22078
26574
28529
27728
24224
18332
10605
1778
-7297
-15742
-22726
-27559
-29752
-29072
-25563
-19544
-11584
-2443
6999
15825
23172
28317
30746
30204
26728
20640
12514
3130
-6606
-15752
-23416
-28845
-31501
-31114
-27709
-21604
-13379
-3826
6133
15534
23461
29140
32014
31793
28492
22421
14163
4514
-5592
-15179
-23314
-29206
-32280
-32233
-29065
-23080
-14854
-5184
4994
14697
22982
29045
32299
32428
29420
23567
15437
5817
-4355
-14101
-22472
-28661
-32072
-32376
-29550
-23873
-15898
-6403
3689
13402
21797
28063
31602
32077
29451
23989
16228
6926
-3009
-12617
-20969
-27261
-30895
-31531
-29118
-23908
-16414
-7374
2329
11757
19998
26265
29959
30741
28553
23625
16450
7734
-1666
-10840
-18903
-25086
-28804
-29716
-27756
-23137
-16326
-7998
1030
9879
17698
23741
27441
28462
26731
22444
16037
8152
-436
-8892
-16398
-22245
-25884
-26990
-25485
-21546
-15581
-8189
-102
7891
15022
20614
24148
25312
24024
20446
14952
8102
574
-6894
-13586
-18866
-22250
-23441
-22361
-19149
-14154
-7885
-969
5915
12107
17021
20208
21395
20505
17665
13186
7534
1277
-4968
-10604
-15098
-18042
-19191
-18471
-15999
-12052
-7046
-1490
4068
9093
13115
15772
16846
16276
14165
10757
6421
1600
-3225
-7592
-11092
-13417
-14381
-13937
-12175
-9311
-5660
-1603
2452
6117
9051
11002
11818
11471
10044
7719
4765
1494
-1759
-4684
-7011
-8545
-9179
-8900
-7787
-5996
-3741
-1272
1155
3307
4990
6070
6485
6244
5423
4152
2595
935
-647
-2001
-3006
-3599
-3761
-3526
-2971
-2200
-1333
-485
241
776
1080
1152
1027
767
450
159
-33
-74
57
353
773
1248
1689
2007
2117
1955
1493
742
-246
-1381
-2539
-3583
-4370
-4776
-4711
-4126
-3035
-1509
326
2297
4203
5833
6990
7516
7307
6334
4644
2368
-296
-3095
-5751
-7980
-9529
-10203
-9887
-8559
-6306
-3311
157
3772
7172
10007
11966
12815
12423
10782
8004
4327
83
-4323
-8458
-11899
-14280
-15329
-14898
-12981
-9722
-5404
-423
4747
9598
13642
16456
17726
17286
15135
11441
6528
853
-5044
-10589
-15224
-18473
-19983
-19568
-17225
-13144
-7689
-1366
5218
11425
16635
20318
22084
21723
19230
14813
8868
1953
-5271
-12103
-17867
-21979
-24011
-23731
-21130
-16427
-10052
-2601
5210
12625
18912
23443
25748
25574
22905
17971
11225
3300
-5041
-12991
-19768
-24699
-27280
-27235
-24538
-19425
-12369
-4036
4771
13202
20432
25741
28597
28699
26012
20772
13469
4797
-4412
-13267
-20902
-26565
-29689
-29953
-27309
-21995
-14510
-5567
3974
13189
21181
27165
30547
30984
28416
23079
15476
6334
-3467
-12978
-21273
-27541
-31166
-31783
-29322
-24008
-16349
-7079
2905
12642
21183
27695
31541
32342
30012
24770
17117
7792
-2303
-12192
-20917
-27628
-31673
-32656
-30479
-25351
-17765
-8457
1671
11641
20486
27348
31561
32722
30716
25741
18281
9060
-1026
-11001
-19898
-26859
-31210
-32538
-30717
-25933
-18651
-9586
381
10284
19167
26171
30625
32105
30481
25917
18868
10025
249
-9508
-18305
-25297
-29812
-31429
-30004
-25691
-18920
-10362
-851
8685
17328
24246
28782
30513
29290
25249
18803
10588
1412
-7831
-16248
-23034
-27546
-29367
-28341
-24594
-18508
-10693
-1919
6959
15083
21676
26118
27999
27165
23724
18033
10669
2358
-6086
-13850
-20188
-24510
-26423
-25768
-22642
-17377
-10509
-2719
5227
12562
18588
22742
24651
24161
21355
16539
10207
2993
-4394
-11241
-16893
-20830
-22698
-22355
-19870
-15521
-9760
-3169
3602
9900
15124
18793
20585
20365
18197
14327
9167
3240
-2864
-8556
-13296
-16650
-18327
-18208
-16345
-12964
-8427
-3201
2191
7227
11432
14422
15946
15898
14330
11438
7541
3047
-1593
-5928
-9548
-12131
-13461
-13457
-12166
-9760
-6514
-2773
1080
4672
7666
9796
10895
10903
9869
7942
5351
2381
-661
-3475
-5801
-7439
-8269
-8258
-7457
-5995
-4059
-1869
340
2349
3974
5083
5608
5544
4951
3936
2646
1240
-123
-1305
-2200
-2747
-2932
-2783
-2369
-1781
-1123
-497
14
353
495
452
265
0
-265
-452
-495
-353
-14
497
1123
1781
2369
2783
2932
2747
2200
1305
123
-1240
-2646
-3936
-4951
-5544
-5608
-5083
-3974
-2349
-340
1869
4059
5995
7457
8258
8269
7439
5801
3475
661
-2381
-5351
-7942
-9869
-10903
-10895
-9796
-7666
-4672
-1080
2773
6514
9760
12166
13457
13461
12131
9548
5928
1593
-3047
-7541
-11438
-14330
-15898
-15946
-14422
-11432
-7227
-2191
3201
8427
12964
16345
18208
18327
16650
13296
8556
2864
-3240
-9167
-14327
-18197
-20365
-20585
-18793
-15124
-9900
-3602
3169
9760
15521
19870
22355
22698
20830
16893
11241
4394
-2993
-10207
-16539
-21355
-24161
-24651
-22742
-18588
-12562
-5227
2719
10509
17377
22642
25768
26423
24510
20188
13850
6086
-2358
-10669
-18033
-23724
-27165
-27999
-26118
-21676
-15083
-6959
1919
10693
18508
24594
28341
29367
27546
23034
16248
7831
-1412
-10588
-18803
-25249
-29290
-30513
-28782
-24246
-17328
-8685
851
10362
18920
25691
30004
31429
29812
25297
18305
9508
-249
-10025
-18868
-25917
-30481
-32105
-30625
-26171
-19167
-10284
-381
9586
18651
25933
30717
32538
31210
26859
19898
11001
1026
-9060
-18281
-25741
-30716
-32722
-31561
-27348
-20486
-11641
-1671
8457
17765
25351
30479
32656
31673
27628
20917
12192
2303
-7792
-17117
-24770
-30012
-32342
-31541
-27695
-21183
-12642
-2905
7079
16349
24008
29322
31783
31166
27541
21273
12978
3467
-6334
-15476
-23079
-28416
-30984
-30547
-27165
-21181
-13189
-3974
5567
14510
21995
27309
29953
29689
26565
20902
13267
4412
-4797
-13469
-20772
-26012
-28699
-28597
-25741
-20432
-13202
-4771
4036
12369
19425
24538
27235
27280
24699
19768
12991
5041
-3300
-11225
-17971
-22905
-25574
-25748
-23443
-18912
-12625
-5210
2601
10052
16427
21130
23731
24011
21979
17867
12103
5271
-1953
-8868
-14813
-19230
-21723
-22084
-20318
-16635
-11425
-5218
1366
7689
13144
17225
19568
19983
18473
15224
10589
5044
-853
-6528
-11441
-15135
-17286
-17726
-16456
-13642
-9598
-4747
423
5404
9722
12981
14898
15329
14280
11899
8458
4323
-83
-4327
-8004
-10782
-12423
-12815
-11966
-10007
-7172
-3772
-157
3311
6306
8559
9887
10203
9529
7980
5751
3095
296
-2368
-4644
-6334
-7307
-7516
-6990
-5833
-4203
-2297
-326
1509
3035
4126
4711
4776
4370
3583
2539
1381
246
-742
-1493
-1955
-2117
-2007
-1689
-1248
-773
-353
-57
74
33
-159
-450
-767
-1027
-1152
-1080
-776
-241
485
1333
2200
2971
3526
3761
3599
3006
2001
647
-935
-2595
-4152
-5423
-6244
-6485
-6070
-4990
-3307
-1155
1272
3741
5996
7787
8900
9179
8545
7011
4684
1759
-1494
-4765
-7719
-10044
-11471
-11818
-11002
-9051
-6117
-2452
1603
5660
9311
12175
13937
14381
13417
11092
7592
3225
-1600
-6421
-10757
-14165
-16276
-16846
-15772
-13115
-9093
-4068
1490
7046
12052
15999
18471
19191
18042
15098
10604
4968
-1277
-7534
-13186
-17665
-20505
-21395
-20208
-17021
-12107
-5915
969
7885
14154
19149
22361
23441
22250
18866
13586
6894
-574
-8102
-14952
-20446
-24024
-25312
-24148
-20614
-15022
-7891
102
8189
15581
21546
25485
26990
25884
22245
16398
8892
436
-8152
-16037
-22444
-26731
-28462
-27441
-23741
-17698
-9879
-1030
7998
16326
23137
27756
29716
28804
25086
18903
10840
1666
-7734
-16450
-23625
-28553
-30741
-29959
-26265
-19998
-11757
-2329
7374
16414
23908
29118
31531
30895
27261
20969
12617
3009
-6926
-16228
-23989
-29451
-32077
-31602
-28063
-21797
-13402
-3689
6403
15898
23873
29550
32376
32072
28661
22472
14101
4355
-5817
-15437
-23567
-29420
-32428
-32299
-29045
-22982
-14697
-4994
5184
14854
23080
29065
32233
32280
29206
23314
15179
5592
-4514
-14163
-22421
-28492
-31793
-32014
-29140
-23461
-15534
-6133
3826
13379
21604
27709
31114
31501
28845
23416
15752
6606
-3130
-12514
-20640
-26728
-30204
-30746
-28317
-23172
-15825
-6999
2443
11584
19544
25563
29072
29752
27559
22726
15742
7297
-1778
-10605
-18332
-24224
-27728
-28529
-26574
-22078
-15499
-7494
1148
9591
17019
22729
26187
27086
25366
21226
15092
7580
-568
-8559
-15625
-21095
-24464
-25434
-23945
-20174
-14517
-7545
48
7525
14163
19338
22573
23588
22319
18927
13774
7385
398
-6502
-12655
-17478
-20536
-21562
-20500
-17491
-12862
-7094
-764
5506
11115
15535
18368
19376
18501
15875
11788
6670
1038
-4551
-9563
-13528
-16091
-17045
-16339
-14089
-10554
-6110
-1214
3650
8015
11475
13726
14590
14030
12145
9166
5416
1285
-2814
-6489
-9400
-11295
-12033
-11590
-10060
-7634
-4589
-1247
2054
4999
7319
8818
9395
9042
7846
5969
3634
1097
-1381
-3563
-5253
-6319
-6698
-6407
-5522
-4182
-2556
-834
802
2193
3221
3818
3967
3703
3107
2286
1362
457
-323
-903
-1243
-1338
-1222
-956
-620
-297
-61
29
-50
-294
-665
-1099
-1511
-1811
-1918
-1768
-1335
-623
314
1391
2489
3475
4210
4577
4486
3894
2815
1319
-468
-2377
-4213
-5769
-6855
-7317
-7062
-6060
-4367
-2109
510
3247
5822
7962
9421
10010
9624
8249
5973
2986
-445
-3994
-7306
-10038
-11888
-12632
-12148
-10439
-7622
-3939
272
4613
8654
11981
14236
15159
14615
12609
9294
4957
0
-5105
-9857
-13775
-16447
-17573
-17000
-14742
-10973
-6029
-367
5468
10910
15410
18503
19852
19284
16812
12640
7139
823
-5705
-11805
-16874
-20389
-21977
-21445
-18805
-14279
-8275
-1355
5816
12543
18158
22090
23930
23463
20697
15870
9420
1955
-5809
-13120
-19254
-23596
-25696
-25320
-22471
-17394
-10561
-2611
5690
13537
20159
24895
27261
26999
24106
18836
11679
3310
-5466
-13798
-20870
-25979
-28610
-28485
-25587
-20178
-12760
-4039
5146
13906
21385
26843
29736
29762
26897
21400
13787
4785
-4740
-13867
-21705
-27484
-30629
-30820
-28021
-22489
-14746
-5534
4261
13689
21834
27898
31282
31648
28947
23429
15620
6269
-3720
-13382
-21777
-28086
-31692
-32238
-29661
-24205
-16394
-6978
3130
12954
21540
28053
31858
32584
30156
24807
17054
7646
-2505
-12418
-21132
-27800
-31779
-32682
-30423
-25223
-17588
-8258
1861
11788
20562
27337
31458
32531
30458
25444
17983
8801
-1207
-11074
-19843
-26671
-30901
-32132
-30255
-25462
-18229
-9262
563
10292
18989
25812
30113
31487
29814
25273
18316
9628
60
-9459
-18010
-24774
-29105
-30602
-29138
-24872
-18237
-9890
-648
8586
16925
23569
27888
29484
28226
24258
17986
10035
1189
-7690
-15747
-22211
-26474
-28143
-27086
-23432
-17559
-10057
-1668
6787
14495
20719
24877
26591
25726
22395
16952
9947
2076
-5890
-13184
-19109
-23114
-24841
-24154
-21154
-16166
-9699
-2400
5015
11831
17398
21203
22907
22382
19715
15203
9311
2632
-4174
-10453
-15607
-19162
-20808
-20424
-18087
-14065
-8777
-2764
3383
9067
13753
17010
18561
18295
16281
12757
8101
2788
-2651
-7690
-11856
-14769
-16185
-16012
-14309
-11289
-7281
-2701
1991
6338
9936
12459
13703
13593
12186
9667
6319
2496
-1411
-5026
-8010
-10102
-11135
-11058
-9928
-7904
-5221
-2175
922
3768
6100
7717
8503
8429
7554
6011
3996
1736
-530
-2577
-4221
-5328
-5830
-5726
-5079
-4004
-2648
-1179
240
1466
2393
2956
3139
2973
2527
1898
1190
509
-56
-445
-631
-620
-453
-192
81
291
367
269
-18
-475
-1049
-1658
-2205
-2591
-2726
-2543
-2014
-1150
-16
1291
2634
3861
4815
5357
5384
4841
3731
2127
158
-1992
-4111
-5969
-7353
-8081
-8033
-7162
-5506
-3188
-407
2575
5468
7968
9798
10740
10649
9489
7322
4323
758
-3040
-6697
-9841
-12133
-13310
-13211
-11798
-9161
-5520
-1203
3382
7789
11573
14338
15773
15697
14070
11006
6766
1738
-3604
-8739
-13155
-16394
-18107
-18083
-16281
-12836
-8046
-2352
3707
9543
14575
18289
20292
20349
18414
14635
9346
3035
-3696
-10197
-15823
-20008
-22312
-22476
-20446
-16383
-10648
-3776
3577
10701
16896
21538
24149
24443
22358
18059
11938
4565
-3355
-11058
-17786
-22870
-25790
-26236
-24130
-19648
-13199
-5387
3040
11269
18492
23996
27223
27836
25746
21130
14412
6227
-2642
-11339
-19014
-24910
-28437
-29229
-27188
-22487
-15564
-7073
2171
11276
19352
25608
29421
30404
28441
23704
16635
7909
-1639
-11085
-19509
-26089
-30172
-31349
-29492
-24764
-17612
-8719
1058
10778
19492
26352
30685
32058
30329
25655
18479
9490
-444
-10364
-19306
-26401
-30956
-32522
-30942
-26362
-19221
-10208
-193
9854
18961
26240
30988
32739
31323
26875
19825
10855
835
-9263
-18464
-25877
-30781
-32706
-31466
-27185
-20279
-11422
-1472
8603
17830
25317
30342
32424
31368
27283
20573
11892
2087
-7886
-17070
-24573
-29677
-31896
-31027
-27165
-20696
-12255
-2668
7131
16197
23656
28794
31126
30444
26826
20641
12499
3201
-6349
-15226
-22578
-27704
-30123
-29621
-26266
-20402
-12615
-3672
5555
14173
21356
26420
28895
28564
25484
19976
12594
4069
-4765
-13055
-20004
-24956
-27453
-27281
-24484
-19360
-12430
-4382
3993
11886
18539
23327
25811
25781
23270
18554
12116
4601
-3252
-10682
-16979
-21551
-23984
-24075
-21850
-17560
-11650
-4717
2555
9461
15342
19645
21987
22177
20232
16381
11029
4721
-1917
-8240
-13645
-17630
-19840
-20101
-18428
-15023
-10254
-4609
1345
7033
11909
15523
17561
17865
16450
13494
9325
4377
-853
-5854
-10151
-13349
-15172
-15488
-14312
-11805
-8247
-4021
448
4720
8389
11123
12692
12989
12033
9964
7027
3539
-138
-3643
-6642
-8870
-10145
-10389
