0
4278
8485
12550
16402
19973
23203
26035
28419
30314
31684
32507
32766
32456
31581
30156
28203
25758
22860
19561
15917
11991
7852
3573
-771
-5106
-9352
-13436
-17284
-20829
-24006
-26759
-29038
-30801
-32015
-32660
-32720
-32196
-31094
-29434
-27244
-24563
-21439
-17925
-14087
-9991
-5712
-1327
3083
7441
11667
15683
19415
22796
25762
28259
30239
31667
32514
32764
32412
31462
29931
27847
25247
22178
18696
14865
10755
6443
2009
-2465
-6896
-11201
-15299
-19113
-22570
-25606
-28162
-30190
-31650
-32514
-32764
-32394
-31411
-29832
-27686
-25012
-21861
-18292
-14372
-10175
-5781
-1274
3259
7733
12062
16161
19951
23359
26318
28771
30668
31973
32659
32711
32127
30919
29107
26727
23823
20452
16679
12577
8226
3711
-879
-5455
-9926
-14204
-18204
-21846
-25058
-27775
-29942
-31516
-32464
-32766
-32415
-31417
-29790
-27567
-24790
-21514
-17805
-13736
-9388
-4849
-209
4437
8997
13377
17489
21248
24578
27411
29687
31359
32393
32765
32468
31507
29899
27676
24884
21579
17828
13707
9301
4700
0
-4703
-9311
-13729
-17864
-21629
-24947
-27746
-29968
-31566
-32503
-32761
-32332
-31225
-29460
-27076
-24119
-20653
-16748
-12488
-7961
-3263
1506
6246
10856
15238
19298
22949
26112
28719
30713
32051
32702
32651
31900
30461
28366
25658
22395
18646
14492
10022
5332
524
-4298
-9029
-13567
-17811
-21669
-25055
-27896
-30127
-31699
-32577
-32739
-32182
-30916
-28967
-26379
-23206
-19519
-15397
-10932
-6222
-1372
3511
8320
12945
17284
21240
24723
27655
29968
31611
32545
32748
32214
30954
28995
26381
23169
19431
15252
10724
5950
1038
-3899
-8751
-13405
-17757
-21705
-25159
-28038
-30277
-31822
-32637
-32702
-32014
-30588
-28456
-25665
-22280
-18377
-14047
-9388
-4509
477
5455
10308
14924
19194
23018
26305
28979
30974
32243
32756
32498
31476
29711
27244
24133
20449
16280
11722
6884
1880
-3170
-8148
-12935
-17416
-21484
-25041
-28000
-30291
-31856
-32659
-32677
-31909
-30373
-28105
-25157
-21600
-17520
-13013
-8189
-3163
1941
7001
11893
16499
20705
24407
27516
29953
31659
32589
32721
32049
30590
28377
25463
21921
17836
13307
8448
3377
-1780
-6896
-11843
-16499
-20746
-24479
-27603
-30040
-31727
-32621
-32699
-31957
-30413
-28105
-25088
-21439
-17247
-12618
-7668
-2522
2689
7836
12787
17416
21605
25247
28248
30530
32035
32723
32574
31592
29801
27244
23987
20112
15718
10917
5832
595
-4660
-9798
-14685
-19194
-23208
-26622
-29345
-31307
-32455
-32757
-32206
-30813
-28614
-25665
-22043
-17841
-13169
-8148
-2911
2405
7661
12717
17440
21705
25397
28419
30689
32146
32750
32483
31352
29385
26633
23169
19084
14487
9500
4255
-1105
-6439
-11603
-16457
-20870
-24723
-27911
-30346
-31961
-32712
-32578
-31559
-29684
-27001
-23582
-19519
-14922
-9916
-4636
771
6162
11386
16301
20770
24671
27896
30354
31977
32719
32558
31498
29565
26813
23317
19172
14492
9407
4058
-1405
-6833
-12073
-16978
-21411
-25247
-28377
-30713
-32188
-32760
-32410
-31148
-29007
-26047
-22351
-18021
-13179
-7961
-2516
3003
8440
13640
18454
22745
26389
29282
31340
32503
32737
32033
30409
27913
24613
20604
16000
10932
5547
0
-5550
-10942
-16021
-20637
-24657
-27963
-30458
-32068
-32745
-32468
-31244
-29107
-26118
-22364
-17952
-13013
-7689
-2137
3479
8997
14252
19090
23367
26955
29748
31662
32640
32650
31691
29790
27003
23411
19119
14256
8965
3403
-2262
-7862
-13230
-18204
-22633
-26385
-29345
-31423
-32556
-32707
-31871
-30072
-27362
-23823
-19561
-14703
-9397
-3803
1908
7565
12994
18030
22517
26318
29316
31419
32559
32702
31841
30001
27238
23635
19302
14372
8996
3339
-2422
-8112
-13553
-18577
-23026
-26761
-29667
-31650
-32648
-32629
-31591
-29565
-26615
-22829
-18327
-13249
-7752
-2009
3799
9491
14886
19815
24120
27666
30338
32052
32751
32412
31044
28690
25423
21345
16586
11295
5642
-193
-6025
-11667
-16938
-21669
-25706
-28920
-31206
-32489
-32726
-31909
-30063
-27244
-23544
-19081
-13998
-8460
-2644
3259
9060
14569
19606
24006
27626
30346
32075
32756
32366
30916
28451
25051
20827
15917
10480
4696
-1244
-7147
-12817
-18065
-22719
-26622
-29644
-31684
-32674
-32578
-31398
-29173
-25975
-21909
-17110
-11737
-5969
0
5972
11747
17130
21941
26016
29217
31436
32596
32657
31615
29504
26395
22390
17625
12260
6476
470
-5554
-11392
-16845
-21726
-25867
-29127
-31393
-32585
-32662
-31619
-29491
-26349
-22301
-17483
-12062
-6222
-166
5898
11762
17222
22088
26191
29387
31566
32648
32597
31411
29131
25835
21636
16679
11138
5205
-912
-7001
-12847
-18244
-23003
-26955
-29960
-31912
-32739
-32412
-30940
-28374
-24803
-20353
-15179
-9465
-3413
2763
8843
14612
19863
24407
28083
30758
32334
32755
32003
30103
27124
23169
18381
12929
7010
836
-5370
-11386
-16993
-21989
-26191
-29446
-31636
-32680
-32538
-31214
-28754
-25247
-20819
-15630
-9868
-3744
2518
8692
14551
19879
24480
28184
30855
32393
32739
31880
29845
26709
22585
17625
12011
5950
-333
-6607
-12639
-18204
-23094
-27128
-30152
-32055
-32763
-32248
-30528
-27666
-23767
-18976
-13473
-7461
-1167
5173
11322
17047
22132
26385
29644
31785
32724
32427
30901
28203
24435
19738
14288
8294
1981
-4409
-10635
-16457
-21654
-26025
-29402
-31656
-32697
-32485
-31027
-28377
-24634
-19943
-14481
-8460
-2109
4324
10594
16457
21686
26077
29459
31699
32710
32451
30929
28203
24378
19601
14056
7961
1552
-4919
-11201
-17047
-22227
-26537
-29806
-31906
-32751
-32307
-30590
-27666
-23648
-18696
-13002
-6791
-309
6187
12441
18204
23246
27366
30398
32222
32762
31995
29951
26709
22398
17189
11289
4935
-1619
-8112
-14281
-19879
-24678
-28486
-31147
-32552
-32643
-31416
-28917
-25247
-20553
-15023
-8882
-2378
4225
10659
16662
21989
26421
29777
31918
32756
32254
30432
27362
23169
18024
12137
5748
-879
-7473
-13762
-19485
-24407
-28323
-31070
-32533
-32650
-31414
-28875
-25136
-20353
-14721
-8475
-1874
4807
11292
17307
22602
26955
30182
32146
32765
32010
29911
26556
22083
16679
10571
4016
-2711
-9326
-15551
-21121
-25799
-29387
-31732
-32732
-32344
-30582
-27520
-23286
-18060
-12062
-5547
1206
7911
14280
20041
24947
28786
31393
32653
32513
30975
28105
24024
18906
12972
6476
-301
-7069
-13534
-19415
-24458
-28443
-31196
-32596
-32580
-31148
-28360
-24336
-19250
-13322
-6811
0
6813
13332
19269
24364
28393
31178
32594
32578
31129
28309
24241
19103
13120
6555
-301
-7147
-13680
-19609
-24671
-28641
-31340
-32648
-32505
-30916
-27948
-23735
-18460
-12360
-5706
1206
8067
14569
20421
25359
29162
31656
32728
32328
30473
27244
22786
17298
11027
4255
-2711
-9557
-15974
-21669
-26383
-29901
-32062
-32766
-31979
-29736
-26137
-21345
-15577
-9095
-2195
4807
11593
17850
23291
27666
30771
32464
32665
31362
28614
24546
19345
13249
6538
-477
-7473
-14125
-20126
-25196
-29098
-31650
-32732
-32292
-30349
-26991
-22374
-16712
-10266
-3339
3746
10659
17076
22694
27251
30530
32377
32702
31489
28793
24740
19519
13375
6597
-494
-7565
-14281
-20323
-25404
-29282
-31772
-32753
-32178
-30072
-26533
-21729
-15887
-9285
-2238
4919
11843
18204
23695
28052
31066
32589
32548
30942
27847
23411
17845
11416
4435
-2763
-9830
-16425
-22227
-26955
-30378
-32330
-32713
-31507
-28769
-24631
-19293
-13013
-6096
1120
8285
15047
21076
26077
29802
32068
32763
31850
29372
25451
20276
14101
7230
0
-7232
-14111
-20295
-25478
-29402
-31872
-32764
-32033
-29711
-25913
-20827
-14703
-7845
-595
6688
13640
19914
25196
29220
31785
32759
32093
29819
26047
20967
14832
7950
664
-6656
-13645
-19948
-25247
-29273
-31822
-32763
-32046
-29706
-25861
-20703
-14492
-7543
-209
7138
14125
20396
25629
29557
31977
32766
31880
29363
25342
20022
13674
6622
-771
-8129
-15071
-21240
-26318
-30042
-32219
-32734
-31559
-28754
-24461
-18901
-12360
-5177
2276
9615
16457
22447
27271
30678
32489
32608
31026
27825
23169
17302
10527
3199
-4298
-11573
-18244
-23960
-28419
-31387
-32705
-32302
-30198
-26501
-21406
-15179
-8148
-684
6817
13962
20369
25700
29668
32064
32757
31710
28975
24698
19103
12488
5205
-2358
-9798
-16717
-22745
-27557
-30894
-32577
-32513
-30703
-27244
-22319
-16192
-9191
-1693
5898
13175
19743
25247
29388
31941
32765
31816
29141
24884
19276
12618
5272
-2362
-9871
-16845
-22903
-27714
-31014
-32621
-32445
-30495
-26875
-21781
-15492
-8351
-749
6896
14165
20658
26016
29942
32220
32721
31417
28377
23767
17841
10926
3403
-4310
-11787
-18613
-24407
-28847
-31684
-32759
-32010
-29476
-25298
-19707
-13013
-5590
2148
9769
16845
22980
27828
31116
32659
32366
30254
26438
21133
14635
7310
-430
-8148
-15409
-21801
-26962
-30598
-32502
-32563
-30778
-27244
-22162
-15818
-8572
-836
6950
14343
20920
26305
30190
32350
32661
31103
27762
22829
16586
9388
1649
-6187
-13670
-20369
-25898
-29936
-32249
-32702
-31267
-28024
-23161
-16955
-9766
-2009
5867
13405
20168
25762
29860
32222
32709
31291
28049
23169
16936
9711
1916
-5992
-13553
-20323
-25904
-29968
-32275
-32687
-31179
-27837
-22855
-16527
-9222
-1372
6562
14111
20829
26318
30252
32397
32623
30916
27374
22206
15718
8294
373
-7571
-15067
-21669
-26980
-30683
-32556
-32483
-30469
-26631
-21197
-14492
-6916
1077
9009
16402
22811
27851
31216
32702
32218
29790
25564
19793
12824
5078
-2978
-10856
-18080
-24210
-28873
-31785
-32766
-31757
-28816
-24119
-17952
-10689
-2772
5316
13083
20053
25799
29968
32304
32662
31017
27469
22233
15630
8064
0
-8067
-15639
-22251
-27492
-31038
-32669
-32282
-29899
-25665
-19840
-12785
-4935
3223
11185
18454
24578
29176
31960
32754
31507
28295
23317
16881
9388
1306
-6859
-14599
-21426
-26913
-30713
-32587
-32415
-30206
-26096
-20343
-13307
-5431
2789
10837
18204
24423
29100
31937
32755
31498
28244
23199
16679
9099
938
-7285
-15047
-21854
-27271
-30951
-32659
-32282
-29844
-25497
-19519
-12290
-4271
4023
12062
19330
25359
29762
32252
32670
30984
27303
21861
15008
7184
-1105
-9326
-16947
-23474
-28484
-31650
-32766
-31757
-28687
-23753
-17274
-9670
-1435
6896
14781
21705
27215
30951
32666
32248
29720
25247
19119
11737
3583
-4807
-12886
-20121
-26035
-30239
-32455
-32534
-30469
-26395
-20578
-13400
-5336
3083
11302
18775
25007
29584
32200
32681
30992
27244
21684
14679
6695
-1736
-10055
-17706
-24178
-29038
-31959
-32744
-31340
-27837
-22468
-15592
-7668
771
9163
16942
23583
28641
31772
32764
31548
28203
22955
16155
8261
-193
-8637
-16499
-23246
-28419
-31667
-32766
-31641
-28366
-23161
-16378
-8479
0
8482
16388
23178
28387
31659
32766
31633
28334
23092
16267
8323
-193
-8699
-16610
-23382
-28547
-31748
-32764
-31521
-28105
-22748
-15818
-7793
771
9287
17161
23850
28887
31923
32744
31292
27666
22114
15023
6884
-1736
-10238
-18030
-24565
-29387
-32158
-32681
-30919
-26991
-21173
-13868
-5590
3083
11543
19194
25499
30012
32414
32534
30361
26047
19895
12336
3903
-4807
-13181
-20625
-26610
-30711
-32637
-32248
-29569
-24790
-18247
-10405
-1820
6896
15124
22277
27843
31423
32760
31757
28483
23169
16196
8060
-655
-9326
-17331
-24094
-29127
-32068
-32703
-30984
-27033
-21133
-13707
-5289
3511
12062
19743
25999
30374
32552
32371
29844
25150
18630
10754
2094
-6719
-15047
-22282
-27896
-31478
-32765
-31661
-28244
-22763
-15616
-7324
1506
10228
18204
24847
29668
32313
32585
30461
26096
19809
12062
3423
-5469
-13962
-21426
-27310
-31178
-32740
-31881
-28661
-23317
-16242
-7961
912
9721
17811
24578
29519
32265
32608
30520
26157
19840
12041
3339
-5613
-14150
-21629
-27492
-31296
-32755
-31758
-28377
-22863
-15630
-7219
1736
10564
18599
25234
29968
32443
32468
30041
25342
18725
10689
1842
-7147
-15598
-22868
-28404
-31785
-32751
-31227
-27327
-21345
-13736
-5078
3969
12717
20496
26712
30887
32702
32014
28875
23522
16364
7950
-1077
-10024
-18204
-24986
-29848
-32414
-32483
-30050
-25298
-18593
-10451
-1499
7571
16058
23305
28750
31969
32711
30916
26720
20449
12587
3744
-5391
-14111
-21734
-27666
-31442
-32766
-31533
-27837
-21964
-14372
-5653
3510
12401
20323
26654
30894
32710
31957
28692
23169
15822
7226
-1941
-10958
-19113
-25762
-30378
-32596
-32237
-29328
-24096
-16955
-8469
691
9799
18132
25028
29936
32465
32412
29778
24772
17791
9388
234
-8940
-17404
-24479
-29598
-32350
-32513
-30072
-25219
-18342
-9991
-836
8388
16942
24135
29387
32275
32563
30226
25451
18620
10283
1113
-8148
-16754
-24006
-29316
-32252
-32574
-30254
-25477
-18630
-10266
-1066
8222
16845
24098
29390
32286
32549
30156
25298
18372
9941
695
-8610
-17213
-24407
-29603
-32371
-32482
-29925
-24908
-17841
-9305
0
9307
17850
24924
29942
32491
32356
29546
24293
17028
8351
-1019
-10308
-18745
-25629
-30386
-32621
-32145
-28995
-23432
-15917
-7073
2362
11603
19879
26497
30903
32728
31816
28241
22301
14491
5464
-4023
-13175
-21224
-27492
-31451
-32766
-31324
-27244
-20868
-12732
-3519
5992
15001
22745
28568
31977
32682
30619
25962
19103
10622
1238
-8253
-17047
-24394
-29668
-32420
-32412
-29643
-24347
-16973
-8148
1373
10781
19269
26112
30723
32705
31886
28334
22351
14449
5304
-4298
-13534
-21608
-27826
-31650
-32749
-31026
-26627
-19930
-11510
-2094
7504
16457
23989
29446
32355
32460
29752
24461
17046
8148
-1459
-10942
-19477
-26318
-30870
-32732
-31742
-27983
-21780
-13674
-4371
5316
14541
22496
28484
31977
32669
30495
25645
18541
9807
209
-9410
-18204
-25397
-30356
-32640
-32046
-28625
-22675
-14721
-5464
4278
13645
21806
28038
31787
32719
30748
26047
19032
10324
695
-8997
-17892
-25196
-30256
-32621
-32077
-28669
-22701
-14703
-5389
4409
13816
21989
28193
31872
32694
30582
25725
18555
9715
0
-9718
-18563
-25739
-30598
-32699
-31850
-28126
-21861
-13619
-4144
5708
15047
23026
28920
32194
32549
29951
24631
17073
7961
-1876
-11547
-20168
-26955
-31287
-32766
-31257
-26894
-20073
-11416
-1713
8148
17267
24807
30076
32589
32113
28690
22632
14492
5018
-4919
-14407
-22570
-28657
-32104
-32591
-30072
-24775
-17189
-8012
1907
11653
20323
27113
31393
32763
31094
26539
19519
10683
852
-9060
-18132
-25519
-30530
-32697
-31816
-27965
-21503
-13031
-3339
6667
16052
23938
29584
32459
32292
29097
23169
15065
5543
-4501
-14125
-22423
-28612
-32108
-32578
-29977
-24546
-16798
-7461
2582
12385
21019
27666
31694
32721
30647
25665
18247
9095
-923
-10856
-19760
-26786
-31264
-32766
-31146
-26556
-19431
-10451
-470
9557
18675
26008
30855
32749
31507
27244
20368
11537
1595
-8501
-17784
-25359
-30497
-32702
-31758
-27754
-21074
-12360
-2451
7696
17103
24860
30215
32648
31922
28105
21563
12929
3039
-7147
-16643
-24525
-30025
-32607
-32016
-28309
-21844
-13249
-3359
6859
16412
24364
29939
32588
32050
28377
21924
13322
3413
-6833
-16412
-24382
-29960
-32596
-32028
-28309
-21804
-13150
-3199
7069
16643
24578
30089
32630
31946
28105
21482
12732
2719
-7565
-17103
-24947
-30318
-32680
-31797
-27754
-20951
-12062
-1970
8320
17784
25478
30633
32732
31565
27244
20200
11134
952
-9326
-18675
-26154
-31014
-32765
-31228
-26556
-19215
-9941
333
10578
19760
26955
31436
32749
30759
25665
17979
8475
-1887
-12062
-21019
-27851
-31864
-32650
-30126
-24546
-16475
-6728
3703
13762
22423
28806
32258
32427
29291
23169
14683
4696
-5772
-15653
-23938
-29777
-32571
-32033
-28214
-21503
-12587
-2378
8077
17706
25519
30711
32748
31416
26850
19519
10175
-219
-10594
-19879
-27113
-31549
-32726
-30520
-25157
-17189
-7439
3083
13289
22119
28657
32222
32441
29289
23092
14492
4381
-6187
-16114
-24364
-30076
-32652
-31820
-27666
-20619
-11416
-1017
9491
19008
26537
31287
32757
30792
25595
17709
7961
-2625
-12939
-21894
-28547
-32194
-32451
-29286
-23032
-14346
-4144
6498
16457
24678
30291
32699
31644
27238
19943
10531
0
-10533
-19951
-27251
-31656
-32694
-30254
-24592
-16309
-6286
4409
14637
23305
29487
32519
32077
28203
21312
12137
1660
-8997
-18692
-26385
-31248
-32757
-30748
-25434
-17383
-7461
3266
13645
22556
29038
32390
32248
28625
21909
12824
2351
-8378
-18204
-26061
-31098
-32765
-30880
-25645
-17625
-7689
3083
13524
22496
29023
32393
32235
28565
21780
12618
2077
-8692
-18516
-26318
-31245
-32755
-30681
-25247
-17046
-6975
3863
14280
23132
29446
32527
32033
28015
20915
11510
836
-9932
-19609
-27125
-31650
-32682
-30103
-24198
-15616
-5304
5596
15880
24407
30232
32705
31550
26894
19250
9465
-1373
-12062
-21411
-28379
-32188
-32412
-29022
-22395
-13267
-2656
8253
18244
26197
31222
32754
30619
25054
16679
6433
-4537
-15001
-23783
-29895
-32648
-31731
-27244
-19690
-9916
976
11762
21224
28293
32170
32415
28997
22301
13080
2378
-8595
-18599
-26497
-31393
-32729
-30352
-24528
-15917
-5494
5554
15974
24578
30386
32734
31352
26395
18425
8351
-2679
-13405
-22602
-29217
-32491
-32046
-27932
-20616
-10936
0
10939
20625
27944
32055
32482
29173
22507
13249
2462
-8610
-18692
-26622
-31481
-32707
-30156
-24119
-15293
-4696
6446
16845
25296
30817
32766
30916
25477
17079
6695
-4468
-15115
-24006
-30106
-32702
-31489
-26606
-18620
-8460
2689
13528
22788
29387
32552
31909
27532
19930
9991
-1120
-12103
-21669
-28693
-32350
-32208
-28280
-21025
-11295
-234
10856
20671
28052
32127
32412
28871
21921
12379
1372
-9799
-19815
-27487
-31906
-32545
-29328
-22632
-13249
-2291
8940
19113
27016
31708
32629
29666
23169
13911
2992
-8285
-18577
-26654
-31549
-32677
-29899
-23544
-14372
-3477
7836
18214
26411
31442
32702
30037
23764
14635
3744
-7598
-18030
-26293
-31393
-32711
-30086
-23833
-14703
-3796
7571
18026
26305
31405
32707
30050
23753
14577
3632
-7754
-18204
-26446
-31479
-32688
-29925
-23522
-14256
-3253
8148
18560
26712
31608
32650
29706
23135
13736
2656
-8751
-19090
-27095
-31785
-32581
-29385
-22585
-13013
-1842
9557
19786
27585
31994
32468
28947
21861
12081
809
-10564
-20637
-28166
-32219
-32293
-28377
-20951
-10932
440
11762
21629
28819
32437
32033
27653
19840
9561
-1907
-13142
-22745
-29519
-32621
-31661
-26755
-18514
-7961
3586
14689
23960
30239
32740
31148
25658
16955
6128
-5469
-16384
-25247
-30944
-32759
-30461
-24336
-15151
-4058
7546
18204
26572
31595
32638
29565
22763
13087
1756
-9798
-20118
-27896
-32148
-32332
-28424
-20915
-10754
771
12203
22088
29171
32552
31797
27001
18769
8148
-3511
-14727
-24069
-30346
-32754
-30984
-25260
-16309
-5272
6439
17331
26008
31359
32696
29845
23169
13521
2137
-9523
-19964
-27843
-32146
-32318
-28334
-20703
-10405
1234
12717
22564
29503
32637
31559
26407
17841
6968
-4807
-15965
-25058
-30909
-32757
-30361
-24028
-14577
-3233
8533
19194
27364
31977
32433
28669
21173
10917
-762
-12345
-22321
-29387
-32619
-31592
-26438
-17828
-6884
4961
16161
25247
31028
32744
30168
23635
13998
2522
-9287
-19879
-27860
-32179
-32265
-28105
-20242
-9711
2101
13640
23382
30040
32733
31103
25362
16267
5018
-6896
-17901
-26537
-31659
-32585
-29190
-21921
-11741
0
11743
21929
29201
32589
31641
26480
17791
6728
-5233
-16499
-25566
-31222
-32709
-29826
-22955
-13013
-1327
10537
20994
28641
32450
31909
27088
18630
7668
-4324
-15739
-25041
-30976
-32744
-30105
-23411
-13561
-1880
10055
20637
28436
32397
31982
27244
18822
7852
-4182
-15653
-25007
-30974
-32743
-30072
-23319
-13400
-1660
10308
20879
28612
32455
31881
26966
18377
7282
-4807
-16245
-25468
-31216
-32702
-29720
-22675
-12528
-664
11292
21705
29147
32596
31576
26225
17274
5950
-6193
-17489
-26383
-31650
-32564
-28995
-21433
-10917
1105
12978
23064
29968
32737
30984
24950
15465
3839
-8320
-19330
-27666
-32170
-32217
-27796
-19519
-8531
3643
15314
24860
30951
32739
29972
23032
12884
938
-11141
-21669
-29176
-32613
-31498
-25982
-16835
-5332
6918
18204
26944
31912
32410
28366
20343
9465
-2743
-14569
-24351
-30713
-32759
-30198
-23387
-13283
-1306
10856
21492
29100
32604
31507
25962
16748
5166
-7147
-18454
-27152
-32008
-32332
-28076
-19840
-8789
3510
15314
24947
31038
32720
29752
22551
12140
0
-12143
-22559
-29762
-32723
-31017
-24884
-15198
-3339
8998
20053
28242
32393
31908
26854
17952
6476
-5930
-17489
-26541
-31785
-32465
-28481
-20402
-9388
2978
14918
24714
30951
32730
29790
22554
12062
-172
-12385
-22811
-29942
-32746
-30813
-24421
-14492
-2462
9926
20879
28806
32556
31581
26021
16679
4912
-7571
-18956
-27585
-32200
-32127
-27374
-18630
-7167
5342
17076
26318
31719
32485
28504
20353
9222
-3259
-15267
-25041
-31147
-32687
-29434
-21861
-11077
1334
13553
23783
30517
32764
30189
23169
12736
423
-11953
-22570
-29860
-32743
-30792
-24293
-14202
-2009
10483
21426
29201
32652
31267
25247
15482
3419
-9153
-20369
-28563
-32514
-31633
-26047
-16586
-4654
7973
19415
27967
32350
31910
26709
17520
5712
-6950
-18577
-27428
-32179
-32116
-27244
-18292
-6597
6088
17864
26962
32015
32263
27666
18910
7310
-5391
-17284
-26579
-31872
-32366
-27983
-19380
-7852
4862
16845
26287
31760
32433
28203
19707
8226
-4501
-16550
-26094
-31684
-32472
-28334
-19895
-8434
4310
16402
26003
31651
32486
28377
19946
8475
-4288
-16402
-26016
-31662
-32478
-28334
-19861
-8351
4437
16550
26133
31717
32445
28203
19638
8060
-4756
-16845
-26351
-31812
-32386
-27983
-19276
-7602
5243
17284
26666
31941
32293
27666
18769
6975
-5898
-17864
-27071
-32095
-32157
-27244
-18113
-6176
6719
18577
27557
32265
31968
26709
17302
5205
-7702
-19415
-28111
-32434
-31710
-26047
-16326
-4058
8843
20369
28719
32588
31368
25247
15179
2736
-10137
-21426
-29364
-32705
-30922
-24293
-13853
-1238
11573
22570
30025
32764
30353
23169
12339
-434
-13142
-23783
-30678
-32739
-29638
-21861
-10632
2276
14829
25041
31296
32604
28754
20353
8727
-4282
-16616
-26318
-31849
-32328
-27676
-18630
-6622
6439
18480
27585
32302
31880
26381
16679
4318
-8734
-20396
-28806
-32620
-31227
-24845
-14492
-1820
11144
22329
29942
32763
30335
23047
12062
-859
-13645
-24243
-30951
-32688
-29173
-20967
-9388
3703
16202
26094
31785
32354
27709
18593
6476
-6688
-18775
-27832
-32393
-31718
-25913
-15915
-3339
9779
21317
29402
32723
30737
23764
12933
0
-12935
-23772
-30745
-32720
-29372
-21243
-9654
3510
16105
26077
31798
32332
27590
18342
6096
-7147
-19226
-28162
-32493
-31507
-25362
-15061
-2291
10856
22227
29953
32765
30198
22670
11416
-1716
-14569
-25028
-31370
-32548
-28366
-19509
-7435
5867
18204
27539
32330
31782
25982
15887
3163
-10086
-21669
-29667
-32753
-30413
-23032
-11831
1334
14281
24860
31312
32563
28403
19519
7387
-5976
-18347
-27666
-32377
-31693
-25725
-15465
-2622
10659
22164
29968
32766
30086
22374
10917
-2369
-15261
-25599
-31650
-32396
-27709
-18372
-5950
7473
19643
28516
32596
31195
24546
13765
664
-12550
-23653
-30771
-32702
-29116
-20616
-8634
4807
17440
27128
32230
31881
26137
15968
3092
-10308
-21966
-29901
-32766
-30072
-22272
-10689
2711
15653
25937
31812
32275
27244
17574
4908
-8595
-20637
-29162
-32712
-30681
-23411
-12140
1206
14349
25041
31451
32480
27948
18630
6117
-7445
-19735
-28641
-32634
-31026
-24089
-13013
301
13567
24501
31222
32570
28309
19172
6728
-6876
-19298
-28393
-32589
-31159
-24347
-13326
0
13328
24354
31166
32585
28360
19220
6748
-6896
-19347
-28443
-32604
-31103
-24198
-13087
301
13640
24608
31294
32533
28105
18778
6176
-7504
-19879
-28786
-32669
-30847
-23635
-12290
1206
14493
25247
31583
32389
27520
17828
5008
-8692
-20870
-29387
-32745
-30352
-22624
-10917
2711
15865
26229
31977
32094
26556
16335
3233
-10442
-22277
-30182
-32757
-29546
-21112
-8944
4807
17712
27483
32390
31559
25136
14256
845
-12717
-24026
-31070
-32598
-28334
-19032
-6345
7473
19964
28903
32697
30666
23169
11540
-2148
-15456
-26008
-31918
-32127
-26596
-16309
-3103
10659
22517
30346
32741
29270
20553
8148
-5719
-18563
-28078
-32552
-31179
-24202
-12874
771
14281
25223
31625
32332
27214
17189
4062
-9798
-21894
-30040
-32762
-29565
-21025
-8682
5233
18204
27882
32514
31257
24336
13002
-691
-14262
-25247
-31650
-32307
-27094
-16955
-3732
10171
22227
30239
32747
29289
20494
7961
-6025
-18915
-28356
-32621
-30929
-23586
-11931
1907
15400
26077
31982
32033
26215
15592
2109
-11762
-23479
-30889
-32629
-28377
-18910
-5966
8077
20637
29402
32756
30080
21861
9613
-4409
-17621
-27585
-32459
-31342
-24435
-13013
816
14497
25499
31785
32188
26631
16140
2656
-11322
-23203
-30782
-32650
-28456
-18976
-5969
8148
20755
29503
32763
29925
21514
9095
-5021
-18204
-27995
-32564
-31058
-23753
-12011
1977
15598
26305
32095
31880
25698
14703
952
-12978
-24480
-31393
-32418
-27360
-17165
-3744
10381
22559
30497
32702
28754
19394
6380
-7836
-20580
-29446
-32762
-29899
-21393
-8847
5370
18577
28275
32630
30814
23169
11138
-3003
-16579
-27016
-32334
-31523
-24733
-13249
751
14612
25700
31906
32048
26096
15179
1372
-12698
-24354
-31371
-32412
-27273
-16932
-3359
10856
23003
30758
32638
28280
18514
5205
-9101
-21669
-30089
-32747
-29131
-19930
-6905
7445
20371
29387
32762
29844
21189
8460
-5898
-19125
-28673
-32702
-30433
-22301
-9868
4468
17946
27963
32585
30916
23274
11134
-3159
-16845
-27275
-32428
-31305
-24119
-12260
1977
15833
26622
32247
31615
24845
13249
-923
-14918
-26016
-32055
-31858
-25461
-14105
0
14107
25468
31864
32046
25975
14832
792
-13405
-24986
-31684
-32188
-26395
-15435
-1452
12817
24578
31525
32292
26727
15917
1981
-12345
-24250
-31393
-32366
-26976
-16280
-2378
11993
24006
31293
32415
27148
16527
2644
-11762
-23850
-31230
-32442
-27244
-16660
-2779
11653
23783
31206
32451
27267
16679
2783
-11667
-23806
-31222
-32441
-27217
-16586
-2656
11803
23919
31277
32412
27094
16378
2398
-12062
-24120
-31370
-32361
-26894
-16056
-2009
12441
24407
31496
32285
26615
15616
1488
-12939
-24777
-31650
-32178
-26251
-15055
-836
13553
25223
31826
32033
25797
14372
52
-14280
-25739
-32015
-31841
-25247
-13561
863
15115
26318
32208
31592
24592
12618
-1908
-16052
-26950
-32393
-31276
-23823
-11540
3083
17085
27622
32556
30880
22932
10324
-4384
-18204
-28323
-32682
-30389
-21909
-8965
5807
19399
29038
32755
29790
20744
7461
-7347
-20658
-29748
-32757
-29067
-19428
-5811
8997
21966
30436
32669
28203
17952
4016
-10746
-23305
-31079
-32468
-27184
-16309
-2077
12583
24657
31656
32135
25992
14491
0
-14493
-25999
-32139
-31644
-24613
-12494
2208
16457
27304
32503
30975
23032
10317
-4537
-18454
-28547
-32719
-30103
-21238
-7961
6971
20458
29694
32757
29007
19220
5431
-9491
-22439
-30713
-32587
-27666
-16973
-2736
12073
24364
31568
32177
26060
14492
-108
-14689
-26197
-32222
-31498
-24174
-11781
3083
17304
27896
32634
30520
21996
8847
-6162
-19879
-29416
-32766
-29219
-19519
-5706
9311
22368
30711
32578
27570
16743
2378
-12491
-24723
-31732
-32033
-25558
-13674
1105
15653
26888
32428
31095
23169
10328
-4707
-18745
-28806
-32750
-29736
-20402
-6728
8378
21705
30414
32650
27932
17262
2911
-12062
-24465
-31651
-32083
-25665
-13765
1077
15692
26955
32455
31012
22932
9941
-5180
-19194
-29098
-32765
-29406
-19738
-5832
9326
22486
30817
32526
27244
16102
1495
-13436
-25478
-32035
-31693
-24521
-12062
2999
17416
28078
32680
30226
21243
7668
-7565
-21167
-30192
-32685
-28105
-17438
-2992
12103
24578
31727
31995
25321
13150
-1876
-16499
-27539
-32596
-30567
-21889
-8448
6833
20630
29936
32722
28377
17845
3419
-11753
-24364
-31659
-32040
-25423
-13249
1823
16499
27568
32607
30508
21729
8189
-7147
-20920
-30108
-32693
-28105
-17347
-2779
12401
24860
31856
31850
24838
12360
-2839
-17416
-28160
-32702
-30037
-20749
-6884
8501
22013
30668
32552
27244
15915
1066
-14020
-26008
-32243
-31342
-23500
-10451
4915
19194
29220
32766
29042
18871
4509
-10856
-23813
-31479
-32147
-25665
-13473
1720
16533
27666
32637
30335
21271
7461
-8015
-21705
-30552
-32578
-27327
-15968
-1038
14125
26133
32294
31228
23169
9920
-5554
-19786
-29584
-32748
-28565
-17970
-3339
12043
24723
31849
31816
24627
11897
-3511
-18132
-28673
-32755
-29458
-19519
-5177
10334
23516
31393
32182
25702
13414
-1907
-16800
-27896
-32682
-30072
-20653
-6555
9029
22570
30997
32395
26445
14492
-751
-15827
-27310
-32589
-30461
-21406
-7481
8148
21926
30713
32507
26894
15151
-48
-15238
-26955
-32522
-30664
-21804
-7961
7702
21608
30575
32549
27076
15403
202
-15047
-26852
-32503
-30703
-21861
-8002
7696
21629
30598
32538
27001
15255
0
-15257
-27007
-32541
-30582
-21579
-7602
8129
21989
30779
32468
26664
14703
-655
-15865
-27411
-32621
-30288
-20948
-6758
8997
22672
31098
32318
26047
13736
-1763
-16855
-28038
-32713
-29790
-19946
-5464
10289
23653
31516
32046
25116
12336
-3319
-18204
-28847
-32766
-29042
-18541
-3711
11987
24889
31977
31593
23823
10480
-5316
-19871
-29777
-32711
-27983
-16697
-1495
14059
26318
32404
30885
22114
8148
-7733
-21801
-30745
-32460
-26539
-14372
1180
16457
27860
32699
29832
19930
5325
-10537
-23916
-31650
-31910
-24631
-11530
4298
19113
29409
32747
28334
17210
2009
-13670
-26112
-32365
-30942
-22178
-8148
7817
21929
30833
32412
26285
13907
-1780
-17047
-28259
-32743
-29429
-19103
-4222
11667
24777
31977
31548
23586
9991
-5992
-20546
-30192
-32619
-27244
-15350
219
15739
27492
32660
30001
20149
5464
-10533
-24006
-31719
-31816
-24270
-10892
5106
19879
29873
32681
27625
15917
373
-15261
-27221
-32621
-30156
-20416
-5748
10308
23879
31684
31836
24293
10875
-5173
-19973
-29942
-32665
-27477
-15633
0
15636
27483
32666
29925
19920
5078
-10999
-24407
-31886
-31615
-23656
-9941
6193
20824
30386
32549
26782
14487
-1341
-16845
-28242
-32749
-29262
-18630
-3445
12583
25539
32252
31078
22301
8064
-8148
-22368
-31111
-32231
-25451
-12429
3643
18824
29387
32737
28047
16465
836
-15001
-27152
-32625
-30072
-20115
-5205
10989
24479
31937
31523
23335
9388
-6876
-21447
-30723
-32412
-26092
-13322
2743
18132
29038
32759
28371
16955
1338
-14612
-26944
-32596
-30164
-20247
-5304
10958
24501
31960
31477
23169
9099
-7236
-21774
-30894
-32323
-25702
-12676
3510
18824
29446
32724
27837
16000
166
-15711
-27666
-32707
-29572
-19041
-3744
12491
25602
32304
30916
21780
7184
-9215
-23305
-31551
-31880
-24205
-10451
5930
20824
30486
32483
26311
13518
-2679
-18204
-29147
-32749
-28098
-16364
-502
15488
27574
32702
29574
18976
3583
-12717
-25806
-32371
-30748
-21345
-6538
9926
23879
31785
31636
23467
9346
-7147
-21830
-30974
-32254
-25342
-11991
4409
19692
29968
32623
26976
14462
-1736
-17495
-28798
-32764
-28377
-16752
-852
15267
27492
32699
29554
18857
3339
-13034
-26077
-32450
-30520
-20777
-5712
10817
24578
32042
31291
22515
7961
-8637
-23021
-31496
-31881
-24075
-10079
6509
21426
30833
32307
25463
12062
-4448
-19815
-30076
-32585
-26689
-13907
2465
18204
29244
32732
27762
15616
-569
-16610
-28356
-32765
-28692
-17189
-1231
15047
27428
32699
29490
18630
2932
-13528
-26478
-32552
-30168
-19943
-4530
12062
25519
32337
30737
21133
6022
-10659
-24565
-32068
-31208
-22206
-7407
9326
23628
31760
31593
23169
8686
-8070
-22719
-31423
-31903
-24028
-9858
6896
21846
31070
32147
24790
10926
-5807
-21019
-30711
-32336
-25461
-11891
4807
20244
30356
32478
26047
12755
-3899
-19528
-30012
-32581
-26556
-13521
3083
18877
29687
32654
26991
14192
-2362
-18294
-29387
-32703
-27360
-14769
1736
17784
29119
32734
27666
15255
-1206
-17349
-28887
-32752
-27913
-15652
771
16993
28695
32761
28105
15962
-434
-16717
-28547
-32765
-28244
-16186
193
16523
28443
32766
28334
16326
-48
-16412
-28387
-32766
-28374
-16382
0
0
0
0
0
0
0
0
0
0
0
0
0
0
0
0
0
0
0
0
0
0
0
0
0
0
0
0
0
0
0
0
0
0
0
0
0
0
0
0
0
0
0
0
0
0
0
0
0
0
0
0
0
0
0
0
0
0
0
0
0
0
0
0
0
0
0
0
0
0
0
0
0
0
0
0
0
0
0
0
0
0
0
0
0
0
0
0
0
0
0
0
0
0
0
0
0
0
0
0
0
0
0
0
0
0
0
0
0
0
0
0
0
0
0
0
0
0
0
0
0
0
0
0
0
0
0
0
0
0
0
0
0
0
0
0
0
0
0
0
0
0
0
0
0
0
0
0
0
0
0
0
0
0
0
0
0
0
0
0
0
0
0
0
0
0
0
0
0
0
0
0
0
0
0
0
0
0
0
0
0
0
0
0
0
0
0
0
0
0
0
0
0
0
0
0
0
0
0
0
0
0
0
0
0
0
0
0
0
0
0
0
0
0
0
0
0
0
0
0
0
0
0
0
0
0
0
0
0
0
0
0
0
0
0
0
0
0
0
0
0
0
0
0
0
0
0
0
0
0
0
0
0
0
0
0
0
0
0
0
0
0
0
0
0
0
0
0
0
0
0
0
0
0
0
0
0
0
0
0
0
0
0
0
0
0
0
0
0
0
0
0
0
0
0
0
0
0
0
0
0
0
0
0
0
0
0
0
0
0
0
0
0
0
0
0
0
0
0
0
0
0
0
0
0
0
0
0
0
0
0
0
0
0
0
0
0
0
0
0
0
0
0
0
0
0
0
0
0
0
0
0
0
0
0
0
0
0
0
0
0
0
0
0
0
0
0
0
0
0
0
0
0
0
0
0
0
0
0
0
0
0
0
0
0
0
0
0
0
0
0
0
0
0
0
0
0
0
0
0
0
0
0
0
0
0
0
0
0
0
0
0
0
0
0
0
0
0
0
0
0
0
0
0
0
0
0
0
0
0
0
0
0
0
0
0
0
0
0
0
0
0
0
0
0
0
0
0
0
0
0
0
0
0
0
0
0
0
0
0
0
0
0
0
0
0
0
0
0
0
0
0
0
0
0
0
0
0
0
0
0
0
0
0
0
0
0
0
0
0
0
0
0
0
0
0
0
0
0
0
0
0
0
0
0
0
0
0
0
0
0
0
0
0
0
0
0
0
0
0
0
0
0
0
0
0
0
0
0
0
0
0
0
0
0
0
0
0
0
0
0
0
0
0
0
0
0
0
0
0
0
0
0
0
0
0
0
0
0
0
0
0
0
0
0
0
0
0
0
0
0
0
0
0
0
0
0
0
0
0
0
0
0
0
0
0
0
0
0
0
0
0
0
0
0
0
0
0
0
0
0
0
0
0
0
0
0
0
0
0
0
0
0
0
0
0
0
0
0
0
0
0
0
0
0
0
0
0
0
0
0
0
0
0
0
0
0
0
0
0
0
0
0
0
0
0
0
0
0
0
0
0
0
0
0
0
0
0
0
0
0
0
0
0
0
0
0
0
0
0
0
0
0
0
0
0
0
0
0
0
0
0
0
0
0
0
0
0
0
0
0
0
0
0
0
0
0
0
0
0
0
0
0
0
0
0
0
0
0
0
0
0
0
0
0
0
0
0
0
0
0
0
0
0
0
0
0
0
0
0
0
0
0
0
0
0
0
0
0
0
0
0
0
0
0
0
0
0
0
0
0
0
0
0
0
0
0
0
0
0
0
0
0
0
0
0
0
0
0
0
0
0
0
0
0
0
0
0
0
0
0
0
0
0
0
0
0
0
0
0
0
0
0
0
0
0
0
0
0
0
0
0
0
0
0
0
0
0
0
0
0
0
0
0
0
0
0
0
0
0
0
0
0
0
0
0
0
0
0
0
0
0
0
0
0
0
0
0
0
0
0
0
0
0
0
0
0
0
0
0
0
0
0
0
0
0
0
0
0
0
0
0
0
0
0
0
0
0
0
0
0
0
0
0
0
0
0
0
0
0
0
0
0
0
0
0
0
0
0
0
0
0
0
0
0
0
0
0
0
0
0
0
0
0
0
0
0
0
0
0
0
0
0
0
0
0
0
0
0
0
0
0
0
0
0
0
0
0
0
0
0
0
0
0
0
0
0
0
0
0
0
0
0
0
0
0
0
0
0
0
0
0
0
0
0
0
0
0
0
0
144
410
769
1191
1636
2062
2422
2676
2788
2736
2510
2114
1568
905
169
-588
-1315
-1957
-2470
-2816
-2974
-2934
-2706
-2312
-1788
-1180
-540
78
625
1057
1341
1457
1399
1178
815
345
-191
-746
-1273
-1728
-2071
-2275
-2320
-2201
-1923
-1501
-960
-333
346
1039
1711
2328
2861
3288
3593
3765
3801
3701
3472
3124
2669
2122
1500
822
107
-622
-1345
-2036
-2671
-3228
-3685
-4021
-4222
-4278
-4184
-3945
-3572
-3082
-2501
-1859
-1188
-522
105
669
1146
1523
1796
1970
2057
2079
2060
2028
2007
2020
2080
2193
2355
2550
2753
2933
3053
3077
2971
2708
2273
1661
887
-23
-1030
-2079
-3109
-4059
-4864
-5471
-5835
-5930
-5744
-5288
-4591
-3697
-2665
-1563
-462
570
1474
2202
2722
3024
3114
3015
2769
2425
2040
1669
1363
1092
1162
1363
1669
2040
2425
2769
3015
3114
3024
2722
2202
1474
570
-462
-1563
-2665
-3697
-4591
-5288
-5744
-5930
-5835
-5471
-4864
-4059
-3109
-2079
-1030
-23
887
1661
2273
2708
2971
3077
3053
2933
2753
2550
2355
2193
2080
2020
2007
2028
2060
2079
2057
1970
1796
1523
1146
669
105
-522
-1188
-1859
-2501
-3082
-3572
-3945
-4184
-4278
-4222
-4021
-3685
-3228
-2671
-2036
-1345
-622
107
822
1500
2122
2669
3124
3472
3701
3801
3765
3593
3288
2861
2328
1711
1039
346
-333
-960
-1501
-1923
-2201
-2320
-2275
-2071
-1728
-1273
-746
-191
345
815
1178
1399
1457
1341
1057
625
78
-540
-1180
-1788
-2312
-2706
-2934
-2974
-2816
-2470
-1957
-1315
-588
169
905
1568
2114
2510
2736
2788
2676
2422
2062
1636
1191
769
410
144
-10
-47
24
186
406
648
870
1032
1099
1043
849
513
46
-529
-1179
-1860
-2526
-3126
-3616
-3955
-4113
-4072
-3826
-3383
-2764
-1998
-1127
-194
751
1664
2500
3222
3798
4207
4437
4482
4349
4047
3596
3017
2336
1583
786
-23
-816
-1561
-2231
-2799
-3241
-3539
-3676
-3644
-3440
-3070
-2548
-1896
-1144
-331
500
1305
2034
2644
3094
3355
3406
3239
2862
2294
1568
728
-172
-1077
-1929
-2674
-3266
-3666
-3852
-3815
-3560
-3105
-2484
-1737
-910
-55
780
1553
2226
2772
3172
3422
3523
3486
3328
3069
2730
2333
1894
1429
947
457
-37
-532
-1024
-1505
-1968
-2397
-2775
-3082
-3296
-3393
-3355
-3168
-2827
-2336
-1710
-978
-176
646
1439
2145
2714
3099
3266
3197
2888
2357
1638
781
-147
-1077
-1933
-2645
-3149
-3398
-3364
-3038
-2437
-1598
-576
555
1717
2825
3797
4563
5066
5269
5157
4739
4042
3115
2020
830
-382
-1543
-2590
-3470
-4147
-4603
-4836
-4860
-4702
-4398
-3987
-3512
-3008
-2505
-2023
-1569
-1144
-737
-331
90
547
1051
1609
2217
2860
3512
4139
4701
5154
5454
5566
5461
5124
4555
3770
2800
1690
496
-719
-1893
-2963
-3876
-4589
-5076
-5323
-5335
-5134
-4751
-4229
-3617
-2962
-2310
-1700
-1160
-706
-342
-61
155
332
497
679
902
1183
1532
1944
2407
2897
3381
3822
4182
4421
4508
4419
4140
3670
3020
2215
1288
284
-751
-1767
-2716
-3554
-4245
-4761
-5086
-5213
-5145
-4896
-4484
-3935
-3277
-2539
-1751
-939
-128
658
1403
2090
2704
3232
3662
3983
4185
4258
4196
3994
3652
3174
2570
1857
1058
202
-677
-1543
-2355
-3074
-3663
-4091
-4333
-4374
-4208
-3842
-3290
-2580
-1747
-831
119
1058
1937
2713
3346
3806
4071
4129
3978
3627
3096
2412
1610
730
-180
-1076
-1912
-2643
-3229
-3639
-3849
-3844
-3622
-3192
-2575
-1805
-924
17
961
1849
2621
3226
3617
3762
3644
3264
2638
1803
813
-266
-1361
-2389
-3274
-3943
-4338
-4420
-4170
-3594
-2723
-1610
-329
1028
2369
3591
4603
5326
5702
5695
5302
4545
3477
2171
723
-764
-2184
-3435
-4429
-5100
-5409
-5345
-4927
-4201
-3239
-2127
-964
153
1135
1907
2416
2636
2568
2241
1709
1043
327
-352
-915
-1291
-1434
-1318
-950
-358
399
1250
2106
2877
3476
3830
3887
3621
3035
2162
1063
-179
-1467
-2694
-3757
-4564
-5045
-5153
-4876
-4231
-3268
-2066
-722
652
1944
3046
3869
4345
4437
4141
3487
2534
1367
90
-1186
-2349
-3300
-3957
-4263
-4194
-3758
-2992
-1965
-765
504
1737
2828
3686
4242
4452
4302
3808
3017
1998
839
-359
-1497
-2480
-3226
-3677
-3797
-3580
-3047
-2246
-1244
-127
1011
2079
2988
3663
4049
4112
3845
3264
2410
1343
137
-1124
-2353
-3468
-4392
-5067
-5450
-5516
-5265
-4715
-3901
-2876
-1701
-448
812
2010
3081
3973
4643
5064
5226
5131
4799
4258
3551
2725
1833
929
64
-714
-1369
-1872
-2204
-2361
-2350
-2189
-1908
-1543
-1135
-728
-365
-84
84
121
16
-227
-591
-1047
-1557
-2075
-2550
-2932
-3176
-3243
-3107
-2753
-2184
-1418
-489
557
1663
2765
3797
4696
5403
5873
6075
5991
5624
4991
4127
3080
1905
666
-574
-1753
-2817
-3719
-4426
-4915
-5178
-5219
-5052
-4698
-4188
-3555
-2831
-2051
-1247
-447
322
1040
1686
2245
2699
3037
3247
3319
3246
3027
2664
2166
1552
846
82
-698
-1449
-2120
-2663
-3032
-3190
-3110
-2783
-2215
-1430
-472
599
1714
2792
3750
4510
5005
5181
5008
4481
3619
2467
1094
-411
-1950
-3419
-4713
-5744
-6437
-6743
-6641
-6139
-5276
-4113
-2738
-1248
250
1654
2872
3827
4467
4767
4731
4388
3791
3012
2134
1243
421
-260
-751
-1019
-1058
-885
-539
-75
437
928
1327
1577
1631
1468
1083
499
-244
-1089
-1966
-2800
-3518
-4055
-4360
-4398
-4159
-3653
-2909
-1976
-917
198
1298
2313
3183
3861
4317
4536
4521
4290
3875
3313
2648
1922
1175
440
-257
-902
-1485
-2002
-2456
-2849
-3182
-3452
-3652
-3770
-3789
-3689
-3450
-3056
-2497
-1774
-900
98
1180
2291
3368
4340
5139
5699
5969
5911
5513
4783
3756
2489
1060
-438
-1906
-3243
-4356
-5168
-5627
-5704
-5401
-4751
-3814
-2671
-1419
-163
994
1961
2664
3054
3113
2852
2311
1555
670
-247
-1101
-1799
-2267
-2452
-2330
-1906
-1216
-323
691
1731
2695
3490
4035
4271
4167
3723
2971
1969
800
-436
-1638
-2700
-3535
-4072
-4268
-4113
-3625
-2855
-1878
-787
312
1319
2139
2697
2942
2854
2444
1755
856
-164
-1204
-2161
-2938
-3454
-3653
-3508
-3023
-2235
-1207
-27
1202
2375
3389
4152
4597
4684
4404
3780
2864
1736
490
-765
-1926
-2895
-3593
-3966
-3986
-3659
-3020
-2130
-1068
67
1181
2176
2971
3501
3728
3639
3248
2595
1738
753
-279
-1278
-2170
-2895
-3410
-3692
-3743
-3579
-3238
-2765
-2214
-1637
-1081
-584
-167
159
404
587
737
889
1076
1327
1660
2079
2573
3116
3665
4170
4571
4811
4837
4609
4103
3316
2268
1001
-421
-1921
-3407
-4788
-5971
-6879
-7450
-7645
-7450
-6879
-5971
-4788
-3407
-1921
-421
1001
2268
3316
4103
4609
4837
4811
4571
4170
3665
3116
2573
2079
1660
1327
1076
889
737
587
404
159
-167
-584
-1081
-1637
-2214
-2765
-3238
-3579
-3743
-3692
-3410
-2895
-2170
-1278
-279
753
1738
2595
3248
3639
3728
3501
2971
2176
1181
67
-1068
-2130
-3020
-3659
-3986
-3966
-3593
-2895
-1926
-765
490
1736
2864
3780
4404
4684
4597
4152
3389
2375
1202
-27
-1207
-2235
-3023
-3508
-3653
-3454
-2938
-2161
-1204
-164
856
1755
2444
2854
2942
2697
2139
1319
312
-787
-1878
-2855
-3625
-4113
-4268
-4072
-3535
-2700
-1638
-436
800
1969
2971
3723
4167
4271
4035
3490
2695
1731
691
-323
-1216
-1906
-2330
-2452
-2267
-1799
-1101
-247
670
1555
2311
2852
3113
3054
2664
1961
994
-163
-1419
-2671
-3814
-4751
-5401
-5704
-5627
-5168
-4356
-3243
-1906
-438
1060
2489
3756
4783
5513
5911
5969
5699
5139
4340
3368
2291
1180
98
-900
-1774
-2497
-3056
-3450
-3689
-3789
-3770
-3652
-3452
-3182
-2849
-2456
-2002
-1485
-902
-257
440
1175
1922
2648
3313
3875
4290
4521
4536
4317
3861
3183
2313
1298
198
-917
-1976
-2909
-3653
-4159
-4398
-4360
-4055
-3518
-2800
-1966
-1089
-244
499
1083
1468
1631
1577
1327
928
437
-75
-539
-885
-1058
-1019
-751
-260
421
1243
2134
3012
3791
4388
4731
4767
4467
3827
2872
1654
250
-1248
-2738
-4113
-5276
-6139
-6641
-6743
-6437
-5744
-4713
-3419
-1950
-411
1094
2467
3619
4481
5008
5181
5005
4510
3750
2792
1714
599
-472
-1430
-2215
-2783
-3110
-3190
-3032
-2663
-2120
-1449
-698
82
846
1552
2166
2664
3027
3246
3319
3247
3037
2699
2245
1686
1040
322
-447
-1247
-2051
-2831
-3555
-4188
-4698
-5052
-5219
-5178
-4915
-4426
-3719
-2817
-1753
-574
666
1905
3080
4127
4991
5624
5991
6075
5873
5403
4696
3797
2765
1663
557
-489
-1418
-2184
-2753
-3107
-3243
-3176
-2932
-2550
-2075
-1557
-1047
-591
-227
16
121
84
-84
-365
-728
-1135
-1543
-1908
-2189
-2350
-2361
-2204
-1872
-1369
-714
64
929
1833
2725
3551
4258
4799
5131
5226
5064
4643
3973
3081
2010
812
-448
-1701
-2876
-3901
-4715
-5265
-5516
-5450
-5067
-4392
-3468
-2353
-1124
137
1343
2410
3264
3845
4112
4049
3663
2988
2079
1011
-127
-1244
-2246
-3047
-3580
-3797
-3677
-3226
-2480
-1497
-359
839
1998
3017
3808
4302
4452
4242
3686
2828
1737
504
-765
-1965
-2992
-3758
-4194
-4263
-3957
-3300
-2349
-1186
90
1367
2534
3487
4141
4437
4345
3869
3046
1944
652
-722
-2066
-3268
-4231
-4876
-5153
-5045
-4564
-3757
-2694
-1467
-179
1063
2162
3035
3621
3887
3830
3476
2877
2106
1250
399
-358
-950
-1318
-1434
-1291
-915
-352
327
1043
1709
2241
2568
2636
2416
1907
1135
153
-964
-2127
-3239
-4201
-4927
-5345
-5409
-5100
-4429
-3435
-2184
-764
723
2171
3477
4545
5302
5695
5702
5326
4603
3591
2369
1028
-329
-1610
-2723
-3594
-4170
-4420
-4338
-3943
-3274
-2389
-1361
-266
813
1803
2638
3264
3644
3762
3617
3226
2621
1849
961
17
-924
-1805
-2575
-3192
-3622
-3844
-3849
-3639
-3229
-2643
-1912
-1076
-180
730
1610
2412
3096
3627
3978
4129
4071
3806
3346
2713
1937
1058
119
-831
-1747
-2580
-3290
-3842
-4208
-4374
-4333
-4091
-3663
-3074
-2355
-1543
-677
202
1058
1857
2570
3174
3652
3994
4196
4258
4185
3983
3662
3232
2704
2090
1403
658
-128
-939
-1751
-2539
-3277
-3935
-4484
-4896
-5145
-5213
-5086
-4761
-4245
-3554
-2716
-1767
-751
284
1288
2215
3020
3670
4140
4419
4508
4421
4182
3822
3381
2897
2407
1944
1532
1183
902
679
497
332
155
-61
-342
-706
-1160
-1700
-2310
-2962
-3617
-4229
-4751
-5134
-5335
-5323
-5076
-4589
-3876
-2963
-1893
-719
496
1690
2800
3770
4555
5124
5461
5566
5454
5154
4701
4139
3512
2860
2217
1609
1051
547
90
-331
-737
-1144
-1569
-2023
-2505
-3008
-3512
-3987
-4398
-4702
-4860
-4836
-4603
-4147
-3470
-2590
-1543
-382
830
2020
3115
4042
4739
5157
5269
5066
4563
3797
2825
1717
555
-576
-1598
-2437
-3038
-3364
-3398
-3149
-2645
-1933
-1077
-147
781
1638
2357
2888
3197
3266
3099
2714
2145
1439
646
-176
-978
-1710
-2336
-2827
-3168
-3355
-3393
-3296
-3082
-2775
-2397
-1968
-1505
-1024
-532
-37
457
947
1429
1894
2333
2730
3069
3328
3486
3523
3422
3172
2772
2226
1553
780
-55
-910
-1737
-2484
-3105
-3560
-3815
-3852
-3666
-3266
-2674
-1929
-1077
-172
728
1568
2294
2862
3239
3406
3355
3094
2644
2034
1305
500
-331
-1144
-1896
-2548
-3070
-3440
-3644
-3676
-3539
-3241
-2799
-2231
-1561
-816
-23
786
1583
2336
3017
3596
4047
4349
4482
4437
4207
3798
3222
2500
1664
751
-194
-1127
-1998
-2764
-3383
-3826
-4072
-4113
-3955
-3616
-3126
-2526
-1860
-1179
-529
46
513
849
1043
1099
1032
870
648
406
186
24
-47
-10
144
410
769
1191
1636
2062
2422
2676
2788
2736
2510
2114
1568
905
169
-588
-1315
-1957
-2470
-2816
-2974
-2934
-2706
-2312
-1788
-1180
-540
78
625
1057
1341
1457
1399
1178
815
345
-191
-746
-1273
-1728
-2071
-2275
-2320
-2201
-1923
-1501
-960
-333
346
1039
1711
2328
2861
3288
3593
3765
3801
3701
3472
3124
2669
2122
1500
822
107
-622
-1345
-2036
-2671
-3228
-3685
-4021
-4222
-4278
-4184
-3945
-3572
-3082
-2501
-1859
-1188
-522
105
669
1146
1523
1796
1970
2057
2079
2060
2028
2007
2020
2080
2193
2355
2550
2753
2933
3053
3077
2971
2708
2273
1661
887
-23
-1030
-2079
-3109
-4059
-4864
-5471
-5835
-5930
-5744
-5288
-4591
-3697
-2665
-1563
-462
570
1474
2202
2722
3024
3114
3015
2769
2425
2040
1669
1363
1162
2290
2519
2592
2513
2299
1972
1559
1085
577
54
-466
-976
-1468
-1937
-2381
-2794
-3167
-3487
-3734
-3886
-3917
-3799
-3510
-3033
-2363
-1507
-486
658
1873
3094
4245
5249
6031
6527
6688
6488
5923
5017
3822
2410
872
-687
-2163
-3455
-4476
-5161
-5472
-5400
-4971
-4236
-3275
-2183
-1066
-27
838
1455
1773
1773
1469
905
152
-696
-1539
-2270
-2794
-3034
-2938
-2488
-1699
-621
667
2064
3452
4710
5725
6402
6670
6496
5878
4855
3500
1911
209
-1477
-3024
-4317
-5268
-5816
-5936
-5642
-4979
-4024
-2876
-1645
-447
614
1451
2001
2232
2142
1765
1159
404
-406
-1177
-1818
-2253
-2430
-2320
-1925
-1274
-423
557
1581
2562
3416
4073
4481
4611
4460
4048
3415
2619
1727
808
-70
-853
-1499
-1984
-2305
-2474
-2518
-2474
-2383
-2285
-2184
-2211
-2285
-2383
-2474
-2518
-2474
-2305
-1984
-1499
-853
-70
808
1727
2619
3415
4048
4460
4611
4481
4073
3416
2562
1581
557
-423
-1274
-1925
-2320
-2430
-2253
-1818
-1177
-406
404
1159
1765
2142
2232
2001
1451
614
-447
-1645
-2876
-4024
-4979
-5642
-5936
-5816
-5268
-4317
-3024
-1477
209
1911
3500
4855
5878
6496
6670
6402
5725
4710
3452
2064
667
-621
-1699
-2488
-2938
-3034
-2794
-2270
-1539
-696
152
905
1469
1773
1773
1455
838
-27
-1066
-2183
-3275
-4236
-4971
-5400
-5472
-5161
-4476
-3455
-2163
-687
872
2410
3822
5017
5923
6488
6688
6527
6031
5249
4245
3094
1873
658
-486
-1507
-2363
-3033
-3510
-3799
-3917
-3886
-3734
-3487
-3167
-2794
-2381
-1937
-1468
-976
-466
54
577
1085
1559
1972
2299
2513
2592
2519
2290
1909
1396
782
111
-566
-1194
-1717
-2084
-2255
-2205
-1926
-1431
-750
65
952
1837
2645
3300
3739
3914
3795
3378
2681
1745
632
-581
-1809
-2964
-3962
-4731
-5217
-5387
-5231
-4765
-4023
-3063
-1954
-774
397
1488
2431
3179
3698
3976
4018
3844
3489
2998
2417
1795
1174
593
77
-357
-703
-963
-1145
-1263
-1330
-1357
-1356
-1330
-1280
-1201
-1089
-937
-740
-496
-211
102
428
741
1014
1216
1321
1305
1156
872
462
-48
-623
-1216
-1775
-2243
-2570
-2712
-2640
-2343
-1826
-1119
-268
663
1603
2471
3190
3694
3930
3867
3501
2853
1969
919
-208
-1318
-2311
-3094
-3593
-3753
-3551
-2992
-2116
-992
286
1608
2855
3910
4668
5047
4993
4487
3547
2228
618
-1166
-2996
-4730
-6232
-7383
-8086
-8277
-7930
-7057
-5712
-3981
-1979
160
2296
4289
6010
7357
8254
8658
8566
8007
7041
5754
4250
2639
1034
-463
-1770
-2822
-3582
-4038
-4205
-4117
-3828
-3400
-2900
-2390
-1925
-1548
-1283
-1138
-1104
-1156
-1261
-1376
-1461
-1476
-1392
-1189
-862
-421
111
701
1306
1881
2380
2764
3003
3077
2983
2730
2343
1856
1314
764
255
-171
-479
-647
-665
-539
-289
51
440
828
1165
1404
1502
1431
1173
730
115
-637
-1486
-2374
-3241
-4021
-4655
-5089
-5280
-5201
-4841
-4207
-3324
-2235
-994
329
1665
2939
4079
5021
5714
6121
6222
6017
5522
4771
3815
2713
1533
346
-779
-1779
-2601
-3207
-3571
-3686
-3564
-3229
-2720
-2087
-1387
-678
-16
546
969
1225
1299
1192
919
511
6
-547
-1099
-1600
-2003
-2272
-2379
-2310
-2067
-1663
-1124
-487
202
898
1553
2123
2571
2872
3009
2981
2798
2479
2054
1560
1035
516
39
-367
-684
-900
-1015
-1036
-981
-871
-731
-587
-464
-379
-346
-370
-450
-574
-727
-890
-1040
-1154
-1215
-1207
-1123
-962
-732
-445
-124
209
528
808
1027
1167
1219
1178
1052
852
597
313
24
-240
-458
-607
-675
-654
-546
-358
-108
183
492
791
1056
1263
1395
1440
1394
1258
1042
762
436
88
-258
-583
-866
-1092
-1250
-1336
-1351
-1301
-1198
-1055
-888
-712
-544
-396
-278
-196
-152
-143
-164
-207
-261
-315
-355
-373
-359
-307
-214
-79
91
293
517
751
981
1196
1382
1527
1621
1658
1632
1545
1398
1199
958
687
400
114
-156
-397
-597
-746
-841
-882
-873
-824
-748
-661
-581
-526
-512
-551
-652
-816
-1038
-1305
-1599
-1894
-2161
-2371
-2491
-2495
-2360
-2075
-1634
-1046
-328
487
1363
2253
3106
3873
4504
4960
5209
5232
5024
4595
3968
3179
2274
1304
322
-618
-1471
-2200
-2778
-3193
-3445
-3547
-3524
-3405
-3227
-3025
-2831
-2669
-2554
-2491
-2471
-2474
-2472
-2432
-2316
-2091
-1729
-1211
-533
294
1247
2284
3352
4389
5328
6105
6658
6938
6911
6562
5895
4935
3727
2333
826
-711
-2198
-3552
-4705
-5599
-6194
-6472
-6431
-6092
-5491
-4678
-3712
-2658
-1581
-541
409
1229
1890
2376
2683
2820
2805
2660
2414
2096
1732
1348
963
594
252
-54
-322
-546
-723
-851
-924
-940
-891
-776
-591
-339
-24
340
738
1146
1536
1878
2140
2292
2308
2171
1872
1414
813
96
-695
-1516
-2311
-3026
-3606
-4006
-4191
-4137
-3841
-3313
-2582
-1692
-698
334
1340
2252
3011
3571
3897
3974
3804
3407
2818
2085
1264
417
-395
-1122
-1717
-2150
-2401
-2469
-2366
-2115
-1750
-1309
-833
-360
75
450
749
965
1104
1176
1199
1194
1178
1168
1173
1197
1231
1265
1276
1243
1140
945
643
226
-301
-924
-1613
-2329
-3023
-3642
-4132
-4441
-4528
-4364
-3936
-3248
-2326
-1213
32
1338
2625
3812
4822
5588
6058
6199
6002
5477
4660
3605
2382
1071
-241
-1474
-2551
-3409
-4006
-4317
-4341
-4097
-3625
-2978
-2221
-1424
-655
22
560
922
1091
1069
875
546
128
-320
-744
-1087
-1301
-1353
-1222
-906
-421
200
913
1660
2380
3009
3489
3772
3822
3622
3172
2491
1614
595
-503
-1612
-2659
-3576
-4300
-4784
-4995
-4918
-4556
-3929
-3077
-2050
-908
281
1450
2536
3479
4234
4764
5050
5086
4878
4447
3823
3043
2150
1187
199
-772
-1693
-2532
-3263
-3868
-4336
-4657
-4828
-4849
-4723
-4453
-4046
-3510
-2855
-2095
-1245
-327
634
1613
2576
3488
4314
5017
5564
5925
6078
6007
5709
5189
4463
3559
2514
1372
181
-1007
-2143
-3181
-4079
-4808
-5345
-5678
-5807
-5742
-5497
-5096
-4566
-3933
-3226
-2467
-1678
-877
-75
716
1490
2239
2953
3620
4226
4749
5167
5453
5579
5521
5259
4778
4078
3170
2078
843
-479
-1827
-3125
-4296
-5267
-5971
-6354
-6383
-6045
-5353
-4344
-3079
-1640
-123
1367
2726
3856
4676
5124
5170
4810
4074
3022
1737
324
-1101
-2424
-3533
-4335
-4762
-4776
-4370
-3575
-2452
-1091
397
1893
3273
4424
5249
5679
5677
5240
4402
3229
1814
269
-1282
-2720
-3932
-4828
-5343
-5447
-5142
-4467
-3487
-2296
-998
292
1467
2432
3113
3465
3474
3157
2563
1765
851
-77
-923
-1599
-2034
-2184
-2034
-1599
-923
-77
851
1765
2563
3157
3474
3465
3113
2432
1467
292
-998
-2296
-3487
-4467
-5142
-5447
-5343
-4828
-3932
-2720
-1282
269
1814
3229
4402
5240
5677
5679
5249
4424
3273
1893
397
-1091
-2452
-3575
-4370
-4776
-4762
-4335
-3533
-2424
-1101
324
1737
3022
4074
4810
5170
5124
4676
3856
2726
1367
-123
-1640
-3079
-4344
-5353
-6045
-6383
-6354
-5971
-5267
-4296
-3125
-1827
-479
843
2078
3170
4078
4778
5259
5521
5579
5453
5167
4749
4226
3620
2953
2239
1490
716
-75
-877
-1678
-2467
-3226
-3933
-4566
-5096
-5497
-5742
-5807
-5678
-5345
-4808
-4079
-3181
-2143
-1007
181
1372
2514
3559
4463
5189
5709
6007
6078
5925
5564
5017
4314
3488
2576
1613
634
-327
-1245
-2095
-2855
-3510
-4046
-4453
-4723
-4849
-4828
-4657
-4336
-3868
-3263
-2532
-1693
-772
199
1187
2150
3043
3823
4447
4878
5086
5050
4764
4234
3479
2536
1450
281
-908
-2050
-3077
-3929
-4556
-4918
-4995
-4784
-4300
-3576
-2659
-1612
-503
595
1614
2491
3172
3622
3822
3772
3489
3009
2380
1660
913
200
-421
-906
-1222
-1353
-1301
-1087
-744
-320
128
546
875
1069
1091
922
560
22
-655
-1424
-2221
-2978
-3625
-4097
-4341
-4317
-4006
-3409
-2551
-1474
-241
1071
2382
3605
4660
5477
6002
6199
6058
5588
4822
3812
2625
1338
32
-1213
-2326
-3248
-3936
-4364
-4528
-4441
-4132
-3642
-3023
-2329
-1613
-924
-301
226
643
945
1140
1243
1276
1265
1231
1197
1173
1168
1178
1194
1199
1176
1104
965
749
450
75
-360
-833
-1309
-1750
-2115
-2366
-2469
-2401
-2150
-1717
-1122
-395
417
1264
2085
2818
3407
3804
3974
3897
3571
3011
2252
1340
334
-698
-1692
-2582
-3313
-3841
-4137
-4191
-4006
-3606
-3026
-2311
-1516
-695
96
813
1414
1872
2171
2308
2292
2140
1878
1536
1146
738
340
-24
-339
-591
-776
-891
-940
-924
-851
-723
-546
-322
-54
252
594
963
1348
1732
2096
2414
2660
2805
2820
2683
2376
1890
1229
409
-541
-1581
-2658
-3712
-4678
-5491
-6092
-6431
-6472
-6194
-5599
-4705
-3552
-2198
-711
826
2333
3727
4935
5895
6562
6911
6938
6658
6105
5328
4389
3352
2284
1247
294
-533
-1211
-1729
-2091
-2316
-2432
-2472
-2474
-2471
-2491
-2554
-2669
-2831
-3025
-3227
-3405
-3524
-3547
-3445
-3193
-2778
-2200
-1471
-618
322
1304
2274
3179
3968
4595
5024
5232
5209
4960
4504
3873
3106
2253
1363
487
-328
-1046
-1634
-2075
-2360
-2495
-2491
-2371
-2161
-1894
-1599
-1305
-1038
-816
-652
-551
-512
-526
-581
-661
-748
-824
-873
-882
-841
-746
-597
-397
-156
114
400
687
958
1199
1398
1545
1632
1658
1621
1527
1382
1196
981
751
517
293
91
-79
-214
-307
-359
-373
-355
-315
-261
-207
-164
-143
-152
-196
-278
-396
-544
-712
-888
-1055
-1198
-1301
-1351
-1336
-1250
-1092
-866
-583
-258
88
436
762
1042
1258
1394
1440
1395
1263
1056
791
492
183
-108
-358
-546
-654
-675
-607
-458
-240
24
313
597
852
1052
1178
1219
1167
1027
808
528
209
-124
-445
-732
-962
-1123
-1207
-1215
-1154
-1040
-890
-727
-574
-450
-370
-346
-379
-464
-587
-731
-871
-981
-1036
-1015
-900
-684
-367
39
516
1035
1560
2054
2479
2798
2981
3009
2872
2571
2123
1553
898
202
-487
-1124
-1663
-2067
-2310
-2379
-2272
-2003
-1600
-1099
-547
6
511
919
1192
1299
1225
969
546
-16
-678
-1387
-2087
-2720
-3229
-3564
-3686
-3571
-3207
-2601
-1779
-779
346
1533
2713
3815
4771
5522
6017
6222
6121
5714
5021
4079
2939
1665
329
-994
-2235
-3324
-4207
-4841
-5201
-5280
-5089
-4655
-4021
-3241
-2374
-1486
-637
115
730
1173
1431
1502
1404
1165
828
440
51
-289
-539
-665
-647
-479
-171
255
764
1314
1856
2343
2730
2983
3077
3003
2764
2380
1881
1306
701
111
-421
-862
-1189
-1392
-1476
-1461
-1376
-1261
-1156
-1104
-1138
-1283
-1548
-1925
-2390
-2900
-3400
-3828
-4117
-4205
-4038
-3582
-2822
-1770
-463
1034
2639
4250
5754
7041
8007
8566
8658
8254
7357
6010
4289
2296
160
-1979
-3981
-5712
-7057
-7930
-8277
-8086
-7383
-6232
-4730
-2996
-1166
618
2228
3547
4487
4993
5047
4668
3910
2855
1608
286
-992
-2116
-2992
-3551
-3753
-3593
-3094
-2311
-1318
-208
919
1969
2853
3501
3867
3930
3694
3190
2471
1603
663
-268
-1119
-1826
-2343
-2640
-2712
-2570
-2243
-1775
-1216
-623
-48
462
872
1156
1305
1321
1216
1014
741
428
102
-211
-496
-740
-937
-1089
-1201
-1280
-1330
-1356
-1357
-1330
-1263
-1145
-963
-703
-357
77
593
1174
1795
2417
2998
3489
3844
4018
3976
3698
3179
2431
1488
397
-774
-1954
-3063
-4023
-4765
-5231
-5387
-5217
-4731
-3962
-2964
-1809
-581
632
1745
2681
3378
3795
3914
3739
3300
2645
1837
952
65
-750
-1431
-1926
-2205
-2255
-2084
-1717
-1194
-566
111
782
1396
1909
2290
2519
2592
2513
2299
1972
1559
1085
577
54
-466
-976
-1468
-1937
-2381
-2794
-3167
-3487
-3734
-3886
-3917
-3799
-3510
-3033
-2363
-1507
-486
658
1873
3094
4245
5249
6031
6527
6688
6488
5923
5017
3822
2410
872
-687
-2163
-3455
-4476
-5161
-5472
-5400
-4971
-4236
-3275
-2183
-1066
-27
838
1455
1773
1773
1469
905
152
-696
-1539
-2270
-2794
-3034
-2938
-2488
-1699
-621
667
2064
3452
4710
5725
6402
6670
6496
5878
4855
3500
1911
209
-1477
-3024
-4317
-5268
-5816
-5936
-5642
-4979
-4024
-2876
-1645
-447
614
1451
2001
2232
2142
1765
1159
404
-406
-1177
-1818
-2253
-2430
-2320
-1925
-1274
-423
557
1581
2562
3416
4073
4481
4611
4460
4048
3415
2619
1727
808
-70
-853
-1499
-1984
-2305
-2474
-2518
-2474
-2383
-2285
-2211
