0
4278
8485
12550
16402
19973
23203
26035
28419
30314
31684
32507
32766
32456
31581
30156
28203
25758
22860
19561
15917
11991
7852
3573
-771
-5106
-9352
-13436
-17284
-20829
-24006
-26759
-29038
-30801
-32015
-32660
-32720
-32196
-31094
-29434
-27244
-24563
-21439
-17925
-14087
-9991
-5712
-1327
3083
7441
11667
15683
19415
22796
25762
28259
30239
31667
32514
32764
32412
31462
29931
27847
25247
22178
18696
14865
10755
6443
2009
-2465
-6896
-11201
-15299
-19113
-22570
-25606
-28162
-30190
-31650
-32514
-32764
-32394
-31411
-29832
-27686
-25012
-21861
-18292
-14372
-10175
-5781
-1274
3259
7733
12062
16161
19951
23359
26318
28771
30668
31973
32659
32711
32127
30919
29107
26727
23823
20452
16679
12577
8226
3711
-879
-5455
-9926
-14204
-18204
-21846
-25058
-27775
-29942
-31516
-32464
-32766
-32415
-31417
-29790
-27567
-24790
-21514
-17805
-13736
-9388
-4849
-209
4437
8997
13377
17489
21248
24578
27411
29687
31359
32393
32765
32468
31507
29899
27676
24884
21579
17828
13707
9301
4700
0
-4703
-9311
-13729
-17864
-21629
-24947
-27746
-29968
-31566
-32503
-32761
-32332
-31225
-29460
-27076
-24119
-20653
-16748
-12488
-7961
-3263
1506
6246
10856
15238
19298
22949
26112
28719
30713
32051
32702
32651
31900
30461
28366
25658
22395
18646
14492
10022
5332
524
-4298
-9029
-13567
-17811
-21669
-25055
-27896
-30127
-31699
-32577
-32739
-32182
-30916
-28967
-26379
-23206
-19519
-15397
-10932
-6222
-1372
3511
8320
12945
17284
21240
24723
27655
29968
31611
32545
32748
32214
30954
28995
26381
23169
19431
15252
10724
5950
1038
-3899
-8751
-13405
-17757
-21705
-25159
-28038
-30277
-31822
-32637
-32702
-32014
-30588
-28456
-25665
-22280
-18377
-14047
-9388
-4509
477
5455
10308
14924
19194
23018
26305
28979
30974
32243
32756
32498
31476
29711
27244
24133
20449
16280
11722
6884
1880
-3170
-8148
-12935
-17416
-21484
-25041
-28000
-30291
-31856
-32659
-32677
-31909
-30373
-28105
-25157
-21600
-17520
-13013
-8189
-3163
1941
7001
11893
16499
20705
24407
27516
29953
31659
32589
32721
32049
30590
28377
25463
21921
17836
13307
8448
3377
-1780
-6896
-11843
-16499
-20746
-24479
-27603
-30040
-31727
-32621
-32699
-31957
-30413
-28105
-25088
-21439
-17247
-12618
-7668
-2522
2689
7836
12787
17416
21605
25247
28248
30530
32035
32723
32574
31592
29801
27244
23987
20112
15718
10917
5832
595
-4660
-9798
-14685
-19194
-23208
-26622
-29345
-31307
-32455
-32757
-32206
-30813
-28614
-25665
-22043
-17841
-13169
-8148
-2911
2405
7661
12717
17440
21705
25397
28419
30689
32146
32750
32483
31352
29385
26633
23169
19084
14487
9500
4255
-1105
-6439
-11603
-16457
-20870
-24723
-27911
-30346
-31961
-32712
-32578
-31559
-29684
-27001
-23582
-19519
-14922
-9916
-4636
771
6162
11386
16301
20770
24671
27896
30354
31977
32719
32558
31498
29565
26813
23317
19172
14492
9407
4058
-1405
-6833
-12073
-16978
-21411
-25247
-28377
-30713
-32188
-32760
-32410
-31148
-29007
-26047
-22351
-18021
-13179
-7961
-2516
3003
8440
13640
18454
22745
26389
29282
31340
32503
32737
32033
30409
27913
24613
20604
16000
10932
5547
0
-5550
-10942
-16021
-20637
-24657
-27963
-30458
-32068
-32745
-32468
-31244
-29107
-26118
-22364
-17952
-13013
-7689
-2137
3479
8997
14252
19090
23367
26955
29748
31662
32640
32650
31691
29790
27003
23411
19119
14256
8965
3403
-2262
-7862
-13230
-18204
-22633
-26385
-29345
-31423
-32556
-32707
-31871
-30072
-27362
-23823
-19561
-14703
-9397
-3803
1908
7565
12994
18030
22517
26318
29316
31419
32559
32702
31841
30001
27238
23635
19302
14372
8996
3339
-2422
-8112
-13553
-18577
-23026
-26761
-29667
-31650
-32648
-32629
-31591
-29565
-26615
-22829
-18327
-13249
-7752
-2009
3799
9491
14886
19815
24120
27666
30338
32052
32751
32412
31044
28690
25423
21345
16586
11295
5642
-193
-6025
-11667
-16938
-21669
-25706
-28920
-31206
-32489
-32726
-31909
-30063
-27244
-23544
-19081
-13998
-8460
-2644
3259
9060
14569
19606
24006
27626
30346
32075
32756
32366
30916
28451
25051
20827
15917
10480
4696
-1244
-7147
-12817
-18065
-22719
-26622
-29644
-31684
-32674
-32578
-31398
-29173
-25975
-21909
-17110
-11737
-5969
0
5972
11747
17130
21941
26016
29217
31436
32596
32657
31615
29504
26395
22390
17625
12260
6476
470
-5554
-11392
-16845
-21726
-25867
-29127
-31393
-32585
-32662
-31619
-29491
-26349
-22301
-17483
-12062
-6222
-166
5898
11762
17222
22088
26191
29387
31566
32648
32597
31411
29131
25835
21636
16679
11138
5205
-912
-7001
-12847
-18244
-23003
-26955
-29960
-31912
-32739
-32412
-30940
-28374
-24803
-20353
-15179
-9465
-3413
2763
8843
14612
19863
24407
28083
30758
32334
32755
32003
30103
27124
23169
18381
12929
7010
836
-5370
-11386
-16993
-21989
-26191
-29446
-31636
-32680
-32538
-31214
-28754
-25247
-20819
-15630
-9868
-3744
2518
8692
14551
19879
24480
28184
30855
32393
32739
31880
29845
26709
22585
17625
12011
5950
-333
-6607
-12639
-18204
-23094
-27128
-30152
-32055
-32763
-32248
-30528
-27666
-23767
-18976
-13473
-7461
-1167
5173
11322
17047
22132
26385
29644
31785
32724
32427
30901
28203
24435
19738
14288
8294
1981
-4409
-10635
-16457
-21654
-26025
-29402
-31656
-32697
-32485
-31027
-28377
-24634
-19943
-14481
-8460
-2109
4324
10594
16457
21686
26077
29459
31699
32710
32451
30929
28203
24378
19601
14056
7961
1552
-4919
-11201
-17047
-22227
-26537
-29806
-31906
-32751
-32307
-30590
-27666
-23648
-18696
-13002
-6791
-309
6187
12441
18204
23246
27366
30398
32222
32762
31995
29951
26709
22398
17189
11289
4935
-1619
-8112
-14281
-19879
-24678
-28486
-31147
-32552
-32643
-31416
-28917
-25247
-20553
-15023
-8882
-2378
4225
10659
16662
21989
26421
29777
31918
32756
32254
30432
27362
23169
18024
12137
5748
-879
-7473
-13762
-19485
-24407
-28323
-31070
-32533
-32650
-31414
-28875
-25136
-20353
-14721
-8475
-1874
4807
11292
17307
22602
26955
30182
32146
32765
32010
29911
26556
22083
16679
10571
4016
-2711
-9326
-15551
-21121
-25799
-29387
-31732
-32732
-32344
-30582
-27520
-23286
-18060
-12062
-5547
1206
7911
14280
20041
24947
28786
31393
32653
32513
30975
28105
24024
18906
12972
6476
-301
-7069
-13534
-19415
-24458
-28443
-31196
-32596
-32580
-31148
-28360
-24336
-19250
-13322
-6811
0
6813
13332
19269
24364
28393
31178
32594
32578
31129
28309
24241
19103
13120
6555
-301
-7147
-13680
-19609
-24671
-28641
-31340
-32648
-32505
-30916
-27948
-23735
-18460
-12360
-5706
1206
8067
14569
20421
25359
29162
31656
32728
32328
30473
27244
22786
17298
11027
4255
-2711
-9557
-15974
-21669
-26383
-29901
-32062
-32766
-31979
-29736
-26137
-21345
-15577
-9095
-2195
4807
11593
17850
23291
27666
30771
32464
32665
31362
28614
24546
19345
13249
6538
-477
-7473
-14125
-20126
-25196
-29098
-31650
-32732
-32292
-30349
-26991
-22374
-16712
-10266
-3339
3746
10659
17076
22694
27251
30530
32377
32702
31489
28793
24740
19519
13375
6597
-494
-7565
-14281
-20323
-25404
-29282
-31772
-32753
-32178
-30072
-26533
-21729
-15887
-9285
-2238
4919
11843
18204
23695
28052
31066
32589
32548
30942
27847
23411
17845
11416
4435
-2763
-9830
-16425
-22227
-26955
-30378
-32330
-32713
-31507
-28769
-24631
-19293
-13013
-6096
1120
8285
15047
21076
26077
29802
32068
32763
31850
29372
25451
20276
14101
7230
0
-7232
-14111
-20295
-25478
-29402
-31872
-32764
-32033
-29711
-25913
-20827
-14703
-7845
-595
6688
13640
19914
25196
29220
31785
32759
32093
29819
26047
20967
14832
7950
664
-6656
-13645
-19948
-25247
-29273
-31822
-32763
-32046
-29706
-25861
-20703
-14492
-7543
-209
7138
14125
20396
25629
29557
31977
32766
31880
29363
25342
20022
13674
6622
-771
-8129
-15071
-21240
-26318
-30042
-32219
-32734
-31559
-28754
-24461
-18901
-12360
-5177
2276
9615
16457
22447
27271
30678
32489
32608
31026
27825
23169
17302
10527
3199
-4298
-11573
-18244
-23960
-28419
-31387
-32705
-32302
-30198
-26501
-21406
-15179
-8148
-684
6817
13962
20369
25700
29668
32064
32757
31710
28975
24698
19103
12488
5205
-2358
-9798
-16717
-22745
-27557
-30894
-32577
-32513
-30703
-27244
-22319
-16192
-9191
-1693
5898
13175
19743
25247
29388
31941
32765
31816
29141
24884
19276
12618
5272
-2362
-9871
-16845
-22903
-27714
-31014
-32621
-32445
-30495
-26875
-21781
-15492
-8351
-749
6896
14165
20658
26016
29942
32220
32721
31417
28377
23767
17841
10926
3403
-4310
-11787
-18613
-24407
-28847
-31684
-32759
-32010
-29476
-25298
-19707
-13013
-5590
2148
9769
16845
22980
27828
31116
32659
32366
30254
26438
21133
14635
7310
-430
-8148
-15409
-21801
-26962
-30598
-32502
-32563
-30778
-27244
-22162
-15818
-8572
-836
6950
14343
20920
26305
30190
32350
32661
31103
27762
22829
16586
9388
1649
-6187
-13670
-20369
-25898
-29936
-32249
-32702
-31267
-28024
-23161
-16955
-9766
-2009
5867
13405
20168
25762
29860
32222
32709
31291
28049
23169
16936
9711
1916
-5992
-13553
-20323
-25904
-29968
-32275
-32687
-31179
-27837
-22855
-16527
-9222
-1372
6562
14111
20829
26318
30252
32397
32623
30916
27374
22206
15718
8294
373
-7571
-15067
-21669
-26980
-30683
-32556
-32483
-30469
-26631
-21197
-14492
-6916
1077
9009
16402
22811
27851
31216
32702
32218
29790
25564
19793
12824
5078
-2978
-10856
-18080
-24210
-28873
-31785
-32766
-31757
-28816
-24119
-17952
-10689
-2772
5316
13083
20053
25799
29968
32304
32662
31017
27469
22233
15630
8064
0
-8067
-15639
-22251
-27492
-31038
-32669
-32282
-29899
-25665
-19840
-12785
-4935
3223
11185
18454
24578
29176
31960
32754
31507
28295
23317
16881
9388
1306
-6859
-14599
-21426
-26913
-30713
-32587
-32415
-30206
-26096
-20343
-13307
-5431
2789
10837
18204
24423
29100
31937
32755
31498
28244
23199
16679
9099
938
-7285
-15047
-21854
-27271
-30951
-32659
-32282
-29844
-25497
-19519
-12290
-4271
4023
12062
19330
25359
29762
32252
32670
30984
27303
21861
15008
7184
-1105
-9326
-16947
-23474
-28484
-31650
-32766
-31757
-28687
-23753
-17274
-9670
-1435
6896
14781
21705
27215
30951
32666
32248
29720
25247
19119
11737
3583
-4807
-12886
-20121
-26035
-30239
-32455
-32534
-30469
-26395
-20578
-13400
-5336
3083
11302
18775
25007
29584
32200
32681
30992
27244
21684
14679
6695
-1736
-10055
-17706
-24178
-29038
-31959
-32744
-31340
-27837
-22468
-15592
-7668
771
9163
16942
23583
28641
31772
32764
31548
28203
22955
16155
8261
-193
-8637
-16499
-23246
-28419
-31667
-32766
-31641
-28366
-23161
-16378
-8479
0
8482
16388
23178
28387
31659
32766
31633
28334
23092
16267
8323
-193
-8699
-16610
-23382
-28547
-31748
-32764
-31521
-28105
-22748
-15818
-7793
771
9287
17161
23850
28887
31923
32744
31292
27666
22114
15023
6884
-1736
-10238
-18030
-24565
-29387
-32158
-32681
-30919
-26991
-21173
-13868
-5590
3083
11543
19194
25499
30012
32414
32534
30361
26047
19895
12336
3903
-4807
-13181
-20625
-26610
-30711
-32637
-32248
-29569
-24790
-18247
-10405
-1820
6896
15124
22277
27843
31423
32760
31757
28483
23169
16196
8060
-655
-9326
-17331
-24094
-29127
-32068
-32703
-30984
-27033
-21133
-13707
-5289
3511
12062
19743
25999
30374
32552
32371
29844
25150
18630
10754
2094
-6719
-15047
-22282
-27896
-31478
-32765
-31661
-28244
-22763
-15616
-7324
1506
10228
18204
24847
29668
32313
32585
30461
26096
19809
12062
3423
-5469
-13962
-21426
-27310
-31178
-32740
-31881
-28661
-23317
-16242
-7961
912
9721
17811
24578
29519
32265
32608
30520
26157
19840
12041
3339
-5613
-14150
-21629
-27492
-31296
-32755
-31758
-28377
-22863
-15630
-7219
1736
10564
18599
25234
29968
32443
32468
30041
25342
18725
10689
1842
-7147
-15598
-22868
-28404
-31785
-32751
-31227
-27327
-21345
-13736
-5078
3969
12717
20496
26712
30887
32702
32014
28875
23522
16364
7950
-1077
-10024
-18204
-24986
-29848
-32414
-32483
-30050
-25298
-18593
-10451
-1499
7571
16058
23305
28750
31969
32711
30916
26720
20449
12587
3744
-5391
-14111
-21734
-27666
-31442
-32766
-31533
-27837
-21964
-14372
-5653
3510
12401
20323
26654
30894
32710
31957
28692
23169
15822
7226
-1941
-10958
-19113
-25762
-30378
-32596
-32237
-29328
-24096
-16955
-8469
691
9799
18132
25028
29936
32465
32412
29778
24772
17791
9388
234
-8940
-17404
-24479
-29598
-32350
-32513
-30072
-25219
-18342
-9991
-836
8388
16942
24135
29387
32275
32563
30226
25451
18620
10283
1113
-8148
-16754
-24006
-29316
-32252
-32574
-30254
-25477
-18630
-10266
-1066
8222
16845
24098
29390
32286
32549
30156
25298
18372
9941
695
-8610
-17213
-24407
-29603
-32371
-32482
-29925
-24908
-17841
-9305
0
9307
17850
24924
29942
32491
32356
29546
24293
17028
8351
-1019
-10308
-18745
-25629
-30386
-32621
-32145
-28995
-23432
-15917
-7073
2362
11603
19879
26497
30903
32728
31816
28241
22301
14491
5464
-4023
-13175
-21224
-27492
-31451
-32766
-31324
-27244
-20868
-12732
-3519
5992
15001
22745
28568
31977
32682
30619
25962
19103
10622
1238
-8253
-17047
-24394
-29668
-32420
-32412
-29643
-24347
-16973
-8148
1373
10781
19269
26112
30723
32705
31886
28334
22351
14449
5304
-4298
-13534
-21608
-27826
-31650
-32749
-31026
-26627
-19930
-11510
-2094
7504
16457
23989
29446
32355
32460
29752
24461
17046
8148
-1459
-10942
-19477
-26318
-30870
-32732
-31742
-27983
-21780
-13674
-4371
5316
14541
22496
28484
31977
32669
30495
25645
18541
9807
209
-9410
-18204
-25397
-30356
-32640
-32046
-28625
-22675
-14721
-5464
4278
13645
21806
28038
31787
32719
30748
26047
19032
10324
695
-8997
-17892
-25196
-30256
-32621
-32077
-28669
-22701
-14703
-5389
4409
13816
21989
28193
31872
32694
30582
25725
18555
9715
0
-9718
-18563
-25739
-30598
-32699
-31850
-28126
-21861
-13619
-4144
5708
15047
23026
28920
32194
32549
29951
24631
17073
7961
-1876
-11547
-20168
-26955
-31287
-32766
-31257
-26894
-20073
-11416
-1713
8148
17267
24807
30076
32589
32113
28690
22632
14492
5018
-4919
-14407
-22570
-28657
-32104
-32591
-30072
-24775
-17189
-8012
1907
11653
20323
27113
31393
32763
31094
26539
19519
10683
852
-9060
-18132
-25519
-30530
-32697
-31816
-27965
-21503
-13031
-3339
6667
16052
23938
29584
32459
32292
29097
23169
15065
5543
-4501
-14125
-22423
-28612
-32108
-32578
-29977
-24546
-16798
-7461
2582
12385
21019
27666
31694
32721
30647
25665
18247
9095
-923
-10856
-19760
-26786
-31264
-32766
-31146
-26556
-19431
-10451
-470
9557
18675
26008
30855
32749
31507
27244
20368
11537
1595
-8501
-17784
-25359
-30497
-32702
-31758
-27754
-21074
-12360
-2451
7696
17103
24860
30215
32648
31922
28105
21563
12929
3039
-7147
-16643
-24525
-30025
-32607
-32016
-28309
-21844
-13249
-3359
6859
16412
24364
29939
32588
32050
28377
21924
13322
3413
-6833
-16412
-24382
-29960
-32596
-32028
-28309
-21804
-13150
-3199
7069
16643
24578
30089
32630
31946
28105
21482
12732
2719
-7565
-17103
-24947
-30318
-32680
-31797
-27754
-20951
-12062
-1970
8320
17784
25478
30633
32732
31565
27244
20200
11134
952
-9326
-18675
-26154
-31014
-32765
-31228
-26556
-19215
-9941
333
10578
19760
26955
31436
32749
30759
25665
17979
8475
-1887
-12062
-21019
-27851
-31864
-32650
-30126
-24546
-16475
-6728
3703
13762
22423
28806
32258
32427
29291
23169
14683
4696
-5772
-15653
-23938
-29777
-32571
-32033
-28214
-21503
-12587
-2378
8077
17706
25519
30711
32748
31416
26850
19519
10175
-219
-10594
-19879
-27113
-31549
-32726
-30520
-25157
-17189
-7439
3083
13289
22119
28657
32222
32441
29289
23092
14492
4381
-6187
-16114
-24364
-30076
-32652
-31820
-27666
-20619
-11416
-1017
9491
19008
26537
31287
32757
30792
25595
17709
7961
-2625
-12939
-21894
-28547
-32194
-32451
-29286
-23032
-14346
-4144
6498
16457
24678
30291
32699
31644
27238
19943
10531
0
-10533
-19951
-27251
-31656
-32694
-30254
-24592
-16309
-6286
4409
14637
23305
29487
32519
32077
28203
21312
12137
1660
-8997
-18692
-26385
-31248
-32757
-30748
-25434
-17383
-7461
3266
13645
22556
29038
32390
32248
28625
21909
12824
2351
-8378
-18204
-26061
-31098
-32765
-30880
-25645
-17625
-7689
3083
13524
22496
29023
32393
32235
28565
21780
12618
2077
-8692
-18516
-26318
-31245
-32755
-30681
-25247
-17046
-6975
3863
14280
23132
29446
32527
32033
28015
20915
11510
836
-9932
-19609
-27125
-31650
-32682
-30103
-24198
-15616
-5304
5596
15880
24407
30232
32705
31550
26894
19250
9465
-1373
-12062
-21411
-28379
-32188
-32412
-29022
-22395
-13267
-2656
8253
18244
26197
31222
32754
30619
25054
16679
6433
-4537
-15001
-23783
-29895
-32648
-31731
-27244
-19690
-9916
976
11762
21224
28293
32170
32415
28997
22301
13080
2378
-8595
-18599
-26497
-31393
-32729
-30352
-24528
-15917
-5494
5554
15974
24578
30386
32734
31352
26395
18425
8351
-2679
-13405
-22602
-29217
-32491
-32046
-27932
-20616
-10936
0
10939
20625
27944
32055
32482
29173
22507
13249
2462
-8610
-18692
-26622
-31481
-32707
-30156
-24119
-15293
-4696
6446
16845
25296
30817
32766
30916
25477
17079
6695
-4468
-15115
-24006
-30106
-32702
-31489
-26606
-18620
-8460
2689
13528
22788
29387
32552
31909
27532
19930
9991
-1120
-12103
-21669
-28693
-32350
-32208
-28280
-21025
-11295
-234
10856
20671
28052
32127
32412
28871
21921
12379
1372
-9799
-19815
-27487
-31906
-32545
-29328
-22632
-13249
-2291
8940
19113
27016
31708
32629
29666
23169
13911
2992
-8285
-18577
-26654
-31549
-32677
-29899
-23544
-14372
-3477
7836
18214
26411
31442
32702
30037
23764
14635
3744
-7598
-18030
-26293
-31393
-32711
-30086
-23833
-14703
-3796
7571
18026
26305
31405
32707
30050
23753
14577
3632
-7754
-18204
-26446
-31479
-32688
-29925
-23522
-14256
-3253
8148
18560
26712
31608
32650
29706
23135
13736
2656
-8751
-19090
-27095
-31785
-32581
-29385
-22585
-13013
-1842
9557
19786
27585
31994
32468
28947
21861
12081
809
-10564
-20637
-28166
-32219
-32293
-28377
-20951
-10932
440
11762
21629
28819
32437
32033
27653
19840
9561
-1907
-13142
-22745
-29519
-32621
-31661
-26755
-18514
-7961
3586
14689
23960
30239
32740
31148
25658
16955
6128
-5469
-16384
-25247
-30944
-32759
-30461
-24336
-15151
-4058
7546
18204
26572
31595
32638
29565
22763
13087
1756
-9798
-20118
-27896
-32148
-32332
-28424
-20915
-10754
771
12203
22088
29171
32552
31797
27001
18769
8148
-3511
-14727
-24069
-30346
-32754
-30984
-25260
-16309
-5272
6439
17331
26008
31359
32696
29845
23169
13521
2137
-9523
-19964
-27843
-32146
-32318
-28334
-20703
-10405
1234
12717
22564
29503
32637
31559
26407
17841
6968
-4807
-15965
-25058
-30909
-32757
-30361
-24028
-14577
-3233
8533
19194
27364
31977
32433
28669
21173
10917
-762
-12345
-22321
-29387
-32619
-31592
-26438
-17828
-6884
4961
16161
25247
31028
32744
30168
23635
13998
2522
-9287
-19879
-27860
-32179
-32265
-28105
-20242
-9711
2101
13640
23382
30040
32733
31103
25362
16267
5018
-6896
-17901
-26537
-31659
-32585
-29190
-21921
-11741
0
11743
21929
29201
32589
31641
26480
17791
6728
-5233
-16499
-25566
-31222
-32709
-29826
-22955
-13013
-1327
10537
20994
28641
32450
31909
27088
18630
7668
-4324
-15739
-25041
-30976
-32744
-30105
-23411
-13561
-1880
10055
20637
28436
32397
31982
27244
18822
7852
-4182
-15653
-25007
-30974
-32743
-30072
-23319
-13400
-1660
10308
20879
28612
32455
31881
26966
18377
7282
-4807
-16245
-25468
-31216
-32702
-29720
-22675
-12528
-664
11292
21705
29147
32596
31576
26225
17274
5950
-6193
-17489
-26383
-31650
-32564
-28995
-21433
-10917
1105
12978
23064
29968
32737
30984
24950
15465
3839
-8320
-19330
-27666
-32170
-32217
-27796
-19519
-8531
3643
15314
24860
30951
32739
29972
23032
12884
938
-11141
-21669
-29176
-32613
-31498
-25982
-16835
-5332
6918
18204
26944
31912
32410
28366
20343
9465
-2743
-14569
-24351
-30713
-32759
-30198
-23387
-13283
-1306
10856
21492
29100
32604
31507
25962
16748
5166
-7147
-18454
-27152
-32008
-32332
-28076
-19840
-8789
3510
15314
24947
31038
32720
29752
22551
12140
0
-12143
-22559
-29762
-32723
-31017
-24884
-15198
-3339
8998
20053
28242
32393
31908
26854
17952
6476
-5930
-17489
-26541
-31785
-32465
-28481
-20402
-9388
2978
14918
24714
30951
32730
29790
22554
12062
-172
-12385
-22811
-29942
-32746
-30813
-24421
-14492
-2462
9926
20879
28806
32556
31581
26021
16679
4912
-7571
-18956
-27585
-32200
-32127
-27374
-18630
-7167
5342
17076
26318
31719
32485
28504
20353
9222
-3259
-15267
-25041
-31147
-32687
-29434
-21861
-11077
1334
13553
23783
30517
32764
30189
23169
12736
423
-11953
-22570
-29860
-32743
-30792
-24293
-14202
-2009
10483
21426
29201
32652
31267
25247
15482
3419
-9153
-20369
-28563
-32514
-31633
-26047
-16586
-4654
7973
19415
27967
32350
31910
26709
17520
5712
-6950
-18577
-27428
-32179
-32116
-27244
-18292
-6597
6088
17864
26962
32015
32263
27666
18910
7310
-5391
-17284
-26579
-31872
-32366
-27983
-19380
-7852
4862
16845
26287
31760
32433
28203
19707
8226
-4501
-16550
-26094
-31684
-32472
-28334
-19895
-8434
4310
16402
26003
31651
32486
28377
19946
8475
-4288
-16402
-26016
-31662
-32478
-28334
-19861
-8351
4437
16550
26133
31717
32445
28203
19638
8060
-4756
-16845
-26351
-31812
-32386
-27983
-19276
-7602
5243
17284
26666
31941
32293
27666
18769
6975
-5898
-17864
-27071
-32095
-32157
-27244
-18113
-6176
6719
18577
27557
32265
31968
26709
17302
5205
-7702
-19415
-28111
-32434
-31710
-26047
-16326
-4058
8843
20369
28719
32588
31368
25247
15179
2736
-10137
-21426
-29364
-32705
-30922
-24293
-13853
-1238
11573
22570
30025
32764
30353
23169
12339
-434
-13142
-23783
-30678
-32739
-29638
-21861
-10632
2276
14829
25041
31296
32604
28754
20353
8727
-4282
-16616
-26318
-31849
-32328
-27676
-18630
-6622
6439
18480
27585
32302
31880
26381
16679
4318
-8734
-20396
-28806
-32620
-31227
-24845
-14492
-1820
11144
22329
29942
32763
30335
23047
12062
-859
-13645
-24243
-30951
-32688
-29173
-20967
-9388
3703
16202
26094
31785
32354
27709
18593
6476
-6688
-18775
-27832
-32393
-31718
-25913
-15915
-3339
9779
21317
29402
32723
30737
23764
12933
0
-12935
-23772
-30745
-32720
-29372
-21243
-9654
3510
16105
26077
31798
32332
27590
18342
6096
-7147
-19226
-28162
-32493
-31507
-25362
-15061
-2291
10856
22227
29953
32765
30198
22670
11416
-1716
-14569
-25028
-31370
-32548
-28366
-19509
-7435
5867
18204
27539
32330
31782
25982
15887
3163
-10086
-21669
-29667
-32753
-30413
-23032
-11831
1334
14281
24860
31312
32563
28403
19519
7387
-5976
-18347
-27666
-32377
-31693
-25725
-15465
-2622
10659
22164
29968
32766
30086
22374
10917
-2369
-15261
-25599
-31650
-32396
-27709
-18372
-5950
7473
19643
28516
32596
31195
24546
13765
664
-12550
-23653
-30771
-32702
-29116
-20616
-8634
4807
17440
27128
32230
31881
26137
15968
3092
-10308
-21966
-29901
-32766
-30072
-22272
-10689
2711
15653
25937
31812
32275
27244
17574
4908
-8595
-20637
-29162
-32712
-30681
-23411
-12140
1206
14349
25041
31451
32480
27948
18630
6117
-7445
-19735
-28641
-32634
-31026
-24089
-13013
301
13567
24501
31222
32570
28309
19172
6728
-6876
-19298
-28393
-32589
-31159
-24347
-13326
0
13328
24354
31166
32585
28360
19220
6748
-6896
-19347
-28443
-32604
-31103
-24198
-13087
301
13640
24608
31294
32533
28105
18778
6176
-7504
-19879
-28786
-32669
-30847
-23635
-12290
1206
14493
25247
31583
32389
27520
17828
5008
-8692
-20870
-29387
-32745
-30352
-22624
-10917
2711
15865
26229
31977
32094
26556
16335
3233
-10442
-22277
-30182
-32757
-29546
-21112
-8944
4807
17712
27483
32390
31559
25136
14256
845
-12717
-24026
-31070
-32598
-28334
-19032
-6345
7473
19964
28903
32697
30666
23169
11540
-2148
-15456
-26008
-31918
-32127
-26596
-16309
-3103
10659
22517
30346
32741
29270
20553
8148
-5719
-18563
-28078
-32552
-31179
-24202
-12874
771
14281
25223
31625
32332
27214
17189
4062
-9798
-21894
-30040
-32762
-29565
-21025
-8682
5233
18204
27882
32514
31257
24336
13002
-691
-14262
-25247
-31650
-32307
-27094
-16955
-3732
10171
22227
30239
32747
29289
20494
7961
-6025
-18915
-28356
-32621
-30929
-23586
-11931
1907
15400
26077
31982
32033
26215
15592
2109
-11762
-23479
-30889
-32629
-28377
-18910
-5966
8077
20637
29402
32756
30080
21861
9613
-4409
-17621
-27585
-32459
-31342
-24435
-13013
816
14497
25499
31785
32188
26631
16140
2656
-11322
-23203
-30782
-32650
-28456
-18976
-5969
8148
20755
29503
32763
29925
21514
9095
-5021
-18204
-27995
-32564
-31058
-23753
-12011
1977
15598
26305
32095
31880
25698
14703
952
-12978
-24480
-31393
-32418
-27360
-17165
-3744
10381
22559
30497
32702
28754
19394
6380
-7836
-20580
-29446
-32762
-29899
-21393
-8847
5370
18577
28275
32630
30814
23169
11138
-3003
-16579
-27016
-32334
-31523
-24733
-13249
751
14612
25700
31906
32048
26096
15179
1372
-12698
-24354
-31371
-32412
-27273
-16932
-3359
10856
23003
30758
32638
28280
18514
5205
-9101
-21669
-30089
-32747
-29131
-19930
-6905
7445
20371
29387
32762
29844
21189
8460
-5898
-19125
-28673
-32702
-30433
-22301
-9868
4468
17946
27963
32585
30916
23274
11134
-3159
-16845
-27275
-32428
-31305
-24119
-12260
1977
15833
26622
32247
31615
24845
13249
-923
-14918
-26016
-32055
-31858
-25461
-14105
0
14107
25468
31864
32046
25975
14832
792
-13405
-24986
-31684
-32188
-26395
-15435
-1452
12817
24578
31525
32292
26727
15917
1981
-12345
-24250
-31393
-32366
-26976
-16280
-2378
11993
24006
31293
32415
27148
16527
2644
-11762
-23850
-31230
-32442
-27244
-16660
-2779
11653
23783
31206
32451
27267
16679
2783
-11667
-23806
-31222
-32441
-27217
-16586
-2656
11803
23919
31277
32412
27094
16378
2398
-12062
-24120
-31370
-32361
-26894
-16056
-2009
12441
24407
31496
32285
26615
15616
1488
-12939
-24777
-31650
-32178
-26251
-15055
-836
13553
25223
31826
32033
25797
14372
52
-14280
-25739
-32015
-31841
-25247
-13561
863
15115
26318
32208
31592
24592
12618
-1908
-16052
-26950
-32393
-31276
-23823
-11540
3083
17085
27622
32556
30880
22932
10324
-4384
-18204
-28323
-32682
-30389
-21909
-8965
5807
19399
29038
32755
29790
20744
7461
-7347
-20658
-29748
-32757
-29067
-19428
-5811
8997
21966
30436
32669
28203
17952
4016
-10746
-23305
-31079
-32468
-27184
-16309
-2077
12583
24657
31656
32135
25992
14491
0
-14493
-25999
-32139
-31644
-24613
-12494
2208
16457
27304
32503
30975
23032
10317
-4537
-18454
-28547
-32719
-30103
-21238
-7961
6971
20458
29694
32757
29007
19220
5431
-9491
-22439
-30713
-32587
-27666
-16973
-2736
12073
24364
31568
32177
26060
14492
-108
-14689
-26197
-32222
-31498
-24174
-11781
3083
17304
27896
32634
30520
21996
8847
-6162
-19879
-29416
-32766
-29219
-19519
-5706
9311
22368
30711
32578
27570
16743
2378
-12491
-24723
-31732
-32033
-25558
-13674
1105
15653
26888
32428
31095
23169
10328
-4707
-18745
-28806
-32750
-29736
-20402
-6728
8378
21705
30414
32650
27932
17262
2911
-12062
-24465
-31651
-32083
-25665
-13765
1077
15692
26955
32455
31012
22932
9941
-5180
-19194
-29098
-32765
-29406
-19738
-5832
9326
22486
30817
32526
27244
16102
1495
-13436
-25478
-32035
-31693
-24521
-12062
2999
17416
28078
32680
30226
21243
7668
-7565
-21167
-30192
-32685
-28105
-17438
-2992
12103
24578
31727
31995
25321
13150
-1876
-16499
-27539
-32596
-30567
-21889
-8448
6833
20630
29936
32722
28377
17845
3419
-11753
-24364
-31659
-32040
-25423
-13249
1823
16499
27568
32607
30508
21729
8189
-7147
-20920
-30108
-32693
-28105
-17347
-2779
12401
24860
31856
31850
24838
12360
-2839
-17416
-28160
-32702
-30037
-20749
-6884
8501
22013
30668
32552
27244
15915
1066
-14020
-26008
-32243
-31342
-23500
-10451
4915
19194
29220
32766
29042
18871
4509
-10856
-23813
-31479
-32147
-25665
-13473
1720
16533
27666
32637
30335
21271
7461
-8015
-21705
-30552
-32578
-27327
-15968
-1038
14125
26133
32294
31228
23169
9920
-5554
-19786
-29584
-32748
-28565
-17970
-3339
12043
24723
31849
31816
24627
11897
-3511
-18132
-28673
-32755
-29458
-19519
-5177
10334
23516
31393
32182
25702
13414
-1907
-16800
-27896
-32682
-30072
-20653
-6555
9029
22570
30997
32395
26445
14492
-751
-15827
-27310
-32589
-30461
-21406
-7481
8148
21926
30713
32507
26894
15151
-48
-15238
-26955
-32522
-30664
-21804
-7961
7702
21608
30575
32549
27076
15403
202
-15047
-26852
-32503
-30703
-21861
-8002
7696
21629
30598
32538
27001
15255
0
-15257
-27007
-32541
-30582
-21579
-7602
8129
21989
30779
32468
26664
14703
-655
-15865
-27411
-32621
-30288
-20948
-6758
8997
22672
31098
32318
26047
13736
-1763
-16855
-28038
-32713
-29790
-19946
-5464
10289
23653
31516
32046
25116
12336
-3319
-18204
-28847
-32766
-29042
-18541
-3711
11987
24889
31977
31593
23823
10480
-5316
-19871
-29777
-32711
-27983
-16697
-1495
14059
26318
32404
30885
22114
8148
-7733
-21801
-30745
-32460
-26539
-14372
1180
16457
27860
32699
29832
19930
5325
-10537
-23916
-31650
-31910
-24631
-11530
4298
19113
29409
32747
28334
17210
2009
-13670
-26112
-32365
-30942
-22178
-8148
7817
21929
30833
32412
26285
13907
-1780
-17047
-28259
-32743
-29429
-19103
-4222
11667
24777
31977
31548
23586
9991
-5992
-20546
-30192
-32619
-27244
-15350
219
15739
27492
32660
30001
20149
5464
-10533
-24006
-31719
-31816
-24270
-10892
5106
19879
29873
32681
27625
15917
373
-15261
-27221
-32621
-30156
-20416
-5748
10308
23879
31684
31836
24293
10875
-5173
-19973
-29942
-32665
-27477
-15633
0
15636
27483
32666
29925
19920
5078
-10999
-24407
-31886
-31615
-23656
-9941
6193
20824
30386
32549
26782
14487
-1341
-16845
-28242
-32749
-29262
-18630
-3445
12583
25539
32252
31078
22301
8064
-8148
-22368
-31111
-32231
-25451
-12429
3643
18824
29387
32737
28047
16465
836
-15001
-27152
-32625
-30072
-20115
-5205
10989
24479
31937
31523
23335
9388
-6876
-21447
-30723
-32412
-26092
-13322
2743
18132
29038
32759
28371
16955
1338
-14612
-26944
-32596
-30164
-20247
-5304
10958
24501
31960
31477
23169
9099
-7236
-21774
-30894
-32323
-25702
-12676
3510
18824
29446
32724
27837
16000
166
-15711
-27666
-32707
-29572
-19041
-3744
12491
25602
32304
30916
21780
7184
-9215
-23305
-31551
-31880
-24205
-10451
5930
20824
30486
32483
26311
13518
-2679
-18204
-29147
-32749
-28098
-16364
-502
15488
27574
32702
29574
18976
3583
-12717
-25806
-32371
-30748
-21345
-6538
9926
23879
31785
31636
23467
9346
-7147
-21830
-30974
-32254
-25342
-11991
4409
19692
29968
32623
26976
14462
-1736
-17495
-28798
-32764
-28377
-16752
-852
15267
27492
32699
29554
18857
3339
-13034
-26077
-32450
-30520
-20777
-5712
10817
24578
32042
31291
22515
7961
-8637
-23021
-31496
-31881
-24075
-10079
6509
21426
30833
32307
25463
12062
-4448
-19815
-30076
-32585
-26689
-13907
2465
18204
29244
32732
27762
15616
-569
-16610
-28356
-32765
-28692
-17189
-1231
15047
27428
32699
29490
18630
2932
-13528
-26478
-32552
-30168
-19943
-4530
12062
25519
32337
30737
21133
6022
-10659
-24565
-32068
-31208
-22206
-7407
9326
23628
31760
31593
23169
8686
-8070
-22719
-31423
-31903
-24028
-9858
6896
21846
31070
32147
24790
10926
-5807
-21019
-30711
-32336
-25461
-11891
4807
20244
30356
32478
26047
12755
-3899
-19528
-30012
-32581
-26556
-13521
3083
18877
29687
32654
26991
14192
-2362
-18294
-29387
-32703
-27360
-14769
1736
17784
29119
32734
27666
15255
-1206
-17349
-28887
-32752
-27913
-15652
771
16993
28695
32761
28105
15962
-434
-16717
-28547
-32765
-28244
-16186
193
16523
28443
32766
28334
16326
-48
-16412
-28387
-32766
-28374
-16382
0
0
0
0
0
0
0
0
0
0
0
0
0
0
0
0
0
0
0
0
0
0
0
0
0
0
0
0
0
0
0
0
0
0
0
0
0
0
0
0
0
0
0
0
0
0
0
0
0
0
0
0
0
0
0
0
0
0
0
0
0
0
0
0
0
0
0
0
0
0
0
0
0
0
0
0
0
0
0
0
0
0
0
0
0
0
0
0
0
0
0
0
0
0
0
0
0
0
0
0
0
0
0
0
0
0
0
0
0
0
0
0
0
0
0
0
0
0
0
0
0
0
0
0
0
0
0
0
0
0
0
0
0
0
0
0
0
0
0
0
0
0
0
0
0
0
0
0
0
0
0
0
0
0
0
0
0
0
0
0
0
0
0
0
0
0
0
0
0
0
0
0
0
0
0
0
0
0
0
0
0
0
0
0
0
0
0
0
0
0
0
0
0
0
0
0
0
0
0
0
0
0
0
0
0
0
0
0
0
0
0
0
0
0
0
0
0
0
0
0
0
0
0
0
0
0
0
0
0
0
0
0
0
0
0
0
0
0
0
0
0
0
0
0
0
0
0
0
0
0
0
0
0
0
0
0
0
0
0
0
0
0
0
0
0
0
0
0
0
0
0
0
0
0
0
0
0
0
0
0
0
0
0
0
0
0
0
0
0
0
0
0
0
0
0
0
0
0
0
0
0
0
0
0
0
0
0
0
0
0
0
0
0
0
0
0
0
0
0
0
0
0
0
0
0
0
0
0
0
0
0
0
0
0
0
0
0
0
0
0
0
0
0
0
0
0
0
0
0
0
0
0
0
0
0
0
0
0
0
0
0
0
0
0
0
0
0
0
0
0
0
0
0
0
0
0
0
0
0
0
0
0
0
0
0
0
0
0
0
0
0
0
0
0
0
0
0
0
0
0
0
0
0
0
0
0
0
0
0
0
0
0
0
0
0
0
0
0
0
0
0
0
0
0
0
0
0
0
0
0
0
0
0
0
0
0
0
0
0
0
0
0
0
0
0
0
0
0
0
0
0
0
0
0
0
0
0
0
0
0
0
0
0
0
0
0
0
0
0
0
0
0
0
0
0
0
0
0
0
0
0
0
0
0
0
0
0
0
0
0
0
0
0
0
0
0
0
0
0
0
0
0
0
0
0
0
0
0
0
0
0
0
0
0
0
0
0
0
0
0
0
0
0
0
0
0
0
0
0
0
0
0
0
0
0
0
0
0
0
0
0
0
0
0
0
0
0
0
0
0
0
0
0
0
0
0
0
0
0
0
0
0
0
0
0
0
0
0
0
0
0
0
0
0
0
0
0
0
0
0
0
0
0
0
0
0
0
0
0
0
0
0
0
0
0
0
0
0
0
0
0
0
0
0
0
0
0
0
0
0
0
0
0
0
0
0
0
0
0
0
0
0
0
0
0
0
0
0
0
0
0
0
0
0
0
0
0
0
0
0
0
0
0
0
0
0
0
0
0
0
0
0
0
0
0
0
0
0
0
0
0
0
0
0
0
0
0
0
0
0
0
0
0
0
0
0
0
0
0
0
0
0
0
0
0
0
0
0
0
0
0
0
0
0
0
0
0
0
0
0
0
0
0
0
0
0
0
0
0
0
0
0
0
0
0
0
0
0
0
0
0
0
0
0
0
0
0
0
0
0
0
0
0
0
0
0
0
0
0
0
0
0
0
0
0
0
0
0
0
0
0
0
0
0
0
0
0
0
0
0
0
0
0
0
0
0
0
0
0
0
0
0
0
0
0
0
0
0
0
0
0
0
0
0
0
0
0
0
0
0
0
0
0
0
0
0
0
0
0
0
0
0
0
0
0
0
0
0
0
0
0
0
0
0
0
0
0
0
0
0
0
0
0
0
0
0
0
0
0
0
0
0
0
0
0
0
0
0
0
0
0
0
0
0
0
0
0
0
0
0
0
0
0
0
0
0
0
0
0
0
0
0
0
0
0
0
0
0
0
0
0
0
0
0
0
0
0
0
0
0
0
0
0
0
0
0
0
0
0
0
0
0
0
0
0
0
0
0
0
0
0
0
0
0
0
0
0
0
0
0
0
0
0
0
0
0
0
0
0
0
0
0
0
0
0
0
0
0
0
0
0
0
0
0
0
0
0
0
0
0
0
0
0
0
0
0
0
0
0
0
0
0
0
0
0
0
0
0
0
0
3770
4240
4620
4903
5083
5158
5128
4993
4759
4431
4018
3529
2974
2367
1721
1047
362
-323
-994
-1639
-2246
-2806
-3308
-3745
-4110
-4400
-4609
-4737
-4783
-4747
-4631
-4439
-4174
-3842
-3447
-2997
-2498
-1956
-1381
-779
-160
468
1098
1720
2325
2904
3447
3946
4393
4777
5090
5326
5477
5536
5498
5360
5119
4775
4328
3782
3143
2419
1618
755
-157
-1102
-2061
-3015
-3943
-4823
-5634
-6355
-6965
-7447
-7782
-7958
-7962
-7789
-7434
-6898
-6187
-5311
-4284
-3125
-1857
-507
894
2318
3728
5089
6368
7529
8542
9377
10007
10412
10576
10488
10145
9547
8705
7633
6353
4893
3286
1569
-216
-2028
-3819
-5545
-7160
-8623
-9893
-10935
-11721
-12225
-12433
-12335
-11929
-11223
-10232
-8977
-7489
-5803
-3960
-2006
8
2034
4020
5914
7669
9238
10581
11664
12458
13106
12943
12458
11664
10581
9238
7669
5914
4020
2034
8
-2006
-3960
-5803
-7489
-8977
-10232
-11223
-11929
-12335
-12433
-12225
-11721
-10935
-9893
-8623
-7160
-5545
-3819
-2028
-216
1569
3286
4893
6353
7633
8705
9547
10145
10488
10576
10412
10007
9377
8542
7529
6368
5089
3728
2318
894
-507
-1857
-3125
-4284
-5311
-6187
-6898
-7434
-7789
-7962
-7958
-7782
-7447
-6965
-6355
-5634
-4823
-3943
-3015
-2061
-1102
-157
755
1618
2419
3143
3782
4328
4775
5119
5360
5498
5536
5477
5326
5090
4777
4393
3946
3447
2904
2325
1720
1098
468
-160
-779
-1381
-1956
-2498
-2997
-3447
-3842
-4174
-4439
-4631
-4747
-4783
-4737
-4609
-4400
-4110
-3745
-3308
-2806
-2246
-1639
-994
-323
362
1047
1721
2367
2974
3529
4018
4431
4759
4993
5128
5158
5083
4903
4620
4240
3770
3221
2602
1928
1212
470
-280
-1025
-1747
-2430
-3059
-3621
-4103
-4496
-4791
-4981
-5065
-5040
-4908
-4673
-4341
-3920
-3421
-2856
-2238
-1580
-899
-210
473
1134
1761
2339
2857
3306
3676
3961
4158
4264
4279
4206
4046
3808
3497
3123
2695
2224
1721
1198
667
139
-374
-863
-1318
-1731
-2094
-2402
-2650
-2837
-2959
-3018
-3016
-2955
-2839
-2674
-2465
-2219
-1945
-1648
-1337
-1019
-702
-393
-97
179
432
659
855
1021
1154
1257
1329
1374
1393
1392
1372
1340
1298
1251
1203
1156
1114
1079
1052
1033
1022
1017
1016
1016
1012
1002
980
941
880
794
678
529
346
127
-127
-416
-734
-1078
-1440
-1813
-2188
-2553
-2898
-3210
-3478
-3690
-3834
-3900
-3879
-3764
-3550
-3234
-2817
-2302
-1694
-1003
-242
573
1427
2299
3167
4008
4799
5515
6135
6635
6998
7206
7246
7108
6788
6285
5603
4753
3749
2610
1361
31
-1350
-2749
-4128
-5452
-6684
-7788
-8731
-9484
-10021
-10321
-10369
-10156
-9681
-8949
-7971
-6768
-5364
-3793
-2090
-297
1539
3373
5156
6841
8381
9733
10858
11723
12301
12571
12524
12154
11468
10479
9211
7692
5961
4061
2041
-45
-2146
-4204
-6164
-7975
-9586
-10954
-12042
-12819
-13263
-13363
-13114
-12523
-11605
-10385
-8896
-7177
-5276
-3244
-1136
990
3079
5073
6919
8568
9976
11107
11932
12431
12593
12417
11911
11093
9987
8628
7056
5317
3462
1542
-386
-2272
-4062
-5709
-7167
-8401
-9379
-10077
-10483
-10589
-10398
-9922
-9179
-8197
-7009
-5652
-4170
-2607
-1012
569
2091
3511
4789
5892
6792
7467
7902
8091
8035
7741
7225
6508
5616
4582
3440
2228
985
-249
-1439
-2547
-3542
-4396
-5085
-5594
-5909
-6026
-5947
-5678
-5233
-4630
-3892
-3045
-2118
-1143
-152
823
1752
2606
3358
3988
4476
4811
4983
4990
4835
4524
4071
3490
2802
2030
1199
336
-532
-1380
-2180
-2910
-3546
-4072
-4473
-4737
-4858
-4834
-4667
-4363
-3933
-3390
-2750
-2034
-1262
-457
358
1161
1929
2641
3278
3824
4263
4587
4787
4860
4804
4624
4325
3916
3410
2822
2166
1462
728
-17
-755
-1466
-2134
-2742
-3276
-3725
-4078
-4329
-4472
-4508
-4436
-4259
-3986
-3622
-3180
-2670
-2106
-1503
-875
-239
391
1001
1577
2105
2575
2976
3300
3542
3698
3766
3746
3641
3456
3197
2871
2489
2060
1597
1112
615
122
-357
-812
-1231
-1605
-1926
-2188
-2387
-2519
-2585
-2585
-2522
-2401
-2227
-2009
-1754
-1471
-1171
-863
-558
-264
8
254
465
637
766
851
891
889
848
773
671
548
413
275
142
23
-73
-142
-175
-168
-120
-29
103
275
480
711
959
1216
1468
1706
1915
2085
2205
2263
2252
2166
1998
1749
1419
1012
535
-1
-585
-1202
-1834
-2463
-3069
-3632
-4133
-4552
-4872
-5078
-5157
-5099
-4900
-4557
-4073
-3456
-2716
-1869
-934
66
1106
2159
3196
4187
5103
5916
6602
7136
7499
7677
7660
7443
7026
6416
5626
4671
3576
2366
1072
-272
-1633
-2973
-4256
-5447
-6513
-7424
-8155
-8683
-8994
-9077
-8929
-8552
-7955
-7154
-6169
-5026
-3755
-2390
-966
477
1904
3276
4558
5716
6721
7549
8179
8597
8796
8772
8530
8080
7437
6621
5656
4571
3397
2166
910
-335
-1541
-2676
-3714
-4632
-5409
-6031
-6489
-6776
-6892
-6842
-6634
-6280
-5797
-5202
-4517
-3762
-2960
-2134
-1305
-493
284
1010
1672
2260
2766
3185
3516
3759
3919
3998
4005
3947
3831
3667
3463
3227
2965
2684
2388
2082
1767
1446
1119
786
446
99
-254
-616
-984
-1357
-1732
-2103
-2466
-2813
-3137
-3429
-3678
-3874
-4009
-4073
-4057
-3955
-3762
-3475
-3095
-2624
-2068
-1438
-743
0
773
1558
2335
3080
3772
4388
4909
5315
5590
5723
5704
5528
5196
4713
4089
3337
2479
1535
532
-499
-1531
-2532
-3469
-4315
-5041
-5623
-6041
-6280
-6329
-6185
-5851
-5333
-4647
-3813
-2856
-1804
-692
445
1572
2650
3646
4525
5257
5817
6186
6349
6299
6037
5570
4912
4083
3109
2024
862
-336
-1533
-2686
-3755
-4704
-5498
-6109
-6515
-6698
-6650
-6370
-5865
-5150
-4247
-3184
-1995
-720
599
1919
3195
4382
5440
6330
7022
7490
7714
7684
7399
6864
6095
5113
3950
2641
1228
-244
-1727
-3174
-4537
-5771
-6834
-7691
-8313
-8678
-8774
-8594
-8145
-7438
-6496
-5348
-4030
-2583
-1054
508
2055
3538
4909
6126
7151
7951
8503
8791
8807
8554
8041
7288
6321
5172
3882
2493
1051
-396
-1802
-3123
-4318
-5349
-6186
-6807
-7194
-7342
-7250
-6928
-6393
-5667
-4783
-3774
-2678
-1538
-394
711
1741
2660
3438
4050
4479
4715
4754
4602
4271
3780
3153
2421
1617
777
-60
-860
-1587
-2210
-2702
-3041
-3212
-3207
-3025
-2674
-2166
-1524
-773
54
924
1797
2635
3400
4055
4568
4911
5062
5007
4738
4257
3573
2702
1671
512
-738
-2037
-3339
-4596
-5762
-6790
-7640
-8274
-8663
-8782
-8619
-8168
-7435
-6435
-5191
-3737
-2113
-368
1445
3272
5053
6732
8252
9562
10616
11377
11813
11907
11648
11039
10092
8832
7293
5518
3558
1471
-681
-2834
-4924
-6886
-8661
-10194
-11438
-12355
-12917
-13106
-12917
-12355
-11438
-10194
-8661
-6886
-4924
-2834
-681
1471
3558
5518
7293
8832
10092
11039
11648
11907
11813
11377
10616
9562
8252
6732
5053
3272
1445
-368
-2113
-3737
-5191
-6435
-7435
-8168
-8619
-8782
-8663
-8274
-7640
-6790
-5762
-4596
-3339
-2037
-738
512
1671
2702
3573
4257
4738
5007
5062
4911
4568
4055
3400
2635
1797
924
54
-773
-1524
-2166
-2674
-3025
-3207
-3212
-3041
-2702
-2210
-1587
-860
-60
777
1617
2421
3153
3780
4271
4602
4754
4715
4479
4050
3438
2660
1741
711
-394
-1538
-2678
-3774
-4783
-5667
-6393
-6928
-7250
-7342
-7194
-6807
-6186
-5349
-4318
-3123
-1802
-396
1051
2493
3882
5172
6321
7288
8041
8554
8807
8791
8503
7951
7151
6126
4909
3538
2055
508
-1054
-2583
-4030
-5348
-6496
-7438
-8145
-8594
-8774
-8678
-8313
-7691
-6834
-5771
-4537
-3174
-1727
-244
1228
2641
3950
5113
6095
6864
7399
7684
7714
7490
7022
6330
5440
4382
3195
1919
599
-720
-1995
-3184
-4247
-5150
-5865
-6370
-6650
-6698
-6515
-6109
-5498
-4704
-3755
-2686
-1533
-336
862
2024
3109
4083
4912
5570
6037
6299
6349
6186
5817
5257
4525
3646
2650
1572
445
-692
-1804
-2856
-3813
-4647
-5333
-5851
-6185
-6329
-6280
-6041
-5623
-5041
-4315
-3469
-2532
-1531
-499
532
1535
2479
3337
4089
4713
5196
5528
5704
5723
5590
5315
4909
4388
3772
3080
2335
1558
773
0
-743
-1438
-2068
-2624
-3095
-3475
-3762
-3955
-4057
-4073
-4009
-3874
-3678
-3429
-3137
-2813
-2466
-2103
-1732
-1357
-984
-616
-254
99
446
786
1119
1446
1767
2082
2388
2684
2965
3227
3463
3667
3831
3947
4005
3998
3919
3759
3516
3185
2766
2260
1672
1010
284
-493
-1305
-2134
-2960
-3762
-4517
-5202
-5797
-6280
-6634
-6842
-6892
-6776
-6489
-6031
-5409
-4632
-3714
-2676
-1541
-335
910
2166
3397
4571
5656
6621
7437
8080
8530
8772
8796
8597
8179
7549
6721
5716
4558
3276
1904
477
-966
-2390
-3755
-5026
-6169
-7154
-7955
-8552
-8929
-9077
-8994
-8683
-8155
-7424
-6513
-5447
-4256
-2973
-1633
-272
1072
2366
3576
4671
5626
6416
7026
7443
7660
7677
7499
7136
6602
5916
5103
4187
3196
2159
1106
66
-934
-1869
-2716
-3456
-4073
-4557
-4900
-5099
-5157
-5078
-4872
-4552
-4133
-3632
-3069
-2463
-1834
-1202
-585
-1
535
1012
1419
1749
1998
2166
2252
2263
2205
2085
1915
1706
1468
1216
959
711
480
275
103
-29
-120
-168
-175
-142
-73
23
142
275
413
548
671
773
848
889
891
851
766
637
465
254
8
-264
-558
-863
-1171
-1471
-1754
-2009
-2227
-2401
-2522
-2585
-2585
-2519
-2387
-2188
-1926
-1605
-1231
-812
-357
122
615
1112
1597
2060
2489
2871
3197
3456
3641
3746
3766
3698
3542
3300
2976
2575
2105
1577
1001
391
-239
-875
-1503
-2106
-2670
-3180
-3622
-3986
-4259
-4436
-4508
-4472
-4329
-4078
-3725
-3276
-2742
-2134
-1466
-755
-17
728
1462
2166
2822
3410
3916
4325
4624
4804
4860
4787
4587
4263
3824
3278
2641
1929
1161
358
-457
-1262
-2034
-2750
-3390
-3933
-4363
-4667
-4834
-4858
-4737
-4473
-4072
-3546
-2910
-2180
-1380
-532
336
1199
2030
2802
3490
4071
4524
4835
4990
4983
4811
4476
3988
3358
2606
1752
823
-152
-1143
-2118
-3045
-3892
-4630
-5233
-5678
-5947
-6026
-5909
-5594
-5085
-4396
-3542
-2547
-1439
-249
985
2228
3440
4582
5616
6508
7225
7741
8035
8091
7902
7467
6792
5892
4789
3511
2091
569
-1012
-2607
-4170
-5652
-7009
-8197
-9179
-9922
-10398
-10589
-10483
-10077
-9379
-8401
-7167
-5709
-4062
-2272
-386
1542
3462
5317
7056
8628
9987
11093
11911
12417
12593
12431
11932
11107
9976
8568
6919
5073
3079
990
-1136
-3244
-5276
-7177
-8896
-10385
-11605
-12523
-13114
-13363
-13263
-12819
-12042
-10954
-9586
-7975
-6164
-4204
-2146
-45
2041
4061
5961
7692
9211
10479
11468
12154
12524
12571
12301
11723
10858
9733
8381
6841
5156
3373
1539
-297
-2090
-3793
-5364
-6768
-7971
-8949
-9681
-10156
-10369
-10321
-10021
-9484
-8731
-7788
-6684
-5452
-4128
-2749
-1350
31
1361
2610
3749
4753
5603
6285
6788
7108
7246
7206
6998
6635
6135
5515
4799
4008
3167
2299
1427
573
-242
-1003
-1694
-2302
-2817
-3234
-3550
-3764
-3879
-3900
-3834
-3690
-3478
-3210
-2898
-2553
-2188
-1813
-1440
-1078
-734
-416
-127
127
346
529
678
794
880
941
980
1002
1012
1016
1016
1017
1022
1033
1052
1079
1114
1156
1203
1251
1298
1340
1372
1392
1393
1374
1329
1257
1154
1021
855
659
432
179
-97
-393
-702
-1019
-1337
-1648
-1945
-2219
-2465
-2674
-2839
-2955
-3016
-3018
-2959
-2837
-2650
-2402
-2094
-1731
-1318
-863
-374
139
667
1198
1721
2224
2695
3123
3497
3808
4046
4206
4279
4264
4158
3961
3676
3306
2857
2339
1761
1134
473
-210
-899
-1580
-2238
-2856
-3421
-3920
-4341
-4673
-4908
-5040
-5065
-4981
-4791
-4496
-4103
-3621
-3059
-2430
-1747
-1025
-280
470
1212
1928
2602
3221
3770
4240
4620
4903
5083
5158
5128
4993
4759
4431
4018
3529
2974
2367
1721
1047
362
-323
-994
-1639
-2246
-2806
-3308
-3745
-4110
-4400
-4609
-4737
-4783
-4747
-4631
-4439
-4174
-3842
-3447
-2997
-2498
-1956
-1381
-779
-160
468
1098
1720
2325
2904
3447
3946
4393
4777
5090
5326
5477
5536
5498
5360
5119
4775
4328
3782
3143
2419
1618
755
-157
-1102
-2061
-3015
-3943
-4823
-5634
-6355
-6965
-7447
-7782
-7958
-7962
-7789
-7434
-6898
-6187
-5311
-4284
-3125
-1857
-507
894
2318
3728
5089
6368
7529
8542
9377
10007
10412
10576
10488
10145
9547
8705
7633
6353
4893
3286
1569
-216
-2028
-3819
-5545
-7160
-8623
-9893
-10935
-11721
-12225
-12433
-12335
-11929
-11223
-10232
-8977
-7489
-5803
-3960
-2006
8
2034
4020
5914
7669
9238
10581
11664
12458
12943
1421
365
-694
-1733
-2722
-3637
-4456
-5158
-5728
-6151
-6420
-6529
-6478
-6269
-5911
-5413
-4791
-4060
-3241
-2353
-1420
-465
490
1423
2311
3137
3880
4526
5062
5478
5767
5924
5948
5841
5608
5256
4794
4234
3589
2874
2103
1295
465
-368
-1191
-1984
-2735
-3427
-4048
-4586
-5032
-5376
-5612
-5736
-5745
-5638
-5417
-5084
-4646
-4109
-3483
-2778
-2008
-1186
-327
550
1432
2298
3131
3914
4628
5257
5785
6200
6488
6641
6651
6514
6229
5799
5229
4528
3708
2785
1778
707
-403
-1529
-2644
-3722
-4735
-5657
-6465
-7136
-7649
-7990
-8145
-8107
-7872
-7441
-6822
-6025
-5067
-3968
-2754
-1452
-95
1285
2654
3977
5220
6349
7334
8149
8770
9178
9362
9313
9030
8517
7787
6854
5742
4478
3092
1619
98
-1433
-2936
-4371
-5701
-6892
-7912
-8734
-9337
-9830
-9706
-9337
-8734
-7912
-6892
-5701
-4371
-2936
-1433
98
1619
3092
4478
5742
6854
7787
8517
9030
9313
9362
9178
8770
8149
7334
6349
5220
3977
2654
1285
-95
-1452
-2754
-3968
-5067
-6025
-6822
-7441
-7872
-8107
-8145
-7990
-7649
-7136
-6465
-5657
-4735
-3722
-2644
-1529
-403
707
1778
2785
3708
4528
5229
5799
6229
6514
6651
6641
6488
6200
5785
5257
4628
3914
3131
2298
1432
550
-327
-1186
-2008
-2778
-3483
-4109
-4646
-5084
-5417
-5638
-5745
-5736
-5612
-5376
-5032
-4586
-4048
-3427
-2735
-1984
-1191
-368
465
1295
2103
2874
3589
4234
4794
5256
5608
5841
5948
5924
5767
5478
5062
4526
3880
3137
2311
1423
490
-465
-1420
-2353
-3241
-4060
-4791
-5413
-5911
-6269
-6478
-6529
-6420
-6151
-5728
-5158
-4456
-3637
-2722
-1733
-694
365
1421
2445
3410
4290
5063
5707
6205
6544
6714
6711
6534
6189
5684
5033
4254
3368
2399
1373
319
-736
-1763
-2735
-3626
-4413
-5075
-5596
-5964
-6169
-6209
-6086
-5803
-5373
-4809
-4129
-3354
-2506
-1611
-694
218
1102
1933
2689
3352
3906
4338
4640
4808
4842
4746
4526
4195
3765
3254
2680
2061
1419
773
142
-454
-1001
-1486
-1896
-2224
-2465
-2618
-2683
-2665
-2572
-2412
-2197
-1939
-1653
-1351
-1048
-756
-487
-251
-55
94
195
247
251
213
137
34
-87
-216
-342
-452
-536
-585
-589
-543
-442
-285
-72
192
503
851
1225
1613
1999
2369
2706
2995
3221
3371
3432
3396
3255
3007
2652
2193
1637
997
285
-479
-1279
-2091
-2893
-3659
-4367
-4993
-5516
-5916
-6176
-6283
-6229
-6008
-5620
-5070
-4366
-3524
-2560
-1498
-363
817
2011
3190
4319
5369
6310
7113
7756
8218
8482
8538
8379
8007
7427
6650
5692
4576
3328
1977
556
-899
-2352
-3766
-5105
-6334
-7421
-8338
-9059
-9566
-9843
-9882
-9680
-9241
-8574
-7695
-6624
-5387
-4014
-2538
-996
573
2134
3647
5075
6382
7537
8511
9282
9830
10142
10212
10038
9626
8987
8136
7096
5892
4556
3119
1617
87
-1433
-2908
-4303
-5584
-6721
-7690
-8467
-9037
-9389
-9516
-9419
-9102
-8576
-7857
-6965
-5923
-4760
-3505
-2189
-846
491
1792
3026
4165
5182
6057
6772
7312
7671
7843
7829
7634
7268
6745
6081
5298
4417
3462
2460
1436
415
-578
-1520
-2391
-3173
-3850
-4411
-4847
-5154
-5329
-5377
-5301
-5111
-4818
-4434
-3974
-3455
-2893
-2304
-1705
-1111
-537
4
504
952
1342
1671
1937
2140
2282
2367
2400
2390
2341
2263
2163
2049
1927
1803
1682
1567
1461
1364
1276
1196
1119
1043
963
873
771
650
507
339
145
-77
-325
-599
-892
-1200
-1516
-1832
-2139
-2426
-2684
-2903
-3073
-3186
-3233
-3209
-3109
-2932
-2678
-2349
-1950
-1490
-976
-422
158
752
1344
1916
2453
2940
3362
3707
3965
4126
4185
4140
3991
3742
3399
2972
2473
1916
1317
694
64
-554
-1143
-1687
-2171
-2581
-2908
-3143
-3283
-3327
-3276
-3136
-2915
-2625
-2277
-1887
-1471
-1044
-625
-227
133
445
698
885
1001
1045
1020
930
784
593
370
129
-111
-338
-534
-684
-774
-795
-738
-598
-375
-71
306
747
1237
1759
2291
2813
3301
3731
4081
4328
4455
4444
4284
3968
3494
2866
2092
1187
172
-926
-2081
-3257
-4419
-5529
-6550
-7444
-8177
-8718
-9040
-9121
-8948
-8514
-7818
-6869
-5685
-4289
-2715
-1001
808
2665
4516
6309
7990
9506
10810
11858
12612
13042
13128
12859
12232
11257
9953
8351
6488
4413
2179
-153
-2522
-4859
-7100
-9180
-11038
-12621
-13880
-14776
-15282
-15378
-15060
-14332
-13212
-11729
-9923
-7843
-5546
-3095
-559
1990
4483
6850
9023
10944
12558
13821
14700
15172
15227
14866
14102
12960
11477
9699
7678
5476
3157
790
-1557
-3819
-5930
-7834
-9479
-10822
-11831
-12483
-12766
-12682
-12241
-11465
-10385
-9042
-7481
-5757
-3925
-2044
-172
1632
3319
4838
6149
7217
8019
8539
8770
8717
8393
7818
7022
6041
4915
3688
2407
1118
-132
-1302
-2354
-3255
-3977
-4503
-4820
-4926
-4824
-4528
-4056
-3434
-2692
-1865
-989
-104
754
1549
2249
2823
3250
3512
3598
3505
3237
2805
2226
1523
724
-137
-1029
-1915
-2757
-3522
-4178
-4696
-5053
-5231
-5219
-5012
-4614
-4035
-3290
-2403
-1401
-318
811
1948
3056
4095
5029
5826
6456
6897
7131
7149
6946
6527
5903
5091
4118
3010
1804
536
-754
-2028
-3244
-4366
-5359
-6192
-6841
-7287
-7517
-7525
-7314
-6891
-6272
-5478
-4536
-3476
-2332
-1142
57
1230
2339
3354
4243
4983
5555
5945
6145
6155
5980
5632
5126
4485
3732
2897
2010
1100
200
-661
-1458
-2165
-2763
-3235
-3571
-3765
-3818
-3733
-3520
-3194
-2770
-2271
-1718
-1135
-546
24
555
1026
1421
1725
1930
2030
2025
1916
1713
1425
1068
657
212
-247
-700
-1128
-1511
-1833
-2079
-2238
-2303
-2268
-2134
-1905
-1587
-1191
-731
-223
315
864
1405
1918
2385
2788
3113
3347
3483
3513
3437
3255
2972
2598
2142
1619
1044
435
-189
-811
-1413
-1978
-2488
-2932
-3297
-3574
-3758
-3846
-3837
-3734
-3543
-3272
-2929
-2526
-2076
-1592
-1086
-573
-63
429
897
1330
1722
2066
2360
2600
2788
2923
3008
3044
3036
2987
2900
2778
2626
2445
2238
2005
1749
1470
1167
842
495
127
-260
-666
-1085
-1514
-1946
-2375
-2791
-3185
-3547
-3865
-4128
-4324
-4442
-4472
-4406
-4236
-3958
-3571
-3077
-2480
-1789
-1015
-174
715
1632
2555
3457
4313
5096
5782
6346
6768
7027
7110
7008
6714
6230
5562
4722
3727
2601
1371
70
-1268
-2606
-3905
-5127
-6234
-7191
-7967
-8535
-8873
-8967
-8809
-8398
-7742
-6855
-5759
-4483
-3062
-1535
53
1658
3231
4725
6094
7297
8295
9056
9555
9775
9706
9348
8710
7809
6670
5327
3819
2191
493
-1224
-2907
-4505
-5969
-7251
-8313
-9120
-9647
-9877
-9802
-9423
-8753
-7810
-6624
-5232
-3676
-2007
-274
1466
3160
4755
6200
7451
8466
9216
9675
9830
9675
9216
8466
7451
6200
4755
3160
1466
-274
-2007
-3676
-5232
-6624
-7810
-8753
-9423
-9802
-9877
-9647
-9120
-8313
-7251
-5969
-4505
-2907
-1224
493
2191
3819
5327
6670
7809
8710
9348
9706
9775
9555
9056
8295
7297
6094
4725
3231
1658
53
-1535
-3062
-4483
-5759
-6855
-7742
-8398
-8809
-8967
-8873
-8535
-7967
-7191
-6234
-5127
-3905
-2606
-1268
70
1371
2601
3727
4722
5562
6230
6714
7008
7110
7027
6768
6346
5782
5096
4313
3457
2555
1632
715
-174
-1015
-1789
-2480
-3077
-3571
-3958
-4236
-4406
-4472
-4442
-4324
-4128
-3865
-3547
-3185
-2791
-2375
-1946
-1514
-1085
-666
-260
127
495
842
1167
1470
1749
2005
2238
2445
2626
2778
2900
2987
3036
3044
3008
2923
2788
2600
2360
2066
1722
1330
897
429
-63
-573
-1086
-1592
-2076
-2526
-2929
-3272
-3543
-3734
-3837
-3846
-3758
-3574
-3297
-2932
-2488
-1978
-1413
-811
-189
435
1044
1619
2142
2598
2972
3255
3437
3513
3483
3347
3113
2788
2385
1918
1405
864
315
-223
-731
-1191
-1587
-1905
-2134
-2268
-2303
-2238
-2079
-1833
-1511
-1128
-700
-247
212
657
1068
1425
1713
1916
2025
2030
1930
1725
1421
1026
555
24
-546
-1135
-1718
-2271
-2770
-3194
-3520
-3733
-3818
-3765
-3571
-3235
-2763
-2165
-1458
-661
200
1100
2010
2897
3732
4485
5126
5632
5980
6155
6145
5945
5555
4983
4243
3354
2339
1230
57
-1142
-2332
-3476
-4536
-5478
-6272
-6891
-7314
-7525
-7517
-7287
-6841
-6192
-5359
-4366
-3244
-2028
-754
536
1804
3010
4118
5091
5903
6527
6946
7149
7131
6897
6456
5826
5029
4095
3056
1948
811
-318
-1401
-2403
-3290
-4035
-4614
-5012
-5219
-5231
-5053
-4696
-4178
-3522
-2757
-1915
-1029
-137
724
1523
2226
2805
3237
3505
3598
3512
3250
2823
2249
1549
754
-104
-989
-1865
-2692
-3434
-4056
-4528
-4824
-4926
-4820
-4503
-3977
-3255
-2354
-1302
-132
1118
2407
3688
4915
6041
7022
7818
8393
8717
8770
8539
8019
7217
6149
4838
3319
1632
-172
-2044
-3925
-5757
-7481
-9042
-10385
-11465
-12241
-12682
-12766
-12483
-11831
-10822
-9479
-7834
-5930
-3819
-1557
790
3157
5476
7678
9699
11477
12960
14102
14866
15227
15172
14700
13821
12558
10944
9023
6850
4483
1990
-559
-3095
-5546
-7843
-9923
-11729
-13212
-14332
-15060
-15378
-15282
-14776
-13880
-12621
-11038
-9180
-7100
-4859
-2522
-153
2179
4413
6488
8351
9953
11257
12232
12859
13128
13042
12612
11858
10810
9506
7990
6309
4516
2665
808
-1001
-2715
-4289
-5685
-6869
-7818
-8514
-8948
-9121
-9040
-8718
-8177
-7444
-6550
-5529
-4419
-3257
-2081
-926
172
1187
2092
2866
3494
3968
4284
4444
4455
4328
4081
3731
3301
2813
2291
1759
1237
747
306
-71
-375
-598
-738
-795
-774
-684
-534
-338
-111
129
370
593
784
930
1020
1045
1001
885
698
445
133
-227
-625
-1044
-1471
-1887
-2277
-2625
-2915
-3136
-3276
-3327
-3283
-3143
-2908
-2581
-2171
-1687
-1143
-554
64
694
1317
1916
2473
2972
3399
3742
3991
4140
4185
4126
3965
3707
3362
2940
2453
1916
1344
752
158
-422
-976
-1490
-1950
-2349
-2678
-2932
-3109
-3209
-3233
-3186
-3073
-2903
-2684
-2426
-2139
-1832
-1516
-1200
-892
-599
-325
-77
145
339
507
650
771
873
963
1043
1119
1196
1276
1364
1461
1567
1682
1803
1927
2049
2163
2263
2341
2390
2400
2367
2282
2140
1937
1671
1342
952
504
4
-537
-1111
-1705
-2304
-2893
-3455
-3974
-4434
-4818
-5111
-5301
-5377
-5329
-5154
-4847
-4411
-3850
-3173
-2391
-1520
-578
415
1436
2460
3462
4417
5298
6081
6745
7268
7634
7829
7843
7671
7312
6772
6057
5182
4165
3026
1792
491
-846
-2189
-3505
-4760
-5923
-6965
-7857
-8576
-9102
-9419
-9516
-9389
-9037
-8467
-7690
-6721
-5584
-4303
-2908
-1433
87
1617
3119
4556
5892
7096
8136
8987
9626
10038
10212
10142
9830
9282
8511
7537
6382
5075
3647
2134
573
-996
-2538
-4014
-5387
-6624
-7695
-8574
-9241
-9680
-9882
-9843
-9566
-9059
-8338
-7421
-6334
-5105
-3766
-2352
-899
556
1977
3328
4576
5692
6650
7427
8007
8379
8538
8482
8218
7756
7113
6310
5369
4319
3190
2011
817
-363
-1498
-2560
-3524
-4366
-5070
-5620
-6008
-6229
-6283
-6176
-5916
-5516
-4993
-4367
-3659
-2893
-2091
-1279
-479
285
997
1637
2193
2652
3007
3255
3396
3432
3371
3221
2995
2706
2369
1999
1613
1225
851
503
192
-72
-285
-442
-543
-589
-585
-536
-452
-342
-216
-87
34
137
213
251
247
195
94
-55
-251
-487
-756
-1048
-1351
-1653
-1939
-2197
-2412
-2572
-2665
-2683
-2618
-2465
-2224
-1896
-1486
-1001
-454
142
773
1419
2061
2680
3254
3765
4195
4526
4746
4842
4808
4640
4338
3906
3352
2689
1933
1102
218
-694
-1611
-2506
-3354
-4129
-4809
-5373
-5803
-6086
-6209
-6169
-5964
-5596
-5075
-4413
-3626
-2735
-1763
-736
319
1373
2399
3368
4254
5033
5684
6189
6534
6711
6714
6544
6205
5707
5063
4290
3410
2445
1421
365
-694
-1733
-2722
-3637
-4456
-5158
-5728
-6151
-6420
-6529
-6478
-6269
-5911
-5413
-4791
-4060
-3241
-2353
-1420
-465
490
1423
2311
3137
3880
4526
5062
5478
5767
5924
5948
5841
5608
5256
4794
4234
3589
2874
2103
1295
465
-368
-1191
-1984
-2735
-3427
-4048
-4586
-5032
-5376
-5612
-5736
-5745
-5638
-5417
-5084
-4646
-4109
-3483
-2778
-2008
-1186
-327
550
1432
2298
3131
3914
4628
5257
5785
6200
6488
6641
6651
6514
6229
5799
5229
4528
3708
2785
1778
707
-403
-1529
-2644
-3722
-4735
-5657
-6465
-7136
-7649
-7990
-8145
-8107
-7872
-7441
-6822
-6025
-5067
-3968
-2754
-1452
-95
1285
2654
3977
5220
6349
7334
8149
8770
9178
9362
9313
9030
8517
7787
6854
5742
4478
3092
1619
98
-1433
-2936
-4371
-5701
-6892
-7912
-8734
-9337
-9706
1885
2037
2155
2236
2275
2269
2216
2116
1968
1776
1542
1270
968
641
297
-54
-406
-750
-1076
-1377
-1645
-1874
-2059
-2196
-2282
-2316
-2299
-2232
-2119
-1964
-1772
-1550
-1304
-1041
-768
-492
-220
41
289
518
724
906
1062
1192
1297
1377
1435
1473
1493
1498
1491
1473
1447
1412
1371
1322
1264
1196
1117
1024
914
785
636
464
268
49
-193
-455
-736
-1028
-1328
-1628
-1920
-2194
-2443
-2656
-2824
-2938
-2990
-2974
-2882
-2714
-2466
-2141
-1741
-1274
-747
-172
438
1069
1703
2323
2911
3449
3920
4306
4593
4770
4826
4756
4556
4227
3774
3206
2534
1775
946
70
-830
-1730
-2605
-3429
-4178
-4830
-5363
-5761
-6010
-6100
-6026
-5788
-5389
-4838
-4149
-3339
-2431
-1447
-415
635
1677
2680
3616
4458
5183
5769
6200
6553
6464
6200
5769
5183
4458
3616
2680
1677
635
-415
-1447
-2431
-3339
-4149
-4838
-5389
-5788
-6026
-6100
-6010
-5761
-5363
-4830
-4178
-3429
-2605
-1730
-830
70
946
1775
2534
3206
3774
4227
4556
4756
4826
4770
4593
4306
3920
3449
2911
2323
1703
1069
438
-172
-747
-1274
-1741
-2141
-2466
-2714
-2882
-2974
-2990
-2938
-2824
-2656
-2443
-2194
-1920
-1628
-1328
-1028
-736
-455
-193
49
268
464
636
785
914
1024
1117
1196
1264
1322
1371
1412
1447
1473
1491
1498
1493
1473
1435
1377
1297
1192
1062
906
724
518
289
41
-220
-492
-768
-1041
-1304
-1550
-1772
-1964
-2119
-2232
-2299
-2316
-2282
-2196
-2059
-1874
-1645
-1377
-1076
-750
-406
-54
297
641
968
1270
1542
1776
1968
2116
2216
2269
2275
2236
2155
2037
1885
1706
1504
1285
1056
820
583
348
120
-100
-311
-511
-699
-877
-1045
-1204
-1355
-1497
-1633
-1761
-1881
-1992
-2090
-2173
-2238
-2278
-2290
-2269
-2208
-2103
-1950
-1745
-1487
-1173
-805
-386
77
581
1115
1667
2225
2773
3297
3780
4204
4554
4814
4970
5010
4925
4708
4357
3872
3261
2530
1695
773
-214
-1245
-2291
-3323
-4313
-5229
-6044
-6729
-7261
-7617
-7781
-7741
-7490
-7028
-6361
-5500
-4464
-3276
-1966
-567
883
2346
3781
5144
6397
7500
8419
9124
9591
9800
9742
9413
8818
7969
6887
5599
4139
2546
866
-855
-2569
-4225
-5776
-7175
-8381
-9357
-10074
-10508
-10647
-10483
-10022
-9274
-8261
-7011
-5561
-3953
-2234
-454
1333
3077
4725
6229
7544
8633
9464
10013
10265
10214
9864
9226
8322
7180
5838
4336
2722
1046
-640
-2287
-3844
-5265
-6507
-7535
-8319
-8838
-9081
-9042
-8726
-8148
-7328
-6296
-5087
-3740
-2301
-816
667
2103
3447
4658
5700
6542
7161
7542
7676
7563
7212
6638
5862
4915
3829
2642
1394
126
-1119
-2304
-3391
-4346
-5142
-5755
-6171
-6379
-6378
-6171
-5771
-5194
-4464
-3606
-2653
-1638
-594
442
1440
2366
3194
3898
4460
4865
5105
5177
5085
4836
4444
3926
3305
2603
1847
1064
280
-479
-1190
-1831
-2385
-2837
-3179
-3403
-3510
-3503
-3389
-3179
-2885
-2525
-2116
-1677
-1225
-778
-354
33
373
656
875
1029
1118
1145
1119
1046
939
810
671
536
417
324
267
254
287
370
499
671
879
1111
1356
1600
1828
2025
2175
2266
2283
2219
2065
1817
1476
1045
533
-49
-688
-1365
-2058
-2745
-3403
-4007
-4534
-4961
-5269
-5442
-5465
-5330
-5034
-4577
-3968
-3216
-2339
-1359
-300
806
1932
3044
4108
5091
5964
6697
7266
7651
7837
7814
7579
7135
6491
5662
4670
3541
2304
993
-355
-1704
-3017
-4257
-5390
-6384
-7213
-7854
-8290
-8512
-8513
-8296
-7869
-7246
-6445
-5492
-4414
-3241
-2007
-746
507
1722
2866
3911
4834
5614
6236
6689
6969
7076
7014
6793
6426
5931
5327
4635
3878
3079
2261
1443
647
-110
-816
-1458
-2029
-2523
-2938
-3276
-3540
-3736
-3870
-3950
-3985
-3982
-3951
-3895
-3822
-3733
-3630
-3513
-3378
-3221
-3037
-2819
-2559
-2252
-1890
-1468
-982
-433
179
850
1571
2331
3117
3910
4690
5436
6124
6729
7227
7595
7812
7860
7723
7391
6859
6128
5204
4101
2837
1437
-68
-1643
-3250
-4845
-6386
-7827
-9125
-10240
-11133
-11772
-12130
-12187
-11932
-11362
-10483
-9308
-7863
-6179
-4295
-2258
-120
2063
4233
6331
8298
10078
11620
12879
13815
14400
14613
14443
13893
12973
11705
10121
8264
6181
3930
1570
-831
-3211
-5504
-7645
-9577
-11246
-12608
-13625
-14271
-14530
-14398
-13880
-12994
-11768
-10240
-8454
-6465
-4329
-2110
129
2325
4418
6348
8064
9521
10682
11520
12017
12166
11970
11444
10609
9499
8152
6614
4937
3173
1378
-392
-2086
-3656
-5056
-6249
-7205
-7902
-8327
-8477
-8355
-7976
-7360
-6537
-5541
-4411
-3189
-1921
-650
578
1725
2752
3628
4328
4831
5126
5210
5085
4763
4261
3603
2818
1939
1001
43
-899
-1788
-2591
-3276
-3818
-4197
-4397
-4412
-4240
-3887
-3366
-2695
-1898
-1003
-43
948
1935
2882
3755
4521
5152
5625
5919
6022
5927
5634
5150
4487
3664
2704
1637
494
-690
-1879
-3037
-4128
-5119
-5978
-6679
-7200
-7525
-7643
-7549
-7245
-6740
-6047
-5186
-4180
-3059
-1854
-597
674
1928
3129
4245
5247
6109
6810
7332
7665
7803
7744
7493
7062
6463
5717
4844
3871
2824
1731
621
-477
-1537
-2536
-3449
-4257
-4946
-5502
-5917
-6189
-6315
-6299
-6149
-5874
-5486
-5000
-4432
-3797
-3115
-2401
-1673
-947
-237
444
1085
1678
2214
2688
3098
3441
3717
3928
4075
4162
4192
4168
4094
3973
3810
3607
3366
3089
2778
2434
2060
1655
1223
764
281
-221
-739
-1269
-1803
-2333
-2853
-3350
-3817
-4242
-4613
-4921
-5153
-5301
-5356
-5309
-5157
-4894
-4521
-4040
-3454
-2771
-2002
-1160
-260
678
1637
2595
3528
4414
5231
5956
6569
7052
7388
7565
7573
7407
7067
6555
5879
5051
4087
3008
1836
599
-674
-1954
-3210
-4411
-5525
-6524
-7382
-8076
-8585
-8895
-8995
-8880
-8549
-8010
-7272
-6352
-5271
-4054
-2729
-1331
108
1553
2966
4313
5558
6672
7624
8390
8950
9290
9399
9275
8920
8343
7558
6585
5449
4178
2805
1366
-102
-1563
-2978
-4311
-5527
-6596
-7489
-8185
-8666
-8919
-8940
-8729
-8292
-7643
-6799
-5784
-4626
-3357
-2011
-625
762
2116
3399
4576
5617
6494
7185
7672
7943
7993
7823
7438
6852
6083
5153
4091
2928
1697
433
-825
-2044
-3189
-4227
-5130
-5872
-6433
-6800
-6962
-6918
-6669
-6225
-5601
-4817
-3897
-2870
-1767
-622
530
1656
2721
3693
4544
5249
5786
6140
6302
6268
6038
5622
5033
4289
3413
2434
1381
287
-813
-1886
-2900
-3821
-4623
-5280
-5773
-6084
-6206
-6134
-5871
-5423
-4806
-4037
-3141
-2145
-1079
23
1128
2202
3212
4127
4917
5559
6033
6323
6421
6323
6031
5555
4908
4110
3185
2161
1069
-57
-1184
-2277
-3303
-4231
-5032
-5682
-6161
-6454
-6553
-6454
-6161
-5682
-5032
-4231
-3303
-2277
-1184
-57
1069
2161
3185
4110
4908
5555
6031
6323
6421
6323
6033
5559
4917
4127
3212
2202
1128
23
-1079
-2145
-3141
-4037
-4806
-5423
-5871
-6134
-6206
-6084
-5773
-5280
-4623
-3821
-2900
-1886
-813
287
1381
2434
3413
4289
5033
5622
6038
6268
6302
6140
5786
5249
4544
3693
2721
1656
530
-622
-1767
-2870
-3897
-4817
-5601
-6225
-6669
-6918
-6962
-6800
-6433
-5872
-5130
-4227
-3189
-2044
-825
433
1697
2928
4091
5153
6083
6852
7438
7823
7993
7943
7672
7185
6494
5617
4576
3399
2116
762
-625
-2011
-3357
-4626
-5784
-6799
-7643
-8292
-8729
-8940
-8919
-8666
-8185
-7489
-6596
-5527
-4311
-2978
-1563
-102
1366
2805
4178
5449
6585
7558
8343
8920
9275
9399
9290
8950
8390
7624
6672
5558
4313
2966
1553
108
-1331
-2729
-4054
-5271
-6352
-7272
-8010
-8549
-8880
-8995
-8895
-8585
-8076
-7382
-6524
-5525
-4411
-3210
-1954
-674
599
1836
3008
4087
5051
5879
6555
7067
7407
7573
7565
7388
7052
6569
5956
5231
4414
3528
2595
1637
678
-260
-1160
-2002
-2771
-3454
-4040
-4521
-4894
-5157
-5309
-5356
-5301
-5153
-4921
-4613
-4242
-3817
-3350
-2853
-2333
-1803
-1269
-739
-221
281
764
1223
1655
2060
2434
2778
3089
3366
3607
3810
3973
4094
4168
4192
4162
4075
3928
3717
3441
3098
2688
2214
1678
1085
444
-237
-947
-1673
-2401
-3115
-3797
-4432
-5000
-5486
-5874
-6149
-6299
-6315
-6189
-5917
-5502
-4946
-4257
-3449
-2536
-1537
-477
621
1731
2824
3871
4844
5717
6463
7062
7493
7744
7803
7665
7332
6810
6109
5247
4245
3129
1928
674
-597
-1854
-3059
-4180
-5186
-6047
-6740
-7245
-7549
-7643
-7525
-7200
-6679
-5978
-5119
-4128
-3037
-1879
-690
494
1637
2704
3664
4487
5150
5634
5927
6022
5919
5625
5152
4521
3755
2882
1935
948
-43
-1003
-1898
-2695
-3366
-3887
-4240
-4412
-4397
-4197
-3818
-3276
-2591
-1788
-899
43
1001
1939
2818
3603
4261
4763
5085
5210
5126
4831
4328
3628
2752
1725
578
-650
-1921
-3189
-4411
-5541
-6537
-7360
-7976
-8355
-8477
-8327
-7902
-7205
-6249
-5056
-3656
-2086
-392
1378
3173
4937
6614
8152
9499
10609
11444
11970
12166
12017
11520
10682
9521
8064
6348
4418
2325
129
-2110
-4329
-6465
-8454
-10240
-11768
-12994
-13880
-14398
-14530
-14271
-13625
-12608
-11246
-9577
-7645
-5504
-3211
-831
1570
3930
6181
8264
10121
11705
12973
13893
14443
14613
14400
13815
12879
11620
10078
8298
6331
4233
2063
-120
-2258
-4295
-6179
-7863
-9308
-10483
-11362
-11932
-12187
-12130
-11772
-11133
-10240
-9125
-7827
-6386
-4845
-3250
-1643
-68
1437
2837
4101
5204
6128
6859
7391
7723
7860
7812
7595
7227
6729
6124
5436
4690
3910
3117
2331
1571
850
179
-433
-982
-1468
-1890
-2252
-2559
-2819
-3037
-3221
-3378
-3513
-3630
-3733
-3822
-3895
-3951
-3982
-3985
-3950
-3870
-3736
-3540
-3276
-2938
-2523
-2029
-1458
-816
-110
647
1443
2261
3079
3878
4635
5327
5931
6426
6793
7014
7076
6969
6689
6236
5614
4834
3911
2866
1722
507
-746
-2007
-3241
-4414
-5492
-6445
-7246
-7869
-8296
-8513
-8512
-8290
-7854
-7213
-6384
-5390
-4257
-3017
-1704
-355
993
2304
3541
4670
5662
6491
7135
7579
7814
7837
7651
7266
6697
5964
5091
4108
3044
1932
806
-300
-1359
-2339
-3216
-3968
-4577
-5034
-5330
-5465
-5442
-5269
-4961
-4534
-4007
-3403
-2745
-2058
-1365
-688
-49
533
1045
1476
1817
2065
2219
2283
2266
2175
2025
1828
1600
1356
1111
879
671
499
370
287
254
267
324
417
536
671
810
939
1046
1119
1145
1118
1029
875
656
373
33
-354
-778
-1225
-1677
-2116
-2525
-2885
-3179
-3389
-3503
-3510
-3403
-3179
-2837
-2385
-1831
-1190
-479
280
1064
1847
2603
3305
3926
4444
4836
5085
5177
5105
4865
4460
3898
3194
2366
1440
442
-594
-1638
-2653
-3606
-4464
-5194
-5771
-6171
-6378
-6379
-6171
-5755
-5142
-4346
-3391
-2304
-1119
126
1394
2642
3829
4915
5862
6638
7212
7563
7676
7542
7161
6542
5700
4658
3447
2103
667
-816
-2301
-3740
-5087
-6296
-7328
-8148
-8726
-9042
-9081
-8838
-8319
-7535
-6507
-5265
-3844
-2287
-640
1046
2722
4336
5838
7180
8322
9226
9864
10214
10265
10013
9464
8633
7544
6229
4725
3077
1333
-454
-2234
-3953
-5561
-7011
-8261
-9274
-10022
-10483
-10647
-10508
-10074
-9357
-8381
-7175
-5776
-4225
-2569
-855
866
2546
4139
5599
6887
7969
8818
9413
9742
9800
9591
9124
8419
7500
6397
5144
3781
2346
883
-567
-1966
-3276
-4464
-5500
-6361
-7028
-7490
-7741
-7781
-7617
-7261
-6729
-6044
-5229
-4313
-3323
-2291
-1245
-214
773
1695
2530
3261
3872
4357
4708
4925
5010
4970
4814
4554
4204
3780
3297
2773
2225
1667
1115
581
77
-386
-805
-1173
-1487
-1745
-1950
-2103
-2208
-2269
-2290
-2278
-2238
-2173
-2090
-1992
-1881
-1761
-1633
-1497
-1355
-1204
-1045
-877
-699
-511
-311
-100
120
348
583
820
1056
1285
1504
1706
1885
2037
2155
2236
2275
2269
2216
2116
1968
1776
1542
1270
968
641
297
-54
-406
-750
-1076
-1377
-1645
-1874
-2059
-2196
-2282
-2316
-2299
-2232
-2119
-1964
-1772
-1550
-1304
-1041
-768
-492
-220
41
289
518
724
906
1062
1192
1297
1377
1435
1473
1493
1498
1491
1473
1447
1412
1371
1322
1264
1196
1117
1024
914
785
636
464
268
49
-193
-455
-736
-1028
-1328
-1628
-1920
-2194
-2443
-2656
-2824
-2938
-2990
-2974
-2882
-2714
-2466
-2141
-1741
-1274
-747
-172
438
1069
1703
2323
2911
3449
3920
4306
4593
4770
4826
4756
4556
4227
3774
3206
2534
1775
946
70
-830
-1730
-2605
-3429
-4178
-4830
-5363
-5761
-6010
-6100
-6026
-5788
-5389
-4838
-4149
-3339
-2431
-1447
-415
635
1677
2680
3616
4458
5183
5769
6200
6464
2167
1902
1631
1365
1118
899
715
571
470
411
391
405
444
500
561
617
656
666
639
565
439
257
17
-277
-623
-1011
-1431
-1870
-2313
-2743
-3144
-3497
-3785
-3992
-4105
-4111
-4001
-3771
-3419
-2947
-2363
-1677
-904
-62
826
1738
2647
3528
4352
5095
5731
6238
6597
6793
6815
6657
6318
5803
5122
4288
3322
2248
1091
-116
-1343
-2558
-3725
-4815
-5795
-6639
-7322
-7825
-8133
-8236
-8131
-7818
-7305
-6606
-5737
-4722
-3587
-2360
-1075
235
1539
2801
3991
5078
6035
6841
7475
7923
8178
8234
8093
7760
7248
6570
5746
4798
3750
2631
1466
285
-884
-2016
-3085
-4067
-4943
-5696
-6311
-6778
-7091
-7246
-7245
-7090
-6790
-6353
-5793
-5124
-4361
-3522
-2626
-1691
-735
221
1161
2069
2926
3719
4435
5060
5586
6004
6307
6553
6491
6307
6004
5586
5060
4435
3719
2926
2069
1161
221
-735
-1691
-2626
-3522
-4361
-5124
-5793
-6353
-6790
-7090
-7245
-7246
-7091
-6778
-6311
-5696
-4943
-4067
-3085
-2016
-884
285
1466
2631
3750
4798
5746
6570
7248
7760
8093
8234
8178
7923
7475
6841
6035
5078
3991
2801
1539
235
-1075
-2360
-3587
-4722
-5737
-6606
-7305
-7818
-8131
-8236
-8133
-7825
-7322
-6639
-5795
-4815
-3725
-2558
-1343
-116
1091
2248
3322
4288
5122
5803
6318
6657
6815
6793
6597
6238
5731
5095
4352
3528
2647
1738
826
-62
-904
-1677
-2363
-2947
-3419
-3771
-4001
-4111
-4105
-3992
-3785
-3497
-3144
-2743
-2313
-1870
-1431
-1011
-623
-277
17
257
439
565
639
666
656
617
561
500
444
405
391
411
470
571
715
899
1118
1365
1631
1902
2167
2410
2619
2778
2874
2896
2835
2683
2438
2099
1668
1154
566
-81
-773
-1488
-2207
-2908
-3566
-4161
-4671
-5076
-5360
-5510
-5514
-5369
-5072
-4629
-4046
-3337
-2520
-1614
-646
359
1374
2369
3315
4185
4952
5593
6090
6427
6593
6582
6395
6037
5517
4851
4058
3162
2188
1164
121
-911
-1904
-2830
-3663
-4381
-4965
-5402
-5682
-5801
-5760
-5564
-5223
-4753
-4172
-3501
-2762
-1982
-1186
-398
357
1058
1687
2226
2665
2994
3210
3313
3308
3203
3008
2740
2413
2046
1657
1265
887
539
235
-12
-197
-314
-362
-344
-264
-133
38
236
446
650
834
980
1076
1108
1067
948
746
463
103
-324
-808
-1333
-1880
-2430
-2961
-3451
-3877
-4220
-4460
-4581
-4571
-4420
-4124
-3685
-3107
-2402
-1585
-676
302
1322
2354
3367
4331
5214
5986
6622
7097
7392
7493
7392
7086
6579
5880
5005
3975
2816
1559
238
-1110
-2449
-3742
-4950
-6039
-6979
-7741
-8303
-8648
-8767
-8655
-8314
-7755
-6992
-6047
-4947
-3722
-2407
-1038
346
1709
3013
4223
5307
6238
6993
7555
7910
8055
7989
7719
7257
6620
5831
4915
3900
2818
1699
577
-519
-1560
-2520
-3376
-4108
-4703
-5151
-5446
-5588
-5582
-5436
-5162
-4776
-4296
-3741
-3133
-2493
-1841
-1198
-581
-6
512
966
1347
1652
1879
2031
2114
2133
2098
2020
1909
1778
1637
1496
1366
1253
1164
1101
1067
1060
1078
1117
1169
1226
1281
1324
1346
1339
1294
1205
1068
880
640
349
13
-363
-770
-1199
-1638
-2073
-2490
-2876
-3218
-3502
-3716
-3850
-3898
-3852
-3710
-3472
-3141
-2723
-2225
-1658
-1035
-372
315
1011
1697
2355
2968
3522
4000
4393
4688
4878
4960
4930
4791
4545
4198
3760
3242
2655
2014
1334
631
-79
-783
-1463
-2107
-2702
-3236
-3700
-4086
-4388
-4603
-4729
-4765
-4713
-4575
-4357
-4063
-3700
-3276
-2799
-2277
-1719
-1134
-530
81
693
1296
1881
2440
2964
3444
3874
4245
4550
4784
4939
5011
4997
4892
4695
4406
4027
3560
3011
2386
1695
948
159
-658
-1488
-2312
-3113
-3872
-4570
-5189
-5711
-6122
-6406
-6553
-6554
-6404
-6101
-5648
-5051
-4320
-3470
-2518
-1484
-394
726
1849
2947
3991
4952
5804
6522
7085
7476
7681
7693
7508
7128
6561
5820
4923
3893
2756
1542
284
-984
-2228
-3413
-4507
-5479
-6302
-6952
-7413
-7670
-7717
-7552
-7182
-6618
-5875
-4977
-3949
-2822
-1628
-404
816
1997
3105
4108
4978
5692
6230
6579
6731
6685
6444
6020
5428
4688
3825
2868
1848
796
-254
-1271
-2224
-3086
-3831
-4439
-4894
-5186
-5309
-5265
-5057
-4697
-4200
-3586
-2877
-2098
-1276
-439
386
1173
1898
2538
3076
3498
3793
3956
3985
3885
3663
3330
2902
2396
1831
1229
611
0
-588
-1131
-1615
-2025
-2352
-2588
-2730
-2779
-2738
-2614
-2416
-2155
-1846
-1501
-1137
-767
-406
-66
241
509
730
901
1022
1092
1118
1104
1059
991
910
827
750
689
650
639
659
711
793
902
1030
1170
1310
1439
1545
1614
1635
1597
1489
1306
1044
700
279
-213
-768
-1370
-2002
-2645
-3276
-3872
-4408
-4859
-5204
-5419
-5488
-5395
-5131
-4692
-4078
-3296
-2360
-1289
-107
1155
2464
3782
5068
6283
7384
8332
9091
9628
9917
9936
9672
9121
8287
7181
5825
4249
2490
593
-1392
-3412
-5408
-7322
-9096
-10674
-12006
-13045
-13753
-14100
-14067
-13644
-12834
-11650
-10116
-8268
-6151
-3820
-1335
1235
3822
6352
8754
10957
12896
14513
15759
16593
16987
16923
16399
15423
14019
12222
10078
7643
4983
2171
-715
-3598
-6396
-9032
-11431
-13527
-15261
-16584
-17459
-17862
-17782
-17221
-16197
-14738
-12886
-10695
-8225
-5549
-2740
122
2958
5690
8241
10543
12534
14163
15386
16176
16515
16401
15841
14859
13487
11772
9765
7530
5132
2642
133
-2324
-4662
-6816
-8729
-10352
-11645
-12580
-13137
-13312
-13107
-12541
-11639
-10436
-8976
-7310
-5493
-3582
-1638
280
2118
3823
5347
6651
7703
8480
8969
9164
9072
8706
8088
7248
6221
5048
3772
2439
1096
-213
-1446
-2564
-3535
-4331
-4931
-5323
-5501
-5468
-5233
-4811
-4226
-3504
-2677
-1779
-846
85
979
1803
2527
3126
3577
3867
3986
3933
3711
3329
2804
2157
1413
600
-251
-1108
-1939
-2713
-3400
-3975
-4416
-4705
-4830
-4785
-4570
-4189
-3653
-2980
-2189
-1306
-359
620
1603
2556
3448
4250
4937
5485
5875
6096
6137
5998
5681
5194
4552
3773
2880
1899
858
-211
-1278
-2313
-3284
-4165
-4930
-5558
-6032
-6340
-6474
-6431
-6215
-5833
-5297
-4625
-3837
-2956
-2008
-1020
-20
964
1906
2780
3565
4241
4791
5203
5470
5588
5558
5384
5076
4644
4106
3478
2780
2034
1262
484
-276
-1002
-1673
-2274
-2792
-3216
-3539
-3756
-3867
-3874
-3781
-3596
-3330
-2992
-2596
-2157
-1689
-1205
-721
-250
196
608
975
1291
1550
1750
1889
1968
1989
1957
1877
1755
1598
1415
1212
998
781
566
360
169
-2
-153
-280
-382
-458
-510
-540
-549
-539
-515
-480
-436
-386
-334
-282
-232
-185
-144
-108
-78
-54
-36
-23
-13
-7
-3
-1
0
0
0
-1
-3
-7
-13
-23
-36
-54
-78
-108
-144
-185
-232
-282
-334
-386
-436
-480
-515
-539
-549
-540
-510
-458
-382
-280
-153
-2
169
360
566
781
998
1212
1415
1598
1755
1877
1957
1989
1968
1889
1750
1550
1291
975
608
196
-250
-721
-1205
-1689
-2157
-2596
-2992
-3330
-3596
-3781
-3874
-3867
-3756
-3539
-3216
-2792
-2274
-1673
-1002
-276
484
1262
2034
2780
3478
4106
4644
5076
5384
5558
5588
5470
5203
4791
4241
3565
2780
1906
964
-20
-1020
-2008
-2956
-3837
-4625
-5297
-5833
-6215
-6431
-6474
-6340
-6032
-5558
-4930
-4165
-3284
-2313
-1278
-211
858
1899
2880
3773
4552
5194
5681
5998
6137
6096
5875
5485
4937
4250
3448
2556
1603
620
-359
-1306
-2189
-2980
-3653
-4189
-4570
-4785
-4830
-4705
-4416
-3975
-3400
-2713
-1939
-1108
-251
600
1413
2157
2804
3329
3711
3933
3986
3867
3577
3126
2527
1803
979
85
-846
-1779
-2677
-3504
-4226
-4811
-5233
-5468
-5501
-5323
-4931
-4331
-3535
-2564
-1446
-213
1096
2439
3772
5048
6221
7248
8088
8706
9072
9164
8969
8480
7703
6651
5347
3823
2118
280
-1638
-3582
-5493
-7310
-8976
-10436
-11639
-12541
-13107
-13312
-13137
-12580
-11645
-10352
-8729
-6816
-4662
-2324
133
2642
5132
7530
9765
11772
13487
14859
15841
16401
16515
16176
15386
14163
12534
10543
8241
5690
2958
122
-2740
-5549
-8225
-10695
-12886
-14738
-16197
-17221
-17782
-17862
-17459
-16584
-15261
-13527
-11431
-9032
-6396
-3598
-715
2171
4983
7643
10078
12222
14019
15423
16399
16923
16987
16593
15759
14513
12896
10957
8754
6352
3822
1235
-1335
-3820
-6151
-8268
-10116
-11650
-12834
-13644
-14067
-14100
-13753
-13045
-12006
-10674
-9096
-7322
-5408
-3412
-1392
593
2490
4249
5825
7181
8287
9121
9672
9936
9917
9628
9091
8332
7384
6283
5068
3782
2464
1155
-107
-1289
-2360
-3296
-4078
-4692
-5131
-5395
-5488
-5419
-5204
-4859
-4408
-3872
-3276
-2645
-2002
-1370
-768
-213
279
700
1044
1306
1489
1597
1635
1614
1545
1439
1310
1170
1030
902
793
711
659
639
650
689
750
827
910
991
1059
1104
1118
1092
1022
901
730
509
241
-66
-406
-767
-1137
-1501
-1846
-2155
-2416
-2614
-2738
-2779
-2730
-2588
-2352
-2025
-1615
-1131
-588
0
611
1229
1831
2396
2902
3330
3663
3885
3985
3956
3793
3498
3076
2538
1898
1173
386
-439
-1276
-2098
-2877
-3586
-4200
-4697
-5057
-5265
-5309
-5186
-4894
-4439
-3831
-3086
-2224
-1271
-254
796
1848
2868
3825
4688
5428
6020
6444
6685
6731
6579
6230
5692
4978
4108
3105
1997
816
-404
-1628
-2822
-3949
-4977
-5875
-6618
-7182
-7552
-7717
-7670
-7413
-6952
-6302
-5479
-4507
-3413
-2228
-984
284
1542
2756
3893
4923
5820
6561
7128
7508
7693
7681
7476
7085
6522
5804
4952
3991
2947
1849
726
-394
-1484
-2518
-3470
-4320
-5051
-5648
-6101
-6404
-6554
-6553
-6406
-6122
-5711
-5189
-4570
-3872
-3113
-2312
-1488
-658
159
948
1695
2386
3011
3560
4027
4406
4695
4892
4997
5011
4939
4784
4550
4245
3874
3444
2964
2440
1881
1296
693
81
-530
-1134
-1719
-2277
-2799
-3276
-3700
-4063
-4357
-4575
-4713
-4765
-4729
-4603
-4388
-4086
-3700
-3236
-2702
-2107
-1463
-783
-79
631
1334
2014
2655
3242
3760
4198
4545
4791
4930
4960
4878
4688
4393
4000
3522
2968
2355
1697
1011
315
-372
-1035
-1658
-2225
-2723
-3141
-3472
-3710
-3852
-3898
-3850
-3716
-3502
-3218
-2876
-2490
-2073
-1638
-1199
-770
-363
13
349
640
880
1068
1205
1294
1339
1346
1324
1281
1226
1169
1117
1078
1060
1067
1101
1164
1253
1366
1496
1637
1778
1909
2020
2098
2133
2114
2031
1879
1652
1347
966
512
-6
-581
-1198
-1841
-2493
-3133
-3741
-4296
-4776
-5162
-5436
-5582
-5588
-5446
-5151
-4703
-4108
-3376
-2520
-1560
-519
577
1699
2818
3900
4915
5831
6620
7257
7719
7989
8055
7910
7555
6993
6238
5307
4223
3013
1709
346
-1038
-2407
-3722
-4947
-6047
-6992
-7755
-8314
-8655
-8767
-8648
-8303
-7741
-6979
-6039
-4950
-3742
-2449
-1110
238
1559
2816
3975
5005
5880
6579
7086
7392
7493
7392
7097
6622
5986
5214
4331
3367
2354
1322
302
-676
-1585
-2402
-3107
-3685
-4124
-4420
-4571
-4581
-4460
-4220
-3877
-3451
-2961
-2430
-1880
-1333
-808
-324
103
463
746
948
1067
1108
1076
980
834
650
446
236
38
-133
-264
-344
-362
-314
-197
-12
235
539
887
1265
1657
2046
2413
2740
3008
3203
3308
3313
3210
2994
2665
2226
1687
1058
357
-398
-1186
-1982
-2762
-3501
-4172
-4753
-5223
-5564
-5760
-5801
-5682
-5402
-4965
-4381
-3663
-2830
-1904
-911
121
1164
2188
3162
4058
4851
5517
6037
6395
6582
6593
6427
6090
5593
4952
4185
3315
2369
1374
359
-646
-1614
-2520
-3337
-4046
-4629
-5072
-5369
-5514
-5510
-5360
-5076
-4671
-4161
-3566
-2908
-2207
-1488
-773
-81
566
1154
1668
2099
2438
2683
2835
2896
2874
2778
2619
2410
2167
1902
1631
1365
1118
899
715
571
470
411
391
405
444
500
561
617
656
666
639
565
439
257
17
-277
-623
-1011
-1431
-1870
-2313
-2743
-3144
-3497
-3785
-3992
-4105
-4111
-4001
-3771
-3419
-2947
-2363
-1677
-904
-62
826
1738
2647
3528
4352
5095
5731
6238
6597
6793
6815
6657
6318
5803
5122
4288
3322
2248
1091
-116
-1343
-2558
-3725
-4815
-5795
-6639
-7322
-7825
-8133
-8236
-8131
-7818
-7305
-6606
-5737
-4722
-3587
-2360
-1075
235
1539
2801
3991
5078
6035
6841
7475
7923
8178
8234
8093
7760
7248
6570
5746
4798
3750
2631
1466
285
-884
-2016
-3085
-4067
-4943
-5696
-6311
-6778
-7091
-7246
-7245
-7090
-6790
-6353
-5793
-5124
-4361
-3522
-2626
-1691
-735
221
1161
2069
2926
3719
4435
5060
5586
6004
6307
6491
