0
4278
8485
12550
16402
19973
23203
26035
28419
30314
31684
32507
32766
32456
31581
30156
28203
25758
22860
19561
15917
11991
7852
3573
-771
-5106
-9352
-13436
-17284
-20829
-24006
-26759
-29038
-30801
-32015
-32660
-32720
-32196
-31094
-29434
-27244
-24563
-21439
-17925
-14087
-9991
-5712
-1327
3083
7441
11667
15683
19415
22796
25762
28259
30239
31667
32514
32764
32412
31462
29931
27847
25247
22178
18696
14865
10755
6443
2009
-2465
-6896
-11201
-15299
-19113
-22570
-25606
-28162
-30190
-31650
-32514
-32764
-32394
-31411
-29832
-27686
-25012
-21861
-18292
-14372
-10175
-5781
-1274
3259
7733
12062
16161
19951
23359
26318
28771
30668
31973
32659
32711
32127
30919
29107
26727
23823
20452
16679
12577
8226
3711
-879
-5455
-9926
-14204
-18204
-21846
-25058
-27775
-29942
-31516
-32464
-32766
-32415
-31417
-29790
-27567
-24790
-21514
-17805
-13736
-9388
-4849
-209
4437
8997
13377
17489
21248
24578
27411
29687
31359
32393
32765
32468
31507
29899
27676
24884
21579
17828
13707
9301
4700
0
-4703
-9311
-13729
-17864
-21629
-24947
-27746
-29968
-31566
-32503
-32761
-32332
-31225
-29460
-27076
-24119
-20653
-16748
-12488
-7961
-3263
1506
6246
10856
15238
19298
22949
26112
28719
30713
32051
32702
32651
31900
30461
28366
25658
22395
18646
14492
10022
5332
524
-4298
-9029
-13567
-17811
-21669
-25055
-27896
-30127
-31699
-32577
-32739
-32182
-30916
-28967
-26379
-23206
-19519
-15397
-10932
-6222
-1372
3511
8320
12945
17284
21240
24723
27655
29968
31611
32545
32748
32214
30954
28995
26381
23169
19431
15252
10724
5950
1038
-3899
-8751
-13405
-17757
-21705
-25159
-28038
-30277
-31822
-32637
-32702
-32014
-30588
-28456
-25665
-22280
-18377
-14047
-9388
-4509
477
5455
10308
14924
19194
23018
26305
28979
30974
32243
32756
32498
31476
29711
27244
24133
20449
16280
11722
6884
1880
-3170
-8148
-12935
-17416
-21484
-25041
-28000
-30291
-31856
-32659
-32677
-31909
-30373
-28105
-25157
-21600
-17520
-13013
-8189
-3163
1941
7001
11893
16499
20705
24407
27516
29953
31659
32589
32721
32049
30590
28377
25463
21921
17836
13307
8448
3377
-1780
-6896
-11843
-16499
-20746
-24479
-27603
-30040
-31727
-32621
-32699
-31957
-30413
-28105
-25088
-21439
-17247
-12618
-7668
-2522
2689
7836
12787
17416
21605
25247
28248
30530
32035
32723
32574
31592
29801
27244
23987
20112
15718
10917
5832
595
-4660
-9798
-14685
-19194
-23208
-26622
-29345
-31307
-32455
-32757
-32206
-30813
-28614
-25665
-22043
-17841
-13169
-8148
-2911
2405
7661
12717
17440
21705
25397
28419
30689
32146
32750
32483
31352
29385
26633
23169
19084
14487
9500
4255
-1105
-6439
-11603
-16457
-20870
-24723
-27911
-30346
-31961
-32712
-32578
-31559
-29684
-27001
-23582
-19519
-14922
-9916
-4636
771
6162
11386
16301
20770
24671
27896
30354
31977
32719
32558
31498
29565
26813
23317
19172
14492
9407
4058
-1405
-6833
-12073
-16978
-21411
-25247
-28377
-30713
-32188
-32760
-32410
-31148
-29007
-26047
-22351
-18021
-13179
-7961
-2516
3003
8440
13640
18454
22745
26389
29282
31340
32503
32737
32033
30409
27913
24613
20604
16000
10932
5547
0
-5550
-10942
-16021
-20637
-24657
-27963
-30458
-32068
-32745
-32468
-31244
-29107
-26118
-22364
-17952
-13013
-7689
-2137
3479
8997
14252
19090
23367
26955
29748
31662
32640
32650
31691
29790
27003
23411
19119
14256
8965
3403
-2262
-7862
-13230
-18204
-22633
-26385
-29345
-31423
-32556
-32707
-31871
-30072
-27362
-23823
-19561
-14703
-9397
-3803
1908
7565
12994
18030
22517
26318
29316
31419
32559
32702
31841
30001
27238
23635
19302
14372
8996
3339
-2422
-8112
-13553
-18577
-23026
-26761
-29667
-31650
-32648
-32629
-31591
-29565
-26615
-22829
-18327
-13249
-7752
-2009
3799
9491
14886
19815
24120
27666
30338
32052
32751
32412
31044
28690
25423
21345
16586
11295
5642
-193
-6025
-11667
-16938
-21669
-25706
-28920
-31206
-32489
-32726
-31909
-30063
-27244
-23544
-19081
-13998
-8460
-2644
3259
9060
14569
19606
24006
27626
30346
32075
32756
32366
30916
28451
25051
20827
15917
10480
4696
-1244
-7147
-12817
-18065
-22719
-26622
-29644
-31684
-32674
-32578
-31398
-29173
-25975
-21909
-17110
-11737
-5969
0
5972
11747
17130
21941
26016
29217
31436
32596
32657
31615
29504
26395
22390
17625
12260
6476
470
-5554
-11392
-16845
-21726
-25867
-29127
-31393
-32585
-32662
-31619
-29491
-26349
-22301
-17483
-12062
-6222
-166
5898
11762
17222
22088
26191
29387
31566
32648
32597
31411
29131
25835
21636
16679
11138
5205
-912
-7001
-12847
-18244
-23003
-26955
-29960
-31912
-32739
-32412
-30940
-28374
-24803
-20353
-15179
-9465
-3413
2763
8843
14612
19863
24407
28083
30758
32334
32755
32003
30103
27124
23169
18381
12929
7010
836
-5370
-11386
-16993
-21989
-26191
-29446
-31636
-32680
-32538
-31214
-28754
-25247
-20819
-15630
-9868
-3744
2518
8692
14551
19879
24480
28184
30855
32393
32739
31880
29845
26709
22585
17625
12011
5950
-333
-6607
-12639
-18204
-23094
-27128
-30152
-32055
-32763
-32248
-30528
-27666
-23767
-18976
-13473
-7461
-1167
5173
11322
17047
22132
26385
29644
31785
32724
32427
30901
28203
24435
19738
14288
8294
1981
-4409
-10635
-16457
-21654
-26025
-29402
-31656
-32697
-32485
-31027
-28377
-24634
-19943
-14481
-8460
-2109
4324
10594
16457
21686
26077
29459
31699
32710
32451
30929
28203
24378
19601
14056
7961
1552
-4919
-11201
-17047
-22227
-26537
-29806
-31906
-32751
-32307
-30590
-27666
-23648
-18696
-13002
-6791
-309
6187
12441
18204
23246
27366
30398
32222
32762
31995
29951
26709
22398
17189
11289
4935
-1619
-8112
-14281
-19879
-24678
-28486
-31147
-32552
-32643
-31416
-28917
-25247
-20553
-15023
-8882
-2378
4225
10659
16662
21989
26421
29777
31918
32756
32254
30432
27362
23169
18024
12137
5748
-879
-7473
-13762
-19485
-24407
-28323
-31070
-32533
-32650
-31414
-28875
-25136
-20353
-14721
-8475
-1874
4807
11292
17307
22602
26955
30182
32146
32765
32010
29911
26556
22083
16679
10571
4016
-2711
-9326
-15551
-21121
-25799
-29387
-31732
-32732
-32344
-30582
-27520
-23286
-18060
-12062
-5547
1206
7911
14280
20041
24947
28786
31393
32653
32513
30975
28105
24024
18906
12972
6476
-301
-7069
-13534
-19415
-24458
-28443
-31196
-32596
-32580
-31148
-28360
-24336
-19250
-13322
-6811
0
6813
13332
19269
24364
28393
31178
32594
32578
31129
28309
24241
19103
13120
6555
-301
-7147
-13680
-19609
-24671
-28641
-31340
-32648
-32505
-30916
-27948
-23735
-18460
-12360
-5706
1206
8067
14569
20421
25359
29162
31656
32728
32328
30473
27244
22786
17298
11027
4255
-2711
-9557
-15974
-21669
-26383
-29901
-32062
-32766
-31979
-29736
-26137
-21345
-15577
-9095
-2195
4807
11593
17850
23291
27666
30771
32464
32665
31362
28614
24546
19345
13249
6538
-477
-7473
-14125
-20126
-25196
-29098
-31650
-32732
-32292
-30349
-26991
-22374
-16712
-10266
-3339
3746
10659
17076
22694
27251
30530
32377
32702
31489
28793
24740
19519
13375
6597
-494
-7565
-14281
-20323
-25404
-29282
-31772
-32753
-32178
-30072
-26533
-21729
-15887
-9285
-2238
4919
11843
18204
23695
28052
31066
32589
32548
30942
27847
23411
17845
11416
4435
-2763
-9830
-16425
-22227
-26955
-30378
-32330
-32713
-31507
-28769
-24631
-19293
-13013
-6096
1120
8285
15047
21076
26077
29802
32068
32763
31850
29372
25451
20276
14101
7230
0
-7232
-14111
-20295
-25478
-29402
-31872
-32764
-32033
-29711
-25913
-20827
-14703
-7845
-595
6688
13640
19914
25196
29220
31785
32759
32093
29819
26047
20967
14832
7950
664
-6656
-13645
-19948
-25247
-29273
-31822
-32763
-32046
-29706
-25861
-20703
-14492
-7543
-209
7138
14125
20396
25629
29557
31977
32766
31880
29363
25342
20022
13674
6622
-771
-8129
-15071
-21240
-26318
-30042
-32219
-32734
-31559
-28754
-24461
-18901
-12360
-5177
2276
9615
16457
22447
27271
30678
32489
32608
31026
27825
23169
17302
10527
3199
-4298
-11573
-18244
-23960
-28419
-31387
-32705
-32302
-30198
-26501
-21406
-15179
-8148
-684
6817
13962
20369
25700
29668
32064
32757
31710
28975
24698
19103
12488
5205
-2358
-9798
-16717
-22745
-27557
-30894
-32577
-32513
-30703
-27244
-22319
-16192
-9191
-1693
5898
13175
19743
25247
29388
31941
32765
31816
29141
24884
19276
12618
5272
-2362
-9871
-16845
-22903
-27714
-31014
-32621
-32445
-30495
-26875
-21781
-15492
-8351
-749
6896
14165
20658
26016
29942
32220
32721
31417
28377
23767
17841
10926
3403
-4310
-11787
-18613
-24407
-28847
-31684
-32759
-32010
-29476
-25298
-19707
-13013
-5590
2148
9769
16845
22980
27828
31116
32659
32366
30254
26438
21133
14635
7310
-430
-8148
-15409
-21801
-26962
-30598
-32502
-32563
-30778
-27244
-22162
-15818
-8572
-836
6950
14343
20920
26305
30190
32350
32661
31103
27762
22829
16586
9388
1649
-6187
-13670
-20369
-25898
-29936
-32249
-32702
-31267
-28024
-23161
-16955
-9766
-2009
5867
13405
20168
25762
29860
32222
32709
31291
28049
23169
16936
9711
1916
-5992
-13553
-20323
-25904
-29968
-32275
-32687
-31179
-27837
-22855
-16527
-9222
-1372
6562
14111
20829
26318
30252
32397
32623
30916
27374
22206
15718
8294
373
-7571
-15067
-21669
-26980
-30683
-32556
-32483
-30469
-26631
-21197
-14492
-6916
1077
9009
16402
22811
27851
31216
32702
32218
29790
25564
19793
12824
5078
-2978
-10856
-18080
-24210
-28873
-31785
-32766
-31757
-28816
-24119
-17952
-10689
-2772
5316
13083
20053
25799
29968
32304
32662
31017
27469
22233
15630
8064
0
-8067
-15639
-22251
-27492
-31038
-32669
-32282
-29899
-25665
-19840
-12785
-4935
3223
11185
18454
24578
29176
31960
32754
31507
28295
23317
16881
9388
1306
-6859
-14599
-21426
-26913
-30713
-32587
-32415
-30206
-26096
-20343
-13307
-5431
2789
10837
18204
24423
29100
31937
32755
31498
28244
23199
16679
9099
938
-7285
-15047
-21854
-27271
-30951
-32659
-32282
-29844
-25497
-19519
-12290
-4271
4023
12062
19330
25359
29762
32252
32670
30984
27303
21861
15008
7184
-1105
-9326
-16947
-23474
-28484
-31650
-32766
-31757
-28687
-23753
-17274
-9670
-1435
6896
14781
21705
27215
30951
32666
32248
29720
25247
19119
11737
3583
-4807
-12886
-20121
-26035
-30239
-32455
-32534
-30469
-26395
-20578
-13400
-5336
3083
11302
18775
25007
29584
32200
32681
30992
27244
21684
14679
6695
-1736
-10055
-17706
-24178
-29038
-31959
-32744
-31340
-27837
-22468
-15592
-7668
771
9163
16942
23583
28641
31772
32764
31548
28203
22955
16155
8261
-193
-8637
-16499
-23246
-28419
-31667
-32766
-31641
-28366
-23161
-16378
-8479
0
8482
16388
23178
28387
31659
32766
31633
28334
23092
16267
8323
-193
-8699
-16610
-23382
-28547
-31748
-32764
-31521
-28105
-22748
-15818
-7793
771
9287
17161
23850
28887
31923
32744
31292
27666
22114
15023
6884
-1736
-10238
-18030
-24565
-29387
-32158
-32681
-30919
-26991
-21173
-13868
-5590
3083
11543
19194
25499
30012
32414
32534
30361
26047
19895
12336
3903
-4807
-13181
-20625
-26610
-30711
-32637
-32248
-29569
-24790
-18247
-10405
-1820
6896
15124
22277
27843
31423
32760
31757
28483
23169
16196
8060
-655
-9326
-17331
-24094
-29127
-32068
-32703
-30984
-27033
-21133
-13707
-5289
3511
12062
19743
25999
30374
32552
32371
29844
25150
18630
10754
2094
-6719
-15047
-22282
-27896
-31478
-32765
-31661
-28244
-22763
-15616
-7324
1506
10228
18204
24847
29668
32313
32585
30461
26096
19809
12062
3423
-5469
-13962
-21426
-27310
-31178
-32740
-31881
-28661
-23317
-16242
-7961
912
9721
17811
24578
29519
32265
32608
30520
26157
19840
12041
3339
-5613
-14150
-21629
-27492
-31296
-32755
-31758
-28377
-22863
-15630
-7219
1736
10564
18599
25234
29968
32443
32468
30041
25342
18725
10689
1842
-7147
-15598
-22868
-28404
-31785
-32751
-31227
-27327
-21345
-13736
-5078
3969
12717
20496
26712
30887
32702
32014
28875
23522
16364
7950
-1077
-10024
-18204
-24986
-29848
-32414
-32483
-30050
-25298
-18593
-10451
-1499
7571
16058
23305
28750
31969
32711
30916
26720
20449
12587
3744
-5391
-14111
-21734
-27666
-31442
-32766
-31533
-27837
-21964
-14372
-5653
3510
12401
20323
26654
30894
32710
31957
28692
23169
15822
7226
-1941
-10958
-19113
-25762
-30378
-32596
-32237
-29328
-24096
-16955
-8469
691
9799
18132
25028
29936
32465
32412
29778
24772
17791
9388
234
-8940
-17404
-24479
-29598
-32350
-32513
-30072
-25219
-18342
-9991
-836
8388
16942
24135
29387
32275
32563
30226
25451
18620
10283
1113
-8148
-16754
-24006
-29316
-32252
-32574
-30254
-25477
-18630
-10266
-1066
8222
16845
24098
29390
32286
32549
30156
25298
18372
9941
695
-8610
-17213
-24407
-29603
-32371
-32482
-29925
-24908
-17841
-9305
0
9307
17850
24924
29942
32491
32356
29546
24293
17028
8351
-1019
-10308
-18745
-25629
-30386
-32621
-32145
-28995
-23432
-15917
-7073
2362
11603
19879
26497
30903
32728
31816
28241
22301
14491
5464
-4023
-13175
-21224
-27492
-31451
-32766
-31324
-27244
-20868
-12732
-3519
5992
15001
22745
28568
31977
32682
30619
25962
19103
10622
1238
-8253
-17047
-24394
-29668
-32420
-32412
-29643
-24347
-16973
-8148
1373
10781
19269
26112
30723
32705
31886
28334
22351
14449
5304
-4298
-13534
-21608
-27826
-31650
-32749
-31026
-26627
-19930
-11510
-2094
7504
16457
23989
29446
32355
32460
29752
24461
17046
8148
-1459
-10942
-19477
-26318
-30870
-32732
-31742
-27983
-21780
-13674
-4371
5316
14541
22496
28484
31977
32669
30495
25645
18541
9807
209
-9410
-18204
-25397
-30356
-32640
-32046
-28625
-22675
-14721
-5464
4278
13645
21806
28038
31787
32719
30748
26047
19032
10324
695
-8997
-17892
-25196
-30256
-32621
-32077
-28669
-22701
-14703
-5389
4409
13816
21989
28193
31872
32694
30582
25725
18555
9715
0
-9718
-18563
-25739
-30598
-32699
-31850
-28126
-21861
-13619
-4144
5708
15047
23026
28920
32194
32549
29951
24631
17073
7961
-1876
-11547
-20168
-26955
-31287
-32766
-31257
-26894
-20073
-11416
-1713
8148
17267
24807
30076
32589
32113
28690
22632
14492
5018
-4919
-14407
-22570
-28657
-32104
-32591
-30072
-24775
-17189
-8012
1907
11653
20323
27113
31393
32763
31094
26539
19519
10683
852
-9060
-18132
-25519
-30530
-32697
-31816
-27965
-21503
-13031
-3339
6667
16052
23938
29584
32459
32292
29097
23169
15065
5543
-4501
-14125
-22423
-28612
-32108
-32578
-29977
-24546
-16798
-7461
2582
12385
21019
27666
31694
32721
30647
25665
18247
9095
-923
-10856
-19760
-26786
-31264
-32766
-31146
-26556
-19431
-10451
-470
9557
18675
26008
30855
32749
31507
27244
20368
11537
1595
-8501
-17784
-25359
-30497
-32702
-31758
-27754
-21074
-12360
-2451
7696
17103
24860
30215
32648
31922
28105
21563
12929
3039
-7147
-16643
-24525
-30025
-32607
-32016
-28309
-21844
-13249
-3359
6859
16412
24364
29939
32588
32050
28377
21924
13322
3413
-6833
-16412
-24382
-29960
-32596
-32028
-28309
-21804
-13150
-3199
7069
16643
24578
30089
32630
31946
28105
21482
12732
2719
-7565
-17103
-24947
-30318
-32680
-31797
-27754
-20951
-12062
-1970
8320
17784
25478
30633
32732
31565
27244
20200
11134
952
-9326
-18675
-26154
-31014
-32765
-31228
-26556
-19215
-9941
333
10578
19760
26955
31436
32749
30759
25665
17979
8475
-1887
-12062
-21019
-27851
-31864
-32650
-30126
-24546
-16475
-6728
3703
13762
22423
28806
32258
32427
29291
23169
14683
4696
-5772
-15653
-23938
-29777
-32571
-32033
-28214
-21503
-12587
-2378
8077
17706
25519
30711
32748
31416
26850
19519
10175
-219
-10594
-19879
-27113
-31549
-32726
-30520
-25157
-17189
-7439
3083
13289
22119
28657
32222
32441
29289
23092
14492
4381
-6187
-16114
-24364
-30076
-32652
-31820
-27666
-20619
-11416
-1017
9491
19008
26537
31287
32757
30792
25595
17709
7961
-2625
-12939
-21894
-28547
-32194
-32451
-29286
-23032
-14346
-4144
6498
16457
24678
30291
32699
31644
27238
19943
10531
0
-10533
-19951
-27251
-31656
-32694
-30254
-24592
-16309
-6286
4409
14637
23305
29487
32519
32077
28203
21312
12137
1660
-8997
-18692
-26385
-31248
-32757
-30748
-25434
-17383
-7461
3266
13645
22556
29038
32390
32248
28625
21909
12824
2351
-8378
-18204
-26061
-31098
-32765
-30880
-25645
-17625
-7689
3083
13524
22496
29023
32393
32235
28565
21780
12618
2077
-8692
-18516
-26318
-31245
-32755
-30681
-25247
-17046
-6975
3863
14280
23132
29446
32527
32033
28015
20915
11510
836
-9932
-19609
-27125
-31650
-32682
-30103
-24198
-15616
-5304
5596
15880
24407
30232
32705
31550
26894
19250
9465
-1373
-12062
-21411
-28379
-32188
-32412
-29022
-22395
-13267
-2656
8253
18244
26197
31222
32754
30619
25054
16679
6433
-4537
-15001
-23783
-29895
-32648
-31731
-27244
-19690
-9916
976
11762
21224
28293
32170
32415
28997
22301
13080
2378
-8595
-18599
-26497
-31393
-32729
-30352
-24528
-15917
-5494
5554
15974
24578
30386
32734
31352
26395
18425
8351
-2679
-13405
-22602
-29217
-32491
-32046
-27932
-20616
-10936
0
10939
20625
27944
32055
32482
29173
22507
13249
2462
-8610
-18692
-26622
-31481
-32707
-30156
-24119
-15293
-4696
6446
16845
25296
30817
32766
30916
25477
17079
6695
-4468
-15115
-24006
-30106
-32702
-31489
-26606
-18620
-8460
2689
13528
22788
29387
32552
31909
27532
19930
9991
-1120
-12103
-21669
-28693
-32350
-32208
-28280
-21025
-11295
-234
10856
20671
28052
32127
32412
28871
21921
12379
1372
-9799
-19815
-27487
-31906
-32545
-29328
-22632
-13249
-2291
8940
19113
27016
31708
32629
29666
23169
13911
2992
-8285
-18577
-26654
-31549
-32677
-29899
-23544
-14372
-3477
7836
18214
26411
31442
32702
30037
23764
14635
3744
-7598
-18030
-26293
-31393
-32711
-30086
-23833
-14703
-3796
7571
18026
26305
31405
32707
30050
23753
14577
3632
-7754
-18204
-26446
-31479
-32688
-29925
-23522
-14256
-3253
8148
18560
26712
31608
32650
29706
23135
13736
2656
-8751
-19090
-27095
-31785
-32581
-29385
-22585
-13013
-1842
9557
19786
27585
31994
32468
28947
21861
12081
809
-10564
-20637
-28166
-32219
-32293
-28377
-20951
-10932
440
11762
21629
28819
32437
32033
27653
19840
9561
-1907
-13142
-22745
-29519
-32621
-31661
-26755
-18514
-7961
3586
14689
23960
30239
32740
31148
25658
16955
6128
-5469
-16384
-25247
-30944
-32759
-30461
-24336
-15151
-4058
7546
18204
26572
31595
32638
29565
22763
13087
1756
-9798
-20118
-27896
-32148
-32332
-28424
-20915
-10754
771
12203
22088
29171
32552
31797
27001
18769
8148
-3511
-14727
-24069
-30346
-32754
-30984
-25260
-16309
-5272
6439
17331
26008
31359
32696
29845
23169
13521
2137
-9523
-19964
-27843
-32146
-32318
-28334
-20703
-10405
1234
12717
22564
29503
32637
31559
26407
17841
6968
-4807
-15965
-25058
-30909
-32757
-30361
-24028
-14577
-3233
8533
19194
27364
31977
32433
28669
21173
10917
-762
-12345
-22321
-29387
-32619
-31592
-26438
-17828
-6884
4961
16161
25247
31028
32744
30168
23635
13998
2522
-9287
-19879
-27860
-32179
-32265
-28105
-20242
-9711
2101
13640
23382
30040
32733
31103
25362
16267
5018
-6896
-17901
-26537
-31659
-32585
-29190
-21921
-11741
0
11743
21929
29201
32589
31641
26480
17791
6728
-5233
-16499
-25566
-31222
-32709
-29826
-22955
-13013
-1327
10537
20994
28641
32450
31909
27088
18630
7668
-4324
-15739
-25041
-30976
-32744
-30105
-23411
-13561
-1880
10055
20637
28436
32397
31982
27244
18822
7852
-4182
-15653
-25007
-30974
-32743
-30072
-23319
-13400
-1660
10308
20879
28612
32455
31881
26966
18377
7282
-4807
-16245
-25468
-31216
-32702
-29720
-22675
-12528
-664
11292
21705
29147
32596
31576
26225
17274
5950
-6193
-17489
-26383
-31650
-32564
-28995
-21433
-10917
1105
12978
23064
29968
32737
30984
24950
15465
3839
-8320
-19330
-27666
-32170
-32217
-27796
-19519
-8531
3643
15314
24860
30951
32739
29972
23032
12884
938
-11141
-21669
-29176
-32613
-31498
-25982
-16835
-5332
6918
18204
26944
31912
32410
28366
20343
9465
-2743
-14569
-24351
-30713
-32759
-30198
-23387
-13283
-1306
10856
21492
29100
32604
31507
25962
16748
5166
-7147
-18454
-27152
-32008
-32332
-28076
-19840
-8789
3510
15314
24947
31038
32720
29752
22551
12140
0
-12143
-22559
-29762
-32723
-31017
-24884
-15198
-3339
8998
20053
28242
32393
31908
26854
17952
6476
-5930
-17489
-26541
-31785
-32465
-28481
-20402
-9388
2978
14918
24714
30951
32730
29790
22554
12062
-172
-12385
-22811
-29942
-32746
-30813
-24421
-14492
-2462
9926
20879
28806
32556
31581
26021
16679
4912
-7571
-18956
-27585
-32200
-32127
-27374
-18630
-7167
5342
17076
26318
31719
32485
28504
20353
9222
-3259
-15267
-25041
-31147
-32687
-29434
-21861
-11077
1334
13553
23783
30517
32764
30189
23169
12736
423
-11953
-22570
-29860
-32743
-30792
-24293
-14202
-2009
10483
21426
29201
32652
31267
25247
15482
3419
-9153
-20369
-28563
-32514
-31633
-26047
-16586
-4654
7973
19415
27967
32350
31910
26709
17520
5712
-6950
-18577
-27428
-32179
-32116
-27244
-18292
-6597
6088
17864
26962
32015
32263
27666
18910
7310
-5391
-17284
-26579
-31872
-32366
-27983
-19380
-7852
4862
16845
26287
31760
32433
28203
19707
8226
-4501
-16550
-26094
-31684
-32472
-28334
-19895
-8434
4310
16402
26003
31651
32486
28377
19946
8475
-4288
-16402
-26016
-31662
-32478
-28334
-19861
-8351
4437
16550
26133
31717
32445
28203
19638
8060
-4756
-16845
-26351
-31812
-32386
-27983
-19276
-7602
5243
17284
26666
31941
32293
27666
18769
6975
-5898
-17864
-27071
-32095
-32157
-27244
-18113
-6176
6719
18577
27557
32265
31968
26709
17302
5205
-7702
-19415
-28111
-32434
-31710
-26047
-16326
-4058
8843
20369
28719
32588
31368
25247
15179
2736
-10137
-21426
-29364
-32705
-30922
-24293
-13853
-1238
11573
22570
30025
32764
30353
23169
12339
-434
-13142
-23783
-30678
-32739
-29638
-21861
-10632
2276
14829
25041
31296
32604
28754
20353
8727
-4282
-16616
-26318
-31849
-32328
-27676
-18630
-6622
6439
18480
27585
32302
31880
26381
16679
4318
-8734
-20396
-28806
-32620
-31227
-24845
-14492
-1820
11144
22329
29942
32763
30335
23047
12062
-859
-13645
-24243
-30951
-32688
-29173
-20967
-9388
3703
16202
26094
31785
32354
27709
18593
6476
-6688
-18775
-27832
-32393
-31718
-25913
-15915
-3339
9779
21317
29402
32723
30737
23764
12933
0
-12935
-23772
-30745
-32720
-29372
-21243
-9654
3510
16105
26077
31798
32332
27590
18342
6096
-7147
-19226
-28162
-32493
-31507
-25362
-15061
-2291
10856
22227
29953
32765
30198
22670
11416
-1716
-14569
-25028
-31370
-32548
-28366
-19509
-7435
5867
18204
27539
32330
31782
25982
15887
3163
-10086
-21669
-29667
-32753
-30413
-23032
-11831
1334
14281
24860
31312
32563
28403
19519
7387
-5976
-18347
-27666
-32377
-31693
-25725
-15465
-2622
10659
22164
29968
32766
30086
22374
10917
-2369
-15261
-25599
-31650
-32396
-27709
-18372
-5950
7473
19643
28516
32596
31195
24546
13765
664
-12550
-23653
-30771
-32702
-29116
-20616
-8634
4807
17440
27128
32230
31881
26137
15968
3092
-10308
-21966
-29901
-32766
-30072
-22272
-10689
2711
15653
25937
31812
32275
27244
17574
4908
-8595
-20637
-29162
-32712
-30681
-23411
-12140
1206
14349
25041
31451
32480
27948
18630
6117
-7445
-19735
-28641
-32634
-31026
-24089
-13013
301
13567
24501
31222
32570
28309
19172
6728
-6876
-19298
-28393
-32589
-31159
-24347
-13326
0
13328
24354
31166
32585
28360
19220
6748
-6896
-19347
-28443
-32604
-31103
-24198
-13087
301
13640
24608
31294
32533
28105
18778
6176
-7504
-19879
-28786
-32669
-30847
-23635
-12290
1206
14493
25247
31583
32389
27520
17828
5008
-8692
-20870
-29387
-32745
-30352
-22624
-10917
2711
15865
26229
31977
32094
26556
16335
3233
-10442
-22277
-30182
-32757
-29546
-21112
-8944
4807
17712
27483
32390
31559
25136
14256
845
-12717
-24026
-31070
-32598
-28334
-19032
-6345
7473
19964
28903
32697
30666
23169
11540
-2148
-15456
-26008
-31918
-32127
-26596
-16309
-3103
10659
22517
30346
32741
29270
20553
8148
-5719
-18563
-28078
-32552
-31179
-24202
-12874
771
14281
25223
31625
32332
27214
17189
4062
-9798
-21894
-30040
-32762
-29565
-21025
-8682
5233
18204
27882
32514
31257
24336
13002
-691
-14262
-25247
-31650
-32307
-27094
-16955
-3732
10171
22227
30239
32747
29289
20494
7961
-6025
-18915
-28356
-32621
-30929
-23586
-11931
1907
15400
26077
31982
32033
26215
15592
2109
-11762
-23479
-30889
-32629
-28377
-18910
-5966
8077
20637
29402
32756
30080
21861
9613
-4409
-17621
-27585
-32459
-31342
-24435
-13013
816
14497
25499
31785
32188
26631
16140
2656
-11322
-23203
-30782
-32650
-28456
-18976
-5969
8148
20755
29503
32763
29925
21514
9095
-5021
-18204
-27995
-32564
-31058
-23753
-12011
1977
15598
26305
32095
31880
25698
14703
952
-12978
-24480
-31393
-32418
-27360
-17165
-3744
10381
22559
30497
32702
28754
19394
6380
-7836
-20580
-29446
-32762
-29899
-21393
-8847
5370
18577
28275
32630
30814
23169
11138
-3003
-16579
-27016
-32334
-31523
-24733
-13249
751
14612
25700
31906
32048
26096
15179
1372
-12698
-24354
-31371
-32412
-27273
-16932
-3359
10856
23003
30758
32638
28280
18514
5205
-9101
-21669
-30089
-32747
-29131
-19930
-6905
7445
20371
29387
32762
29844
21189
8460
-5898
-19125
-28673
-32702
-30433
-22301
-9868
4468
17946
27963
32585
30916
23274
11134
-3159
-16845
-27275
-32428
-31305
-24119
-12260
1977
15833
26622
32247
31615
24845
13249
-923
-14918
-26016
-32055
-31858
-25461
-14105
0
14107
25468
31864
32046
25975
14832
792
-13405
-24986
-31684
-32188
-26395
-15435
-1452
12817
24578
31525
32292
26727
15917
1981
-12345
-24250
-31393
-32366
-26976
-16280
-2378
11993
24006
31293
32415
27148
16527
2644
-11762
-23850
-31230
-32442
-27244
-16660
-2779
11653
23783
31206
32451
27267
16679
2783
-11667
-23806
-31222
-32441
-27217
-16586
-2656
11803
23919
31277
32412
27094
16378
2398
-12062
-24120
-31370
-32361
-26894
-16056
-2009
12441
24407
31496
32285
26615
15616
1488
-12939
-24777
-31650
-32178
-26251
-15055
-836
13553
25223
31826
32033
25797
14372
52
-14280
-25739
-32015
-31841
-25247
-13561
863
15115
26318
32208
31592
24592
12618
-1908
-16052
-26950
-32393
-31276
-23823
-11540
3083
17085
27622
32556
30880
22932
10324
-4384
-18204
-28323
-32682
-30389
-21909
-8965
5807
19399
29038
32755
29790
20744
7461
-7347
-20658
-29748
-32757
-29067
-19428
-5811
8997
21966
30436
32669
28203
17952
4016
-10746
-23305
-31079
-32468
-27184
-16309
-2077
12583
24657
31656
32135
25992
14491
0
-14493
-25999
-32139
-31644
-24613
-12494
2208
16457
27304
32503
30975
23032
10317
-4537
-18454
-28547
-32719
-30103
-21238
-7961
6971
20458
29694
32757
29007
19220
5431
-9491
-22439
-30713
-32587
-27666
-16973
-2736
12073
24364
31568
32177
26060
14492
-108
-14689
-26197
-32222
-31498
-24174
-11781
3083
17304
27896
32634
30520
21996
8847
-6162
-19879
-29416
-32766
-29219
-19519
-5706
9311
22368
30711
32578
27570
16743
2378
-12491
-24723
-31732
-32033
-25558
-13674
1105
15653
26888
32428
31095
23169
10328
-4707
-18745
-28806
-32750
-29736
-20402
-6728
8378
21705
30414
32650
27932
17262
2911
-12062
-24465
-31651
-32083
-25665
-13765
1077
15692
26955
32455
31012
22932
9941
-5180
-19194
-29098
-32765
-29406
-19738
-5832
9326
22486
30817
32526
27244
16102
1495
-13436
-25478
-32035
-31693
-24521
-12062
2999
17416
28078
32680
30226
21243
7668
-7565
-21167
-30192
-32685
-28105
-17438
-2992
12103
24578
31727
31995
25321
13150
-1876
-16499
-27539
-32596
-30567
-21889
-8448
6833
20630
29936
32722
28377
17845
3419
-11753
-24364
-31659
-32040
-25423
-13249
1823
16499
27568
32607
30508
21729
8189
-7147
-20920
-30108
-32693
-28105
-17347
-2779
12401
24860
31856
31850
24838
12360
-2839
-17416
-28160
-32702
-30037
-20749
-6884
8501
22013
30668
32552
27244
15915
1066
-14020
-26008
-32243
-31342
-23500
-10451
4915
19194
29220
32766
29042
18871
4509
-10856
-23813
-31479
-32147
-25665
-13473
1720
16533
27666
32637
30335
21271
7461
-8015
-21705
-30552
-32578
-27327
-15968
-1038
14125
26133
32294
31228
23169
9920
-5554
-19786
-29584
-32748
-28565
-17970
-3339
12043
24723
31849
31816
24627
11897
-3511
-18132
-28673
-32755
-29458
-19519
-5177
10334
23516
31393
32182
25702
13414
-1907
-16800
-27896
-32682
-30072
-20653
-6555
9029
22570
30997
32395
26445
14492
-751
-15827
-27310
-32589
-30461
-21406
-7481
8148
21926
30713
32507
26894
15151
-48
-15238
-26955
-32522
-30664
-21804
-7961
7702
21608
30575
32549
27076
15403
202
-15047
-26852
-32503
-30703
-21861
-8002
7696
21629
30598
32538
27001
15255
0
-15257
-27007
-32541
-30582
-21579
-7602
8129
21989
30779
32468
26664
14703
-655
-15865
-27411
-32621
-30288
-20948
-6758
8997
22672
31098
32318
26047
13736
-1763
-16855
-28038
-32713
-29790
-19946
-5464
10289
23653
31516
32046
25116
12336
-3319
-18204
-28847
-32766
-29042
-18541
-3711
11987
24889
31977
31593
23823
10480
-5316
-19871
-29777
-32711
-27983
-16697
-1495
14059
26318
32404
30885
22114
8148
-7733
-21801
-30745
-32460
-26539
-14372
1180
16457
27860
32699
29832
19930
5325
-10537
-23916
-31650
-31910
-24631
-11530
4298
19113
29409
32747
28334
17210
2009
-13670
-26112
-32365
-30942
-22178
-8148
7817
21929
30833
32412
26285
13907
-1780
-17047
-28259
-32743
-29429
-19103
-4222
11667
24777
31977
31548
23586
9991
-5992
-20546
-30192
-32619
-27244
-15350
219
15739
27492
32660
30001
20149
5464
-10533
-24006
-31719
-31816
-24270
-10892
5106
19879
29873
32681
27625
15917
373
-15261
-27221
-32621
-30156
-20416
-5748
10308
23879
31684
31836
24293
10875
-5173
-19973
-29942
-32665
-27477
-15633
0
15636
27483
32666
29925
19920
5078
-10999
-24407
-31886
-31615
-23656
-9941
6193
20824
30386
32549
26782
14487
-1341
-16845
-28242
-32749
-29262
-18630
-3445
12583
25539
32252
31078
22301
8064
-8148
-22368
-31111
-32231
-25451
-12429
3643
18824
29387
32737
28047
16465
836
-15001
-27152
-32625
-30072
-20115
-5205
10989
24479
31937
31523
23335
9388
-6876
-21447
-30723
-32412
-26092
-13322
2743
18132
29038
32759
28371
16955
1338
-14612
-26944
-32596
-30164
-20247
-5304
10958
24501
31960
31477
23169
9099
-7236
-21774
-30894
-32323
-25702
-12676
3510
18824
29446
32724
27837
16000
166
-15711
-27666
-32707
-29572
-19041
-3744
12491
25602
32304
30916
21780
7184
-9215
-23305
-31551
-31880
-24205
-10451
5930
20824
30486
32483
26311
13518
-2679
-18204
-29147
-32749
-28098
-16364
-502
15488
27574
32702
29574
18976
3583
-12717
-25806
-32371
-30748
-21345
-6538
9926
23879
31785
31636
23467
9346
-7147
-21830
-30974
-32254
-25342
-11991
4409
19692
29968
32623
26976
14462
-1736
-17495
-28798
-32764
-28377
-16752
-852
15267
27492
32699
29554
18857
3339
-13034
-26077
-32450
-30520
-20777
-5712
10817
24578
32042
31291
22515
7961
-8637
-23021
-31496
-31881
-24075
-10079
6509
21426
30833
32307
25463
12062
-4448
-19815
-30076
-32585
-26689
-13907
2465
18204
29244
32732
27762
15616
-569
-16610
-28356
-32765
-28692
-17189
-1231
15047
27428
32699
29490
18630
2932
-13528
-26478
-32552
-30168
-19943
-4530
12062
25519
32337
30737
21133
6022
-10659
-24565
-32068
-31208
-22206
-7407
9326
23628
31760
31593
23169
8686
-8070
-22719
-31423
-31903
-24028
-9858
6896
21846
31070
32147
24790
10926
-5807
-21019
-30711
-32336
-25461
-11891
4807
20244
30356
32478
26047
12755
-3899
-19528
-30012
-32581
-26556
-13521
3083
18877
29687
32654
26991
14192
-2362
-18294
-29387
-32703
-27360
-14769
1736
17784
29119
32734
27666
15255
-1206
-17349
-28887
-32752
-27913
-15652
771
16993
28695
32761
28105
15962
-434
-16717
-28547
-32765
-28244
-16186
193
16523
28443
32766
28334
16326
-48
-16412
-28387
-32766
-28374
-16382
0
0
0
0
0
0
0
0
0
0
0
0
0
0
0
0
0
0
0
0
0
0
0
0
0
0
0
0
0
0
0
0
0
0
0
0
0
0
0
0
0
0
0
0
0
0
0
0
0
0
0
0
0
0
0
0
0
0
0
0
0
0
0
0
0
0
0
0
0
0
0
0
0
0
0
0
0
0
0
0
0
0
0
0
0
0
0
0
0
0
0
0
0
0
0
0
0
0
0
0
0
0
0
0
0
0
0
0
0
0
0
0
0
0
0
0
0
0
0
0
0
0
0
0
0
0
0
0
0
0
0
0
0
0
0
0
0
0
0
0
0
0
0
0
0
0
0
0
0
0
0
0
0
0
0
0
0
0
0
0
0
0
0
0
0
0
0
0
0
0
0
0
0
0
0
0
0
0
0
0
0
0
0
0
0
0
0
0
0
0
0
0
0
0
0
0
0
0
0
0
0
0
0
0
0
0
0
0
0
0
0
0
0
0
0
0
0
0
0
0
0
0
0
0
0
0
0
0
0
0
0
0
0
0
0
0
0
0
0
0
0
0
0
0
0
0
0
0
0
0
0
0
0
0
0
0
0
0
0
0
0
0
0
0
0
0
0
0
0
0
0
0
0
0
0
0
0
0
0
0
0
0
0
0
0
0
0
0
0
0
0
0
0
0
0
0
0
0
0
0
0
0
0
0
0
0
0
0
0
0
0
0
0
0
0
0
0
0
0
0
0
0
0
0
0
0
0
0
0
0
0
0
0
0
0
0
0
0
0
0
0
0
0
0
0
0
0
0
0
0
0
0
0
0
0
0
0
0
0
0
0
0
0
0
0
0
0
0
0
0
0
0
0
0
0
0
0
0
0
0
0
0
0
0
0
0
0
0
0
0
0
0
0
0
0
0
0
0
0
0
0
0
0
0
0
0
0
0
0
0
0
0
0
0
0
0
0
0
0
0
0
0
0
0
0
0
0
0
0
0
0
0
0
0
0
0
0
0
0
0
0
0
0
0
0
0
0
0
0
0
0
0
0
0
0
0
0
0
0
0
0
0
0
0
0
0
0
0
0
0
0
0
0
0
0
0
0
0
0
0
0
0
0
0
0
0
0
0
0
0
0
0
0
0
0
0
0
0
0
0
0
0
0
0
0
0
0
0
0
0
0
0
0
0
0
0
0
0
0
0
0
0
0
0
0
0
0
0
0
0
0
0
0
0
0
0
0
0
0
0
0
0
0
0
0
0
0
0
0
0
0
0
0
0
0
0
0
0
0
0
0
0
0
0
0
0
0
0
0
0
0
0
0
0
0
0
0
0
0
0
0
0
0
0
0
0
0
0
0
0
0
0
0
0
0
0
0
0
0
0
0
0
0
0
0
0
0
0
0
0
0
0
0
0
0
0
0
0
0
0
0
0
0
0
0
0
0
0
0
0
0
0
0
0
0
0
0
0
0
0
0
0
0
0
0
0
0
0
0
0
0
0
0
0
0
0
0
0
0
0
0
0
0
0
0
0
0
0
0
0
0
0
0
0
0
0
0
0
0
0
0
0
0
0
0
0
0
0
0
0
0
0
0
0
0
0
0
0
0
0
0
0
0
0
0
0
0
0
0
0
0
0
0
0
0
0
0
0
0
0
0
0
0
0
0
0
0
0
0
0
0
0
0
0
0
0
0
0
0
0
0
0
0
0
0
0
0
0
0
0
0
0
0
0
0
0
0
0
0
0
0
0
0
0
0
0
0
0
0
0
0
0
0
0
0
0
0
0
0
0
0
0
0
0
0
0
0
0
0
0
0
0
0
0
0
0
0
0
0
0
0
0
0
0
0
0
0
0
0
0
0
0
0
0
0
0
0
0
0
0
0
0
0
0
0
0
0
0
0
0
0
0
0
0
0
0
0
0
0
0
0
0
0
0
0
0
0
0
0
0
0
0
0
0
0
0
0
0
0
0
0
0
0
0
0
0
0
0
0
0
0
0
0
0
0
0
0
0
0
0
0
0
0
0
0
0
0
0
0
0
0
0
0
0
0
0
0
0
0
0
0
0
0
0
0
0
0
0
0
0
0
0
0
0
0
0
0
0
0
0
0
0
0
0
0
0
0
0
0
0
0
0
0
0
0
0
0
0
0
0
0
0
0
0
0
0
0
0
0
0
0
0
0
0
0
0
0
0
0
0
3770
4240
4620
4903
5083
5158
5128
4993
4759
4431
4018
3529
2974
2367
1721
1047
362
-323
-994
-1639
-2246
-2806
-3308
-3745
-4110
-4400
-4609
-4737
-4783
-4747
-4631
-4439
-4174
-3842
-3447
-2997
-2498
-1956
-1381
-779
-160
468
1098
1720
2325
2904
3447
3946
4393
4777
5090
5326
5477
5536
5498
5360
5119
4775
4328
3782
3143
2419
1618
755
-157
-1102
-2061
-3015
-3943
-4823
-5634
-6355
-6965
-7447
-7782
-7958
-7962
-7789
-7434
-6898
-6187
-5311
-4284
-3125
-1857
-507
894
2318
3728
5089
6368
7529
8542
9377
10007
10412
10576
10488
10145
9547
8705
7633
6353
4893
3286
1569
-216
-2028
-3819
-5545
-7160
-8623
-9893
-10935
-11721
-12225
-12433
-12335
-11929
-11223
-10232
-8977
-7489
-5803
-3960
-2006
8
2034
4020
5914
7669
9238
10581
11664
12458
13106
12943
12458
11664
10581
9238
7669
5914
4020
2034
8
-2006
-3960
-5803
-7489
-8977
-10232
-11223
-11929
-12335
-12433
-12225
-11721
-10935
-9893
-8623
-7160
-5545
-3819
-2028
-216
1569
3286
4893
6353
7633
8705
9547
10145
10488
10576
10412
10007
9377
8542
7529
6368
5089
3728
2318
894
-507
-1857
-3125
-4284
-5311
-6187
-6898
-7434
-7789
-7962
-7958
-7782
-7447
-6965
-6355
-5634
-4823
-3943
-3015
-2061
-1102
-157
755
1618
2419
3143
3782
4328
4775
5119
5360
5498
5536
5477
5326
5090
4777
4393
3946
3447
2904
2325
1720
1098
468
-160
-779
-1381
-1956
-2498
-2997
-3447
-3842
-4174
-4439
-4631
-4747
-4783
-4737
-4609
-4400
-4110
-3745
-3308
-2806
-2246
-1639
-994
-323
362
1047
1721
2367
2974
3529
4018
4431
4759
4993
5128
5158
5083
4903
4620
4240
3770
3221
2602
1928
1212
470
-280
-1025
-1747
-2430
-3059
-3621
-4103
-4496
-4791
-4981
-5065
-5040
-4908
-4673
-4341
-3920
-3421
-2856
-2238
-1580
-899
-210
473
1134
1761
2339
2857
3306
3676
3961
4158
4264
4279
4206
4046
3808
3497
3123
2695
2224
1721
1198
667
139
-374
-863
-1318
-1731
-2094
-2402
-2650
-2837
-2959
-3018
-3016
-2955
-2839
-2674
-2465
-2219
-1945
-1648
-1337
-1019
-702
-393
-97
179
432
659
855
1021
1154
1257
1329
1374
1393
1392
1372
1340
1298
1251
1203
1156
1114
1079
1052
1033
1022
1017
1016
1016
1012
1002
980
941
880
794
678
529
346
127
-127
-416
-734
-1078
-1440
-1813
-2188
-2553
-2898
-3210
-3478
-3690
-3834
-3900
-3879
-3764
-3550
-3234
-2817
-2302
-1694
-1003
-242
573
1427
2299
3167
4008
4799
5515
6135
6635
6998
7206
7246
7108
6788
6285
5603
4753
3749
2610
1361
31
-1350
-2749
-4128
-5452
-6684
-7788
-8731
-9484
-10021
-10321
-10369
-10156
-9681
-8949
-7971
-6768
-5364
-3793
-2090
-297
1539
3373
5156
6841
8381
9733
10858
11723
12301
12571
12524
12154
11468
10479
9211
7692
5961
4061
2041
-45
-2146
-4204
-6164
-7975
-9586
-10954
-12042
-12819
-13263
-13363
-13114
-12523
-11605
-10385
-8896
-7177
-5276
-3244
-1136
990
3079
5073
6919
8568
9976
11107
11932
12431
12593
12417
11911
11093
9987
8628
7056
5317
3462
1542
-386
-2272
-4062
-5709
-7167
-8401
-9379
-10077
-10483
-10589
-10398
-9922
-9179
-8197
-7009
-5652
-4170
-2607
-1012
569
2091
3511
4789
5892
6792
7467
7902
8091
8035
7741
7225
6508
5616
4582
3440
2228
985
-249
-1439
-2547
-3542
-4396
-5085
-5594
-5909
-6026
-5947
-5678
-5233
-4630
-3892
-3045
-2118
-1143
-152
823
1752
2606
3358
3988
4476
4811
4983
4990
4835
4524
4071
3490
2802
2030
1199
336
-532
-1380
-2180
-2910
-3546
-4072
-4473
-4737
-4858
-4834
-4667
-4363
-3933
-3390
-2750
-2034
-1262
-457
358
1161
1929
2641
3278
3824
4263
4587
4787
4860
4804
4624
4325
3916
3410
2822
2166
1462
728
-17
-755
-1466
-2134
-2742
-3276
-3725
-4078
-4329
-4472
-4508
-4436
-4259
-3986
-3622
-3180
-2670
-2106
-1503
-875
-239
391
1001
1577
2105
2575
2976
3300
3542
3698
3766
3746
3641
3456
3197
2871
2489
2060
1597
1112
615
122
-357
-812
-1231
-1605
-1926
-2188
-2387
-2519
-2585
-2585
-2522
-2401
-2227
-2009
-1754
-1471
-1171
-863
-558
-264
8
254
465
637
766
851
891
889
848
773
671
548
413
275
142
23
-73
-142
-175
-168
-120
-29
103
275
480
711
959
1216
1468
1706
1915
2085
2205
2263
2252
2166
1998
1749
1419
1012
535
-1
-585
-1202
-1834
-2463
-3069
-3632
-4133
-4552
-4872
-5078
-5157
-5099
-4900
-4557
-4073
-3456
-2716
-1869
-934
66
1106
2159
3196
4187
5103
5916
6602
7136
7499
7677
7660
7443
7026
6416
5626
4671
3576
2366
1072
-272
-1633
-2973
-4256
-5447
-6513
-7424
-8155
-8683
-8994
-9077
-8929
-8552
-7955
-7154
-6169
-5026
-3755
-2390
-966
477
1904
3276
4558
5716
6721
7549
8179
8597
8796
8772
8530
8080
7437
6621
5656
4571
3397
2166
910
-335
-1541
-2676
-3714
-4632
-5409
-6031
-6489
-6776
-6892
-6842
-6634
-6280
-5797
-5202
-4517
-3762
-2960
-2134
-1305
-493
284
1010
1672
2260
2766
3185
3516
3759
3919
3998
4005
3947
3831
3667
3463
3227
2965
2684
2388
2082
1767
1446
1119
786
446
99
-254
-616
-984
-1357
-1732
-2103
-2466
-2813
-3137
-3429
-3678
-3874
-4009
-4073
-4057
-3955
-3762
-3475
-3095
-2624
-2068
-1438
-743
0
773
1558
2335
3080
3772
4388
4909
5315
5590
5723
5704
5528
5196
4713
4089
3337
2479
1535
532
-499
-1531
-2532
-3469
-4315
-5041
-5623
-6041
-6280
-6329
-6185
-5851
-5333
-4647
-3813
-2856
-1804
-692
445
1572
2650
3646
4525
5257
5817
6186
6349
6299
6037
5570
4912
4083
3109
2024
862
-336
-1533
-2686
-3755
-4704
-5498
-6109
-6515
-6698
-6650
-6370
-5865
-5150
-4247
-3184
-1995
-720
599
1919
3195
4382
5440
6330
7022
7490
7714
7684
7399
6864
6095
5113
3950
2641
1228
-244
-1727
-3174
-4537
-5771
-6834
-7691
-8313
-8678
-8774
-8594
-8145
-7438
-6496
-5348
-4030
-2583
-1054
508
2055
3538
4909
6126
7151
7951
8503
8791
8807
8554
8041
7288
6321
5172
3882
2493
1051
-396
-1802
-3123
-4318
-5349
-6186
-6807
-7194
-7342
-7250
-6928
-6393
-5667
-4783
-3774
-2678
-1538
-394
711
1741
2660
3438
4050
4479
4715
4754
4602
4271
3780
3153
2421
1617
777
-60
-860
-1587
-2210
-2702
-3041
-3212
-3207
-3025
-2674
-2166
-1524
-773
54
924
1797
2635
3400
4055
4568
4911
5062
5007
4738
4257
3573
2702
1671
512
-738
-2037
-3339
-4596
-5762
-6790
-7640
-8274
-8663
-8782
-8619
-8168
-7435
-6435
-5191
-3737
-2113
-368
1445
3272
5053
6732
8252
9562
10616
11377
11813
11907
11648
11039
10092
8832
7293
5518
3558
1471
-681
-2834
-4924
-6886
-8661
-10194
-11438
-12355
-12917
-13106
-12917
-12355
-11438
-10194
-8661
-6886
-4924
-2834
-681
1471
3558
5518
7293
8832
10092
11039
11648
11907
11813
11377
10616
9562
8252
6732
5053
3272
1445
-368
-2113
-3737
-5191
-6435
-7435
-8168
-8619
-8782
-8663
-8274
-7640
-6790
-5762
-4596
-3339
-2037
-738
512
1671
2702
3573
4257
4738
5007
5062
4911
4568
4055
3400
2635
1797
924
54
-773
-1524
-2166
-2674
-3025
-3207
-3212
-3041
-2702
-2210
-1587
-860
-60
777
1617
2421
3153
3780
4271
4602
4754
4715
4479
4050
3438
2660
1741
711
-394
-1538
-2678
-3774
-4783
-5667
-6393
-6928
-7250
-7342
-7194
-6807
-6186
-5349
-4318
-3123
-1802
-396
1051
2493
3882
5172
6321
7288
8041
8554
8807
8791
8503
7951
7151
6126
4909
3538
2055
508
-1054
-2583
-4030
-5348
-6496
-7438
-8145
-8594
-8774
-8678
-8313
-7691
-6834
-5771
-4537
-3174
-1727
-244
1228
2641
3950
5113
6095
6864
7399
7684
7714
7490
7022
6330
5440
4382
3195
1919
599
-720
-1995
-3184
-4247
-5150
-5865
-6370
-6650
-6698
-6515
-6109
-5498
-4704
-3755
-2686
-1533
-336
862
2024
3109
4083
4912
5570
6037
6299
6349
6186
5817
5257
4525
3646
2650
1572
445
-692
-1804
-2856
-3813
-4647
-5333
-5851
-6185
-6329
-6280
-6041
-5623
-5041
-4315
-3469
-2532
-1531
-499
532
1535
2479
3337
4089
4713
5196
5528
5704
5723
5590
5315
4909
4388
3772
3080
2335
1558
773
0
-743
-1438
-2068
-2624
-3095
-3475
-3762
-3955
-4057
-4073
-4009
-3874
-3678
-3429
-3137
-2813
-2466
-2103
-1732
-1357
-984
-616
-254
99
446
786
1119
1446
1767
2082
2388
2684
2965
3227
3463
3667
3831
3947
4005
3998
3919
3759
3516
3185
2766
2260
1672
1010
284
-493
-1305
-2134
-2960
-3762
-4517
-5202
-5797
-6280
-6634
-6842
-6892
-6776
-6489
-6031
-5409
-4632
-3714
-2676
-1541
-335
910
2166
3397
4571
5656
6621
7437
8080
8530
8772
8796
8597
8179
7549
6721
5716
4558
3276
1904
477
-966
-2390
-3755
-5026
-6169
-7154
-7955
-8552
-8929
-9077
-8994
-8683
-8155
-7424
-6513
-5447
-4256
-2973
-1633
-272
1072
2366
3576
4671
5626
6416
7026
7443
7660
7677
7499
7136
6602
5916
5103
4187
3196
2159
1106
66
-934
-1869
-2716
-3456
-4073
-4557
-4900
-5099
-5157
-5078
-4872
-4552
-4133
-3632
-3069
-2463
-1834
-1202
-585
-1
535
1012
1419
1749
1998
2166
2252
2263
2205
2085
1915
1706
1468
1216
959
711
480
275
103
-29
-120
-168
-175
-142
-73
23
142
275
413
548
671
773
848
889
891
851
766
637
465
254
8
-264
-558
-863
-1171
-1471
-1754
-2009
-2227
-2401
-2522
-2585
-2585
-2519
-2387
-2188
-1926
-1605
-1231
-812
-357
122
615
1112
1597
2060
2489
2871
3197
3456
3641
3746
3766
3698
3542
3300
2976
2575
2105
1577
1001
391
-239
-875
-1503
-2106
-2670
-3180
-3622
-3986
-4259
-4436
-4508
-4472
-4329
-4078
-3725
-3276
-2742
-2134
-1466
-755
-17
728
1462
2166
2822
3410
3916
4325
4624
4804
4860
4787
4587
4263
3824
3278
2641
1929
1161
358
-457
-1262
-2034
-2750
-3390
-3933
-4363
-4667
-4834
-4858
-4737
-4473
-4072
-3546
-2910
-2180
-1380
-532
336
1199
2030
2802
3490
4071
4524
4835
4990
4983
4811
4476
3988
3358
2606
1752
823
-152
-1143
-2118
-3045
-3892
-4630
-5233
-5678
-5947
-6026
-5909
-5594
-5085
-4396
-3542
-2547
-1439
-249
985
2228
3440
4582
5616
6508
7225
7741
8035
8091
7902
7467
6792
5892
4789
3511
2091
569
-1012
-2607
-4170
-5652
-7009
-8197
-9179
-9922
-10398
-10589
-10483
-10077
-9379
-8401
-7167
-5709
-4062
-2272
-386
1542
3462
5317
7056
8628
9987
11093
11911
12417
12593
12431
11932
11107
9976
8568
6919
5073
3079
990
-1136
-3244
-5276
-7177
-8896
-10385
-11605
-12523
-13114
-13363
-13263
-12819
-12042
-10954
-9586
-7975
-6164
-4204
-2146
-45
2041
4061
5961
7692
9211
10479
11468
12154
12524
12571
12301
11723
10858
9733
8381
6841
5156
3373
1539
-297
-2090
-3793
-5364
-6768
-7971
-8949
-9681
-10156
-10369
-10321
-10021
-9484
-8731
-7788
-6684
-5452
-4128
-2749
-1350
31
1361
2610
3749
4753
5603
6285
6788
7108
7246
7206
6998
6635
6135
5515
4799
4008
3167
2299
1427
573
-242
-1003
-1694
-2302
-2817
-3234
-3550
-3764
-3879
-3900
-3834
-3690
-3478
-3210
-2898
-2553
-2188
-1813
-1440
-1078
-734
-416
-127
127
346
529
678
794
880
941
980
1002
1012
1016
1016
1017
1022
1033
1052
1079
1114
1156
1203
1251
1298
1340
1372
1392
1393
1374
1329
1257
1154
1021
855
659
432
179
-97
-393
-702
-1019
-1337
-1648
-1945
-2219
-2465
-2674
-2839
-2955
-3016
-3018
-2959
-2837
-2650
-2402
-2094
-1731
-1318
-863
-374
139
667
1198
1721
2224
2695
3123
3497
3808
4046
4206
4279
4264
4158
3961
3676
3306
2857
2339
1761
1134
473
-210
-899
-1580
-2238
-2856
-3421
-3920
-4341
-4673
-4908
-5040
-5065
-4981
-4791
-4496
-4103
-3621
-3059
-2430
-1747
-1025
-280
470
1212
1928
2602
3221
3770
4240
4620
4903
5083
5158
5128
4993
4759
4431
4018
3529
2974
2367
1721
1047
362
-323
-994
-1639
-2246
-2806
-3308
-3745
-4110
-4400
-4609
-4737
-4783
-4747
-4631
-4439
-4174
-3842
-3447
-2997
-2498
-1956
-1381
-779
-160
468
1098
1720
2325
2904
3447
3946
4393
4777
5090
5326
5477
5536
5498
5360
5119
4775
4328
3782
3143
2419
1618
755
-157
-1102
-2061
-3015
-3943
-4823
-5634
-6355
-6965
-7447
-7782
-7958
-7962
-7789
-7434
-6898
-6187
-5311
-4284
-3125
-1857
-507
894
2318
3728
5089
6368
7529
8542
9377
10007
10412
10576
10488
10145
9547
8705
7633
6353
4893
3286
1569
-216
-2028
-3819
-5545
-7160
-8623
-9893
-10935
-11721
-12225
-12433
-12335
-11929
-11223
-10232
-8977
-7489
-5803
-3960
-2006
8
2034
4020
5914
7669
9238
10581
11664
12458
12943
3491
2455
1344
186
-988
-2151
-3271
-4320
-5269
-6094
-6771
-7282
-7613
-7753
-7698
-7447
-7004
-6381
-5591
-4653
-3590
-2429
-1199
70
1345
2594
3786
4888
5873
6716
7393
7887
8185
8278
8162
7842
7322
6617
5744
4723
3581
2347
1050
-274
-1595
-2878
-4091
-5204
-6187
-7018
-7673
-8138
-8401
-8456
-8300
-7939
-7382
-6644
-5742
-4701
-3546
-2307
-1014
298
1600
2858
4042
5122
6072
6871
7499
7941
8190
8239
8089
7745
7218
6521
5673
4695
3613
2454
1246
18
-1198
-2377
-3490
-4510
-5415
-6186
-6805
-7261
-7543
-7650
-7579
-7335
-6927
-6366
-5666
-4846
-3926
-2928
-1876
-794
292
1360
2387
3349
4226
5002
5660
6188
6577
6820
6915
6860
6660
6321
5851
5262
4568
3784
2927
2016
1070
107
-850
-1786
-2679
-3514
-4273
-4941
-5506
-5958
-6286
-6553
-6486
-6286
-5958
-5506
-4941
-4273
-3514
-2679
-1786
-850
107
1070
2016
2927
3784
4568
5262
5851
6321
6660
6860
6915
6820
6577
6188
5660
5002
4226
3349
2387
1360
292
-794
-1876
-2928
-3926
-4846
-5666
-6366
-6927
-7335
-7579
-7650
-7543
-7261
-6805
-6186
-5415
-4510
-3490
-2377
-1198
18
1246
2454
3613
4695
5673
6521
7218
7745
8089
8239
8190
7941
7499
6871
6072
5122
4042
2858
1600
298
-1014
-2307
-3546
-4701
-5742
-6644
-7382
-7939
-8300
-8456
-8401
-8138
-7673
-7018
-6187
-5204
-4091
-2878
-1595
-274
1050
2347
3581
4723
5744
6617
7322
7842
8162
8278
8185
7887
7393
6716
5873
4888
3786
2594
1345
70
-1199
-2429
-3590
-4653
-5591
-6381
-7004
-7447
-7698
-7753
-7613
-7282
-6771
-6094
-5269
-4320
-3271
-2151
-988
186
1344
2455
3491
4426
5238
5908
6420
6762
6929
6919
6733
6379
5869
5217
4444
3569
2618
1616
590
-432
-1425
-2364
-3225
-3987
-4631
-5144
-5514
-5735
-5804
-5721
-5494
-5130
-4644
-4049
-3366
-2614
-1815
-993
-169
633
1393
2091
2710
3235
3655
3962
4151
4221
4174
4016
3756
3406
2979
2492
1961
1405
841
287
-239
-723
-1152
-1515
-1804
-2012
-2139
-2183
-2150
-2044
-1875
-1654
-1393
-1105
-804
-506
-223
30
244
409
518
566
552
476
343
159
-65
-321
-594
-869
-1133
-1370
-1564
-1704
-1777
-1774
-1687
-1513
-1251
-905
-481
10
557
1143
1749
2356
2940
3480
3955
4343
4625
4785
4810
4690
4419
3998
3431
2726
1899
968
-42
-1109
-2200
-3284
-4329
-5302
-6171
-6905
-7478
-7867
-8052
-8021
-7765
-7286
-6588
-5683
-4592
-3338
-1953
-471
1067
2621
4147
5602
6943
8130
9126
9898
10422
10675
10647
10333
9736
8867
7746
6401
4864
3176
1380
-474
-2339
-4161
-5891
-7481
-8885
-10065
-10986
-11622
-11954
-11971
-11673
-11065
-10166
-8997
-7592
-5988
-4230
-2366
-446
1476
3350
5124
6752
8189
9398
10350
11021
11396
11468
11240
10722
9933
8899
7652
6229
4674
3031
1346
-332
-1961
-3495
-4896
-6129
-7166
-7985
-8569
-8912
-9012
-8875
-8515
-7950
-7205
-6308
-5291
-4188
-3034
-1865
-713
388
1413
2336
3137
3801
4319
4687
4906
4981
4923
4746
4467
4105
3681
3217
2732
2247
1780
1346
957
621
345
129
-27
-131
-190
-213
-214
-205
-199
-210
-249
-327
-451
-625
-852
-1129
-1451
-1810
-2194
-2588
-2976
-3341
-3664
-3925
-4108
-4197
-4177
-4039
-3776
-3386
-2870
-2236
-1496
-664
237
1186
2155
3116
4038
4892
5648
6281
6764
7079
7209
7144
6880
6418
5767
4941
3960
2849
1638
362
-942
-2238
-3487
-4651
-5693
-6583
-7291
-7796
-8081
-8136
-7959
-7554
-6934
-6116
-5126
-3995
-2757
-1451
-117
1203
2468
3640
4683
5564
6258
6744
7011
7052
6868
6471
5875
5104
4186
3156
2050
908
-230
-1325
-2338
-3235
-3986
-4565
-4954
-5142
-5124
-4903
-4491
-3905
-3169
-2314
-1372
-382
616
1584
2483
3276
3931
4420
4721
4820
4710
4390
3869
3164
2297
1298
203
-949
-2116
-3254
-4320
-5271
-6069
-6679
-7072
-7227
-7131
-6778
-6172
-5325
-4259
-3003
-1592
-69
1518
3121
4686
6162
7499
8649
9571
10230
10598
10656
10395
9816
8928
7753
6319
4665
2836
884
-1134
-3162
-5139
-7006
-8706
-10188
-11406
-12322
-12906
-13138
-13009
-12518
-11678
-10510
-9046
-7326
-5397
-3313
-1132
1084
3275
5380
7339
9100
10614
11841
12748
13314
13524
13377
12879
12048
10911
9500
7860
6036
4081
2050
-1
-2019
-3948
-5740
-7350
-8739
-9875
-10735
-11304
-11573
-11545
-11229
-10642
-9808
-8757
-7524
-6147
-4667
-3127
-1567
-30
1446
2828
4084
5189
6122
6869
7420
7774
7932
7902
7696
7331
6825
6201
5481
4688
3848
2983
2114
1261
442
-328
-1040
-1683
-2251
-2741
-3152
-3486
-3745
-3934
-4057
-4122
-4133
-4096
-4017
-3900
-3748
-3564
-3351
-3108
-2836
-2536
-2207
-1848
-1460
-1044
-601
-134
351
851
1358
1864
2359
2834
3276
3675
4019
4296
4497
4613
4636
4561
4386
4110
3737
3272
2723
2102
1422
700
-48
-802
-1544
-2254
-2912
-3500
-4004
-4408
-4701
-4876
-4928
-4855
-4660
-4351
-3935
-3426
-2839
-2192
-1504
-796
-89
597
1244
1834
2349
2779
3112
3342
3467
3487
3405
3230
2972
2643
2258
1834
1388
937
498
86
-283
-601
-855
-1041
-1155
-1197
-1170
-1081
-937
-749
-531
-297
-60
163
362
521
632
684
672
594
449
242
-21
-332
-678
-1045
-1417
-1778
-2110
-2397
-2625
-2777
-2845
-2818
-2691
-2463
-2136
-1715
-1209
-633
-1
666
1349
2027
2675
3272
3797
4229
4552
4752
4818
4746
4533
4182
3701
3103
2402
1620
778
-97
-981
-1846
-2666
-3414
-4068
-4606
-5013
-5274
-5382
-5334
-5130
-4778
-4289
-3679
-2967
-2177
-1334
-466
401
1239
2021
2724
3326
3810
4161
4371
4435
4356
4138
3792
3334
2781
2156
1483
786
91
-575
-1189
-1731
-2180
-2523
-2747
-2848
-2823
-2677
-2416
-2055
-1609
-1098
-545
27
593
1128
1610
2015
2327
2529
2611
2567
2395
2099
1688
1175
578
-80
-778
-1487
-2180
-2828
-3406
-3888
-4252
-4478
-4553
-4468
-4218
-3806
-3240
-2532
-1703
-774
224
1264
2310
3330
4289
5153
5892
6477
6886
7100
7107
6901
6481
5856
5039
4050
2915
1665
335
-1036
-2410
-3745
-5002
-6141
-7127
-7929
-8521
-8883
-9001
-8868
-8485
-7861
-7011
-5957
-4727
-3355
-1879
-340
1218
2753
4221
5580
6791
7821
8640
9225
9559
9634
9447
9003
8317
7406
6298
5023
3617
2120
574
-978
-2496
-3935
-5259
-6431
-7420
-8201
-8755
-9069
-9135
-8956
-8538
-7896
-7049
-6024
-4849
-3559
-2191
-781
629
2004
3306
4501
5558
6450
7156
7660
7950
8022
7878
7524
6973
6243
5356
4339
3219
2030
803
-426
-1627
-2767
-3817
-4748
-5539
-6169
-6625
-6895
-6974
-6864
-6568
-6098
-5466
-4691
-3796
-2805
-1746
-647
461
1551
2592
3558
4422
5162
5758
6196
6463
6553
6463
6196
5758
5162
4422
3558
2592
1551
461
-647
-1746
-2805
-3796
-4691
-5466
-6098
-6568
-6864
-6974
-6895
-6625
-6169
-5539
-4748
-3817
-2767
-1627
-426
803
2030
3219
4339
5356
6243
6973
7524
7878
8022
7950
7660
7156
6450
5558
4501
3306
2004
629
-781
-2191
-3559
-4849
-6024
-7049
-7896
-8538
-8956
-9135
-9069
-8755
-8201
-7420
-6431
-5259
-3935
-2496
-978
574
2120
3617
5023
6298
7406
8317
9003
9447
9634
9559
9225
8640
7821
6791
5580
4221
2753
1218
-340
-1879
-3355
-4727
-5957
-7011
-7861
-8485
-8868
-9001
-8883
-8521
-7929
-7127
-6141
-5002
-3745
-2410
-1036
335
1665
2915
4050
5039
5856
6481
6901
7107
7100
6886
6477
5892
5153
4289
3330
2310
1264
224
-774
-1703
-2532
-3240
-3806
-4218
-4468
-4553
-4478
-4252
-3888
-3406
-2828
-2180
-1487
-778
-80
578
1175
1688
2099
2395
2567
2611
2529
2327
2015
1610
1128
593
27
-545
-1098
-1609
-2055
-2416
-2677
-2823
-2848
-2747
-2523
-2180
-1731
-1189
-575
91
786
1483
2156
2781
3334
3792
4138
4356
4435
4371
4161
3810
3326
2724
2021
1239
401
-466
-1334
-2177
-2967
-3679
-4289
-4778
-5130
-5334
-5382
-5274
-5013
-4606
-4068
-3414
-2666
-1846
-981
-97
778
1620
2402
3103
3701
4182
4533
4746
4818
4752
4552
4229
3797
3272
2675
2027
1349
666
-1
-633
-1209
-1715
-2136
-2463
-2691
-2818
-2845
-2777
-2625
-2397
-2110
-1778
-1417
-1045
-678
-332
-21
242
449
594
672
684
632
521
362
163
-60
-297
-531
-749
-937
-1081
-1170
-1197
-1155
-1041
-855
-601
-283
86
498
937
1388
1834
2258
2643
2972
3230
3405
3487
3467
3342
3112
2779
2349
1834
1244
597
-89
-796
-1504
-2192
-2839
-3426
-3935
-4351
-4660
-4855
-4928
-4876
-4701
-4408
-4004
-3500
-2912
-2254
-1544
-802
-48
700
1422
2102
2723
3272
3737
4110
4386
4561
4636
4613
4497
4296
4019
3675
3276
2834
2359
1864
1358
851
351
-134
-601
-1044
-1460
-1848
-2207
-2536
-2836
-3108
-3351
-3564
-3748
-3900
-4017
-4096
-4133
-4122
-4057
-3934
-3745
-3486
-3152
-2741
-2251
-1683
-1040
-328
442
1261
2114
2983
3848
4688
5481
6201
6825
7331
7696
7902
7932
7774
7420
6869
6122
5189
4084
2828
1446
-30
-1567
-3127
-4667
-6147
-7524
-8757
-9808
-10642
-11229
-11545
-11573
-11304
-10735
-9875
-8739
-7350
-5740
-3948
-2019
-1
2050
4081
6036
7860
9500
10911
12048
12879
13377
13524
13314
12748
11841
10614
9100
7339
5380
3275
1084
-1132
-3313
-5397
-7326
-9046
-10510
-11678
-12518
-13009
-13138
-12906
-12322
-11406
-10188
-8706
-7006
-5139
-3162
-1134
884
2836
4665
6319
7753
8928
9816
10395
10656
10598
10230
9571
8649
7499
6162
4686
3121
1518
-69
-1592
-3003
-4259
-5325
-6172
-6778
-7131
-7227
-7072
-6679
-6069
-5271
-4320
-3254
-2116
-949
203
1298
2297
3164
3869
4390
4710
4820
4721
4420
3931
3276
2483
1584
616
-382
-1372
-2314
-3169
-3905
-4491
-4903
-5124
-5142
-4954
-4565
-3986
-3235
-2338
-1325
-230
908
2050
3156
4186
5104
5875
6471
6868
7052
7011
6744
6258
5564
4683
3640
2468
1203
-117
-1451
-2757
-3995
-5126
-6116
-6934
-7554
-7959
-8136
-8081
-7796
-7291
-6583
-5693
-4651
-3487
-2238
-942
362
1638
2849
3960
4941
5767
6418
6880
7144
7209
7079
6764
6281
5648
4892
4038
3116
2155
1186
237
-664
-1496
-2236
-2870
-3386
-3776
-4039
-4177
-4197
-4108
-3925
-3664
-3341
-2976
-2588
-2194
-1810
-1451
-1129
-852
-625
-451
-327
-249
-210
-199
-205
-214
-213
-190
-131
-27
129
345
621
957
1346
1780
2247
2732
3217
3681
4105
4467
4746
4923
4981
4906
4687
4319
3801
3137
2336
1413
388
-713
-1865
-3034
-4188
-5291
-6308
-7205
-7950
-8515
-8875
-9012
-8912
-8569
-7985
-7166
-6129
-4896
-3495
-1961
-332
1346
3031
4674
6229
7652
8899
9933
10722
11240
11468
11396
11021
10350
9398
8189
6752
5124
3350
1476
-446
-2366
-4230
-5988
-7592
-8997
-10166
-11065
-11673
-11971
-11954
-11622
-10986
-10065
-8885
-7481
-5891
-4161
-2339
-474
1380
3176
4864
6401
7746
8867
9736
10333
10647
10675
10422
9898
9126
8130
6943
5602
4147
2621
1067
-471
-1953
-3338
-4592
-5683
-6588
-7286
-7765
-8021
-8052
-7867
-7478
-6905
-6171
-5302
-4329
-3284
-2200
-1109
-42
968
1899
2726
3431
3998
4419
4690
4810
4785
4625
4343
3955
3480
2940
2356
1749
1143
557
10
-481
-905
-1251
-1513
-1687
-1774
-1777
-1704
-1564
-1370
-1133
-869
-594
-321
-65
159
343
476
552
566
518
409
244
30
-223
-506
-804
-1105
-1393
-1654
-1875
-2044
-2150
-2183
-2139
-2012
-1804
-1515
-1152
-723
-239
287
841
1405
1961
2492
2979
3406
3756
4016
4174
4221
4151
3962
3655
3235
2710
2091
1393
633
-169
-993
-1815
-2614
-3366
-4049
-4644
-5130
-5494
-5721
-5804
-5735
-5514
-5144
-4631
-3987
-3225
-2364
-1425
-432
590
1616
2618
3569
4444
5217
5869
6379
6733
6919
6929
6762
6420
5908
5238
4426
3491
2455
1344
186
-988
-2151
-3271
-4320
-5269
-6094
-6771
-7282
-7613
-7753
-7698
-7447
-7004
-6381
-5591
-4653
-3590
-2429
-1199
70
1345
2594
3786
4888
5873
6716
7393
7887
8185
8278
8162
7842
7322
6617
5744
4723
3581
2347
1050
-274
-1595
-2878
-4091
-5204
-6187
-7018
-7673
-8138
-8401
-8456
-8300
-7939
-7382
-6644
-5742
-4701
-3546
-2307
-1014
298
1600
2858
4042
5122
6072
6871
7499
7941
8190
8239
8089
7745
7218
6521
5673
4695
3613
2454
1246
18
-1198
-2377
-3490
-4510
-5415
-6186
-6805
-7261
-7543
-7650
-7579
-7335
-6927
-6366
-5666
-4846
-3926
-2928
-1876
-794
292
1360
2387
3349
4226
5002
5660
6188
6577
6820
6915
6860
6660
6321
5851
5262
4568
3784
2927
2016
1070
107
-850
-1786
-2679
-3514
-4273
-4941
-5506
-5958
-6286
-6486
3679
3112
2483
1813
1127
445
-210
-820
-1367
-1836
-2216
-2499
-2680
-2760
-2739
-2626
-2429
-2160
-1833
-1464
-1069
-666
-270
100
434
717
940
1095
1178
1187
1125
995
806
568
291
-9
-321
-628
-916
-1170
-1378
-1529
-1614
-1625
-1561
-1419
-1202
-916
-569
-171
264
723
1189
1646
2076
2462
2791
3046
3217
3294
3271
3143
2912
2580
2154
1644
1063
426
-248
-942
-1634
-2305
-2932
-3497
-3981
-4368
-4645
-4799
-4825
-4718
-4478
-4109
-3619
-3019
-2324
-1552
-721
144
1023
1891
2723
3497
4191
4784
5260
5603
5804
5855
5753
5499
5099
4561
3899
3128
2269
1343
373
-613
-1592
-2538
-3426
-4231
-4934
-5514
-5957
-6250
-6384
-6357
-6167
-5819
-5321
-4687
-3930
-3072
-2132
-1136
-109
923
1934
2898
3790
4588
5271
5821
6224
6553
6470
6224
5821
5271
4588
3790
2898
1934
923
-109
-1136
-2132
-3072
-3930
-4687
-5321
-5819
-6167
-6357
-6384
-6250
-5957
-5514
-4934
-4231
-3426
-2538
-1592
-613
373
1343
2269
3128
3899
4561
5099
5499
5753
5855
5804
5603
5260
4784
4191
3497
2723
1891
1023
144
-721
-1552
-2324
-3019
-3619
-4109
-4478
-4718
-4825
-4799
-4645
-4368
-3981
-3497
-2932
-2305
-1634
-942
-248
426
1063
1644
2154
2580
2912
3143
3271
3294
3217
3046
2791
2462
2076
1646
1189
723
264
-171
-569
-916
-1202
-1419
-1561
-1625
-1614
-1529
-1378
-1170
-916
-628
-321
-9
291
568
806
995
1125
1187
1178
1095
940
717
434
100
-270
-666
-1069
-1464
-1833
-2160
-2429
-2626
-2739
-2760
-2680
-2499
-2216
-1836
-1367
-820
-210
445
1127
1813
2483
3112
3679
4164
4547
4812
4947
4941
4789
4492
4052
3477
2782
1981
1096
150
-829
-1818
-2785
-3702
-4541
-5278
-5887
-6349
-6648
-6772
-6714
-6471
-6049
-5454
-4702
-3811
-2804
-1706
-548
639
1825
2976
4059
5046
5908
6621
7165
7525
7689
7654
7418
6988
6376
5598
4673
3628
2490
1290
59
-1169
-2364
-3493
-4528
-5441
-6211
-6817
-7247
-7491
-7543
-7406
-7086
-6592
-5939
-5148
-4240
-3239
-2174
-1071
39
1130
2175
3149
4028
4793
5428
5919
6260
6444
6471
6345
6072
5664
5134
4498
3773
2980
2140
1272
399
-460
-1285
-2060
-2768
-3396
-3932
-4368
-4697
-4916
-5024
-5022
-4915
-4706
-4405
-4020
-3562
-3042
-2472
-1865
-1234
-591
49
677
1279
1846
2367
2833
3236
3570
3828
4008
4107
4122
4054
3904
3676
3373
3001
2567
2079
1547
980
390
-209
-808
-1393
-1951
-2468
-2934
-3336
-3664
-3910
-4066
-4127
-4089
-3952
-3716
-3387
-2969
-2473
-1908
-1288
-629
54
744
1422
2070
2670
3206
3661
4021
4276
4416
4435
4330
4103
3758
3303
2748
2108
1399
642
-143
-934
-1709
-2443
-3116
-3706
-4196
-4568
-4811
-4915
-4875
-4690
-4363
-3903
-3320
-2630
-1852
-1007
-121
781
1675
2531
3326
4033
4632
5103
5431
5604
5614
5461
5145
4675
4063
3324
2480
1552
568
-443
-1455
-2438
-3362
-4201
-4929
-5526
-5973
-6257
-6367
-6301
-6059
-5647
-5076
-4361
-3522
-2582
-1567
-505
574
1642
2668
3624
4484
5226
5828
6275
6556
6664
6596
6357
5954
5398
4706
3898
2996
2025
1011
-17
-1034
-2013
-2929
-3760
-4485
-5089
-5557
-5882
-6057
-6082
-5960
-5698
-5306
-4797
-4188
-3496
-2741
-1944
-1126
-306
494
1259
1969
2612
3174
3647
4025
4302
4478
4555
4536
4427
4237
3973
3646
3268
2848
2399
1932
1455
979
512
61
-367
-771
-1144
-1486
-1795
-2071
-2313
-2523
-2701
-2849
-2967
-3056
-3117
-3149
-3151
-3123
-3064
-2970
-2841
-2675
-2469
-2222
-1933
-1602
-1229
-816
-367
114
623
1151
1691
2233
2766
3279
3759
4195
4575
4885
5115
5256
5298
5235
5061
4776
4379
3872
3262
2558
1769
911
0
-947
-1911
-2869
-3801
-4684
-5497
-6218
-6828
-7310
-7648
-7829
-7845
-7689
-7360
-6860
-6195
-5375
-4415
-3331
-2145
-881
433
1772
3104
4398
5626
6756
7762
8616
9298
9786
10065
10124
9958
9564
8948
8118
7089
5881
4518
3028
1443
-201
-1869
-3522
-5122
-6629
-8009
-9225
-10248
-11049
-11607
-11905
-11932
-11682
-11158
-10368
-9327
-8057
-6584
-4941
-3166
-1299
615
2532
4406
6190
7841
9317
10580
11598
12344
12797
12945
12782
12309
11536
10482
9171
7635
5911
4041
2073
55
-1960
-3924
-5785
-7497
-9015
-10302
-11325
-12058
-12483
-12590
-12378
-11855
-11035
-9942
-8607
-7066
-5362
-3542
-1656
245
2111
3893
5541
7014
8274
9290
10038
10500
10670
10547
10141
9467
8552
7425
6123
4688
3163
1596
33
-1478
-2897
-4181
-5297
-6215
-6911
-7372
-7589
-7563
-7302
-6820
-6142
-5293
-4308
-3224
-2079
-916
226
1309
2295
3153
3856
4381
4715
4849
4783
4525
4087
3490
2758
1923
1018
80
-854
-1748
-2567
-3276
-3849
-4260
-4493
-4537
-4387
-4046
-3524
-2838
-2011
-1071
-52
1011
2079
3113
4076
4929
5640
6181
6527
6661
6574
6263
5732
4995
4071
2985
1771
464
-893
-2262
-3596
-4853
-5993
-6977
-7772
-8352
-8694
-8787
-8623
-8206
-7546
-6660
-5573
-4318
-2930
-1451
76
1606
3093
4495
5769
6880
7795
8488
8942
9144
9093
8791
8252
7494
6542
5429
4188
2858
1481
97
-1253
-2531
-3703
-4736
-5606
-6292
-6780
-7065
-7146
-7030
-6728
-6259
-5646
-4915
-4094
-3215
-2308
-1405
-533
280
1014
1650
2175
2580
2863
3026
3075
3022
2881
2671
2411
2122
1824
1539
1283
1072
920
833
816
868
986
1158
1374
1616
1865
2102
2305
2454
2528
2510
2386
2145
1783
1299
697
-11
-811
-1680
-2594
-3524
-4438
-5301
-6081
-6744
-7259
-7598
-7738
-7662
-7357
-6820
-6054
-5071
-3889
-2535
-1041
551
2201
3859
5476
7002
8388
9587
10558
11264
11675
11770
11539
10978
10095
8908
7444
5741
3842
1799
-331
-2489
-4612
-6638
-8506
-10160
-11550
-12633
-13372
-13745
-13735
-13342
-12572
-11446
-9995
-8259
-6287
-4136
-1867
453
2758
4982
7058
8928
10538
11840
12800
13390
13596
13413
12850
11926
10672
9127
7339
5365
3263
1098
-1065
-3164
-5135
-6924
-8478
-9757
-10725
-11360
-11648
-11587
-11185
-10463
-9447
-8175
-6691
-5045
-3291
-1485
314
2055
3683
5150
6416
7447
8215
8705
8909
8828
8474
7865
7028
5997
4812
3514
2150
765
-593
-1883
-3064
-4100
-4963
-5628
-6081
-6314
-6326
-6124
-5722
-5140
-4405
-3546
-2598
-1595
-574
428
1379
2247
3005
3630
4104
4417
4562
4541
4360
4030
3569
2996
2337
1616
863
104
-632
-1322
-1943
-2473
-2899
-3208
-3394
-3454
-3392
-3214
-2931
-2557
-2109
-1606
-1069
-517
28
548
1026
1445
1794
2065
2250
2348
2361
2292
2149
1943
1684
1387
1064
732
402
89
-196
-445
-650
-806
-911
-964
-970
-932
-858
-756
-634
-503
-372
-250
-146
-66
-16
0
-16
-66
-146
-250
-372
-503
-634
-756
-858
-932
-970
-964
-911
-806
-650
-445
-196
89
402
732
1064
1387
1684
1943
2149
2292
2361
2348
2250
2065
1794
1445
1026
548
28
-517
-1069
-1606
-2109
-2557
-2931
-3214
-3392
-3454
-3394
-3208
-2899
-2473
-1943
-1322
-632
104
863
1616
2337
2996
3569
4030
4360
4541
4562
4417
4104
3630
3005
2247
1379
428
-574
-1595
-2598
-3546
-4405
-5140
-5722
-6124
-6326
-6314
-6081
-5628
-4963
-4100
-3064
-1883
-593
765
2150
3514
4812
5997
7028
7865
8474
8828
8909
8705
8215
7447
6416
5150
3683
2055
314
-1485
-3291
-5045
-6691
-8175
-9447
-10463
-11185
-11587
-11648
-11360
-10725
-9757
-8478
-6924
-5135
-3164
-1065
1098
3263
5365
7339
9127
10672
11926
12850
13413
13596
13390
12800
11840
10538
8928
7058
4982
2758
453
-1867
-4136
-6287
-8259
-9995
-11446
-12572
-13342
-13735
-13745
-13372
-12633
-11550
-10160
-8506
-6638
-4612
-2489
-331
1799
3842
5741
7444
8908
10095
10978
11539
11770
11675
11264
10558
9587
8388
7002
5476
3859
2201
551
-1041
-2535
-3889
-5071
-6054
-6820
-7357
-7662
-7738
-7598
-7259
-6744
-6081
-5301
-4438
-3524
-2594
-1680
-811
-11
697
1299
1783
2145
2386
2510
2528
2454
2305
2102
1865
1616
1374
1158
986
868
816
833
920
1072
1283
1539
1824
2122
2411
2671
2881
3022
3075
3026
2863
2580
2175
1650
1014
280
-533
-1405
-2308
-3215
-4094
-4915
-5646
-6259
-6728
-7030
-7146
-7065
-6780
-6292
-5606
-4736
-3703
-2531
-1253
97
1481
2858
4188
5429
6542
7494
8252
8791
9093
9144
8942
8488
7795
6880
5769
4495
3093
1606
76
-1451
-2930
-4318
-5573
-6660
-7546
-8206
-8623
-8787
-8694
-8352
-7772
-6977
-5993
-4853
-3596
-2262
-893
464
1771
2985
4071
4995
5732
6263
6574
6661
6527
6181
5640
4929
4076
3113
2079
1011
-52
-1071
-2011
-2838
-3524
-4046
-4387
-4537
-4493
-4260
-3849
-3276
-2567
-1748
-854
80
1018
1923
2758
3490
4087
4525
4783
4849
4715
4381
3856
3153
2295
1309
226
-916
-2079
-3224
-4308
-5293
-6142
-6820
-7302
-7563
-7589
-7372
-6911
-6215
-5297
-4181
-2897
-1478
33
1596
3163
4688
6123
7425
8552
9467
10141
10547
10670
10500
10038
9290
8274
7014
5541
3893
2111
245
-1656
-3542
-5362
-7066
-8607
-9942
-11035
-11855
-12378
-12590
-12483
-12058
-11325
-10302
-9015
-7497
-5785
-3924
-1960
55
2073
4041
5911
7635
9171
10482
11536
12309
12782
12945
12797
12344
11598
10580
9317
7841
6190
4406
2532
615
-1299
-3166
-4941
-6584
-8057
-9327
-10368
-11158
-11682
-11932
-11905
-11607
-11049
-10248
-9225
-8009
-6629
-5122
-3522
-1869
-201
1443
3028
4518
5881
7089
8118
8948
9564
9958
10124
10065
9786
9298
8616
7762
6756
5626
4398
3104
1772
433
-881
-2145
-3331
-4415
-5375
-6195
-6860
-7360
-7689
-7845
-7829
-7648
-7310
-6828
-6218
-5497
-4684
-3801
-2869
-1911
-947
0
911
1769
2558
3262
3872
4379
4776
5061
5235
5298
5256
5115
4885
4575
4195
3759
3279
2766
2233
1691
1151
623
114
-367
-816
-1229
-1602
-1933
-2222
-2469
-2675
-2841
-2970
-3064
-3123
-3151
-3149
-3117
-3056
-2967
-2849
-2701
-2523
-2313
-2071
-1795
-1486
-1144
-771
-367
61
512
979
1455
1932
2399
2848
3268
3646
3973
4237
4427
4536
4555
4478
4302
4025
3647
3174
2612
1969
1259
494
-306
-1126
-1944
-2741
-3496
-4188
-4797
-5306
-5698
-5960
-6082
-6057
-5882
-5557
-5089
-4485
-3760
-2929
-2013
-1034
-17
1011
2025
2996
3898
4706
5398
5954
6357
6596
6664
6556
6275
5828
5226
4484
3624
2668
1642
574
-505
-1567
-2582
-3522
-4361
-5076
-5647
-6059
-6301
-6367
-6257
-5973
-5526
-4929
-4201
-3362
-2438
-1455
-443
568
1552
2480
3324
4063
4675
5145
5461
5614
5604
5431
5103
4632
4033
3326
2531
1675
781
-121
-1007
-1852
-2630
-3320
-3903
-4363
-4690
-4875
-4915
-4811
-4568
-4196
-3706
-3116
-2443
-1709
-934
-143
642
1399
2108
2748
3303
3758
4103
4330
4435
4416
4276
4021
3661
3206
2670
2070
1422
744
54
-629
-1288
-1908
-2473
-2969
-3387
-3716
-3952
-4089
-4127
-4066
-3910
-3664
-3336
-2934
-2468
-1951
-1393
-808
-209
390
980
1547
2079
2567
3001
3373
3676
3904
4054
4122
4107
4008
3828
3570
3236
2833
2367
1846
1279
677
49
-591
-1234
-1865
-2472
-3042
-3562
-4020
-4405
-4706
-4915
-5022
-5024
-4916
-4697
-4368
-3932
-3396
-2768
-2060
-1285
-460
399
1272
2140
2980
3773
4498
5134
5664
6072
6345
6471
6444
6260
5919
5428
4793
4028
3149
2175
1130
39
-1071
-2174
-3239
-4240
-5148
-5939
-6592
-7086
-7406
-7543
-7491
-7247
-6817
-6211
-5441
-4528
-3493
-2364
-1169
59
1290
2490
3628
4673
5598
6376
6988
7418
7654
7689
7525
7165
6621
5908
5046
4059
2976
1825
639
-548
-1706
-2804
-3811
-4702
-5454
-6049
-6471
-6714
-6772
-6648
-6349
-5887
-5278
-4541
-3702
-2785
-1818
-829
150
1096
1981
2782
3477
4052
4492
4789
4941
4947
4812
4547
4164
3679
3112
2483
1813
1127
445
-210
-820
-1367
-1836
-2216
-2499
-2680
-2760
-2739
-2626
-2429
-2160
-1833
-1464
-1069
-666
-270
100
434
717
940
1095
1178
1187
1125
995
806
568
291
-9
-321
-628
-916
-1170
-1378
-1529
-1614
-1625
-1561
-1419
-1202
-916
-569
-171
264
723
1189
1646
2076
2462
2791
3046
3217
3294
3271
3143
2912
2580
2154
1644
1063
426
-248
-942
-1634
-2305
-2932
-3497
-3981
-4368
-4645
-4799
-4825
-4718
-4478
-4109
-3619
-3019
-2324
-1552
-721
144
1023
1891
2723
3497
4191
4784
5260
5603
5804
5855
5753
5499
5099
4561
3899
3128
2269
1343
373
-613
-1592
-2538
-3426
-4231
-4934
-5514
-5957
-6250
-6384
-6357
-6167
-5819
-5321
-4687
-3930
-3072
-2132
-1136
-109
923
1934
2898
3790
4588
5271
5821
6224
6470
6124
6744
7180
7421
7459
7293
6928
6377
5656
4787
3797
2714
1573
406
-752
-1870
-2914
-3857
-4673
-5341
-5846
-6178
-6332
-6310
-6117
-5765
-5272
-4656
-3942
-3155
-2322
-1471
-629
178
929
1604
2185
2661
3024
3271
3403
3426
3349
3185
2948
2657
2329
1983
1637
1308
1009
754
552
407
321
292
316
382
481
597
716
823
900
933
908
815
646
396
64
-344
-822
-1358
-1935
-2533
-3132
-3706
-4231
-4682
-5034
-5266
-5358
-5295
-5066
-4665
-4093
-3357
-2469
-1447
-316
893
2150
3417
4654
5822
6880
7793
8524
9043
9326
9355
9118
8612
7843
6825
5579
4134
2528
803
-992
-2810
-4596
-6296
-7861
-9239
-10388
-11270
-11853
-12115
-12043
-11633
-10892
-9836
-8492
-6895
-5088
-3119
-1045
1075
3183
5218
7120
8834
10310
11506
12386
13106
12925
12386
11506
10310
8834
7120
5218
3183
1075
-1045
-3119
-5088
-6895
-8492
-9836
-10892
-11633
-12043
-12115
-11853
-11270
-10388
-9239
-7861
-6296
-4596
-2810
-992
803
2528
4134
5579
6825
7843
8612
9118
9355
9326
9043
8524
7793
6880
5822
4654
3417
2150
893
-316
-1447
-2469
-3357
-4093
-4665
-5066
-5295
-5358
-5266
-5034
-4682
-4231
-3706
-3132
-2533
-1935
-1358
-822
-344
64
396
646
815
908
933
900
823
716
597
481
382
316
292
321
407
552
754
1009
1308
1637
1983
2329
2657
2948
3185
3349
3426
3403
3271
3024
2661
2185
1604
929
178
-629
-1471
-2322
-3155
-3942
-4656
-5272
-5765
-6117
-6310
-6332
-6178
-5846
-5341
-4673
-3857
-2914
-1870
-752
406
1573
2714
3797
4787
5656
6377
6928
7293
7459
7421
7180
6744
6124
5339
4413
3372
2248
1074
-115
-1287
-2406
-3443
-4367
-5154
-5784
-6243
-6519
-6611
-6519
-6251
-5821
-5246
-4546
-3748
-2878
-1965
-1038
-125
746
1552
2271
2885
3381
3749
3985
4090
4069
3930
3686
3353
2950
2495
2009
1514
1028
569
154
-203
-495
-713
-856
-923
-920
-853
-734
-574
-388
-191
0
172
310
403
439
413
320
160
-63
-346
-678
-1046
-1436
-1831
-2213
-2566
-2870
-3109
-3268
-3334
-3298
-3152
-2895
-2527
-2055
-1488
-839
-126
633
1415
2197
2955
3664
4300
4842
5270
5567
5722
5724
5571
5263
4805
4208
3486
2658
1746
774
-230
-1240
-2228
-3165
-4025
-4785
-5424
-5923
-6271
-6457
-6479
-6335
-6033
-5581
-4994
-4289
-3487
-2610
-1684
-733
216
1139
2013
2817
3532
4142
4635
5004
5244
5354
5337
5200
4952
4605
4174
3672
3118
2527
1916
1302
697
115
-431
-935
-1389
-1789
-2133
-2419
-2650
-2828
-2957
-3042
-3088
-3101
-3084
-3041
-2978
-2895
-2794
-2676
-2538
-2381
-2200
-1993
-1758
-1490
-1188
-850
-475
-66
375
845
1337
1841
2349
2849
3327
3771
4165
4496
4750
4915
4979
4934
4774
4495
4098
3586
2967
2251
1452
588
-320
-1252
-2183
-3089
-3944
-4723
-5405
-5967
-6391
-6664
-6773
-6713
-6483
-6085
-5528
-4825
-3992
-3053
-2030
-951
153
1254
2322
3326
4240
5039
5700
6207
6546
6710
6696
6506
6149
5636
4985
4217
3356
2429
1465
491
-463
-1371
-2208
-2950
-3579
-4081
-4446
-4667
-4745
-4684
-4492
-4182
-3770
-3276
-2721
-2127
-1518
-915
-341
184
645
1028
1323
1525
1631
1645
1572
1424
1212
953
665
366
75
-188
-408
-570
-661
-672
-598
-438
-195
123
507
941
1407
1886
2356
2793
3177
3485
3697
3797
3772
3613
3314
2876
2305
1612
813
-72
-1019
-2000
-2984
-3939
-4834
-5637
-6317
-6848
-7206
-7373
-7335
-7086
-6624
-5956
-5094
-4057
-2871
-1565
-175
1260
2702
4107
5435
6644
7698
8563
9210
9616
9766
9652
9272
8634
7751
6647
5350
3895
2320
670
-1009
-2671
-4270
-5759
-7097
-8246
-9173
-9852
-10265
-10399
-10253
-9830
-9143
-8213
-7067
-5738
-4265
-2690
-1057
586
2195
3725
5133
6384
7442
8282
8884
9234
9327
9165
8758
8121
7277
6254
5085
3807
2458
1077
-294
-1619
-2860
-3984
-4964
-5775
-6400
-6826
-7049
-7067
-6888
-6525
-5993
-5316
-4518
-3627
-2673
-1686
-697
263
1171
2000
2729
3342
3825
4171
4377
4443
4375
4182
3878
3479
3001
2466
1893
1303
716
151
-375
-849
-1258
-1594
-1850
-2024
-2117
-2132
-2075
-1954
-1780
-1563
-1316
-1051
-780
-514
-265
-40
152
308
425
502
539
540
510
455
381
296
208
125
54
0
-31
-37
-16
32
106
202
315
438
564
685
793
880
937
958
937
870
756
593
385
136
-148
-458
-785
-1117
-1440
-1741
-2008
-2227
-2385
-2474
-2483
-2407
-2241
-1986
-1644
-1221
-726
-170
431
1061
1700
2329
2925
3468
3938
4314
4581
4723
4730
4594
4312
3885
3319
2624
1816
912
-63
-1086
-2127
-3157
-4144
-5059
-5871
-6553
-7080
-7430
-7587
-7539
-7279
-6807
-6130
-5257
-4208
-3006
-1678
-258
1216
2709
4177
5581
6879
8034
9008
9772
10298
10565
10560
10275
9712
8878
7789
6468
4945
3257
1444
-448
-2370
-4273
-6105
-7817
-9361
-10693
-11774
-12571
-13059
-13219
-13041
-12525
-11679
-10519
-9073
-7373
-5459
-3380
-1186
1065
3317
5511
7590
9498
11184
12602
13713
14484
14894
14928
14582
13864
12788
11380
9675
7715
5549
3233
825
-1611
-4014
-6321
-8472
-10410
-12087
-13456
-14484
-15142
-15415
-15294
-14784
-13898
-12661
-11105
-9271
-7209
-4973
-2621
-217
2176
4497
6685
8684
10442
11915
13067
13870
14306
14368
14058
13388
12379
11063
9479
7672
5694
3600
1448
-703
-2797
-4777
-6592
-8196
-9548
-10618
-11381
-11822
-11937
-11729
-11211
-10405
-9339
-8050
-6579
-4971
-3276
-1544
174
1831
3381
4782
5999
7001
7766
8278
8532
8528
8275
7789
7092
6214
5187
4050
2841
1601
370
-811
-1908
-2888
-3723
-4392
-4877
-5169
-5267
-5173
-4898
-4459
-3876
-3176
-2387
-1543
-674
183
1000
1745
2392
2919
3306
3541
3618
3535
3298
2917
2406
1788
1086
327
-458
-1242
-1992
-2681
-3280
-3767
-4122
-4328
-4377
-4264
-3990
-3561
-2990
-2295
-1496
-621
303
1246
2176
3062
3874
4584
5167
5602
5872
5968
5883
5617
5176
4573
3822
2947
1973
927
-157
-1249
-2316
-3326
-4248
-5055
-5723
-6231
-6566
-6717
-6680
-6457
-6054
-5485
-4766
-3918
-2968
-1943
-874
209
1275
2294
3238
4080
4799
5376
5798
6054
6142
6062
5820
5427
4897
4249
3503
2684
1817
927
40
-817
-1625
-2359
-3004
-3543
-3965
-4263
-4434
-4477
-4399
-4205
-3907
-3518
-3054
-2532
-1970
-1387
-800
-227
316
816
1261
1640
1947
2178
2331
2407
2410
2344
2218
2039
1819
1567
1294
1011
727
452
195
-38
-242
-413
-549
-649
-714
-745
-747
-722
-675
-612
-538
-456
-373
-291
-215
-147
-89
-42
-7
16
30
36
35
30
22
13
6
1
0
1
6
13
22
30
35
36
30
16
-7
-42
-89
-147
-215
-291
-373
-456
-538
-612
-675
-722
-747
-745
-714
-649
-549
-413
-242
-38
195
452
727
1011
1294
1567
1819
2039
2218
2344
2410
2407
2331
2178
1947
1640
1261
816
316
-227
-800
-1387
-1970
-2532
-3054
-3518
-3907
-4205
-4399
-4477
-4434
-4263
-3965
-3543
-3004
-2359
-1625
-817
40
927
1817
2684
3503
4249
4897
5427
5820
6062
6142
6054
5798
5376
4799
4080
3238
2294
1275
209
-874
-1943
-2968
-3918
-4766
-5485
-6054
-6457
-6680
-6717
-6566
-6231
-5723
-5055
-4248
-3326
-2316
-1249
-157
927
1973
2947
3822
4573
5176
5617
5883
5968
5872
5602
5167
4584
3874
3062
2176
1246
303
-621
-1496
-2295
-2990
-3561
-3990
-4264
-4377
-4328
-4122
-3767
-3280
-2681
-1992
-1242
-458
327
1086
1788
2406
2917
3298
3535
3618
3541
3306
2919
2392
1745
1000
183
-674
-1543
-2387
-3176
-3876
-4459
-4898
-5173
-5267
-5169
-4877
-4392
-3723
-2888
-1908
-811
370
1601
2841
4050
5187
6214
7092
7789
8275
8528
8532
8278
7766
7001
5999
4782
3381
1831
174
-1544
-3276
-4971
-6579
-8050
-9339
-10405
-11211
-11729
-11937
-11822
-11381
-10618
-9548
-8196
-6592
-4777
-2797
-703
1448
3600
5694
7672
9479
11063
12379
13388
14058
14368
14306
13870
13067
11915
10442
8684
6685
4497
2176
-217
-2621
-4973
-7209
-9271
-11105
-12661
-13898
-14784
-15294
-15415
-15142
-14484
-13456
-12087
-10410
-8472
-6321
-4014
-1611
825
3233
5549
7715
9675
11380
12788
13864
14582
14928
14894
14484
13713
12602
11184
9498
7590
5511
3317
1065
-1186
-3380
-5459
-7373
-9073
-10519
-11679
-12525
-13041
-13219
-13059
-12571
-11774
-10693
-9361
-7817
-6105
-4273
-2370
-448
1444
3257
4945
6468
7789
8878
9712
10275
10560
10565
10298
9772
9008
8034
6879
5581
4177
2709
1216
-258
-1678
-3006
-4208
-5257
-6130
-6807
-7279
-7539
-7587
-7430
-7080
-6553
-5871
-5059
-4144
-3157
-2127
-1086
-63
912
1816
2624
3319
3885
4312
4594
4730
4723
4581
4314
3938
3468
2925
2329
1700
1061
431
-170
-726
-1221
-1644
-1986
-2241
-2407
-2483
-2474
-2385
-2227
-2008
-1741
-1440
-1117
-785
-458
-148
136
385
593
756
870
937
958
937
880
793
685
564
438
315
202
106
32
-16
-37
-31
0
54
125
208
296
381
455
510
540
539
502
425
308
152
-40
-265
-514
-780
-1051
-1316
-1563
-1780
-1954
-2075
-2132
-2117
-2024
-1850
-1594
-1258
-849
-375
151
716
1303
1893
2466
3001
3479
3878
4182
4375
4443
4377
4171
3825
3342
2729
2000
1171
263
-697
-1686
-2673
-3627
-4518
-5316
-5993
-6525
-6888
-7067
-7049
-6826
-6400
-5775
-4964
-3984
-2860
-1619
-294
1077
2458
3807
5085
6254
7277
8121
8758
9165
9327
9234
8884
8282
7442
6384
5133
3725
2195
586
-1057
-2690
-4265
-5738
-7067
-8213
-9143
-9830
-10253
-10399
-10265
-9852
-9173
-8246
-7097
-5759
-4270
-2671
-1009
670
2320
3895
5350
6647
7751
8634
9272
9652
9766
9616
9210
8563
7698
6644
5435
4107
2702
1260
-175
-1565
-2871
-4057
-5094
-5956
-6624
-7086
-7335
-7373
-7206
-6848
-6317
-5637
-4834
-3939
-2984
-2000
-1019
-72
813
1612
2305
2876
3314
3613
3772
3797
3697
3485
3177
2793
2356
1886
1407
941
507
123
-195
-438
-598
-672
-661
-570
-408
-188
75
366
665
953
1212
1424
1572
1645
1631
1525
1323
1028
645
184
-341
-915
-1518
-2127
-2721
-3276
-3770
-4182
-4492
-4684
-4745
-4667
-4446
-4081
-3579
-2950
-2208
-1371
-463
491
1465
2429
3356
4217
4985
5636
6149
6506
6696
6710
6546
6207
5700
5039
4240
3326
2322
1254
153
-951
-2030
-3053
-3992
-4825
-5528
-6085
-6483
-6713
-6773
-6664
-6391
-5967
-5405
-4723
-3944
-3089
-2183
-1252
-320
588
1452
2251
2967
3586
4098
4495
4774
4934
4979
4915
4750
4496
4165
3771
3327
2849
2349
1841
1337
845
375
-66
-475
-850
-1188
-1490
-1758
-1993
-2200
-2381
-2538
-2676
-2794
-2895
-2978
-3041
-3084
-3101
-3088
-3042
-2957
-2828
-2650
-2419
-2133
-1789
-1389
-935
-431
115
697
1302
1916
2527
3118
3672
4174
4605
4952
5200
5337
5354
5244
5004
4635
4142
3532
2817
2013
1139
216
-733
-1684
-2610
-3487
-4289
-4994
-5581
-6033
-6335
-6479
-6457
-6271
-5923
-5424
-4785
-4025
-3165
-2228
-1240
-230
774
1746
2658
3486
4208
4805
5263
5571
5724
5722
5567
5270
4842
4300
3664
2955
2197
1415
633
-126
-839
-1488
-2055
-2527
-2895
-3152
-3298
-3334
-3268
-3109
-2870
-2566
-2213
-1831
-1436
-1046
-678
-346
-63
160
320
413
439
403
310
172
0
-191
-388
-574
-734
-853
-920
-923
-856
-713
-495
-203
154
569
1028
1514
2009
2495
2950
3353
3686
3930
4069
4090
3985
3749
3381
2885
2271
1552
746
-125
-1038
-1965
-2878
-3748
-4546
-5246
-5821
-6251
-6519
-6611
-6519
-6243
-5784
-5154
-4367
-3443
-2406
-1287
-115
1074
2248
3372
4413
5339
6124
6744
7180
7421
7459
7293
6928
6377
5656
4787
3797
2714
1573
406
-752
-1870
-2914
-3857
-4673
-5341
-5846
-6178
-6332
-6310
-6117
-5765
-5272
-4656
-3942
-3155
-2322
-1471
-629
178
929
1604
2185
2661
3024
3271
3403
3426
3349
3185
2948
2657
2329
1983
1637
1308
1009
754
552
407
321
292
316
382
481
597
716
823
900
933
908
815
646
396
64
-344
-822
-1358
-1935
-2533
-3132
-3706
-4231
-4682
-5034
-5266
-5358
-5295
-5066
-4665
-4093
-3357
-2469
-1447
-316
893
2150
3417
4654
5822
6880
7793
8524
9043
9326
9355
9118
8612
7843
6825
5579
4134
2528
803
-992
-2810
-4596
-6296
-7861
-9239
-10388
-11270
-11853
-12115
-12043
-11633
-10892
-9836
-8492
-6895
-5088
-3119
-1045
1075
3183
5218
7120
8834
10310
11506
12386
12925
