17269
10860
2323
-6503
-13675
-17624
-17552
-13646
-7044
438
6748
10116
9502
4874
-2766
-11612
-19489
-24393
-24992
-20975
-13146
-3247
6453
13713
16874
15271
9419
894
-8039
-14981
-17991
-16075
-9452
484
11483
20977
26708
27284
22529
13547
2464
-8071
-15531
-18124
-15240
-7608
2863
13539
21694
25174
22923
15258
3804
-8879
-19903
-26744
-27847
-23008
-13430
-1444
10040
18230
21115
17953
9452
-2389
-14751
-24660
-29696
-28562
-21402
-9768
3740
16081
24488
27110
23450
14470
2370
-9933
-19489
-23995
-22337
-14836
-3174
10002
21698
29260
30980
26482
16796
4110
-8737
-18907
-24204
-23562
-17269
-6882
5141
16010
23227
25144
21317
12579
836
-11371
-21439
-27272
-27724
-22829
-13764
-2566
8328
16611
20598
19566
13876
4870
-5444
-14830
-21300
-23513
-21037
-14409
-4991
5321
14505
20812
23111
21086
15278
6950
-2178
-10279
-15767
-17601
-15467
-9822
-1797
7032
14943
20394
22308
20275
14624
6366
-2997
-11743
-18255
-21326
-20385
-15618
-7946
1143
9863
16470
19603
18552
13416
5102
-4831
-14468
-21899
-25605
-24765
-19436
-10561
202
10793
19159
23661
23411
18457
9790
-852
-11321
-19489
-23676
-22989
-17506
-8259
2970
14002
22701
27390
27185
22159
13316
2383
-8538
-17386
-22537
-23111
-19117
-11435
-1619
8414
16757
21866
22839
19557
12675
3479
-6373
-15156
-21389
-24077
-22861
-18059
-10579
-1745
6935
14023
18380
19340
16806
11247
3621
-4785
-12557
-18379
-21238
-20593
-16466
-9452
-634
8577
16669
22278
24419
22671
17266
9070
-547
-9934
-17446
-21735
-21998
-18136
-10784
-1216
8878
17691
23626
25585
23172
16768
7458
-3158
-13264
-21146
-25502
-25659
-21680
-14337
-4956
4831
13373
19282
21658
20214
15302
7819
-962
-9610
-16770
-21364
-22742
-20752
-15744
-8489
-60
8328
15489
20425
22454
21302
17139
10562
2517
-5819
-13200
-18490
-20833
-19793
-15444
-8376
370
9452
17427
22985
25167
23534
18256
10098
306
-9595
-18051
-23738
-25781
-23899
-18445
-10342
-916
8328
15950
20809
22233
20100
14836
7317
-1280
-9676
-16676
-21335
-23071
-21720
-17531
-11107
-3316
4831
12303
18167
21692
22436
20294
15522
8715
749
-7315
-14367
-19391
-21614
-20635
-16499
-9718
-1216
7793
15984
22118
25243
24846
20941
14071
5225
-4317
-13185
-20136
-24233
-24981
-22385
-16923
-9452
-1064
7079
13917
18615
20664
19908
16541
11055
4160
-3299
-10441
-16433
-20571
-22346
-21500
-18059
-12350
-4978
3219
11256
18121
22898
24907
23810
19683
13021
4692
-4186
-12397
-18810
-22546
-23111
-20461
-15010
-7549
873
9116
16108
20992
23227
22631
19380
13947
7025
-575
-8021
-14540
-19489
-22393
-22979
-21192
-17198
-11380
-4318
3252
10500
16581
20738
22403
21287
17441
11278
3530
-4831
-12726
-19119
-23164
-24330
-22475
-17858
-11093
-3053
5263
12871
18928
22826
24245
23158
19803
14624
8203
1193
-5740
-11965
-16925
-20162
-21356
-20348
-17173
-12078
-5526
1827
9185
15695
20553
23111
22980
20099
14756
7561
-632
-8844
-16108
-21593
-24718
-25209
-23119
-18786
-12774
-5772
1491
8328
14156
18525
21131
21815
20554
17456
12759
6829
157
-6661
-12962
-18074
-21393
-22467
-21073
-17269
-11407
-4108
3815
11459
17953
22575
24845
24580
21894
17166
10967
3970
-3141
-9741
-15316
-19489
-22014
-22770
-21741
-19008
-14749
-9242
-2876
3856
10372
16048
20279
22562
22571
20219
15695
9452
2160
-5382
-12349
-18005
-21791
-23390
-22743
-20034
-15633
-10027
-3752
2675
8791
14203
18591
21694
23307
23278
21529
18082
13090
6866
-124
-7279
-13920
-19371
-23050
-24552
-23716
-20646
-15704
-9452
-2566
4252
10371
15295
18702
20448
20539
19094
16300
12377
7562
2112
-3683
-9486
-14901
-19489
-22805
-24451
-24142
-21768
-17438
-11484
-4439
3027
10196
16398
21097
23949
24833
23833
21195
17269
12441
7082
1521
-3964
-9127
-13732
-17535
-20273
-21685
-21548
-19726
-16225
-11226
-5098
1631
8328
14339
19077
22108
23198
22340
19731
15719
10741
5241
-379
-5798
-10778
-15145
-18756
-21466
-23111
-23512
-22505
-19986
-15959
-10586
-4196
2727
9595
15790
20750
24052
25465
24976
22770
19180
14624
9523
4248
-917
-5776
-10197
-14077
-17297
-19700
-21088
-21249
-20007
-17276
-13115
-7755
-1596
4831
10938
16157
20031
22272
22793
21697
19237
15748
11578
7027
2319
-2403
-7049
-11537
-15747
-19489
-22499
-24467
-25085
-24121
-21478
-17245
-11701
-5294
1425
7882
13568
18106
21295
23105
23647
23111
21701
19579
16838
13498
9548
4992
-89
-5505
-10937
-15966
-20131
-23004
-24269
-23789
-21632
-18059
-13479
-8369
-3188
1692
6031
9732
12810
15333
17361
18889
19825
19992
19174
17181
13920
9452
4016
-1983
-8031
-13586
-18168
-21437
-23239
-23614
-22759
-20961
-18517
-15660
-12521
-9114
-5374
-1216
3394
8381
13521
18461
22755
25952
27680
27728
26088
22961
18716
13812
8707
3772
-764
-4831
-8490
-11867
-15078
-18157
-21005
-23396
-25007
-25498
-24600
-22191
-18354
-13373
-7699
-1865
3613
8328
12050
14744
16547
17693
18431
18934
19241
19243
18710
17367
14982
11457
6883
1553
-4073
-9452
-14062
-17506
-19582
-20313
-19919
-18745
-17163
-15467
-13805
-12147
-10313
-8037
-5073
-1287
3267
8328
13456
18116
21785
24065
24768
23951
21896
19028
15815
12647
9751
7146
4666
2023
-1077
-4831
-9250
-14115
-19011
-23395
-26721
-28561
-28704
-27204
-24367
-20675
-16664
-12802
-9378
-6445
-3833
-1216
1772
5409
9781
14721
19828
24540
28256
30482
30944
29657
26921
23245
19226
15398
12111
9452
7239
5094
2565
-728
-4965
-10045
-15584
-20986
-25578
-28767
-30179
-29755
-27760
-24720
-21282
-18059
-15470
-13644
-12393
-11282
-9753
-7294
-3603
1312
7104
13150
18690
23005
25590
26278
25276
23111
20490
18120
16519
15885
16045
16506
16589
15621
13129
8982
3453
-2828
-9013
-14239
-17836
-19489
-19316
-17833
-15814
-14091
-13329
-13846
-15527
-17844
-19995
-21112
-20496
-17815
-13207
-7266
-912
4831
9088
11343
11577
10263
8243
6510
5936
7044
9852
13860
18163
21681
23433
22803
19704
14624
8515
2563
-2101
-4690
-4961
-3277
-517
2150
3571
2915
-95
-5096
-11155
-16996
-21313
-23111
-21957
-18111
-12473
-6364
-1202
1858
2218
0
-3978
-8403
-11804
-12923
-11061
-6263
661
8328
15110
19547
20709
18446
13439
7038
933
-3268
-4451
-2288
2670
9109
15281
19436
20270
-17269
-10860
-2323
6503
13675
17624
17552
13646
7044
-438
-6748
-10116
-9502
-4874
2766
11612
19489
24393
24992
20975
13146
3247
-6453
-13713
-16874
-15271
-9419
-894
8039
14981
17991
16075
9452
-484
-11483
-20977
-26708
-27284
-22529
-13547
-2464
8071
15531
18124
15240
7608
-2863
-13539
-21694
-25174
-22923
-15258
-3804
8879
19903
26744
27847
23008
13430
1444
-10040
-18230
-21115
-17953
-9452
2389
14751
24660
29696
28562
21402
9768
-3740
-16081
-24488
-27110
-23450
-14470
-2370
9933
19489
23995
22337
14836
3174
-10002
-21698
-29260
-30980
-26482
-16796
-4110
8737
18907
24204
23562
17269
6882
-5141
-16010
-23227
-25144
-21317
-12579
-836
11371
21439
27272
27724
22829
13764
2566
-8328
-16611
-20598
-19566
-13876
-4870
5444
14830
21300
23513
21037
14409
4991
-5321
-14505
-20812
-23111
-21086
-15278
-6950
2178
10279
15767
17601
15467
9822
1797
-7032
-14943
-20394
-22308
-20275
-14624
-6366
2997
11743
18255
21326
20385
15618
7946
-1143
-9863
-16470
-19603
-18552
-13416
-5102
4831
14468
21899
25605
24765
19436
10561
-202
-10793
-19159
-23661
-23411
-18457
-9790
852
11321
19489
23676
22989
17506
8259
-2970
-14002
-22701
-27390
-27185
-22159
-13316
-2383
8538
17386
22537
23111
19117
11435
1619
-8414
-16757
-21866
-22839
-19557
-12675
-3479
6373
15156
21389
24077
22861
18059
10579
1745
-6935
-14023
-18380
-19340
-16806
-11247
-3621
4785
12557
18379
21238
20593
16466
9452
634
-8577
-16669
-22278
-24419
-22671
-17266
-9070
547
9934
17446
21735
21998
18136
10784
1216
-8878
-17691
-23626
-25585
-23172
-16768
-7458
3158
13264
21146
25502
25659
21680
14337
4956
-4831
-13373
-19282
-21658
-20214
-15302
-7819
962
9610
16770
21364
22742
20752
15744
8489
60
-8328
-15489
-20425
-22454
-21302
-17139
-10562
-2517
5819
13200
18490
20833
19793
15444
8376
-370
-9452
-17427
-22985
-25167
-23534
-18256
-10098
-306
9595
18051
23738
25781
23899
18445
10342
916
-8328
-15950
-20809
-22233
-20100
-14836
-7317
1280
9676
16676
21335
23071
21720
17531
11107
3316
-4831
-12303
-18167
-21692
-22436
-20294
-15522
-8715
-749
7315
14367
19391
21614
20635
16499
9718
1216
-7793
-15984
-22118
-25243
-24846
-20941
-14071
-5225
4317
13185
20136
24233
24981
22385
16923
9452
1064
-7079
-13917
-18615
-20664
-19908
-16541
-11055
-4160
3299
10441
16433
20571
22346
21500
18059
12350
4978
-3219
-11256
-18121
-22898
-24907
-23810
-19683
-13021
-4692
4186
12397
18810
22546
23111
20461
15010
7549
-873
-9116
-16108
-20992
-23227
-22631
-19380
-13947
-7025
575
8021
14540
19489
22393
22979
21192
17198
11380
4318
-3252
-10500
-16581
-20738
-22403
-21287
-17441
-11278
-3530
4831
12726
19119
23164
24330
22475
17858
11093
3053
-5263
-12871
-18928
-22826
-24245
-23158
-19803
-14624
-8203
-1193
5740
11965
16925
20162
21356
20348
17173
12078
5526
-1827
-9185
-15695
-20553
-23111
-22980
-20099
-14756
-7561
632
8844
16108
21593
24718
25209
23119
18786
12774
5772
-1491
-8328
-14156
-18525
-21131
-21815
-20554
-17456
-12759
-6829
-157
6661
12962
18074
21393
22467
21073
17269
11407
4108
-3815
-11459
-17953
-22575
-24845
-24580
-21894
-17166
-10967
-3970
3141
9741
15316
19489
22014
22770
21741
19008
14749
9242
2876
-3856
-10372
-16048
-20279
-22562
-22571
-20219
-15695
-9452
-2160
5382
12349
18005
21791
23390
22743
20034
15633
10027
3752
-2675
-8791
-14203
-18591
-21694
-23307
-23278
-21529
-18082
-13090
-6866
124
7279
13920
19371
23050
24552
23716
20646
15704
9452
2566
-4252
-10371
-15295
-18702
-20448
-20539
-19094
-16300
-12377
-7562
-2112
3683
9486
14901
19489
22805
24451
24142
21768
17438
11484
4439
-3027
-10196
-16398
-21097
-23949
-24833
-23833
-21195
-17269
-12441
-7082
-1521
3964
9127
13732
17535
20273
21685
21548
19726
16225
11226
5098
-1631
-8328
-14339
-19077
-22108
-23198
-22340
-19731
-15719
-10741
-5241
379
5798
10778
15145
18756
21466
23111
23512
22505
19986
15959
10586
4196
-2727
-9595
-15790
-20750
-24052
-25465
-24976
-22770
-19180
-14624
-9523
-4248
917
5776
10197
14077
17297
19700
21088
21249
20007
17276
13115
7755
1596
-4831
-10938
-16157
-20031
-22272
-22793
-21697
-19237
-15748
-11578
-7027
-2319
2403
7049
11537
15747
19489
22499
24467
25085
24121
21478
17245
11701
5294
-1425
-7882
-13568
-18106
-21295
-23105
-23647
-23111
-21701
-19579
-16838
-13498
-9548
-4992
89
5505
10937
15966
20131
23004
24269
23789
21632
18059
13479
8369
3188
-1692
-6031
-9732
-12810
-15333
-17361
-18889
-19825
-19992
-19174
-17181
-13920
-9452
-4016
1983
8031
13586
18168
21437
23239
23614
22759
20961
18517
15660
12521
9114
5374
1216
-3394
-8381
-13521
-18461
-22755
-25952
-27680
-27728
-26088
-22961
-18716
-13812
-8707
-3772
764
4831
8490
11867
15078
18157
21005
23396
25007
25498
24600
22191
18354
13373
7699
1865
-3613
-8328
-12050
-14744
-16547
-17693
-18431
-18934
-19241
-19243
-18710
-17367
-14982
-11457
-6883
-1553
4073
9452
14062
17506
19582
20313
19919
18745
17163
15467
13805
12147
10313
8037
5073
1287
-3267
-8328
-13456
-18116
-21785
-24065
-24768
-23951
-21896
-19028
-15815
-12647
-9751
-7146
-4666
-2023
1077
4831
9250
14115
19011
23395
26721
28561
28704
27204
24367
20675
16664
12802
9378
6445
3833
1216
-1772
-5409
-9781
-14721
-19828
-24540
-28256
-30482
-30944
-29657
-26921
-23245
-19226
-15398
-12111
-9452
-7239
-5094
-2565
728
4965
10045
15584
20986
25578
28767
30179
29755
27760
24720
21282
18059
15470
13644
12393
11282
9753
7294
3603
-1312
-7104
-13150
-18690
-23005
-25590
-26278
-25276
-23111
-20490
-18120
-16519
-15885
-16045
-16506
-16589
-15621
-13129
-8982
-3453
2828
9013
14239
17836
19489
19316
17833
15814
14091
13329
13846
15527
17844
19995
21112
20496
17815
13207
7266
912
-4831
-9088
-11343
-11577
-10263
-8243
-6510
-5936
-7044
-9852
-13860
-18163
-21681
-23433
-22803
-19704
-14624
-8515
-2563
2101
4690
4961
3277
517
-2150
-3571
-2915
95
5096
11155
16996
21313
23111
21957
18111
12473
6364
1202
-1858
-2218
0
3978
8403
11804
12923
11061
6263
-661
-8328
-15110
-19547
-20709
-18446
-13439
-7038
-933
3268
4451
2288
-2670
-9109
-15281
-19436
-20270
-17269
-10860
-2323
6503
13675
17624
17552
13646
7044
-438
-6748
-10116
-9502
-4874
2766
11612
19489
24393
24992
20975
13146
3247
-6453
-13713
-16874
-15271
-9419
-894
8039
14981
17991
16075
9452
-484
-11483
-20977
-26708
-27284
-22529
-13547
-2464
8071
15531
18124
15240
7608
-2863
-13539
-21694
-25174
-22923
-15258
-3804
8879
19903
26744
27847
23008
13430
1444
-10040
-18230
-21115
-17953
-9452
2389
14751
24660
29696
28562
21402
9768
-3740
-16081
-24488
-27110
-23450
-14470
-2370
9933
19489
23995
22337
14836
3174
-10002
-21698
-29260
-30980
-26482
-16796
-4110
8737
18907
24204
23562
17269
6882
-5141
-16010
-23227
-25144
-21317
-12579
-836
11371
21439
27272
27724
22829
13764
2566
-8328
-16611
-20598
-19566
-13876
-4870
5444
14830
21300
23513
21037
14409
4991
-5321
-14505
-20812
-23111
-21086
-15278
-6950
2178
10279
15767
17601
15467
9822
1797
-7032
-14943
-20394
-22308
-20275
-14624
-6366
2997
11743
18255
21326
20385
15618
7946
-1143
-9863
-16470
-19603
-18552
-13416
-5102
4831
14468
21899
25605
24765
19436
10561
-202
-10793
-19159
-23661
-23411
-18457
-9790
852
11321
19489
23676
22989
17506
8259
-2970
-14002
-22701
-27390
-27185
-22159
-13316
-2383
8538
17386
22537
23111
19117
11435
1619
-8414
-16757
-21866
-22839
-19557
-12675
-3479
6373
15156
21389
24077
22861
18059
10579
1745
-6935
-14023
-18380
-19340
-16806
-11247
-3621
4785
12557
18379
21238
20593
16466
9452
634
-8577
-16669
-22278
-24419
-22671
-17266
-9070
547
9934
17446
21735
21998
18136
10784
1216
-8878
-17691
-23626
-25585
-23172
-16768
-7458
3158
13264
21146
25502
25659
21680
14337
4956
-4831
-13373
-19282
-21658
-20214
-15302
-7819
962
9610
16770
21364
22742
20752
15744
8489
60
-8328
-15489
-20425
-22454
-21302
-17139
-10562
-2517
5819
13200
18490
20833
19793
15444
8376
-370
-9452
-17427
-22985
-25167
-23534
-18256
-10098
-306
9595
18051
23738
25781
23899
18445
10342
916
-8328
-15950
-20809
-22233
-20100
-14836
-7317
1280
9676
16676
21335
23071
21720
17531
11107
3316
-4831
-12303
-18167
-21692
-22436
-20294
-15522
-8715
-749
7315
14367
19391
21614
20635
16499
9718
1216
-7793
-15984
-22118
-25243
-24846
-20941
-14071
-5225
4317
13185
20136
24233
24981
22385
16923
9452
1064
-7079
-13917
-18615
-20664
-19908
-16541
-11055
-4160
3299
10441
16433
20571
22346
21500
18059
12350
4978
-3219
-11256
-18121
-22898
-24907
-23810
-19683
-13021
-4692
4186
12397
18810
22546
23111
20461
15010
7549
-873
-9116
-16108
-20992
-23227
-22631
-19380
-13947
-7025
575
8021
14540
19489
22393
22979
21192
17198
11380
4318
-3252
-10500
-16581
-20738
-22403
-21287
-17441
-11278
-3530
4831
12726
19119
23164
24330
22475
17858
11093
3053
-5263
-12871
-18928
-22826
-24245
-23158
-19803
-14624
-8203
-1193
5740
11965
16925
20162
21356
20348
17173
12078
5526
-1827
-9185
-15695
-20553
-23111
-22980
-20099
-14756
-7561
632
8844
16108
21593
24718
25209
23119
18786
12774
5772
-1491
-8328
-14156
-18525
-21131
-21815
-20554
-17456
-12759
-6829
-157
6661
12962
18074
21393
22467
21073
17269
11407
4108
-3815
-11459
-17953
-22575
-24845
-24580
-21894
-17166
-10967
-3970
3141
9741
15316
19489
22014
22770
21741
19008
14749
9242
2876
-3856
-10372
-16048
-20279
-22562
-22571
-20219
-15695
-9452
-2160
5382
12349
18005
21791
23390
22743
20034
15633
10027
3752
-2675
-8791
-14203
-18591
-21694
-23307
-23278
-21529
-18082
-13090
-6866
124
7279
13920
19371
23050
24552
23716
20646
15704
9452
2566
-4252
-10371
-15295
-18702
-20448
-20539
-19094
-16300
-12377
-7562
-2112
3683
9486
14901
19489
22805
24451
24142
21768
17438
11484
4439
-3027
-10196
-16398
-21097
-23949
-24833
-23833
-21195
-17269
-12441
-7082
-1521
3964
9127
13732
17535
20273
21685
21548
19726
16225
11226
5098
-1631
-8328
-14339
-19077
-22108
-23198
-22340
-19731
-15719
-10741
-5241
379
5798
10778
15145
18756
21466
23111
23512
22505
19986
15959
10586
4196
-2727
-9595
-15790
-20750
-24052
-25465
-24976
-22770
-19180
-14624
-9523
-4248
917
5776
10197
14077
17297
19700
21088
21249
20007
17276
13115
7755
1596
-4831
-10938
-16157
-20031
-22272
-22793
-21697
-19237
-15748
-11578
-7027
-2319
2403
7049
11537
15747
19489
22499
24467
25085
24121
21478
17245
11701
5294
-1425
-7882
-13568
-18106
-21295
-23105
-23647
-23111
-21701
-19579
-16838
-13498
-9548
-4992
89
5505
10937
15966
20131
23004
24269
23789
21632
18059
13479
8369
3188
-1692
-6031
-9732
-12810
-15333
-17361
-18889
-19825
-19992
-19174
-17181
-13920
-9452
-4016
1983
8031
13586
18168
21437
23239
23614
22759
20961
18517
15660
12521
9114
5374
1216
-3394
-8381
-13521
-18461
-22755
-25952
-27680
-27728
-26088
-22961
-18716
-13812
-8707
-3772
764
4831
8490
11867
15078
18157
21005
23396
25007
25498
24600
22191
18354
13373
7699
1865
-3613
-8328
-12050
-14744
-16547
-17693
-18431
-18934
-19241
-19243
-18710
-17367
-14982
-11457
-6883
-1553
4073
9452
14062
17506
19582
20313
19919
18745
17163
15467
13805
12147
10313
8037
5073
1287
-3267
-8328
-13456
-18116
-21785
-24065
-24768
-23951
-21896
-19028
-15815
-12647
-9751
-7146
-4666
-2023
1077
4831
9250
14115
19011
23395
26721
28561
28704
27204
24367
20675
16664
12802
9378
6445
3833
1216
-1772
-5409
-9781
-14721
-19828
-24540
-28256
-30482
-30944
-29657
-26921
-23245
-19226
-15398
-12111
-9452
-7239
-5094
-2565
728
4965
10045
15584
20986
25578
28767
30179
29755
27760
24720
21282
18059
15470
13644
12393
11282
9753
7294
3603
-1312
-7104
-13150
-18690
-23005
-25590
-26278
-25276
-23111
-20490
-18120
-16519
-15885
-16045
-16506
-16589
-15621
-13129
-8982
-3453
2828
9013
14239
17836
19489
19316
17833
15814
14091
13329
13846
15527
17844
19995
21112
20496
17815
13207
7266
912
-4831
-9088
-11343
-11577
-10263
-8243
-6510
-5936
-7044
-9852
-13860
-18163
-21681
-23433
-22803
-19704
-14624
-8515
-2563
2101
4690
4961
3277
517
-2150
-3571
-2915
95
5096
11155
16996
21313
23111
21957
18111
12473
6364
1202
-1858
-2218
0
3978
8403
11804
12923
11061
6263
-661
-8328
-15110
-19547
-20709
-18446
-13439
-7038
-933
3268
4451
2288
-2670
-9109
-15281
-19436
-20270
-17269
-10860
-2323
6503
13675
17624
17552
13646
7044
-438
-6748
-10116
-9502
-4874
2766
11612
19489
24393
24992
20975
13146
3247
-6453
-13713
-16874
-15271
-9419
-894
8039
14981
17991
16075
9452
-484
-11483
-20977
-26708
-27284
-22529
-13547
-2464
8071
15531
18124
15240
7608
-2863
-13539
-21694
-25174
-22923
-15258
-3804
8879
19903
26744
27847
23008
13430
1444
-10040
-18230
-21115
-17953
-9452
2389
14751
24660
29696
28562
21402
9768
-3740
-16081
-24488
-27110
-23450
-14470
-2370
9933
19489
23995
22337
14836
3174
-10002
-21698
-29260
-30980
-26482
-16796
-4110
8737
18907
24204
23562
17269
6882
-5141
-16010
-23227
-25144
-21317
-12579
-836
11371
21439
27272
27724
22829
13764
2566
-8328
-16611
-20598
-19566
-13876
-4870
5444
14830
21300
23513
21037
14409
4991
-5321
-14505
-20812
-23111
-21086
-15278
-6950
2178
10279
15767
17601
15467
9822
1797
-7032
-14943
-20394
-22308
-20275
-14624
-6366
2997
11743
18255
21326
20385
15618
7946
-1143
-9863
-16470
-19603
-18552
-13416
-5102
4831
14468
21899
25605
24765
19436
10561
-202
-10793
-19159
-23661
-23411
-18457
-9790
852
11321
19489
23676
22989
17506
8259
-2970
-14002
-22701
-27390
-27185
-22159
-13316
-2383
8538
17386
22537
23111
19117
11435
1619
-8414
-16757
-21866
-22839
-19557
-12675
-3479
6373
15156
21389
24077
22861
18059
10579
1745
-6935
-14023
-18380
-19340
-16806
-11247
-3621
4785
12557
18379
21238
20593
16466
9452
634
-8577
-16669
-22278
-24419
-22671
-17266
-9070
547
9934
17446
21735
21998
18136
10784
1216
-8878
-17691
-23626
-25585
-23172
-16768
-7458
3158
13264
21146
25502
25659
21680
14337
4956
-4831
-13373
-19282
-21658
-20214
-15302
-7819
962
9610
16770
21364
22742
20752
15744
8489
60
-8328
-15489
-20425
-22454
-21302
-17139
-10562
-2517
5819
13200
18490
20833
19793
15444
8376
-370
-9452
-17427
-22985
-25167
-23534
-18256
-10098
-306
9595
18051
23738
25781
23899
18445
10342
916
-8328
-15950
-20809
-22233
-20100
-14836
-7317
1280
9676
16676
21335
23071
21720
17531
11107
3316
-4831
-12303
-18167
-21692
-22436
-20294
-15522
-8715
-749
7315
14367
19391
21614
20635
16499
9718
1216
-7793
-15984
-22118
-25243
-24846
-20941
-14071
-5225
4317
13185
20136
24233
24981
22385
16923
9452
1064
-7079
-13917
-18615
-20664
-19908
-16541
-11055
-4160
3299
10441
16433
20571
22346
21500
18059
12350
4978
-3219
-11256
-18121
-22898
-24907
-23810
-19683
-13021
-4692
4186
12397
18810
22546
23111
20461
15010
7549
-873
-9116
-16108
-20992
-23227
-22631
-19380
-13947
-7025
575
8021
14540
19489
22393
22979
21192
17198
11380
4318
-3252
-10500
-16581
-20738
-22403
-21287
-17441
-11278
-3530
4831
12726
19119
23164
24330
22475
17858
11093
3053
-5263
-12871
-18928
-22826
-24245
-23158
-19803
-14624
-8203
-1193
5740
11965
16925
20162
21356
20348
17173
12078
5526
-1827
-9185
-15695
-20553
-23111
-22980
-20099
-14756
-7561
632
8844
16108
21593
24718
25209
23119
18786
12774
5772
-1491
-8328
-14156
-18525
-21131
-21815
-20554
-17456
-12759
-6829
-157
6661
12962
18074
21393
22467
21073
17269
11407
4108
-3815
-11459
-17953
-22575
-24845
-24580
-21894
-17166
-10967
-3970
3141
9741
15316
19489
22014
22770
21741
19008
14749
9242
2876
-3856
-10372
-16048
-20279
-22562
-22571
-20219
-15695
-9452
-2160
5382
12349
18005
21791
23390
22743
20034
15633
10027
3752
-2675
-8791
-14203
-18591
-21694
-23307
-23278
-21529
-18082
-13090
-6866
124
7279
13920
19371
23050
24552
23716
20646
15704
9452
2566
-4252
-10371
-15295
-18702
-20448
-20539
-19094
-16300
-12377
-7562
-2112
3683
9486
14901
19489
22805
24451
24142
21768
17438
11484
4439
-3027
-10196
-16398
-21097
-23949
-24833
-23833
-21195
-17269
-12441
-7082
-1521
3964
9127
13732
17535
20273
21685
21548
19726
16225
11226
5098
-1631
-8328
-14339
-19077
-22108
-23198
-22340
-19731
-15719
-10741
-5241
379
5798
10778
15145
18756
21466
23111
23512
22505
19986
15959
10586
4196
-2727
-9595
-15790
-20750
-24052
-25465
-24976
-22770
-19180
-14624
-9523
-4248
917
5776
10197
14077
17297
19700
21088
21249
20007
17276
13115
7755
1596
-4831
-10938
-16157
-20031
-22272
-22793
-21697
-19237
-15748
-11578
-7027
-2319
2403
7049
11537
15747
19489
22499
24467
25085
24121
21478
17245
11701
5294
-1425
-7882
-13568
-18106
-21295
-23105
-23647
-23111
-21701
-19579
-16838
-13498
-9548
-4992
89
5505
10937
15966
20131
23004
24269
23789
21632
18059
13479
8369
3188
-1692
-6031
-9732
-12810
-15333
-17361
-18889
-19825
-19992
-19174
-17181
-13920
-9452
-4016
1983
8031
13586
18168
21437
23239
23614
22759
20961
18517
15660
12521
9114
5374
1216
-3394
-8381
-13521
-18461
-22755
-25952
-27680
-27728
-26088
-22961
-18716
-13812
-8707
-3772
764
4831
8490
11867
15078
18157
21005
23396
25007
25498
24600
22191
18354
13373
7699
1865
-3613
-8328
-12050
-14744
-16547
-17693
-18431
-18934
-19241
-19243
-18710
-17367
-14982
-11457
-6883
-1553
4073
9452
14062
17506
19582
20313
19919
18745
17163
15467
13805
12147
10313
8037
5073
1287
-3267
-8328
-13456
-18116
-21785
-24065
-24768
-23951
-21896
-19028
-15815
-12647
-9751
-7146
-4666
-2023
1077
4831
9250
14115
19011
23395
26721
28561
28704
27204
24367
20675
16664
12802
9378
6445
3833
1216
-1772
-5409
-9781
-14721
-19828
-24540
-28256
-30482
-30944
-29657
-26921
-23245
-19226
-15398
-12111
-9452
-7239
-5094
-2565
728
4965
10045
15584
20986
25578
28767
30179
29755
27760
24720
21282
18059
15470
13644
12393
11282
9753
7294
3603
-1312
-7104
-13150
-18690
-23005
-25590
-26278
-25276
-23111
-20490
-18120
-16519
-15885
-16045
-16506
-16589
-15621
-13129
-8982
-3453
2828
9013
14239
17836
19489
19316
17833
15814
14091
13329
13846
15527
17844
19995
21112
20496
17815
13207
7266
912
-4831
-9088
-11343
-11577
-10263
-8243
-6510
-5936
-7044
-9852
-13860
-18163
-21681
-23433
-22803
-19704
-14624
-8515
-2563
2101
4690
4961
3277
517
-2150
-3571
-2915
95
5096
11155
16996
21313
23111
21957
18111
12473
6364
1202
-1858
-2218
0
3978
8403
11804
12923
11061
6263
-661
-8328
-15110
-19547
-20709
-18446
-13439
-7038
-933
3268
4451
2288
-2670
-9109
-15281
-19436
-20270
-17269
-10860
-2323
6503
13675
17624
17552
13646
7044
-438
-6748
-10116
-9502
-4874
2766
11612
19489
24393
24992
20975
13146
3247
-6453
-13713
-16874
-15271
-9419
-894
8039
14981
17991
16075
9452
-484
-11483
-20977
-26708
-27284
-22529
-13547
-2464
8071
15531
18124
15240
7608
-2863
-13539
-21694
-25174
-22923
-15258
-3804
8879
19903
26744
27847
23008
13430
1444
-10040
-18230
-21115
-17953
-9452
2389
14751
24660
29696
28562
21402
9768
-3740
-16081
-24488
-27110
-23450
-14470
-2370
9933
19489
23995
22337
14836
3174
-10002
-21698
-29260
-30980
-26482
-16796
-4110
8737
18907
24204
23562
17269
6882
-5141
-16010
-23227
-25144
-21317
-12579
-836
11371
21439
27272
27724
22829
13764
2566
-8328
-16611
-20598
-19566
-13876
-4870
5444
14830
21300
23513
21037
14409
4991
-5321
-14505
-20812
-23111
-21086
-15278
-6950
2178
10279
15767
17601
15467
9822
1797
-7032
-14943
-20394
-22308
-20275
-14624
-6366
2997
11743
18255
21326
20385
15618
7946
-1143
-9863
-16470
-19603
-18552
-13416
-5102
4831
14468
21899
25605
24765
19436
10561
-202
-10793
-19159
-23661
-23411
-18457
-9790
852
11321
19489
23676
22989
17506
8259
-2970
-14002
-22701
-27390
-27185
-22159
-13316
-2383
8538
17386
22537
23111
19117
11435
1619
-8414
-16757
-21866
-22839
-19557
-12675
-3479
6373
15156
21389
24077
22861
18059
10579
1745
-6935
-14023
-18380
-19340
-16806
-11247
-3621
4785
12557
18379
21238
20593
16466
9452
634
-8577
-16669
-22278
-24419
-22671
-17266
-9070
547
9934
17446
21735
21998
18136
10784
1216
-8878
-17691
-23626
-25585
-23172
-16768
-7458
3158
13264
21146
25502
25659
21680
14337
4956
-4831
-13373
-19282
-21658
-20214
-15302
-7819
962
9610
16770
21364
22742
20752
15744
8489
60
-8328
-15489
-20425
-22454
-21302
-17139
-10562
-2517
5819
13200
18490
20833
19793
15444
8376
-370
-9452
-17427
-22985
-25167
-23534
-18256
-10098
-306
9595
18051
23738
25781
23899
18445
10342
916
-8328
-15950
-20809
-22233
-20100
-14836
-7317
1280
9676
16676
21335
23071
21720
17531
11107
3316
-4831
-12303
-18167
-21692
-22436
-20294
-15522
-8715
-749
7315
14367
19391
21614
20635
16499
9718
1216
-7793
-15984
-22118
-25243
-24846
-20941
-14071
-5225
4317
13185
20136
24233
24981
22385
16923
9452
1064
-7079
-13917
-18615
-20664
-19908
-16541
-11055
-4160
3299
10441
16433
20571
22346
21500
18059
12350
4978
-3219
-11256
-18121
-22898
-24907
-23810
-19683
-13021
-4692
4186
12397
18810
22546
23111
20461
15010
7549
-873
-9116
-16108
-20992
-23227
-22631
-19380
-13947
-7025
575
8021
14540
19489
22393
22979
21192
17198
11380
4318
-3252
-10500
-16581
-20738
-22403
-21287
-17441
-11278
-3530
4831
12726
19119
23164
24330
22475
17858
11093
3053
-5263
-12871
-18928
-22826
-24245
-23158
-19803
-14624
-8203
-1193
5740
11965
16925
20162
21356
20348
17173
12078
5526
-1827
-9185
-15695
-20553
-23111
-22980
-20099
-14756
-7561
632
8844
16108
21593
24718
25209
23119
18786
12774
5772
-1491
-8328
-14156
-18525
-21131
-21815
-20554
-17456
-12759
-6829
-157
6661
12962
18074
21393
22467
21073
17269
11407
4108
-3815
-11459
-17953
-22575
-24845
-24580
-21894
-17166
-10967
-3970
3141
9741
15316
19489
22014
22770
21741
19008
14749
9242
2876
-3856
-10372
-16048
-20279
-22562
-22571
-20219
-15695
-9452
-2160
5382
12349
18005
21791
23390
22743
20034
15633
10027
3752
-2675
-8791
-14203
-18591
-21694
-23307
-23278
-21529
-18082
-13090
-6866
124
7279
13920
19371
23050
24552
23716
20646
15704
9452
2566
-4252
-10371
-15295
-18702
-20448
-20539
-19094
-16300
-12377
-7562
-2112
3683
9486
14901
19489
22805
24451
24142
21768
17438
11484
4439
-3027
-10196
-16398
-21097
-23949
-24833
-23833
-21195
-17269
-12441
-7082
-1521
3964
9127
13732
17535
20273
21685
21548
19726
16225
11226
5098
-1631
-8328
-14339
-19077
-22108
-23198
-22340
-19731
-15719
-10741
-5241
379
5798
10778
15145
18756
21466
23111
23512
22505
19986
15959
10586
4196
-2727
-9595
-15790
-20750
-24052
-25465
-24976
-22770
-19180
-14624
-9523
-4248
917
5776
10197
14077
17297
19700
21088
21249
20007
17276
13115
7755
1596
-4831
-10938
-16157
-20031
-22272
-22793
-21697
-19237
-15748
-11578
-7027
-2319
2403
7049
11537
15747
19489
22499
24467
25085
24121
21478
17245
11701
5294
-1425
-7882
-13568
-18106
-21295
-23105
-23647
-23111
-21701
-19579
-16838
-13498
-9548
-4992
89
5505
10937
15966
20131
23004
24269
23789
21632
18059
13479
8369
3188
-1692
-6031
-9732
-12810
-15333
-17361
-18889
-19825
-19992
-19174
-17181
-13920
-9452
-4016
1983
8031
13586
18168
21437
23239
23614
22759
20961
18517
15660
12521
9114
5374
1216
-3394
-8381
-13521
-18461
-22755
-25952
-27680
-27728
-26088
-22961
-18716
-13812
-8707
-3772
764
4831
8490
11867
15078
18157
21005
23396
25007
25498
24600
22191
18354
13373
7699
1865
-3613
-8328
-12050
-14744
-16547
-17693
-18431
-18934
-19241
-19243
-18710
-17367
-14982
-11457
-6883
-1553
4073
9452
14062
17506
19582
20313
19919
18745
17163
15467
13805
12147
10313
8037
5073
1287
-3267
-8328
-13456
-18116
-21785
-24065
-24768
-23951
-21896
-19028
-15815
-12647
-9751
-7146
-4666
-2023
1077
4831
9250
14115
19011
23395
26721
28561
28704
27204
24367
20675
16664
12802
9378
6445
3833
1216
-1772
-5409
-9781
-14721
-19828
-24540
-28256
-30482
-30944
-29657
-26921
-23245
-19226
-15398
-12111
-9452
-7239
-5094
-2565
728
4965
10045
15584
20986
25578
28767
30179
29755
27760
24720
21282
18059
15470
13644
12393
11282
9753
7294
3603
-1312
-7104
-13150
-18690
-23005
-25590
-26278
-25276
-23111
-20490
-18120
-16519
-15885
-16045
-16506
-16589
-15621
-13129
-8982
-3453
2828
9013
14239
17836
19489
19316
17833
15814
14091
13329
13846
15527
17844
19995
21112
20496
17815
13207
7266
912
-4831
-9088
-11343
-11577
-10263
-8243
-6510
-5936
-7044
-9852
-13860
-18163
-21681
-23433
-22803
-19704
-14624
-8515
-2563
2101
4690
4961
3277
517
-2150
-3571
-2915
95
5096
11155
16996
21313
23111
21957
18111
12473
6364
1202
-1858
-2218
0
3978
8403
11804
12923
11061
6263
-661
-8328
-15110
-19547
-20709
-18446
-13439
-7038
-933
3268
4451
2288
-2670
-9109
-15281
-19436
-20270
-17269
-10860
-2323
6503
13675
17624
17552
13646
7044
-438
-6748
-10116
-9502
-4874
2766
11612
19489
24393
24992
20975
13146
3247
-6453
-13713
-16874
-15271
-9419
-894
8039
14981
17991
16075
9452
-484
-11483
-20977
-26708
-27284
-22529
-13547
-2464
8071
15531
18124
15240
7608
-2863
-13539
-21694
-25174
-22923
-15258
-3804
8879
19903
26744
27847
23008
13430
1444
-10040
-18230
-21115
-17953
-9452
2389
14751
24660
29696
28562
21402
9768
-3740
-16081
-24488
-27110
-23450
-14470
-2370
9933
19489
23995
22337
14836
3174
-10002
-21698
-29260
-30980
-26482
-16796
-4110
8737
18907
24204
23562
17269
6882
-5141
-16010
-23227
-25144
-21317
-12579
-836
11371
21439
27272
27724
22829
13764
2566
-8328
-16611
-20598
-19566
-13876
-4870
5444
14830
21300
23513
21037
14409
4991
-5321
-14505
-20812
-23111
-21086
-15278
-6950
2178
10279
15767
17601
15467
9822
1797
-7032
-14943
-20394
-22308
-20275
-14624
-6366
2997
11743
18255
21326
20385
15618
7946
-1143
-9863
-16470
-19603
-18552
-13416
-5102
4831
14468
21899
25605
24765
19436
10561
-202
-10793
-19159
-23661
-23411
-18457
-9790
852
11321
19489
23676
22989
17506
8259
-2970
-14002
-22701
-27390
-27185
-22159
-13316
-2383
8538
17386
22537
23111
19117
11435
1619
-8414
-16757
-21866
-22839
-19557
-12675
-3479
6373
15156
21389
24077
22861
18059
10579
1745
-6935
-14023
-18380
-19340
-16806
-11247
-3621
4785
12557
18379
21238
20593
16466
9452
634
-8577
-16669
-22278
-24419
-22671
-17266
-9070
547
9934
17446
21735
21998
18136
10784
1216
-8878
-17691
-23626
-25585
-23172
-16768
-7458
3158
13264
21146
25502
25659
21680
14337
4956
-4831
-13373
-19282
-21658
-20214
-15302
-7819
962
9610
16770
21364
22742
20752
15744
8489
60
-8328
-15489
-20425
-22454
-21302
-17139
-10562
-2517
5819
13200
18490
20833
19793
15444
8376
-370
-9452
-17427
-22985
-25167
-23534
-18256
-10098
-306
9595
18051
23738
25781
23899
18445
10342
916
-8328
-15950
-20809
-22233
-20100
-14836
-7317
1280
9676
16676
21335
23071
21720
17531
11107
3316
-4831
-12303
-18167
-21692
-22436
-20294
-15522
-8715
-749
7315
14367
19391
21614
20635
16499
9718
1216
-7793
-15984
-22118
-25243
-24846
-20941
-14071
-5225
4317
13185
20136
24233
24981
22385
16923
9452
1064
-7079
-13917
-18615
-20664
-19908
-16541
-11055
-4160
3299
10441
16433
20571
22346
21500
18059
12350
4978
-3219
-11256
-18121
-22898
-24907
-23810
-19683
-13021
-4692
4186
12397
18810
22546
23111
20461
15010
7549
-873
-9116
-16108
-20992
-23227
-22631
-19380
-13947
-7025
575
8021
14540
19489
22393
22979
21192
17198
11380
4318
-3252
-10500
-16581
-20738
-22403
-21287
-17441
-11278
-3530
4831
12726
19119
23164
24330
22475
17858
11093
3053
-5263
-12871
-18928
-22826
-24245
-23158
-19803
-14624
-8203
-1193
5740
11965
16925
20162
21356
20348
17173
12078
5526
-1827
-9185
-15695
-20553
-23111
-22980
-20099
-14756
-7561
632
8844
16108
21593
24718
25209
23119
18786
12774
5772
-1491
-8328
-14156
-18525
-21131
-21815
-20554
-17456
-12759
-6829
-157
6661
12962
18074
21393
22467
21073
17269
11407
4108
-3815
-11459
-17953
-22575
-24845
-24580
-21894
-17166
-10967
-3970
3141
9741
15316
19489
22014
22770
21741
19008
14749
9242
2876
-3856
-10372
-16048
-20279
-22562
-22571
-20219
-15695
-9452
-2160
5382
12349
18005
21791
23390
22743
20034
15633
10027
3752
-2675
-8791
-14203
-18591
-21694
-23307
-23278
-21529
-18082
-13090
-6866
124
7279
13920
19371
23050
24552
23716
20646
15704
9452
2566
-4252
-10371
-15295
-18702
-20448
-20539
-19094
-16300
-12377
-7562
-2112
3683
9486
14901
19489
22805
24451
24142
21768
17438
11484
4439
-3027
-10196
-16398
-21097
-23949
-24833
-23833
-21195
-17269
-12441
-7082
-1521
3964
9127
13732
17535
20273
21685
21548
19726
16225
11226
5098
-1631
-8328
-14339
-19077
-22108
-23198
-22340
-19731
-15719
-10741
-5241
379
5798
10778
15145
18756
21466
23111
23512
22505
19986
15959
10586
4196
-2727
-9595
-15790
-20750
-24052
-25465
-24976
-22770
-19180
-14624
-9523
-4248
917
5776
10197
14077
17297
19700
21088
21249
20007
17276
13115
7755
1596
-4831
-10938
-16157
-20031
-22272
-22793
-21697
-19237
-15748
-11578
-7027
-2319
2403
7049
11537
15747
19489
22499
24467
25085
24121
21478
17245
11701
5294
-1425
-7882
-13568
-18106
-21295
-23105
-23647
-23111
-21701
-19579
-16838
-13498
-9548
-4992
89
5505
10937
15966
20131
23004
24269
23789
21632
18059
13479
8369
3188
-1692
-6031
-9732
-12810
-15333
-17361
-18889
-19825
-19992
-19174
-17181
-13920
-9452
-4016
1983
8031
13586
18168
21437
23239
23614
22759
20961
18517
15660
12521
9114
5374
1216
-3394
-8381
-13521
-18461
-22755
-25952
-27680
-27728
-26088
-22961
-18716
-13812
-8707
-3772
764
4831
8490
11867
15078
18157
21005
23396
25007
25498
24600
22191
18354
13373
7699
1865
-3613
-8328
-12050
-14744
-16547
-17693
-18431
-18934
-19241
-19243
-18710
-17367
-14982
-11457
-6883
-1553
4073
9452
14062
17506
19582
20313
19919
18745
17163
15467
13805
12147
10313
8037
5073
1287
-3267
-8328
-13456
-18116
-21785
-24065
-24768
-23951
-21896
-19028
-15815
-12647
-9751
-7146
-4666
-2023
1077
4831
9250
14115
19011
23395
26721
28561
28704
27204
24367
20675
16664
12802
9378
6445
3833
1216
-1772
-5409
-9781
-14721
-19828
-24540
-28256
-30482
-30944
-29657
-26921
-23245
-19226
-15398
-12111
-9452
-7239
-5094
-2565
728
4965
10045
15584
20986
25578
28767
30179
29755
27760
24720
21282
18059
15470
13644
12393
11282
9753
7294
3603
-1312
-7104
-13150
-18690
-23005
-25590
-26278
-25276
-23111
-20490
-18120
-16519
-15885
-16045
-16506
-16589
-15621
-13129
-8982
-3453
2828
9013
14239
17836
19489
19316
17833
15814
14091
13329
13846
15527
17844
19995
21112
20496
17815
13207
7266
912
-4831
-9088
-11343
-11577
-10263
-8243
-6510
-5936
-7044
-9852
-13860
-18163
-21681
-23433
-22803
-19704
-14624
-8515
-2563
2101
4690
4961
3277
517
-2150
-3571
-2915
95
5096
11155
16996
21313
23111
21957
18111
12473
6364
1202
-1858
-2218
0
3978
8403
11804
12923
11061
6263
-661
-8328
-15110
-19547
-20709
-18446
-13439
-7038
-933
3268
4451
2288
-2670
-9109
-15281
-19436
-20270
17269
10860
2323
-6503
-13675
-17624
-17552
-13646
-7044
438
6748
10116
9502
4874
-2766
-11612
-19489
-24393
-24992
-20975
-13146
-3247
6453
13713
16874
15271
9419
894
-8039
-14981
-17991
-16075
-9452
484
11483
20977
26708
27284
22529
13547
2464
-8071
-15531
-18124
-15240
-7608
2863
13539
21694
25174
22923
15258
3804
-8879
-19903
-26744
-27847
-23008
-13430
-1444
10040
18230
21115
17953
9452
-2389
-14751
-24660
-29696
-28562
-21402
-9768
3740
16081
24488
27110
23450
14470
2370
-9933
-19489
-23995
-22337
-14836
-3174
10002
21698
29260
30980
26482
16796
4110
-8737
-18907
-24204
-23562
-17269
-6882
5141
16010
23227
25144
21317
12579
836
-11371
-21439
-27272
-27724
-22829
-13764
-2566
8328
16611
20598
19566
13876
4870
-5444
-14830
-21300
-23513
-21037
-14409
-4991
5321
14505
20812
23111
21086
15278
6950
-2178
-10279
-15767
-17601
-15467
-9822
-1797
7032
14943
20394
22308
20275
14624
6366
-2997
-11743
-18255
-21326
-20385
-15618
-7946
1143
9863
16470
19603
18552
13416
5102
-4831
-14468
-21899
-25605
-24765
-19436
-10561
202
10793
19159
23661
23411
18457
9790
-852
-11321
-19489
-23676
-22989
-17506
-8259
2970
14002
22701
27390
27185
22159
13316
2383
-8538
-17386
-22537
-23111
-19117
-11435
-1619
8414
16757
21866
22839
19557
12675
3479
-6373
-15156
-21389
-24077
-22861
-18059
-10579
-1745
6935
14023
18380
19340
16806
11247
3621
-4785
-12557
-18379
-21238
-20593
-16466
-9452
-634
8577
16669
22278
24419
22671
17266
9070
-547
-9934
-17446
-21735
-21998
-18136
-10784
-1216
8878
17691
23626
25585
23172
16768
7458
-3158
-13264
-21146
-25502
-25659
-21680
-14337
-4956
4831
13373
19282
21658
20214
15302
7819
-962
-9610
-16770
-21364
-22742
-20752
-15744
-8489
-60
8328
15489
20425
22454
21302
17139
10562
2517
-5819
-13200
-18490
-20833
-19793
-15444
-8376
370
9452
17427
22985
25167
23534
18256
10098
306
-9595
-18051
-23738
-25781
-23899
-18445
-10342
-916
8328
15950
20809
22233
20100
14836
7317
-1280
-9676
-16676
-21335
-23071
-21720
-17531
-11107
-3316
4831
12303
18167
21692
22436
20294
15522
8715
749
-7315
-14367
-19391
-21614
-20635
-16499
-9718
-1216
7793
15984
22118
25243
24846
20941
14071
5225
-4317
-13185
-20136
-24233
-24981
-22385
-16923
-9452
-1064
7079
13917
18615
20664
19908
16541
11055
4160
-3299
-10441
-16433
-20571
-22346
-21500
-18059
-12350
-4978
3219
11256
18121
22898
24907
23810
19683
13021
4692
-4186
-12397
-18810
-22546
-23111
-20461
-15010
-7549
873
9116
16108
20992
23227
22631
19380
13947
7025
-575
-8021
-14540
-19489
-22393
-22979
-21192
-17198
-11380
-4318
3252
10500
16581
20738
22403
21287
17441
11278
3530
-4831
-12726
-19119
-23164
-24330
-22475
-17858
-11093
-3053
5263
12871
18928
22826
24245
23158
19803
14624
8203
1193
-5740
-11965
-16925
-20162
-21356
-20348
-17173
-12078
-5526
1827
9185
15695
20553
23111
22980
20099
14756
7561
-632
-8844
-16108
-21593
-24718
-25209
-23119
-18786
-12774
-5772
1491
8328
14156
18525
21131
21815
20554
17456
12759
6829
157
-6661
-12962
-18074
-21393
-22467
-21073
-17269
-11407
-4108
3815
11459
17953
22575
24845
24580
21894
17166
10967
3970
-3141
-9741
-15316
-19489
-22014
-22770
-21741
-19008
-14749
-9242
-2876
3856
10372
16048
20279
22562
22571
20219
15695
9452
2160
-5382
-12349
-18005
-21791
-23390
-22743
-20034
-15633
-10027
-3752
2675
8791
14203
18591
21694
23307
23278
21529
18082
13090
6866
-124
-7279
-13920
-19371
-23050
-24552
-23716
-20646
-15704
-9452
-2566
4252
10371
15295
18702
20448
20539
19094
16300
12377
7562
2112
-3683
-9486
-14901
-19489
-22805
-24451
-24142
-21768
-17438
-11484
-4439
3027
10196
16398
21097
23949
24833
23833
21195
17269
12441
7082
1521
-3964
-9127
-13732
-17535
-20273
-21685
-21548
-19726
-16225
-11226
-5098
1631
8328
14339
19077
22108
23198
22340
19731
15719
10741
5241
-379
-5798
-10778
-15145
-18756
-21466
-23111
-23512
-22505
-19986
-15959
-10586
-4196
2727
9595
15790
20750
24052
25465
24976
22770
19180
14624
9523
4248
-917
-5776
-10197
-14077
-17297
-19700
-21088
-21249
-20007
-17276
-13115
-7755
-1596
4831
10938
16157
20031
22272
22793
21697
19237
15748
11578
7027
2319
-2403
-7049
-11537
-15747
-19489
-22499
-24467
-25085
-24121
-21478
-17245
-11701
-5294
1425
7882
13568
18106
21295
23105
23647
23111
21701
19579
16838
13498
9548
4992
-89
-5505
-10937
-15966
-20131
-23004
-24269
-23789
-21632
-18059
-13479
-8369
-3188
1692
6031
9732
12810
15333
17361
18889
19825
19992
19174
17181
13920
9452
4016
-1983
-8031
-13586
-18168
-21437
-23239
-23614
-22759
-20961
-18517
-15660
-12521
-9114
-5374
-1216
3394
8381
13521
18461
22755
25952
27680
27728
26088
22961
18716
13812
8707
3772
-764
-4831
-8490
-11867
-15078
-18157
-21005
-23396
-25007
-25498
-24600
-22191
-18354
-13373
-7699
-1865
3613
8328
12050
14744
16547
17693
18431
18934
19241
19243
18710
17367
14982
11457
6883
1553
-4073
-9452
-14062
-17506
-19582
-20313
-19919
-18745
-17163
-15467
-13805
-12147
-10313
-8037
-5073
-1287
3267
8328
13456
18116
21785
24065
24768
23951
21896
19028
15815
12647
9751
7146
4666
2023
-1077
-4831
-9250
-14115
-19011
-23395
-26721
-28561
-28704
-27204
-24367
-20675
-16664
-12802
-9378
-6445
-3833
-1216
1772
5409
9781
14721
19828
24540
28256
30482
30944
29657
26921
23245
19226
15398
12111
9452
7239
5094
2565
-728
-4965
-10045
-15584
-20986
-25578
-28767
-30179
-29755
-27760
-24720
-21282
-18059
-15470
-13644
-12393
-11282
-9753
-7294
-3603
1312
7104
13150
18690
23005
25590
26278
25276
23111
20490
18120
16519
15885
16045
16506
16589
15621
13129
8982
3453
-2828
-9013
-14239
-17836
-19489
-19316
-17833
-15814
-14091
-13329
-13846
-15527
-17844
-19995
-21112
-20496
-17815
-13207
-7266
-912
4831
9088
11343
11577
10263
8243
6510
5936
7044
9852
13860
18163
21681
23433
22803
19704
14624
8515
2563
-2101
-4690
-4961
-3277
-517
2150
3571
2915
-95
-5096
-11155
-16996
-21313
-23111
-21957
-18111
-12473
-6364
-1202
1858
2218
0
-3978
-8403
-11804
-12923
-11061
-6263
661
8328
15110
19547
20709
18446
13439
7038
933
-3268
-4451
-2288
2670
9109
15281
19436
20270
-17269
-10860
-2323
6503
13675
17624
17552
13646
7044
-438
-6748
-10116
-9502
-4874
2766
11612
19489
24393
24992
20975
13146
3247
-6453
-13713
-16874
-15271
-9419
-894
8039
14981
17991
16075
9452
-484
-11483
-20977
-26708
-27284
-22529
-13547
-2464
8071
15531
18124
15240
7608
-2863
-13539
-21694
-25174
-22923
-15258
-3804
8879
19903
26744
27847
23008
13430
1444
-10040
-18230
-21115
-17953
-9452
2389
14751
24660
29696
28562
21402
9768
-3740
-16081
-24488
-27110
-23450
-14470
-2370
9933
19489
23995
22337
14836
3174
-10002
-21698
-29260
-30980
-26482
-16796
-4110
8737
18907
24204
23562
17269
6882
-5141
-16010
-23227
-25144
-21317
-12579
-836
11371
21439
27272
27724
22829
13764
2566
-8328
-16611
-20598
-19566
-13876
-4870
5444
14830
21300
23513
21037
14409
4991
-5321
-14505
-20812
-23111
-21086
-15278
-6950
2178
10279
15767
17601
15467
9822
1797
-7032
-14943
-20394
-22308
-20275
-14624
-6366
2997
11743
18255
21326
20385
15618
7946
-1143
-9863
-16470
-19603
-18552
-13416
-5102
4831
14468
21899
25605
24765
19436
10561
-202
-10793
-19159
-23661
-23411
-18457
-9790
852
11321
19489
23676
22989
17506
8259
-2970
-14002
-22701
-27390
-27185
-22159
-13316
-2383
8538
17386
22537
23111
19117
11435
1619
-8414
-16757
-21866
-22839
-19557
-12675
-3479
6373
15156
21389
24077
22861
18059
10579
1745
-6935
-14023
-18380
-19340
-16806
-11247
-3621
4785
12557
18379
21238
20593
16466
9452
634
-8577
-16669
-22278
-24419
-22671
-17266
-9070
547
9934
17446
21735
21998
18136
10784
1216
-8878
-17691
-23626
-25585
-23172
-16768
-7458
3158
13264
21146
25502
25659
21680
14337
4956
-4831
-13373
-19282
-21658
-20214
-15302
-7819
962
9610
16770
21364
22742
20752
15744
8489
60
-8328
-15489
-20425
-22454
-21302
-17139
-10562
-2517
5819
13200
18490
20833
19793
15444
8376
-370
-9452
-17427
-22985
-25167
-23534
-18256
-10098
-306
9595
18051
23738
25781
23899
18445
10342
916
-8328
-15950
-20809
-22233
-20100
-14836
-7317
1280
9676
16676
21335
23071
21720
17531
11107
3316
-4831
-12303
-18167
-21692
-22436
-20294
-15522
-8715
-749
7315
14367
19391
21614
20635
16499
9718
1216
-7793
-15984
-22118
-25243
-24846
-20941
-14071
-5225
4317
13185
20136
24233
24981
22385
16923
9452
1064
-7079
-13917
-18615
-20664
-19908
-16541
-11055
-4160
3299
10441
16433
20571
22346
21500
18059
12350
4978
-3219
-11256
-18121
-22898
-24907
-23810
-19683
-13021
-4692
4186
12397
18810
22546
23111
20461
15010
7549
-873
-9116
-16108
-20992
-23227
-22631
-19380
-13947
-7025
575
8021
14540
19489
22393
22979
21192
17198
11380
4318
-3252
-10500
-16581
-20738
-22403
-21287
-17441
-11278
-3530
4831
12726
19119
23164
24330
22475
17858
11093
3053
-5263
-12871
-18928
-22826
-24245
-23158
-19803
-14624
-8203
-1193
5740
11965
16925
20162
21356
20348
17173
12078
5526
-1827
-9185
-15695
-20553
-23111
-22980
-20099
-14756
-7561
632
8844
16108
21593
24718
25209
23119
18786
12774
5772
-1491
-8328
-14156
-18525
-21131
-21815
-20554
-17456
-12759
-6829
-157
6661
12962
18074
21393
22467
21073
17269
11407
4108
-3815
-11459
-17953
-22575
-24845
-24580
-21894
-17166
-10967
-3970
3141
9741
15316
19489
22014
22770
21741
19008
14749
9242
2876
-3856
-10372
-16048
-20279
-22562
-22571
-20219
-15695
-9452
-2160
5382
12349
18005
21791
23390
22743
20034
15633
10027
3752
-2675
-8791
-14203
-18591
-21694
-23307
-23278
-21529
-18082
-13090
-6866
124
7279
13920
19371
23050
24552
23716
20646
15704
9452
2566
-4252
-10371
-15295
-18702
-20448
-20539
-19094
-16300
-12377
-7562
-2112
3683
9486
14901
19489
22805
24451
24142
21768
17438
11484
4439
-3027
-10196
-16398
-21097
-23949
-24833
-23833
-21195
-17269
-12441
-7082
-1521
3964
9127
13732
17535
20273
21685
21548
19726
16225
11226
5098
-1631
-8328
-14339
-19077
-22108
-23198
-22340
-19731
-15719
-10741
-5241
379
5798
10778
15145
18756
21466
23111
23512
22505
19986
15959
10586
4196
-2727
-9595
-15790
-20750
-24052
-25465
-24976
-22770
-19180
-14624
-9523
-4248
917
5776
10197
14077
17297
19700
21088
21249
20007
17276
13115
7755
1596
-4831
-10938
-16157
-20031
-22272
-22793
-21697
-19237
-15748
-11578
-7027
-2319
2403
7049
11537
15747
19489
22499
24467
25085
24121
21478
17245
11701
5294
-1425
-7882
-13568
-18106
-21295
-23105
-23647
-23111
-21701
-19579
-16838
-13498
-9548
-4992
89
5505
10937
15966
20131
23004
24269
23789
21632
18059
13479
8369
3188
-1692
-6031
-9732
-12810
-15333
-17361
-18889
-19825
-19992
-19174
-17181
-13920
-9452
-4016
1983
8031
13586
18168
21437
23239
23614
22759
20961
18517
15660
12521
9114
5374
1216
-3394
-8381
-13521
-18461
-22755
-25952
-27680
-27728
-26088
-22961
-18716
-13812
-8707
-3772
764
4831
8490
11867
15078
18157
21005
23396
25007
25498
24600
22191
18354
13373
7699
1865
-3613
-8328
-12050
-14744
-16547
-17693
-18431
-18934
-19241
-19243
-18710
-17367
-14982
-11457
-6883
-1553
4073
9452
14062
17506
19582
20313
19919
18745
17163
15467
13805
12147
10313
8037
5073
1287
-3267
-8328
-13456
-18116
-21785
-24065
-24768
-23951
-21896
-19028
-15815
-12647
-9751
-7146
-4666
-2023
1077
4831
9250
14115
19011
23395
26721
28561
28704
27204
24367
20675
16664
12802
9378
6445
3833
1216
-1772
-5409
-9781
-14721
-19828
-24540
-28256
-30482
-30944
-29657
-26921
-23245
-19226
-15398
-12111
-9452
-7239
-5094
-2565
728
4965
10045
15584
20986
25578
28767
30179
29755
27760
24720
21282
18059
15470
13644
12393
11282
9753
7294
3603
-1312
-7104
-13150
-18690
-23005
-25590
-26278
-25276
-23111
-20490
-18120
-16519
-15885
-16045
-16506
-16589
-15621
-13129
-8982
-3453
2828
9013
14239
17836
19489
19316
17833
15814
14091
13329
13846
15527
17844
19995
21112
20496
17815
13207
7266
912
-4831
-9088
-11343
-11577
-10263
-8243
-6510
-5936
-7044
-9852
-13860
-18163
-21681
-23433
-22803
-19704
-14624
-8515
-2563
2101
4690
4961
3277
517
-2150
-3571
-2915
95
5096
11155
16996
21313
23111
21957
18111
12473
6364
1202
-1858
-2218
0
3978
8403
11804
12923
11061
6263
-661
-8328
-15110
-19547
-20709
-18446
-13439
-7038
-933
3268
4451
2288
-2670
-9109
-15281
-19436
-20270
0
0
0
0
0
0
0
0
0
0
0
0
0
0
0
0
0
0
0
0
0
0
0
0
0
0
0
0
0
0
0
0
0
0
0
0
0
0
0
0
0
0
0
0
0
0
0
0
0
0
0
0
0
0
0
0
0
0
0
0
0
0
0
0
0
0
0
0
0
0
0
0
0
0
0
0
0
0
0
0
0
0
0
0
0
0
0
0
0
0
0
0
0
0
0
0
0
0
0
0
0
0
0
0
0
0
0
0
0
0
0
0
0
0
0
0
0
0
0
0
0
0
0
0
0
0
0
0
0
0
0
0
0
0
0
0
0
0
0
0
0
0
0
0
0
0
0
0
0
0
0
0
0
0
0
0
0
0
0
0
0
0
0
0
0
0
0
0
0
0
0
0
0
0
0
0
0
0
0
0
0
0
0
0
0
0
0
0
0
0
0
0
0
0
0
0
0
0
0
0
0
0
0
0
0
0
0
0
0
0
0
0
0
0
0
0
0
0
0
0
0
0
0
0
0
0
0
0
0
0
0
0
0
0
0
0
0
0
0
0
0
0
0
0
0
0
0
0
0
0
0
0
0
0
0
0
0
0
0
0
0
0
0
0
0
0
0
0
0
0
0
0
0
0
0
0
0
0
0
0
0
0
0
0
0
0
0
0
0
0
0
0
0
0
0
0
0
0
0
0
0
0
0
0
0
0
0
0
0
0
0
0
0
0
0
0
0
0
0
0
0
0
0
0
0
0
0
0
0
0
0
0
0
0
0
0
0
0
0
0
0
0
0
0
0
0
0
0
0
0
0
0
0
0
0
0
0
0
0
0
0
0
0
0
0
0
0
0
0
0
0
0
0
0
0
0
0
0
0
0
0
0
0
0
0
0
0
0
0
0
0
0
0
0
0
0
0
0
0
0
0
0
0
0
0
0
0
0
0
0
0
0
0
0
0
0
0
0
0
0
0
0
0
0
0
0
0
0
0
0
0
0
0
0
0
0
0
0
0
0
0
0
0
0
0
0
0
0
0
0
0
0
0
0
0
0
0
0
0
0
0
0
0
0
0
0
0
0
0
0
0
0
0
0
0
0
0
0
0
0
0
0
0
0
0
0
0
0
0
0
0
0
0
0
0
0
0
0
0
0
0
0
0
0
0
0
0
0
0
0
0
0
0
0
0
0
0
0
0
0
0
0
0
0
0
0
0
0
0
0
0
0
0
0
0
0
0
0
0
0
0
0
0
0
0
0
0
0
0
0
0
0
0
0
0
0
0
0
0
0
0
0
0
0
0
0
0
0
0
0
0
0
0
0
0
0
0
0
0
0
0
0
0
0
0
0
0
0
0
0
0
0
0
0
0
0
0
0
0
0
0
0
0
0
0
0
0
0
0
0
0
0
0
0
0
0
0
0
0
0
0
0
0
0
0
0
0
0
0
0
0
0
0
0
0
0
0
0
0
0
0
0
0
0
0
0
0
0
0
0
0
0
0
0
0
0
0
0
0
0
0
0
0
0
0
0
0
0
0
0
0
0
0
0
0
0
0
0
0
0
0
0
0
0
0
0
0
0
0
0
0
0
0
0
0
0
0
0
0
0
0
0
0
0
0
0
0
0
0
0
0
0
0
0
0
0
0
0
0
0
0
0
0
0
0
0
0
0
0
0
0
0
0
0
0
0
0
0
0
0
0
0
0
0
0
0
0
0
0
0
0
0
0
0
0
0
0
0
0
0
0
0
0
0
0
0
0
0
0
0
0
0
0
0
0
0
0
0
0
0
0
0
0
0
0
0
0
0
0
0
0
0
0
0
0
0
0
0
0
0
0
0
0
0
0
0
0
0
0
0
0
0
0
0
0
0
0
0
0
0
0
0
0
0
0
0
0
0
0
0
0
0
0
0
0
0
0
0
0
0
0
0
0
0
0
0
0
0
0
0
0
0
0
0
0
0
0
0
0
0
0
0
0
0
0
0
0
0
0
0
0
0
0
0
0
0
0
0
0
0
0
0
0
0
0
0
0
0
0
0
0
0
0
0
0
0
0
0
0
0
0
0
0
0
0
0
0
0
0
0
0
0
0
0
0
0
0
0
0
0
0
0
0
0
0
0
0
0
0
0
0
0
0
0
0
0
0
0
0
0
0
0
0
0
0
0
0
0
0
0
0
0
0
0
0
0
0
0
0
0
1328
1299
1213
1080
910
720
526
343
187
66
-14
-54
-59
-40
-10
12
14
-19
-100
-232
-415
-641
-898
-1166
-1423
-1648
-1817
-1912
-1919
-1831
-1648
-1380
-1043
-658
-252
145
509
816
1047
1192
1251
1231
1148
1023
883
756
667
639
686
812
1011
1268
1556
1843
2090
2258
2312
2221
1965
1536
944
208
-634
-1535
-2439
-3284
-4010
-4561
-4892
-4970
-4781
-4328
-3635
-2740
-1700
-578
552
1621
2561
3315
3840
4111
4123
3888
3437
2816
2081
1295
520
-183
-768
-1195
-1444
-1510
-1405
-1155
-798
-378
55
454
779
995
1084
1039
867
587
229
-169
-570
-933
-1224
-1419
-1500
-1466
-1326
-1098
-813
-504
-209
38
207
278
241
99
-132
-427
-750
-1060
-1314
-1472
-1500
-1376
-1088
-641
-54
639
1394
2158
2873
3483
3935
4187
4210
3991
3535
2863
2012
1032
-16
-1069
-2062
-2934
-3634
-4123
-4380
-4396
-4182
-3763
-3177
-2471
-1697
-909
-159
509
1062
1475
1739
1855
1837
1708
1495
1233
953
687
458
286
180
141
164
235
339
456
566
653
704
709
668
584
464
322
173
30
-92
-184
-241
-262
-252
-220
-182
-153
-149
-185
-271
-414
-611
-856
-1133
-1420
-1691
-1918
-2072
-2128
-2064
-1867
-1533
-1070
-494
167
878
1596
2276
2872
3340
3646
3763
3676
3385
2902
2252
1473
611
-279
-1146
-1934
-2594
-3089
-3388
-3478
-3358
-3040
-2553
-1933
-1226
-483
245
910
1470
1892
2155
2248
2177
1957
1615
1185
706
220
-234
-623
-919
-1106
-1177
-1135
-995
-780
-519
-244
13
224
363
416
376
247
43
-213
-493
-762
-986
-1132
-1174
-1093
-881
-541
-89
447
1034
1625
2175
2636
2964
3124
3091
2853
2414
1791
1018
139
-790
-1712
-2565
-3291
-3840
-4173
-4268
-4115
-3724
-3120
-2345
-1449
-492
461
1352
2123
2728
3135
3326
3298
3068
2662
2122
1495
833
189
-390
-865
-1208
-1403
-1448
-1354
-1143
-846
-501
-146
181
448
631
716
699
587
397
156
-106
-360
-573
-719
-782
-751
-628
-426
-165
125
412
661
839
920
884
725
446
64
-393
-890
-1384
-1829
-2180
-2398
-2453
-2326
-2012
-1522
-879
-120
705
1545
2342
3039
3587
3946
4087
3999
3685
3162
2464
1635
727
-203
-1100
-1911
-2591
-3106
-3434
-3567
-3510
-3281
-2908
-2425
-1874
-1293
-723
-197
257
624
893
1064
1143
1146
1090
995
882
768
668
592
544
525
529
549
575
598
608
599
568
515
443
359
270
187
117
67
42
40
58
88
118
135
124
73
-29
-189
-409
-681
-995
-1332
-1667
-1975
-2225
-2390
-2444
-2370
-2154
-1796
-1302
-691
7
760
1523
2253
2903
3431
3801
3986
3969
3746
3328
2734
1998
1162
273
-615
-1455
-2197
-2801
-3237
-3485
-3536
-3398
-3086
-2629
-2063
-1429
-770
-130
452
944
1321
1569
1684
1672
1548
1336
1064
763
465
200
-8
-142
-192
-156
-42
134
351
583
802
977
1085
1104
1021
829
534
147
-310
-809
-1318
-1798
-2215
-2533
-2724
-2767
-2649
-2368
-1933
-1363
-688
56
826
1579
2268
2853
3297
3572
3662
3559
3271
2813
2212
1503
728
-67
-841
-1550
-2156
-2631
-2954
-3114
-3111
-2955
-2665
-2266
-1788
-1265
-730
-214
253
653
969
1193
1325
1370
1339
1247
1111
949
779
614
467
346
255
194
159
147
149
160
171
180
182
175
162
145
126
110
101
98
104
114
124
127
114
76
5
-105
-259
-457
-694
-960
-1240
-1515
-1762
-1959
-2082
-2110
-2025
-1817
-1484
-1031
-472
167
858
1561
2236
2841
3335
3682
3856
3837
3619
3209
2624
1895
1062
170
-726
-1577
-2334
-2951
-3396
-3645
-3689
-3531
-3189
-2691
-2075
-1385
-671
19
643
1163
1551
1790
1877
1819
1635
1353
1007
635
276
-36
-273
-414
-449
-379
-216
19
299
590
855
1062
1180
1187
1072
833
481
36
-470
-999
-1508
-1954
-2297
-2500
-2540
-2401
-2084
-1601
-978
-253
527
1312
2047
2681
3167
3469
3564
3440
3103
2571
1878
1066
187
-703
-1551
-2304
-2917
-3358
-3605
-3648
-3495
-3163
-2681
-2087
-1423
-733
-60
557
1090
1514
1817
1997
2061
2022
1902
1723
1509
1283
1066
871
708
579
482
410
354
302
243
168
72
-45
-184
-336
-491
-638
-764
-858
-913
-924
-893
-824
-730
-624
-523
-445
-405
-414
-479
-599
-766
-964
-1171
-1359
-1499
-1562
-1521
-1355
-1053
-616
-53
611
1343
2099
2830
3483
4008
4359
4502
4414
4088
3533
2774
1852
817
-266
-1337
-2329
-3184
-3854
-4303
-4512
-4478
-4218
-3760
-3148
-2432
-1669
-913
-216
379
845
1163
1332
1362
1277
1107
890
664
464
319
250
267
368
542
768
1019
1264
1474
1622
1687
1660
1538
1330
1053
733
397
76
-202
-416
-553
-608
-588
-508
-394
-277
-188
-160
-216
-376
-643
-1010
-1456
-1949
-2444
-2893
-3244
-3450
-3470
-3275
-2854
-2213
-1375
-382
707
1828
2905
3864
4638
5171
5423
5375
5028
4407
3557
2537
1419
282
-795
-1744
-2507
-3040
-3324
-3357
-3160
-2769
-2238
-1626
-998
-413
74
425
617
642
513
256
-88
-473
-848
-1165
-1384
-1474
-1420
-1224
-901
-480
-2
487
941
1316
1576
1699
1676
1515
1236
875
475
87
-241
-468
-561
-499
-282
75
543
1076
1618
2110
2492
2712
2729
2519
2075
1412
565
-413
-1459
-2497
-3453
-4253
-4837
-5157
-5187
-4919
-4371
-3578
-2594
-1486
-329
802
1838
2716
3390
3831
4030
3994
3749
3336
2801
2200
1584
1002
493
85
-208
-387
-462
-455
-392
-305
-224
-176
-178
-241
-367
-545
-760
-989
-1208
-1391
-1518
-1573
-1548
-1444
-1272
-1047
-793
-535
-299
-106
25
90
88
29
-66
-175
-266
-310
-281
-157
72
407
835
1331
1860
2379
2841
3198
3406
3432
3253
2861
2266
1493
582
-411
-1429
-2403
-3270
-3971
-4460
-4704
-4688
-4415
-3907
-3199
-2344
-1399
-429
503
1343
2042
2565
2895
3026
2970
2752
2406
1973
1498
1021
581
207
-80
-273
-372
-387
-337
-243
-131
-24
57
99
91
34
-67
-204
-360
-520
-667
-788
-872
-915
-916
-881
-819
-741
-659
-585
-527
-490
-472
-467
-463
-447
-402
-312
-163
52
337
684
1080
1500
1917
2295
2598
2793
2849
2744
2466
2017
1409
672
-156
-1029
-1890
-2683
-3354
-3856
-4152
-4216
-4041
-3636
-3024
-2244
-1347
-390
564
1457
2231
2843
3260
3463
3450
3236
2847
2322
1707
1053
408
-180
-676
-1051
-1289
-1387
-1354
-1210
-983
-706
-415
-145
73
219
275
237
110
-92
-350
-635
-918
-1168
-1357
-1462
-1466
-1361
-1147
-832
-432
28
522
1019
1486
1894
2216
2431
2522
2483
2312
2016
1610
1113
549
-51
-661
-1249
-1785
-2242
-2598
-2834
-2937
-2901
-2726
-2418
-1991
-1464
-861
-210
455
1105
1706
2226
2641
2927
3069
3060
2900
2598
2170
1641
1040
400
-240
-849
-1392
-1840
-2172
-2372
-2437
-2369
-2181
-1893
-1530
-1123
-702
-299
57
347
553
668
693
638
517
355
175
5
-127
-201
-199
-112
61
314
631
989
1359
1709
2005
2217
2317
2285
2109
1787
1328
750
82
-640
-1376
-2083
-2716
-3235
-3605
-3801
-3806
-3616
-3238
-2691
-2003
-1214
-367
491
1312
2051
2667
3129
3415
3513
3425
3161
2744
2205
1581
914
245
-383
-937
-1387
-1710
-1897
-1946
-1864
-1669
-1385
-1040
-665
-293
47
333
546
674
715
675
565
403
211
12
-172
-322
-423
-466
-450
-378
-263
-120
29
165
268
320
310
232
91
-104
-336
-579
-807
-991
-1103
-1120
-1025
-810
-479
-45
467
1026
1589
2113
2554
2869
3023
2992
2764
2340
1737
986
130
-779
-1682
-2521
-3238
-3782
-4117
-4216
-4071
-3691
-3099
-2335
-1450
-501
449
1340
2117
2734
3158
3372
3372
3173
2800
2291
1694
1056
428
-144
-625
-987
-1214
-1305
-1268
-1125
-904
-639
-366
-118
74
189
215
148
-3
-222
-485
-760
-1017
-1224
-1352
-1381
-1297
-1097
-786
-382
90
601
1113
1590
1996
2299
2474
2502
2378
2104
1693
1167
555
-105
-778
-1423
-2000
-2476
-2823
-3019
-3054
-2923
-2633
-2200
-1647
-1005
-307
408
1103
1741
2287
2713
2997
3124
3090
2897
2558
2093
1529
899
238
-413
-1022
-1553
-1978
-2277
-2436
-2452
-2330
-2087
-1743
-1328
-873
-414
17
392
688
889
987
987
899
743
542
327
125
-36
-136
-158
-98
42
250
503
773
1028
1234
1361
1382
1280
1047
690
225
-319
-904
-1487
-2018
-2451
-2744
-2863
-2787
-2510
-2039
-1400
-630
221
1096
1934
2674
3262
3655
3821
3746
3433
2901
2187
1337
410
-532
-1430
-2226
-2871
-3329
-3580
-3617
-3449
-3099
-2601
-1998
-1337
-664
-22
550
1025
1386
1625
1746
1760
1688
1554
1381
1195
1017
863
742
659
611
590
588
590
584
559
507
425
310
168
3
-174
-357
-536
-703
-855
-990
-1107
-1210
-1303
-1389
-1472
-1551
-1623
-1680
-1712
-1704
-1641
-1506
-1285
-970
-556
-49
537
1181
1850
2506
3105
3603
3957
4133
4102
3853
3385
2715
1876
913
-115
-1147
-2115
-2957
-3617
-4052
-4234
-4156
-3828
-3279
-2554
-1711
-817
59
855
1512
1987
2254
2303
2145
1808
1335
779
198
-348
-808
-1139
-1312
-1315
-1153
-848
-436
36
519
959
1309
1531
1600
1508
1262
887
421
-88
-588
-1024
-1348
-1522
-1521
-1338
-982
-481
122
773
1412
1976
2408
2659
2695
2500
2076
1445
649
-259
-1215
-2149
-2990
-3677
-4158
-4397
-4375
-4093
-3572
-2847
-1969
-996
7
979
1861
2606
3179
3559
3739
3727
3545
3223
2796
2303
1783
1269
789
361
-1
-298
-532
-712
-852
-965
-1062
-1153
-1243
-1333
-1418
-1491
-1542
-1562
-1542
-1476
-1361
-1201
-1003
-780
-546
-318
-113
52
171
237
250
220
160
89
29
2
29
125
301
556
884
1266
1678
2087
2458
2752
2936
2978
2859
2568
2107
1490
745
-88
-967
-1839
-2652
-3354
-3903
-4264
-4415
-4345
-4061
-3580
-2933
-2161
-1309
-429
430
1222
1908
2456
2846
3069
3127
3030
2799
2459
2042
1578
1098
632
201
-172
-479
-711
-868
-951
-970
-935
-857
-750
-627
-498
-376
-269
-185
-127
-99
-102
-135
-194
-275
-368
-467
-560
-636
-683
-692
-652
-557
-403
-191
72
377
709
1046
1366
1644
1854
1974
1985
1873
1633
1268
791
225
-401
-1052
-1686
-2260
-2734
-3071
-3244
-3233
-3031
-2643
-2089
-1396
-606
235
1079
1872
2568
3125
3510
3705
3699
3500
3123
2597
1959
1250
514
-203
-866
-1439
-1898
-2227
-2422
-2485
-2428
-2271
-2037
-1751
-1438
-1123
-825
-560
-337
-162
-34
52
105
134
151
167
192
233
295
383
495
631
786
956
1132
1307
1473
1620
1739
1818
1849
1821
1727
1559
1311
984
580
106
-424
-994
-1578
-2149
-2676
-3127
-3469
-3673
-3718
-3587
-3275
-2787
-2142
-1368
-504
402
1300
2135
2855
3416
3781
3926
3844
3542
3043
2383
1611
782
-43
-807
-1458
-1953
-2263
-2375
-2290
-2028
-1621
-1112
-553
3
507
916
1194
1324
1299
1129
839
463
42
-376
-751
-1043
-1225
-1279
-1204
-1011
-724
-379
-15
324
598
773
826
747
540
226
-164
-587
-994
-1336
-1566
-1646
-1550
-1270
-812
-203
516
1292
2062
2761
3325
3701
3845
3735
3364
2750
1926
946
-124
-1215
-2249
-3156
-3875
-4359
-4580
-4529
-4217
-3673
-2944
-2086
-1163
-241
620
1369
1965
2384
2617
2671
2566
2332
2008
1635
1252
895
591
357
200
117
96
118
162
203
223
204
138
23
-135
-324
-528
-725
-897
-1024
-1096
-1105
-1053
-948
-805
-644
-485
-351
-260
-225
-250
-332
-459
-611
-760
-878
-934
-900
-756
-492
-107
385
960
1581
2204
2777
3251
3579
3722
3652
3357
2841
2126
1248
259
-781
-1807
-2753
-3558
-4169
-4549
-4675
-4545
-4172
-3587
-2834
-1968
-1048
-135
713
1450
2037
2453
2688
2748
2651
2427
2110
1740
1355
989
670
418
242
143
111
133
187
253
308
336
321
257
142
-17
-215
-435
-663
-883
-1081
-1247
-1373
-1457
-1498
-1501
-1472
-1417
-1341
-1248
-1138
-1010
-857
-673
-449
-180
138
507
920
1363
1817
2256
2651
2968
3176
3246
3156
2892
2455
1855
1118
280
-609
-1498
-2326
-3039
-3585
-3924
-4029
-3889
-3513
-2925
-2165
-1289
-358
559
1399
2101
2620
2922
2992
2836
2476
1948
1306
606
-89
-721
-1240
-1607
-1798
-1807
-1643
-1332
-914
-435
52
499
861
1105
1208
1166
989
700
337
-56
-434
-748
-960
-1040
-972
-756
-407
44
556
1077
1553
1931
2165
2219
2075
1728
1193
504
-293
-1140
-1972
-2722
-3329
-3740
-3918
-3840
-3506
-2933
-2156
-1228
-210
828
1817
2690
3391
3877
4121
4113
3862
3395
2750
1978
1137
286
-520
-1232
-1811
-2228
-2472
-2543
-2454
-2227
-1897
-1497
-1067
-641
-251
76
329
497
582
593
544
455
346
237
146
86
68
93
158
256
375
499
612
698
742
734
667
539
353
117
-154
-447
-740
-1014
-1249
-1425
-1526
-1540
-1459
-1281
-1010
-655
-231
239
735
1227
1685
2082
2390
2584
2647
2566
2336
1963
1459
847
156
-577
-1312
-2006
-2615
-3102
-3433
-3584
-3540
-3299
-2873
-2284
-1565
-759
83
911
1674
2323
2820
3137
3257
3179
2914
2489
1940
1311
651
10
-565
-1037
-1376
-1565
-1603
-1499
-1276
-967
-613
-254
67
314
461
490
397
194
-98
-447
-812
-1149
-1415
-1572
-1591
-1454
-1159
-718
-157
483
1155
1803
2370
2806
3065
3116
2944
2550
1954
1191
312
-621
-1546
-2395
-3104
-3623
-3913
-3953
-3738
-3284
-2624
-1805
-884
73
1005
1848
2551
3074
3390
3490
3382
3086
2636
2075
1449
808
196
-348
-797
-1132
-1346
-1446
-1444
-1363
-1228
-1066
-903
-760
-651
-586
-563
-577
-613
-656
-688
-692
-656
-570
-433
-250
-32
203
437
646
810
913
941
892
769
585
357
113
-120
-313
-440
-477
-413
-241
30
385
798
1234
1653
2014
2277
2408
2381
2181
1807
1268
591
-188
-1024
-1866
-2660
-3354
-3901
-4264
-4417
-4349
-4061
-3571
-2907
-2108
-1222
-299
610
1458
2203
2812
3263
3545
3658
3612
3425
3123
2735
2291
1820
1349
901
491
131
-173
-423
-622
-778
-897
-989
-1061
-1120
-1170
-1214
-1252
-1283
-1308
-1323
-1328
-1323
-1308
-1283
-1252
-1214
-1170
-1120
-1061
-989
-897
-778
-622
-423
-173
131
491
901
1349
1820
2291
2735
3123
3425
3612
3658
3545
3263
2812
2203
1458
610
-299
-1222
-2108
-2907
-3571
-4061
-4349
-4417
-4264
-3901
-3354
-2660
-1866
-1024
-188
591
1268
1807
2181
2381
2408
2277
2014
1653
1234
798
385
30
-241
-413
-477
-440
-313
-120
113
357
585
769
892
941
913
810
646
437
203
-32
-250
-433
-570
-656
-692
-688
-656
-613
-577
-563
-586
-651
-760
-903
-1066
-1228
-1363
-1444
-1446
-1346
-1132
-797
-348
196
808
1449
2075
2636
3086
3382
3490
3390
3074
2551
1848
1005
73
-884
-1805
-2624
-3284
-3738
-3953
-3913
-3623
-3104
-2395
-1546
-621
312
1191
1954
2550
2944
3116
3065
2806
2370
1803
1155
483
-157
-718
-1159
-1454
-1591
-1572
-1415
-1149
-812
-447
-98
194
397
490
461
314
67
-254
-613
-967
-1276
-1499
-1603
-1565
-1376
-1037
-565
10
651
1311
1940
2489
2914
3179
3257
3137
2820
2323
1674
911
83
-759
-1565
-2284
-2873
-3299
-3540
-3584
-3433
-3102
-2615
-2006
-1312
-577
156
847
1459
1963
2336
2566
2647
2584
2390
2082
1685
1227
735
239
-231
-655
-1010
-1281
-1459
-1540
-1526
-1425
-1249
-1014
-740
-447
-154
117
353
539
667
734
742
698
612
499
375
256
158
93
68
86
146
237
346
455
544
593
582
497
329
76
-251
-641
-1067
-1497
-1897
-2227
-2454
-2543
-2472
-2228
-1811
-1232
-520
286
1137
1978
2750
3395
3862
4113
4121
3877
3391
2690
1817
828
-210
-1228
-2156
-2933
-3506
-3840
-3918
-3740
-3329
-2722
-1972
-1140
-293
504
1193
1728
2075
2219
2165
1931
1553
1077
556
44
-407
-756
-972
-1040
-960
-748
-434
-56
337
700
989
1166
1208
1105
861
499
52
-435
-914
-1332
-1643
-1807
-1798
-1607
-1240
-721
-89
606
1306
1948
2476
2836
2992
2922
2620
2101
1399
559
-358
-1289
-2165
-2925
-3513
-3889
-4029
-3924
-3585
-3039
-2326
-1498
-609
280
1118
1855
2455
2892
3156
3246
3176
2968
2651
2256
1817
1363
920
507
138
-180
-449
-673
-857
-1010
-1138
-1248
-1341
-1417
-1472
-1501
-1498
-1457
-1373
-1247
-1081
-883
-663
-435
-215
-17
142
257
321
336
308
253
187
133
111
143
242
418
670
989
1355
1740
2110
2427
2651
2748
2688
2453
2037
1450
713
-135
-1048
-1968
-2834
-3587
-4172
-4545
-4675
-4549
-4169
-3558
-2753
-1807
-781
259
1248
2126
2841
3357
3652
3722
3579
3251
2777
2204
1581
960
385
-107
-492
-756
-900
-934
-878
-760
-611
-459
-332
-250
-225
-260
-351
-485
-644
-805
-948
-1053
-1105
-1096
-1024
-897
-725
-528
-324
-135
23
138
204
223
203
162
118
96
117
200
357
591
895
1252
1635
2008
2332
2566
2671
2617
2384
1965
1369
620
-241
-1163
-2086
-2944
-3673
-4217
-4529
-4580
-4359
-3875
-3156
-2249
-1215
-124
946
1926
2750
3364
3735
3845
3701
3325
2761
2062
1292
516
-203
-812
-1270
-1550
-1646
-1566
-1336
-994
-587
-164
226
540
747
826
773
598
324
-15
-379
-724
-1011
-1204
-1279
-1225
-1043
-751
-376
42
463
839
1129
1299
1324
1194
916
507
3
-553
-1112
-1621
-2028
-2290
-2375
-2263
-1953
-1458
-807
-43
782
1611
2383
3043
3542
3844
3926
3781
3416
2855
2135
1300
402
-504
-1368
-2142
-2787
-3275
-3587
-3718
-3673
-3469
-3127
-2676
-2149
-1578
-994
-424
106
580
984
1311
1559
1727
1821
1849
1818
1739
1620
1473
1307
1132
956
786
631
495
383
295
233
192
167
151
134
105
52
-34
-162
-337
-560
-825
-1123
-1438
-1751
-2037
-2271
-2428
-2485
-2422
-2227
-1898
-1439
-866
-203
514
1250
1959
2597
3123
3500
3699
3705
3510
3125
2568
1872
1079
235
-606
-1396
-2089
-2643
-3031
-3233
-3244
-3071
-2734
-2260
-1686
-1052
-401
225
791
1268
1633
1873
1985
1974
1854
1644
1366
1046
709
377
72
-191
-403
-557
-652
-692
-683
-636
-560
-467
-368
-275
-194
-135
-102
-99
-127
-185
-269
-376
-498
-627
-750
-857
-935
-970
-951
-868
-711
-479
-172
201
632
1098
1578
2042
2459
2799
3030
3127
3069
2846
2456
1908
1222
430
-429
-1309
-2161
-2933
-3580
-4061
-4345
-4415
-4264
-3903
-3354
-2652
-1839
-967
-88
745
1490
2107
2568
2859
2978
2936
2752
2458
2087
1678
1266
884
556
301
125
29
2
29
89
160
220
250
237
171
52
-113
-318
-546
-780
-1003
-1201
-1361
-1476
-1542
-1562
-1542
-1491
-1418
-1333
-1243
-1153
-1062
-965
-852
-712
-532
-298
-1
361
789
1269
1783
2303
2796
3223
3545
3727
3739
3559
3179
2606
1861
979
7
-996
-1969
-2847
-3572
-4093
-4375
-4397
-4158
-3677
-2990
-2149
-1215
-259
649
1445
2076
2500
2695
2659
2408
1976
1412
773
122
-481
-982
-1338
-1521
-1522
-1348
-1024
-588
-88
421
887
1262
1508
1600
1531
1309
959
519
36
-436
-848
-1153
-1315
-1312
-1139
-808
-348
198
779
1335
1808
2145
2303
2254
1987
1512
855
59
-817
-1711
-2554
-3279
-3828
-4156
-4234
-4052
-3617
-2957
-2115
-1147
-115
913
1876
2715
3385
3853
4102
4133
3957
3603
3105
2506
1850
1181
537
-49
-556
-970
-1285
-1506
-1641
-1704
-1712
-1680
-1623
-1551
-1472
-1389
-1303
-1210
-1107
-990
-855
-703
-536
-357
-174
3
168
310
425
507
559
584
590
588
590
611
659
742
863
1017
1195
1381
1554
1688
1760
1746
1625
1386
1025
550
-22
-664
-1337
-1998
-2601
-3099
-3449
-3617
-3580
-3329
-2871
-2226
-1430
-532
410
1337
2187
2901
3433
3746
3821
3655
3262
2674
1934
1096
221
-630
-1400
-2039
-2510
-2787
-2863
-2744
-2451
-2018
-1487
-904
-319
225
690
1047
1280
1382
1361
1234
1028
773
503
250
42
-98
-158
-136
-36
125
327
542
743
899
987
987
889
688
392
17
-414
-873
-1328
-1743
-2087
-2330
-2452
-2436
-2277
-1978
-1553
-1022
-413
238
899
1529
2093
2558
2897
3090
3124
2997
2713
2287
1741
1103
408
-307
-1005
-1647
-2200
-2633
-2923
-3054
-3019
-2823
-2476
-2000
-1423
-778
-105
555
1167
1693
2104
2378
2502
2474
2299
1996
1590
1113
601
90
-382
-786
-1097
-1297
-1381
-1352
-1224
-1017
-760
-485
-222
-3
148
215
189
74
-118
-366
-639
-904
-1125
-1268
-1305
-1214
-987
-625
-144
428
1056
1694
2291
2800
3173
3372
3372
3158
2734
2117
1340
449
-501
-1450
-2335
-3099
-3691
-4071
-4216
-4117
-3782
-3238
-2521
-1682
-779
130
986
1737
2340
2764
2992
3023
2869
2554
2113
1589
1026
467
-45
-479
-810
-1025
-1120
-1103
-991
-807
-579
-336
-104
91
232
310
320
268
165
29
-120
-263
-378
-450
-466
-423
-322
-172
12
211
403
565
675
715
674
546
333
47
-293
-665
-1040
-1385
-1669
-1864
-1946
-1897
-1710
-1387
-937
-383
245
914
1581
2205
2744
3161
3425
3513
3415
3129
2667
2051
1312
491
-367
-1214
-2003
-2691
-3238
-3616
-3806
-3801
-3605
-3235
-2716
-2083
-1376
-640
82
750
1328
1787
2109
2285
2317
2217
2005
1709
1359
989
631
314
61
-112
-199
-201
-127
5
175
355
517
638
693
668
553
347
57
-299
-702
-1123
-1530
-1893
-2181
-2369
-2437
-2372
-2172
-1840
-1392
-849
-240
400
1040
1641
2170
2598
2900
3060
3069
2927
2641
2226
1706
1105
455
-210
-861
-1464
-1991
-2418
-2726
-2901
-2937
-2834
-2598
-2242
-1785
-1249
-661
-51
549
1113
1610
2016
2312
2483
2522
2431
2216
1894
1486
1019
522
28
-432
-832
-1147
-1361
-1466
-1462
-1357
-1168
-918
-635
-350
-92
110
237
275
219
73
-145
-415
-706
-983
-1210
-1354
-1387
-1289
-1051
-676
-180
408
1053
1707
2322
2847
3236
3450
3463
3260
2843
2231
1457
564
-390
-1347
-2244
-3024
-3636
-4041
-4216
-4152
-3856
-3354
-2683
-1890
-1029
-156
672
1409
2017
2466
2744
2849
2793
2598
2295
1917
1500
1080
684
337
52
-163
-312
-402
-447
-463
-467
-472
-490
-527
-585
-659
-741
-819
-881
-916
-915
-872
-788
-667
-520
-360
-204
-67
34
91
99
57
-24
-131
-243
-337
-387
-372
-273
-80
207
581
1021
1498
1973
2406
2752
2970
3026
2895
2565
2042
1343
503
-429
-1399
-2344
-3199
-3907
-4415
-4688
-4704
-4460
-3971
-3270
-2403
-1429
-411
582
1493
2266
2861
3253
3432
3406
3198
2841
2379
1860
1331
835
407
72
-157
-281
-310
-266
-175
-66
29
88
90
25
-106
-299
-535
-793
-1047
-1272
-1444
-1548
-1573
-1518
-1391
-1208
-989
-760
-545
-367
-241
-178
-176
-224
-305
-392
-455
-462
-387
-208
85
493
1002
1584
2200
2801
3336
3749
3994
4030
3831
3390
2716
1838
802
-329
-1486
-2594
-3578
-4371
-4919
-5187
-5157
-4837
-4253
-3453
-2497
-1459
-413
565
1412
2075
2519
2729
2712
2492
2110
1618
1076
543
75
-282
-499
-561
-468
-241
87
475
875
1236
1515
1676
1699
1576
1316
941
487
-2
-480
-901
-1224
-1420
-1474
-1384
-1165
-848
-473
-88
256
513
642
617
425
74
-413
-998
-1626
-2238
-2769
-3160
-3357
-3324
-3040
-2507
-1744
-795
282
1419
2537
3557
4407
5028
5375
5423
5171
4638
3864
2905
1828
707
-382
-1375
-2213
-2854
-3275
-3470
-3450
-3244
-2893
-2444
-1949
-1456
-1010
-643
-376
-216
-160
-188
-277
-394
-508
-588
-608
-553
-416
-202
76
397
733
1053
1330
1538
1660
1687
1622
1474
1264
1019
768
542
368
267
250
319
464
664
890
1107
1277
1362
1332
1163
845
379
-216
-913
-1669
-2432
-3148
-3760
-4218
-4478
-4512
-4303
-3854
-3184
-2329
-1337
-266
817
1852
2774
3533
4088
4414
4502
4359
4008
3483
2830
2099
1343
611
-53
-616
-1053
-1355
-1521
-1562
-1499
-1359
-1171
-964
-766
-599
-479
-414
-405
-445
-523
-624
-730
-824
-893
-924
-913
-858
-764
-638
-491
-336
-184
-45
72
168
243
302
354
410
482
579
708
871
1066
1283
1509
1723
1902
2022
2061
1997
1817
1514
1090
557
-60
-733
-1423
-2087
-2681
-3163
-3495
-3648
-3605
-3358
-2917
-2304
-1551
-703
187
1066
1878
2571
3103
3440
3564
3469
3167
2681
2047
1312
527
-253
-978
-1601
-2084
-2401
-2540
-2500
-2297
-1954
-1508
-999
-470
36
481
833
1072
1187
1180
1062
855
590
299
19
-216
-379
-449
-414
-273
-36
276
635
1007
1353
1635
1819
1877
1790
1551
1163
643
19
-671
-1385
-2075
-2691
-3189
-3531
-3689
-3645
-3396
-2951
-2334
-1577
-726
170
1062
1895
2624
3209
3619
3837
3856
3682
3335
2841
2236
1561
858
167
-472
-1031
-1484
-1817
-2025
-2110
-2082
-1959
-1762
-1515
-1240
-960
-694
-457
-259
-105
5
76
114
127
124
114
104
98
101
110
126
145
162
175
182
180
171
160
149
147
159
194
255
346
467
614
779
949
1111
1247
1339
1370
1325
1193
969
653
253
-214
-730
-1265
-1788
-2266
-2665
-2955
-3111
-3114
-2954
-2631
-2156
-1550
-841
-67
728
1503
2212
2813
3271
3559
3662
3572
3297
2853
2268
1579
826
56
-688
-1363
-1933
-2368
-2649
-2767
-2724
-2533
-2215
-1798
-1318
-809
-310
147
534
829
1021
1104
1085
977
802
583
351
134
-42
-156
-192
-142
-8
200
465
763
1064
1336
1548
1672
1684
1569
1321
944
452
-130
-770
-1429
-2063
-2629
-3086
-3398
-3536
-3485
-3237
-2801
-2197
-1455
-615
273
1162
1998
2734
3328
3746
3969
3986
3801
3431
2903
2253
1523
760
7
-691
-1302
-1796
-2154
-2370
-2444
-2390
-2225
-1975
-1667
-1332
-995
-681
-409
-189
-29
73
124
135
118
88
58
40
42
67
117
187
270
359
443
515
568
599
608
598
575
549
529
525
544
592
668
768
882
995
1090
1146
1143
1064
893
624
257
-197
-723
-1293
-1874
-2425
-2908
-3281
-3510
-3567
-3434
-3106
-2591
-1911
-1100
-203
727
1635
2464
3162
3685
3999
4087
3946
3587
3039
2342
1545
705
-120
-879
-1522
-2012
-2326
-2453
-2398
-2180
-1829
-1384
-890
-393
64
446
725
884
920
839
661
412
125
-165
-426
-628
-751
-782
-719
-573
-360
-106
156
397
587
699
716
631
448
181
-146
-501
-846
-1143
-1354
-1448
-1403
-1208
-865
-390
189
833
1495
2122
2662
3068
3298
3326
3135
2728
2123
1352
461
-492
-1449
-2345
-3120
-3724
-4115
-4268
-4173
-3840
-3291
-2565
-1712
-790
139
1018
1791
2414
2853
3091
3124
2964
2636
2175
1625
1034
447
-89
-541
-881
-1093
-1174
-1132
-986
-762
-493
-213
43
247
376
416
363
224
13
-244
-519
-780
-995
-1135
-1177
-1106
-919
-623
-234
220
706
1185
1615
1957
2177
2248
2155
1892
1470
910
245
-483
-1226
-1933
-2553
-3040
-3358
-3478
-3388
-3089
-2594
-1934
-1146
-279
611
1473
2252
2902
3385
3676
3763
3646
3340
2872
2276
1596
878
167
-494
-1070
-1533
-1867
-2064
-2128
-2072
-1918
-1691
-1420
-1133
-856
-611
-414
-271
-185
-149
-153
-182
-220
-252
-262
-241
-184
-92
30
173
322
464
584
668
709
704
653
566
456
339
235
164
141
180
286
458
687
953
1233
1495
1708
1837
1855
1739
1475
1062
509
-159
-909
-1697
-2471
-3177
-3763
-4182
-4396
-4380
-4123
-3634
-2934
-2062
-1069
-16
1032
2012
2863
3535
3991
4210
4187
3935
3483
2873
2158
1394
639
-54
-641
-1088
-1376
-1500
-1472
-1314
-1060
-750
-427
-132
99
241
278
207
38
-209
-504
-813
-1098
-1326
-1466
-1500
-1419
-1224
-933
-570
-169
229
587
867
1039
1084
995
779
454
55
-378
-798
-1155
-1405
-1510
-1444
-1195
-768
-183
520
1295
2081
2816
3437
3888
4123
4111
3840
3315
2561
1621
552
-578
-1700
-2740
-3635
-4328
-4781
-4970
-4892
-4561
-4010
-3284
-2439
-1535
-634
208
944
1536
1965
2221
2312
2258
2090
1843
1556
1268
1011
812
686
639
667
756
883
1023
1148
1231
1251
1192
1047
816
509
145
-252
-658
-1043
-1380
-1648
-1831
-1919
-1912
-1817
-1648
-1423
-1166
-898
-641
-415
-232
-100
-19
14
12
-10
-40
-59
-54
-14
66
187
343
526
720
910
1080
1213
1299
0
0
0
0
0
0
0
0
0
0
0
0
0
0
0
0
0
0
0
0
0
0
0
0
0
0
0
0
0
0
0
0
0
0
0
0
0
0
0
0
0
0
0
0
0
0
0
0
0
0
0
0
0
0
0
0
0
0
0
0
0
0
0
0
0
0
0
0
0
0
0
0
0
0
0
0
0
0
0
0
0
0
0
0
0
0
0
0
0
0
0
0
0
0
0
0
0
0
0
0
0
0
0
0
0
0
0
0
0
0
0
0
0
0
0
0
0
0
0
0
0
0
0
0
0
0
0
0
0
0
0
0
0
0
0
0
0
0
0
0
0
0
0
0
0
0
0
0
0
0
0
0
0
0
0
0
0
0
0
0
0
0
0
0
0
0
0
0
0
0
0
0
0
0
0
0
0
0
0
0
0
0
0
0
0
0
0
0
0
0
0
0
0
0
0
0
0
0
0
0
0
0
0
0
0
0
0
0
0
0
0
0
0
0
0
0
0
0
0
0
0
0
0
0
0
0
0
0
0
0
0
0
0
0
0
0
0
0
0
0
0
0
0
0
0
0
0
0
0
0
0
0
0
0
0
0
0
0
0
0
0
0
0
0
0
0
0
0
0
0
0
0
0
0
0
0
0
0
0
0
0
0
0
0
0
0
0
0
0
0
0
0
0
0
0
0
0
0
0
0
0
0
0
0
0
0
0
0
0
0
0
0
0
0
0
0
0
0
0
0
0
0
0
0
0
0
0
0
0
0
0
0
0
0
0
0
-4870
-4754
-4412
-3863
-3140
-2281
-1336
-355
607
1503
2286
2920
3377
3642
3711
3593
3305
2875
2339
1734
1102
482
-88
-580
-970
-1243
-1393
-1422
-1343
-1173
-934
-653
-357
-72
176
370
496
544
514
409
242
25
-222
-480
-729
-949
-1123
-1238
-1286
-1262
-1167
-1008
-794
-538
-256
33
316
574
795
967
1084
1141
1140
1085
983
844
680
504
328
164
21
-92
-172
-217
-227
-205
-158
-93
-16
62
136
199
244
268
270
249
207
145
67
-22
-122
-227
-336
-445
-554
-662
-765
-864
-955
-1035
-1099
-1142
-1157
-1138
-1076
-968
-806
-591
-322
-5
351
735
1130
1515
1871
2174
2404
2543
2576
2495
2298
1989
1581
1093
550
-18
-582
-1110
-1571
-1942
-2203
-2343
-2361
-2261
-2059
-1776
-1438
-1075
-717
-390
-119
81
203
246
219
139
28
-88
-183
-232
-214
-117
63
322
646
1010
1385
1736
2027
2225
2303
2241
2031
1678
1197
619
-19
-671
-1288
-1822
-2228
-2473
-2534
-2404
-2089
-1614
-1016
-345
342
988
1534
1930
2138
2134
1912
1484
882
150
-650
-1457
-2199
-2813
-3242
-3443
-3392
-3083
-2530
-1767
-846
168
1207
2194
3060
3744
4199
4395
4323
3992
3432
2688
1818
886
-40
-898
-1634
-2204
-2582
-2759
-2741
-2551
-2224
-1803
-1338
-874
-456
-119
114
234
243
156
-3
-201
-405
-580
-696
-731
-672
-520
-284
14
350
688
995
1240
1397
1449
1392
1230
982
673
339
16
-256
-445
-526
-483
-315
-33
337
760
1189
1577
1873
2033
2022
1819
1417
827
78
-786
-1709
-2625
-3466
-4164
-4661
-4910
-4879
-4559
-3957
-3104
-2048
-851
413
1668
2835
3844
4633
5160
5399
5344
5009
4426
3642
2717
1714
701
-260
-1114
-1819
-2344
-2677
-2820
-2786
-2606
-2313
-1950
-1558
-1177
-840
-573
-390
-295
-283
-339
-439
-559
-668
-741
-753
-688
-537
-299
18
398
818
1250
1664
2029
2316
2502
2569
2505
2310
1989
1556
1034
449
-167
-782
-1364
-1879
-2301
-2608
-2784
-2819
-2713
-2472
-2109
-1643
-1101
-510
98
693
1243
1721
2102
2368
2507
2515
2393
2150
1802
1372
884
367
-149
-637
-1072
-1431
-1699
-1867
-1932
-1899
-1778
-1585
-1340
-1065
-780
-505
-257
-48
115
235
314
364
397
429
475
548
658
808
997
1216
1450
1679
1879
2024
2090
2056
1905
1628
1227
712
102
-573
-1277
-1970
-2608
-3150
-3558
-3802
-3861
-3725
-3399
-2897
-2247
-1484
-653
198
1023
1776
2416
2912
3243
3399
3382
3204
2888
2462
1960
1418
872
352
-113
-506
-813
-1031
-1162
-1216
-1206
-1148
-1059
-957
-856
-767
-697
-649
-623
-614
-616
-621
-621
-609
-579
-528
-453
-357
-242
-112
27
171
314
451
579
695
797
883
951
1000
1028
1031
1008
953
865
741
580
385
159
-88
-348
-605
-845
-1049
-1203
-1290
-1301
-1230
-1075
-845
-552
-216
138
484
791
1033
1185
1232
1164
983
699
333
-85
-521
-935
-1289
-1547
-1681
-1671
-1511
-1207
-777
-254
322
904
1442
1888
2200
2346
2307
2080
1678
1130
478
-226
-925
-1559
-2074
-2423
-2575
-2513
-2239
-1773
-1152
-429
337
1081
1740
2254
2581
2690
2570
2231
1702
1026
263
-520
-1259
-1888
-2352
-2612
-2647
-2454
-2052
-1479
-787
-39
695
1350
1866
2194
2306
2189
1855
1335
675
-62
-809
-1494
-2053
-2430
-2584
-2495
-2165
-1614
-885
-34
867
1746
2528
3146
3547
3692
3565
3171
2536
1704
736
-298
-1323
-2265
-3057
-3645
-3991
-4074
-3894
-3471
-2840
-2050
-1161
-235
664
1479
2162
2675
2997
3119
3049
2804
2414
1915
1348
751
163
-383
-862
-1255
-1553
-1750
-1850
-1861
-1794
-1659
-1470
-1238
-972
-682
-374
-55
269
592
905
1198
1461
1679
1840
1931
1941
1863
1692
1433
1092
685
231
-243
-714
-1151
-1528
-1823
-2017
-2101
-2074
-1941
-1718
-1426
-1093
-748
-419
-134
86
229
290
274
195
74
-59
-176
-245
-238
-134
78
402
825
1327
1874
2425
2934
3351
3633
3738
3637
3314
2768
2013
1080
13
-1129
-2284
-3384
-4361
-5155
-5713
-5999
-5992
-5690
-5107
-4277
-3248
-2079
-836
410
1592
2647
3524
4184
4604
4777
4711
4429
3967
3370
2686
1968
1264
617
62
-378
-692
-879
-950
-925
-833
-703
-570
-462
-408
-424
-522
-701
-954
-1261
-1599
-1938
-2243
-2484
-2630
-2657
-2550
-2302
-1915
-1404
-791
-106
611
1322
1986
2563
3019
3328
3473
3445
3248
2897
2415
1833
1187
518
-136
-738
-1256
-1665
-1947
-2096
-2113
-2008
-1798
-1506
-1159
-784
-408
-56
252
503
688
804
853
843
785
690
570
436
297
159
24
-107
-238
-371
-509
-655
-809
-966
-1120
-1260
-1372
-1440
-1447
-1378
-1221
-969
-620
-181
332
897
1485
2060
2583
3015
3322
3472
3444
3226
2821
2243
1518
684
-210
-1114
-1972
-2731
-3343
-3770
-3985
-3976
-3747
-3314
-2708
-1972
-1155
-312
501
1235
1847
2302
2579
2671
2583
2334
1951
1471
934
381
-147
-618
-1002
-1282
-1449
-1502
-1448
-1304
-1088
-822
-528
-226
66
337
578
786
961
1106
1225
1321
1398
1455
1489
1496
1466
1390
1259
1062
796
458
52
-411
-916
-1441
-1961
-2445
-2866
-3194
-3405
-3480
-3409
-3186
-2818
-2318
-1707
-1013
-268
493
1239
1937
2558
3080
3487
3766
3915
3934
3829
3609
3285
2870
2377
1820
1211
566
-101
-776
-1441
-2076
-2662
-3175
-3592
-3892
-4053
-4059
-3901
-3577
-3092
-2465
-1720
-894
-29
825
1621
2310
2851
3208
3362
3305
3044
2602
2016
1333
608
-100
-736
-1250
-1602
-1767
-1736
-1519
-1140
-640
-70
513
1050
1486
1777
1890
1809
1538
1099
528
-122
-793
-1422
-1949
-2323
-2506
-2477
-2234
-1797
-1202
-503
237
951
1573
2041
2312
2356
2167
1757
1164
439
-350
-1132
-1832
-2382
-2727
-2828
-2671
-2262
-1631
-830
75
1008
1888
2636
3189
3494
3525
3276
2766
2039
1155
189
-775
-1660
-2389
-2903
-3161
-3144
-2860
-2336
-1624
-788
94
946
1693
2269
2627
2739
2598
2222
1645
923
120
-693
-1449
-2084
-2547
-2806
-2846
-2673
-2308
-1792
-1174
-511
140
728
1210
1555
1750
1796
1708
1516
1255
968
694
470
322
265
302
420
596
799
989
1128
1182
1121
929
603
154
-391
-998
-1619
-2203
-2698
-3060
-3249
-3243
-3032
-2624
-2043
-1327
-526
305
1107
1824
2408
2822
3043
3064
2895
2559
2092
1539
946
364
-165
-607
-937
-1143
-1228
-1204
-1094
-927
-737
-554
-406
-312
-282
-316
-404
-525
-653
-760
-816
-796
-682
-465
-151
246
701
1177
1631
2020
2301
2437
2402
2182
1778
1206
498
-301
-1138
-1953
-2684
-3275
-3678
-3855
-3788
-3474
-2927
-2179
-1278
-280
748
1742
2637
3376
3913
4218
4274
4084
3665
3048
2278
1404
484
-427
-1278
-2023
-2624
-3056
-3305
-3370
-3258
-2989
-2588
-2085
-1513
-906
-297
285
817
1278
1653
1934
2115
2196
2181
2075
1889
1632
1316
956
564
155
-253
-647
-1012
-1333
-1595
-1790
-1906
-1939
-1887
-1751
-1538
-1256
-918
-541
-142
261
650
1008
1319
1572
1757
1870
1908
1873
1770
1607
1391
1133
842
530
205
-121
-442
-750
-1036
-1293
-1514
-1692
-1819
-1890
-1897
-1839
-1711
-1515
-1255
-936
-571
-173
240
650
1036
1376
1651
1846
1947
1948
1847
1650
1368
1018
621
203
-209
-591
-920
-1174
-1339
-1407
-1376
-1251
-1044
-773
-458
-122
209
513
771
965
1085
1125
1086
972
795
569
309
35
-236
-489
-710
-887
-1013
-1084
-1100
-1063
-980
-857
-703
-526
-337
-145
43
219
378
513
621
699
744
756
736
684
605
503
384
255
125
2
-104
-187
-239
-254
-231
-169
-74
48
188
333
470
583
659
687
657
566
414
204
-51
-340
-644
-942
-1213
-1437
-1597
-1679
-1673
-1576
-1392
-1130
-804
-434
-40
351
719
1043
1303
1488
1591
1608
1545
1411
1219
985
727
463
209
-19
-213
-363
-468
-527
-545
-526
-479
-412
-334
-251
-170
-94
-28
28
74
111
138
155
163
159
141
108
56
-16
-110
-226
-361
-510
-666
-820
-962
-1080
-1162
-1199
-1183
-1107
-969
-771
-520
-223
104
450
797
1129
1432
1690
1894
2037
2113
2124
2071
1959
1795
1585
1337
1058
753
427
83
-273
-641
-1015
-1389
-1756
-2105
-2424
-2696
-2907
-3038
-3074
-3003
-2815
-2506
-2081
-1549
-931
-251
459
1164
1827
2410
2880
3209
3379
3381
3215
2895
2445
1896
1287
661
61
-473
-909
-1221
-1392
-1421
-1316
-1096
-789
-430
-59
286
572
767
851
813
654
384
24
-396
-846
-1288
-1688
-2015
-2244
-2359
-2351
-2224
-1986
-1657
-1260
-821
-367
75
486
847
1150
1389
1568
1693
1773
1822
1850
1867
1878
1885
1885
1871
1832
1758
1634
1451
1202
883
500
61
-416
-912
-1402
-1859
-2258
-2575
-2792
-2897
-2886
-2761
-2535
-2225
-1853
-1446
-1030
-630
-267
44
294
482
613
699
756
800
851
924
1030
1174
1356
1568
1793
2013
2204
2343
2406
2376
2238
1990
1634
1183
657
84
-504
-1076
-1597
-2040
-2380
-2603
-2702
-2680
-2549
-2327
-2040
-1713
-1376
-1052
-763
-523
-339
-209
-125
-72
-31
15
89
206
377
604
885
1205
1547
1886
2194
2441
2601
2653
2581
2379
2052
1611
1080
488
-129
-737
-1299
-1781
-2159
-2412
-2534
-2524
-2394
-2161
-1850
-1491
-1111
-740
-400
-111
117
282
387
442
462
464
465
481
524
599
706
839
985
1127
1248
1326
1343
1287
1149
927
629
268
-134
-553
-959
-1324
-1619
-1823
-1917
-1894
-1755
-1506
-1167
-759
-312
143
578
964
1279
1505
1633
1663
1600
1456
1249
999
727
454
196
-33
-227
-381
-497
-583
-647
-698
-747
-802
-866
-940
-1022
-1102
-1171
-1215
-1220
-1175
-1069
-897
-659
-361
-14
364
754
1131
1472
1754
1957
2067
2075
1982
1794
1524
1191
817
429
51
-292
-584
-810
-963
-1042
-1054
-1010
-927
-823
-717
-628
-569
-550
-574
-639
-736
-853
-970
-1069
-1129
-1133
-1065
-919
-690
-383
-11
409
854
1298
1713
2070
2345
2518
2573
2505
2313
2005
1597
1110
569
2
-560
-1090
-1563
-1955
-2251
-2439
-2515
-2479
-2337
-2101
-1785
-1406
-984
-537
-85
353
762
1127
1436
1679
1848
1940
1951
1882
1736
1518
1238
904
531
132
-273
-669
-1037
-1358
-1615
-1794
-1883
-1874
-1764
-1556
-1258
-884
-451
17
496
957
1374
1720
1971
2111
2125
2010
1767
1406
944
407
-176
-772
-1344
-1856
-2275
-2571
-2720
-2706
-2524
-2176
-1675
-1045
-318
467
1268
2036
2724
3288
3688
3894
3883
3647
3189
2526
1686
710
-351
-1441
-2499
-3464
-4277
-4889
-5258
-5356
-5171
-4705
-3977
-3023
-1890
-639
664
1948
3143
4182
5009
5578
5859
5839
5521
4927
4093
3070
1917
700
-510
-1649
-2657
-3483
-4088
-4449
-4557
-4421
-4060
-3510
-2814
-2021
-1185
-359
406
1071
1601
1973
2175
2207
2081
1816
1441
990
499
6
-452
-846
-1147
-1337
-1402
-1339
-1151
-850
-453
16
530
1059
1572
2036
2423
2705
2862
2876
2739
2447
2008
1434
748
-22
-842
-1673
-2471
-3193
-3799
-4250
-4516
-4574
-4413
-4031
-3442
-2669
-1750
-729
339
1399
2390
3257
3951
4432
4673
4662
4402
3911
3224
2386
1452
484
-455
-1308
-2021
-2554
-2880
-2986
-2876
-2572
-2107
-1527
-884
-234
367
874
1246
1456
1494
1362
1078
675
194
-317
-810
-1235
-1551
-1726
-1744
-1599
-1302
-878
-364
194
749
1250
1652
1918
2023
1956
1721
1339
842
274
-313
-868
-1339
-1680
-1859
-1855
-1665
-1300
-790
-176
489
1149
1745
2221
2533
2647
2547
2233
1724
1055
275
-557
-1378
-2125
-2739
-3173
-3393
-3383
-3145
-2699
-2081
-1342
-540
261
1002
1628
2095
2375
2456
2344
2062
1650
1154
631
136
-278
-570
-710
-685
-499
-175
250
728
1200
1608
1895
2015
1933
1635
1124
423
-422
-1356
-2307
-3198
-3954
-4506
-4798
-4792
-4471
-3841
-2935
-1805
-521
832
2166
3389
4419
5186
5640
5754
5524
4973
4145
3104
1927
699
-494
-1574
-2473
-3141
-3547
-3685
-3568
-3230
-2721
-2103
-1442
-802
-244
185
455
552
481
263
-61
-446
-836
-1175
-1412
-1507
-1433
-1177
-747
-166
526
1281
2041
2744
3333
3759
3983
3984
3755
3307
2669
1882
998
75
-828
-1657
-2363
-2910
-3274
-3447
-3436
-3258
-2944
-2531
-2059
-1570
-1100
-680
-331
-65
116
222
268
276
269
271
303
379
510
694
926
1190
1468
1736
1969
2146
2247
2258
2172
1989
1718
1371
969
535
91
-338
-734
-1077
-1358
-1571
-1714
-1793
-1815
-1793
-1737
-1660
-1570
-1477
-1382
-1288
-1192
-1090
-977
-846
-693
-515
-312
-85
159
414
671
919
1148
1350
1518
1648
1739
1793
1814
1806
1776
1728
1667
1594
1507
1401
1270
1106
898
640
325
-47
-473
-944
-1445
-1953
-2443
-2886
-3252
-3515
-3649
-3638
-3473
-3154
-2692
-2109
-1432
-698
51
777
1439
2004
2446
2748
2906
2926
2823
2623
2355
2054
1751
1475
1248
1084
986
946
947
966
974
940
836
638
333
-82
-601
-1201
-1852
-2513
-3137
-3676
-4084
-4322
-4361
-4184
-3790
-3193
-2422
-1519
-535
472
1444
2326
3069
3634
3998
4150
4096
3854
3455
2938
2345
1721
1106
535
36
-376
-697
-929
-1085
-1182
-1240
-1280
-1318
-1368
-1432
-1511
-1594
-1667
-1712
-1709
-1640
-1493
-1260
-944
-554
-111
359
825
1253
1609
1864
1997
1996
1859
1597
1233
797
327
-135
-551
-884
-1106
-1199
-1160
-997
-728
-387
-9
362
688
930
1061
1064
936
686
339
-72
-507
-919
-1265
-1505
-1610
-1562
-1358
-1011
-547
-4
569
1123
1606
1972
2183
2216
2062
1730
1243
638
-36
-726
-1375
-1931
-2350
-2597
-2655
-2521
-2208
-1744
-1167
-525
131
753
1295
1720
2005
2137
2119
1965
1698
1352
961
561
185
-140
-396
-573
-672
-699
-671
-604
-519
-434
-364
-319
-302
-310
-333
-361
-378
-371
-330
-249
-129
21
189
355
495
587
610
551
403
168
-136
-489
-854
-1193
-1465
-1628
-1651
-1510
-1196
-717
-96
625
1395
2149
2820
3342
3657
3721
3508
3016
2263
1295
175
-1016
-2190
-3252
-4115
-4706
-4970
-4878
-4429
-3653
-2606
-1366
-32
1291
2499
3492
4191
4540
4512
4113
3378
2374
1188
-75
-1306
-2397
-3253
-3798
-3985
-3798
-3253
-2397
-1306
-75
1188
2374
3378
4113
4512
4540
4191
3492
2499
1291
-32
-1366
-2606
-3653
-4429
-4878
-4970
-4706
-4115
-3252
-2190
-1016
175
1295
2263
3016
3508
3721
3657
3342
2820
2149
1395
625
-96
-717
-1196
-1510
-1651
-1628
-1465
-1193
-854
-489
-136
168
403
551
610
587
495
355
189
21
-129
-249
-330
-371
-378
-361
-333
-310
-302
-319
-364
-434
-519
-604
-671
-699
-672
-573
-396
-140
185
561
961
1352
1698
1965
2119
2137
2005
1720
1295
753
131
-525
-1167
-1744
-2208
-2521
-2655
-2597
-2350
-1931
-1375
-726
-36
638
1243
1730
2062
2216
2183
1972
1606
1123
569
-4
-547
-1011
-1358
-1562
-1610
-1505
-1265
-919
-507
-72
339
686
936
1064
1061
930
688
362
-9
-387
-728
-997
-1160
-1199
-1106
-884
-551
-135
327
797
1233
1597
1859
1996
1997
1864
1609
1253
825
359
-111
-554
-944
-1260
-1493
-1640
-1709
-1712
-1667
-1594
-1511
-1432
-1368
-1318
-1280
-1240
-1182
-1085
-929
-697
-376
36
535
1106
1721
2345
2938
3455
3854
4096
4150
3998
3634
3069
2326
1444
472
-535
-1519
-2422
-3193
-3790
-4184
-4361
-4322
-4084
-3676
-3137
-2513
-1852
-1201
-601
-82
333
638
836
940
974
966
947
946
986
1084
1248
1475
1751
2054
2355
2623
2823
2926
2906
2748
2446
2004
1439
777
51
-698
-1432
-2109
-2692
-3154
-3473
-3638
-3649
-3515
-3252
-2886
-2443
-1953
-1445
-944
-473
-47
325
640
898
1106
1270
1401
1507
1594
1667
1728
1776
1806
1814
1793
1739
1648
1518
1350
1148
919
671
414
159
-85
-312
-515
-693
-846
-977
-1090
-1192
-1288
-1382
-1477
-1570
-1660
-1737
-1793
-1815
-1793
-1714
-1571
-1358
-1077
-734
-338
91
535
969
1371
1718
1989
2172
2258
2247
2146
1969
1736
1468
1190
926
694
510
379
303
271
269
276
268
222
116
-65
-331
-680
-1100
-1570
-2059
-2531
-2944
-3258
-3436
-3447
-3274
-2910
-2363
-1657
-828
75
998
1882
2669
3307
3755
3984
3983
3759
3333
2744
2041
1281
526
-166
-747
-1177
-1433
-1507
-1412
-1175
-836
-446
-61
263
481
552
455
185
-244
-802
-1442
-2103
-2721
-3230
-3568
-3685
-3547
-3141
-2473
-1574
-494
699
1927
3104
4145
4973
5524
5754
5640
5186
4419
3389
2166
832
-521
-1805
-2935
-3841
-4471
-4792
-4798
-4506
-3954
-3198
-2307
-1356
-422
423
1124
1635
1933
2015
1895
1608
1200
728
250
-175
-499
-685
-710
-570
-278
136
631
1154
1650
2062
2344
2456
2375
2095
1628
1002
261
-540
-1342
-2081
-2699
-3145
-3383
-3393
-3173
-2739
-2125
-1378
-557
275
1055
1724
2233
2547
2647
2533
2221
1745
1149
489
-176
-790
-1300
-1665
-1855
-1859
-1680
-1339
-868
-313
274
842
1339
1721
1956
2023
1918
1652
1250
749
194
-364
-878
-1302
-1599
-1744
-1726
-1551
-1235
-810
-317
194
675
1078
1362
1494
1456
1246
874
367
-234
-884
-1527
-2107
-2572
-2876
-2986
-2880
-2554
-2021
-1308
-455
484
1452
2386
3224
3911
4402
4662
4673
4432
3951
3257
2390
1399
339
-729
-1750
-2669
-3442
-4031
-4413
-4574
-4516
-4250
-3799
-3193
-2471
-1673
-842
-22
748
1434
2008
2447
2739
2876
2862
2705
2423
2036
1572
1059
530
16
-453
-850
-1151
-1339
-1402
-1337
-1147
-846
-452
6
499
990
1441
1816
2081
2207
2175
1973
1601
1071
406
-359
-1185
-2021
-2814
-3510
-4060
-4421
-4557
-4449
-4088
-3483
-2657
-1649
-510
700
1917
3070
4093
4927
5521
5839
5859
5578
5009
4182
3143
1948
664
-639
-1890
-3023
-3977
-4705
-5171
-5356
-5258
-4889
-4277
-3464
-2499
-1441
-351
710
1686
2526
3189
3647
3883
3894
3688
3288
2724
2036
1268
467
-318
-1045
-1675
-2176
-2524
-2706
-2720
-2571
-2275
-1856
-1344
-772
-176
407
944
1406
1767
2010
2125
2111
1971
1720
1374
957
496
17
-451
-884
-1258
-1556
-1764
-1874
-1883
-1794
-1615
-1358
-1037
-669
-273
132
531
904
1238
1518
1736
1882
1951
1940
1848
1679
1436
1127
762
353
-85
-537
-984
-1406
-1785
-2101
-2337
-2479
-2515
-2439
-2251
-1955
-1563
-1090
-560
2
569
1110
1597
2005
2313
2505
2573
2518
2345
2070
1713
1298
854
409
-11
-383
-690
-919
-1065
-1133
-1129
-1069
-970
-853
-736
-639
-574
-550
-569
-628
-717
-823
-927
-1010
-1054
-1042
-963
-810
-584
-292
51
429
817
1191
1524
1794
1982
2075
2067
1957
1754
1472
1131
754
364
-14
-361
-659
-897
-1069
-1175
-1220
-1215
-1171
-1102
-1022
-940
-866
-802
-747
-698
-647
-583
-497
-381
-227
-33
196
454
727
999
1249
1456
1600
1663
1633
1505
1279
964
578
143
-312
-759
-1167
-1506
-1755
-1894
-1917
-1823
-1619
-1324
-959
-553
-134
268
629
927
1149
1287
1343
1326
1248
1127
985
839
706
599
524
481
465
464
462
442
387
282
117
-111
-400
-740
-1111
-1491
-1850
-2161
-2394
-2524
-2534
-2412
-2159
-1781
-1299
-737
-129
488
1080
1611
2052
2379
2581
2653
2601
2441
2194
1886
1547
1205
885
604
377
206
89
15
-31
-72
-125
-209
-339
-523
-763
-1052
-1376
-1713
-2040
-2327
-2549
-2680
-2702
-2603
-2380
-2040
-1597
-1076
-504
84
657
1183
1634
1990
2238
2376
2406
2343
2204
2013
1793
1568
1356
1174
1030
924
851
800
756
699
613
482
294
44
-267
-630
-1030
-1446
-1853
-2225
-2535
-2761
-2886
-2897
-2792
-2575
-2258
-1859
-1402
-912
-416
61
500
883
1202
1451
1634
1758
1832
1871
1885
1885
1878
1867
1850
1822
1773
1693
1568
1389
1150
847
486
75
-367
-821
-1260
-1657
-1986
-2224
-2351
-2359
-2244
-2015
-1688
-1288
-846
-396
24
384
654
813
851
767
572
286
-59
-430
-789
-1096
-1316
-1421
-1392
-1221
-909
-473
61
661
1287
1896
2445
2895
3215
3381
3379
3209
2880
2410
1827
1164
459
-251
-931
-1549
-2081
-2506
-2815
-3003
-3074
-3038
-2907
-2696
-2424
-2105
-1756
-1389
-1015
-641
-273
83
427
753
1058
1337
1585
1795
1959
2071
2124
2113
2037
1894
1690
1432
1129
797
450
104
-223
-520
-771
-969
-1107
-1183
-1199
-1162
-1080
-962
-820
-666
-510
-361
-226
-110
-16
56
108
141
159
163
155
138
111
74
28
-28
-94
-170
-251
-334
-412
-479
-526
-545
-527
-468
-363
-213
-19
209
463
727
985
1219
1411
1545
1608
1591
1488
1303
1043
719
351
-40
-434
-804
-1130
-1392
-1576
-1673
-1679
-1597
-1437
-1213
-942
-644
-340
-51
204
414
566
657
687
659
583
470
333
188
48
-74
-169
-231
-254
-239
-187
-104
2
125
255
384
503
605
684
736
756
744
699
621
513
378
219
43
-145
-337
-526
-703
-857
-980
-1063
-1100
-1084
-1013
-887
-710
-489
-236
35
309
569
795
972
1086
1125
1085
965
771
513
209
-122
-458
-773
-1044
-1251
-1376
-1407
-1339
-1174
-920
-591
-209
203
621
1018
1368
1650
1847
1948
1947
1846
1651
1376
1036
650
240
-173
-571
-936
-1255
-1515
-1711
-1839
-1897
-1890
-1819
-1692
-1514
-1293
-1036
-750
-442
-121
205
530
842
1133
1391
1607
1770
1873
1908
1870
1757
1572
1319
1008
650
261
-142
-541
-918
-1256
-1538
-1751
-1887
-1939
-1906
-1790
-1595
-1333
-1012
-647
-253
155
564
956
1316
1632
1889
2075
2181
2196
2115
1934
1653
1278
817
285
-297
-906
-1513
-2085
-2588
-2989
-3258
-3370
-3305
-3056
-2624
-2023
-1278
-427
484
1404
2278
3048
3665
4084
4274
4218
3913
3376
2637
1742
748
-280
-1278
-2179
-2927
-3474
-3788
-3855
-3678
-3275
-2684
-1953
-1138
-301
498
1206
1778
2182
2402
2437
2301
2020
1631
1177
701
246
-151
-465
-682
-796
-816
-760
-653
-525
-404
-316
-282
-312
-406
-554
-737
-927
-1094
-1204
-1228
-1143
-937
-607
-165
364
946
1539
2092
2559
2895
3064
3043
2822
2408
1824
1107
305
-526
-1327
-2043
-2624
-3032
-3243
-3249
-3060
-2698
-2203
-1619
-998
-391
154
603
929
1121
1182
1128
989
799
596
420
302
265
322
470
694
968
1255
1516
1708
1796
1750
1555
1210
728
140
-511
-1174
-1792
-2308
-2673
-2846
-2806
-2547
-2084
-1449
-693
120
923
1645
2222
2598
2739
2627
2269
1693
946
94
-788
-1624
-2336
-2860
-3144
-3161
-2903
-2389
-1660
-775
189
1155
2039
2766
3276
3525
3494
3189
2636
1888
1008
75
-830
-1631
-2262
-2671
-2828
-2727
-2382
-1832
-1132
-350
439
1164
1757
2167
2356
2312
2041
1573
951
237
-503
-1202
-1797
-2234
-2477
-2506
-2323
-1949
-1422
-793
-122
528
1099
1538
1809
1890
1777
1486
1050
513
-70
-640
-1140
-1519
-1736
-1767
-1602
-1250
-736
-100
608
1333
2016
2602
3044
3305
3362
3208
2851
2310
1621
825
-29
-894
-1720
-2465
-3092
-3577
-3901
-4059
-4053
-3892
-3592
-3175
-2662
-2076
-1441
-776
-101
566
1211
1820
2377
2870
3285
3609
3829
3934
3915
3766
3487
3080
2558
1937
1239
493
-268
-1013
-1707
-2318
-2818
-3186
-3409
-3480
-3405
-3194
-2866
-2445
-1961
-1441
-916
-411
52
458
796
1062
1259
1390
1466
1496
1489
1455
1398
1321
1225
1106
961
786
578
337
66
-226
-528
-822
-1088
-1304
-1448
-1502
-1449
-1282
-1002
-618
-147
381
934
1471
1951
2334
2583
2671
2579
2302
1847
1235
501
-312
-1155
-1972
-2708
-3314
-3747
-3976
-3985
-3770
-3343
-2731
-1972
-1114
-210
684
1518
2243
2821
3226
3444
3472
3322
3015
2583
2060
1485
897
332
-181
-620
-969
-1221
-1378
-1447
-1440
-1372
-1260
-1120
-966
-809
-655
-509
-371
-238
-107
24
159
297
436
570
690
785
843
853
804
688
503
252
-56
-408
-784
-1159
-1506
-1798
-2008
-2113
-2096
-1947
-1665
-1256
-738
-136
518
1187
1833
2415
2897
3248
3445
3473
3328
3019
2563
1986
1322
611
-106
-791
-1404
-1915
-2302
-2550
-2657
-2630
-2484
-2243
-1938
-1599
-1261
-954
-701
-522
-424
-408
-462
-570
-703
-833
-925
-950
-879
-692
-378
62
617
1264
1968
2686
3370
3967
4429
4711
4777
4604
4184
3524
2647
1592
410
-836
-2079
-3248
-4277
-5107
-5690
-5992
-5999
-5713
-5155
-4361
-3384
-2284
-1129
13
1080
2013
2768
3314
3637
3738
3633
3351
2934
2425
1874
1327
825
402
78
-134
-238
-245
-176
-59
74
195
274
290
229
86
-134
-419
-748
-1093
-1426
-1718
-1941
-2074
-2101
-2017
-1823
-1528
-1151
-714
-243
231
685
1092
1433
1692
1863
1941
1931
1840
1679
1461
1198
905
592
269
-55
-374
-682
-972
-1238
-1470
-1659
-1794
-1861
-1850
-1750
-1553
-1255
-862
-383
163
751
1348
1915
2414
2804
3049
3119
2997
2675
2162
1479
664
-235
-1161
-2050
-2840
-3471
-3894
-4074
-3991
-3645
-3057
-2265
-1323
-298
736
1704
2536
3171
3565
3692
3547
3146
2528
1746
867
-34
-885
-1614
-2165
-2495
-2584
-2430
-2053
-1494
-809
-62
675
1335
1855
2189
2306
2194
1866
1350
695
-39
-787
-1479
-2052
-2454
-2647
-2612
-2352
-1888
-1259
-520
263
1026
1702
2231
2570
2690
2581
2254
1740
1081
337
-429
-1152
-1773
-2239
-2513
-2575
-2423
-2074
-1559
-925
-226
478
1130
1678
2080
2307
2346
2200
1888
1442
904
322
-254
-777
-1207
-1511
-1671
-1681
-1547
-1289
-935
-521
-85
333
699
983
1164
1232
1185
1033
791
484
138
-216
-552
-845
-1075
-1230
-1301
-1290
-1203
-1049
-845
-605
-348
-88
159
385
580
741
865
953
1008
1031
1028
1000
951
883
797
695
579
451
314
171
27
-112
-242
-357
-453
-528
-579
-609
-621
-621
-616
-614
-623
-649
-697
-767
-856
-957
-1059
-1148
-1206
-1216
-1162
-1031
-813
-506
-113
352
872
1418
1960
2462
2888
3204
3382
3399
3243
2912
2416
1776
1023
198
-653
-1484
-2247
-2897
-3399
-3725
-3861
-3802
-3558
-3150
-2608
-1970
-1277
-573
102
712
1227
1628
1905
2056
2090
2024
1879
1679
1450
1216
997
808
658
548
475
429
397
364
314
235
115
-48
-257
-505
-780
-1065
-1340
-1585
-1778
-1899
-1932
-1867
-1699
-1431
-1072
-637
-149
367
884
1372
1802
2150
2393
2515
2507
2368
2102
1721
1243
693
98
-510
-1101
-1643
-2109
-2472
-2713
-2819
-2784
-2608
-2301
-1879
-1364
-782
-167
449
1034
1556
1989
2310
2505
2569
2502
2316
2029
1664
1250
818
398
18
-299
-537
-688
-753
-741
-668
-559
-439
-339
-283
-295
-390
-573
-840
-1177
-1558
-1950
-2313
-2606
-2786
-2820
-2677
-2344
-1819
-1114
-260
701
1714
2717
3642
4426
5009
5344
5399
5160
4633
3844
2835
1668
413
-851
-2048
-3104
-3957
-4559
-4879
-4910
-4661
-4164
-3466
-2625
-1709
-786
78
827
1417
1819
2022
2033
1873
1577
1189
760
337
-33
-315
-483
-526
-445
-256
16
339
673
982
1230
1392
1449
1397
1240
995
688
350
14
-284
-520
-672
-731
-696
-580
-405
-201
-3
156
243
234
114
-119
-456
-874
-1338
-1803
-2224
-2551
-2741
-2759
-2582
-2204
-1634
-898
-40
886
1818
2688
3432
3992
4323
4395
4199
3744
3060
2194
1207
168
-846
-1767
-2530
-3083
-3392
-3443
-3242
-2813
-2199
-1457
-650
150
882
1484
1912
2134
2138
1930
1534
988
342
-345
-1016
-1614
-2089
-2404
-2534
-2473
-2228
-1822
-1288
-671
-19
619
1197
1678
2031
2241
2303
2225
2027
1736
1385
1010
646
322
63
-117
-214
-232
-183
-88
28
139
219
246
203
81
-119
-390
-717
-1075
-1438
-1776
-2059
-2261
-2361
-2343
-2203
-1942
-1571
-1110
-582
-18
550
1093
1581
1989
2298
2495
2576
2543
2404
2174
1871
1515
1130
735
351
-5
-322
-591
-806
-968
-1076
-1138
-1157
-1142
-1099
-1035
-955
-864
-765
-662
-554
-445
-336
-227
-122
-22
67
145
207
249
270
268
244
199
136
62
-16
-93
-158
-205
-227
-217
-172
-92
21
164
328
504
680
844
983
1085
1140
1141
1084
967
795
574
316
33
-256
-538
-794
-1008
-1167
-1262
-1286
-1238
-1123
-949
-729
-480
-222
25
242
409
514
544
496
370
176
-72
-357
-653
-934
-1173
-1343
-1422
-1393
-1243
-970
-580
-88
482
1102
1734
2339
2875
3305
3593
3711
3642
3377
2920
2286
1503
607
-355
-1336
-2281
-3140
-3863
-4412
-4754
0
0
0
0
0
0
0
0
0
0
0
0
0
0
0
0
0
0
0
0
0
0
0
0
0
0
0
0
0
0
0
0
0
0
0
0
0
0
0
0
0
0
0
0
0
0
0
0
0
0
0
0
0
0
0
0
0
0
0
0
0
0
0
0
0
0
0
0
0
0
0
0
0
0
0
0
0
0
0
0
0
0
0
0
0
0
0
0
0
0
0
0
0
0
0
0
0
0
0
0
0
0
0
0
0
0
0
0
0
0
0
0
0
0
0
0
0
0
0
0
0
0
0
0
0
0
0
0
0
0
0
0
0
0
0
0
0
0
0
0
0
0
0
0
0
0
0
0
0
0
0
0
0
0
0
0
0
0
0
0
0
0
0
0
0
0
0
0
0
0
0
0
0
0
0
0
0
0
0
0
0
0
0
0
0
0
0
0
0
0
0
0
0
0
0
0
0
0
0
0
0
0
0
0
0
0
0
0
0
0
0
0
0
0
0
0
0
0
0
0
0
0
0
0
0
0
0
0
0
0
0
0
0
0
0
0
0
0
0
0
0
0
0
0
0
0
0
0
0
0
0
0
0
0
0
0
0
0
0
0
0
0
0
0
0
0
0
0
0
0
0
0
0
0
0
0
0
0
0
0
0
0
0
0
0
0
0
0
0
0
0
0
0
0
0
0
0
0
0
0
0
0
0
0
0
0
0
0
0
0
0
0
0
0
0
0
0
0
0
0
0
0
0
0
0
0
0
0
0
0
0
0
0
0
0
0
