17269
10860
2323
-6503
-13675
-17624
-17552
-13646
-7044
438
6748
10116
9502
4874
-2766
-11612
-19489
-24393
-24992
-20975
-13146
-3247
6453
13713
16874
15271
9419
894
-8039
-14981
-17991
-16075
-9452
484
11483
20977
26708
27284
22529
13547
2464
-8071
-15531
-18124
-15240
-7608
2863
13539
21694
25174
22923
15258
3804
-8879
-19903
-26744
-27847
-23008
-13430
-1444
10040
18230
21115
17953
9452
-2389
-14751
-24660
-29696
-28562
-21402
-9768
3740
16081
24488
27110
23450
14470
2370
-9933
-19489
-23995
-22337
-14836
-3174
10002
21698
29260
30980
26482
16796
4110
-8737
-18907
-24204
-23562
-17269
-6882
5141
16010
23227
25144
21317
12579
836
-11371
-21439
-27272
-27724
-22829
-13764
-2566
8328
16611
20598
19566
13876
4870
-5444
-14830
-21300
-23513
-21037
-14409
-4991
5321
14505
20812
23111
21086
15278
6950
-2178
-10279
-15767
-17601
-15467
-9822
-1797
7032
14943
20394
22308
20275
14624
6366
-2997
-11743
-18255
-21326
-20385
-15618
-7946
1143
9863
16470
19603
18552
13416
5102
-4831
-14468
-21899
-25605
-24765
-19436
-10561
202
10793
19159
23661
23411
18457
9790
-852
-11321
-19489
-23676
-22989
-17506
-8259
2970
14002
22701
27390
27185
22159
13316
2383
-8538
-17386
-22537
-23111
-19117
-11435
-1619
8414
16757
21866
22839
19557
12675
3479
-6373
-15156
-21389
-24077
-22861
-18059
-10579
-1745
6935
14023
18380
19340
16806
11247
3621
-4785
-12557
-18379
-21238
-20593
-16466
-9452
-634
8577
16669
22278
24419
22671
17266
9070
-547
-9934
-17446
-21735
-21998
-18136
-10784
-1216
8878
17691
23626
25585
23172
16768
7458
-3158
-13264
-21146
-25502
-25659
-21680
-14337
-4956
4831
13373
19282
21658
20214
15302
7819
-962
-9610
-16770
-21364
-22742
-20752
-15744
-8489
-60
8328
15489
20425
22454
21302
17139
10562
2517
-5819
-13200
-18490
-20833
-19793
-15444
-8376
370
9452
17427
22985
25167
23534
18256
10098
306
-9595
-18051
-23738
-25781
-23899
-18445
-10342
-916
8328
15950
20809
22233
20100
14836
7317
-1280
-9676
-16676
-21335
-23071
-21720
-17531
-11107
-3316
4831
12303
18167
21692
22436
20294
15522
8715
749
-7315
-14367
-19391
-21614
-20635
-16499
-9718
-1216
7793
15984
22118
25243
24846
20941
14071
5225
-4317
-13185
-20136
-24233
-24981
-22385
-16923
-9452
-1064
7079
13917
18615
20664
19908
16541
11055
4160
-3299
-10441
-16433
-20571
-22346
-21500
-18059
-12350
-4978
3219
11256
18121
22898
24907
23810
19683
13021
4692
-4186
-12397
-18810
-22546
-23111
-20461
-15010
-7549
873
9116
16108
20992
23227
22631
19380
13947
7025
-575
-8021
-14540
-19489
-22393
-22979
-21192
-17198
-11380
-4318
3252
10500
16581
20738
22403
21287
17441
11278
3530
-4831
-12726
-19119
-23164
-24330
-22475
-17858
-11093
-3053
5263
12871
18928
22826
24245
23158
19803
14624
8203
1193
-5740
-11965
-16925
-20162
-21356
-20348
-17173
-12078
-5526
1827
9185
15695
20553
23111
22980
20099
14756
7561
-632
-8844
-16108
-21593
-24718
-25209
-23119
-18786
-12774
-5772
1491
8328
14156
18525
21131
21815
20554
17456
12759
6829
157
-6661
-12962
-18074
-21393
-22467
-21073
-17269
-11407
-4108
3815
11459
17953
22575
24845
24580
21894
17166
10967
3970
-3141
-9741
-15316
-19489
-22014
-22770
-21741
-19008
-14749
-9242
-2876
3856
10372
16048
20279
22562
22571
20219
15695
9452
2160
-5382
-12349
-18005
-21791
-23390
-22743
-20034
-15633
-10027
-3752
2675
8791
14203
18591
21694
23307
23278
21529
18082
13090
6866
-124
-7279
-13920
-19371
-23050
-24552
-23716
-20646
-15704
-9452
-2566
4252
10371
15295
18702
20448
20539
19094
16300
12377
7562
2112
-3683
-9486
-14901
-19489
-22805
-24451
-24142
-21768
-17438
-11484
-4439
3027
10196
16398
21097
23949
24833
23833
21195
17269
12441
7082
1521
-3964
-9127
-13732
-17535
-20273
-21685
-21548
-19726
-16225
-11226
-5098
1631
8328
14339
19077
22108
23198
22340
19731
15719
10741
5241
-379
-5798
-10778
-15145
-18756
-21466
-23111
-23512
-22505
-19986
-15959
-10586
-4196
2727
9595
15790
20750
24052
25465
24976
22770
19180
14624
9523
4248
-917
-5776
-10197
-14077
-17297
-19700
-21088
-21249
-20007
-17276
-13115
-7755
-1596
4831
10938
16157
20031
22272
22793
21697
19237
15748
11578
7027
2319
-2403
-7049
-11537
-15747
-19489
-22499
-24467
-25085
-24121
-21478
-17245
-11701
-5294
1425
7882
13568
18106
21295
23105
23647
23111
21701
19579
16838
13498
9548
4992
-89
-5505
-10937
-15966
-20131
-23004
-24269
-23789
-21632
-18059
-13479
-8369
-3188
1692
6031
9732
12810
15333
17361
18889
19825
19992
19174
17181
13920
9452
4016
-1983
-8031
-13586
-18168
-21437
-23239
-23614
-22759
-20961
-18517
-15660
-12521
-9114
-5374
-1216
3394
8381
13521
18461
22755
25952
27680
27728
26088
22961
18716
13812
8707
3772
-764
-4831
-8490
-11867
-15078
-18157
-21005
-23396
-25007
-25498
-24600
-22191
-18354
-13373
-7699
-1865
3613
8328
12050
14744
16547
17693
18431
18934
19241
19243
18710
17367
14982
11457
6883
1553
-4073
-9452
-14062
-17506
-19582
-20313
-19919
-18745
-17163
-15467
-13805
-12147
-10313
-8037
-5073
-1287
3267
8328
13456
18116
21785
24065
24768
23951
21896
19028
15815
12647
9751
7146
4666
2023
-1077
-4831
-9250
-14115
-19011
-23395
-26721
-28561
-28704
-27204
-24367
-20675
-16664
-12802
-9378
-6445
-3833
-1216
1772
5409
9781
14721
19828
24540
28256
30482
30944
29657
26921
23245
19226
15398
12111
9452
7239
5094
2565
-728
-4965
-10045
-15584
-20986
-25578
-28767
-30179
-29755
-27760
-24720
-21282
-18059
-15470
-13644
-12393
-11282
-9753
-7294
-3603
1312
7104
13150
18690
23005
25590
26278
25276
23111
20490
18120
16519
15885
16045
16506
16589
15621
13129
8982
3453
-2828
-9013
-14239
-17836
-19489
-19316
-17833
-15814
-14091
-13329
-13846
-15527
-17844
-19995
-21112
-20496
-17815
-13207
-7266
-912
4831
9088
11343
11577
10263
8243
6510
5936
7044
9852
13860
18163
21681
23433
22803
19704
14624
8515
2563
-2101
-4690
-4961
-3277
-517
2150
3571
2915
-95
-5096
-11155
-16996
-21313
-23111
-21957
-18111
-12473
-6364
-1202
1858
2218
0
-3978
-8403
-11804
-12923
-11061
-6263
661
8328
15110
19547
20709
18446
13439
7038
933
-3268
-4451
-2288
2670
9109
15281
19436
20270
-17269
-10860
-2323
6503
13675
17624
17552
13646
7044
-438
-6748
-10116
-9502
-4874
2766
11612
19489
24393
24992
20975
13146
3247
-6453
-13713
-16874
-15271
-9419
-894
8039
14981
17991
16075
9452
-484
-11483
-20977
-26708
-27284
-22529
-13547
-2464
8071
15531
18124
15240
7608
-2863
-13539
-21694
-25174
-22923
-15258
-3804
8879
19903
26744
27847
23008
13430
1444
-10040
-18230
-21115
-17953
-9452
2389
14751
24660
29696
28562
21402
9768
-3740
-16081
-24488
-27110
-23450
-14470
-2370
9933
19489
23995
22337
14836
3174
-10002
-21698
-29260
-30980
-26482
-16796
-4110
8737
18907
24204
23562
17269
6882
-5141
-16010
-23227
-25144
-21317
-12579
-836
11371
21439
27272
27724
22829
13764
2566
-8328
-16611
-20598
-19566
-13876
-4870
5444
14830
21300
23513
21037
14409
4991
-5321
-14505
-20812
-23111
-21086
-15278
-6950
2178
10279
15767
17601
15467
9822
1797
-7032
-14943
-20394
-22308
-20275
-14624
-6366
2997
11743
18255
21326
20385
15618
7946
-1143
-9863
-16470
-19603
-18552
-13416
-5102
4831
14468
21899
25605
24765
19436
10561
-202
-10793
-19159
-23661
-23411
-18457
-9790
852
11321
19489
23676
22989
17506
8259
-2970
-14002
-22701
-27390
-27185
-22159
-13316
-2383
8538
17386
22537
23111
19117
11435
1619
-8414
-16757
-21866
-22839
-19557
-12675
-3479
6373
15156
21389
24077
22861
18059
10579
1745
-6935
-14023
-18380
-19340
-16806
-11247
-3621
4785
12557
18379
21238
20593
16466
9452
634
-8577
-16669
-22278
-24419
-22671
-17266
-9070
547
9934
17446
21735
21998
18136
10784
1216
-8878
-17691
-23626
-25585
-23172
-16768
-7458
3158
13264
21146
25502
25659
21680
14337
4956
-4831
-13373
-19282
-21658
-20214
-15302
-7819
962
9610
16770
21364
22742
20752
15744
8489
60
-8328
-15489
-20425
-22454
-21302
-17139
-10562
-2517
5819
13200
18490
20833
19793
15444
8376
-370
-9452
-17427
-22985
-25167
-23534
-18256
-10098
-306
9595
18051
23738
25781
23899
18445
10342
916
-8328
-15950
-20809
-22233
-20100
-14836
-7317
1280
9676
16676
21335
23071
21720
17531
11107
3316
-4831
-12303
-18167
-21692
-22436
-20294
-15522
-8715
-749
7315
14367
19391
21614
20635
16499
9718
1216
-7793
-15984
-22118
-25243
-24846
-20941
-14071
-5225
4317
13185
20136
24233
24981
22385
16923
9452
1064
-7079
-13917
-18615
-20664
-19908
-16541
-11055
-4160
3299
10441
16433
20571
22346
21500
18059
12350
4978
-3219
-11256
-18121
-22898
-24907
-23810
-19683
-13021
-4692
4186
12397
18810
22546
23111
20461
15010
7549
-873
-9116
-16108
-20992
-23227
-22631
-19380
-13947
-7025
575
8021
14540
19489
22393
22979
21192
17198
11380
4318
-3252
-10500
-16581
-20738
-22403
-21287
-17441
-11278
-3530
4831
12726
19119
23164
24330
22475
17858
11093
3053
-5263
-12871
-18928
-22826
-24245
-23158
-19803
-14624
-8203
-1193
5740
11965
16925
20162
21356
20348
17173
12078
5526
-1827
-9185
-15695
-20553
-23111
-22980
-20099
-14756
-7561
632
8844
16108
21593
24718
25209
23119
18786
12774
5772
-1491
-8328
-14156
-18525
-21131
-21815
-20554
-17456
-12759
-6829
-157
6661
12962
18074
21393
22467
21073
17269
11407
4108
-3815
-11459
-17953
-22575
-24845
-24580
-21894
-17166
-10967
-3970
3141
9741
15316
19489
22014
22770
21741
19008
14749
9242
2876
-3856
-10372
-16048
-20279
-22562
-22571
-20219
-15695
-9452
-2160
5382
12349
18005
21791
23390
22743
20034
15633
10027
3752
-2675
-8791
-14203
-18591
-21694
-23307
-23278
-21529
-18082
-13090
-6866
124
7279
13920
19371
23050
24552
23716
20646
15704
9452
2566
-4252
-10371
-15295
-18702
-20448
-20539
-19094
-16300
-12377
-7562
-2112
3683
9486
14901
19489
22805
24451
24142
21768
17438
11484
4439
-3027
-10196
-16398
-21097
-23949
-24833
-23833
-21195
-17269
-12441
-7082
-1521
3964
9127
13732
17535
20273
21685
21548
19726
16225
11226
5098
-1631
-8328
-14339
-19077
-22108
-23198
-22340
-19731
-15719
-10741
-5241
379
5798
10778
15145
18756
21466
23111
23512
22505
19986
15959
10586
4196
-2727
-9595
-15790
-20750
-24052
-25465
-24976
-22770
-19180
-14624
-9523
-4248
917
5776
10197
14077
17297
19700
21088
21249
20007
17276
13115
7755
1596
-4831
-10938
-16157
-20031
-22272
-22793
-21697
-19237
-15748
-11578
-7027
-2319
2403
7049
11537
15747
19489
22499
24467
25085
24121
21478
17245
11701
5294
-1425
-7882
-13568
-18106
-21295
-23105
-23647
-23111
-21701
-19579
-16838
-13498
-9548
-4992
89
5505
10937
15966
20131
23004
24269
23789
21632
18059
13479
8369
3188
-1692
-6031
-9732
-12810
-15333
-17361
-18889
-19825
-19992
-19174
-17181
-13920
-9452
-4016
1983
8031
13586
18168
21437
23239
23614
22759
20961
18517
15660
12521
9114
5374
1216
-3394
-8381
-13521
-18461
-22755
-25952
-27680
-27728
-26088
-22961
-18716
-13812
-8707
-3772
764
4831
8490
11867
15078
18157
21005
23396
25007
25498
24600
22191
18354
13373
7699
1865
-3613
-8328
-12050
-14744
-16547
-17693
-18431
-18934
-19241
-19243
-18710
-17367
-14982
-11457
-6883
-1553
4073
9452
14062
17506
19582
20313
19919
18745
17163
15467
13805
12147
10313
8037
5073
1287
-3267
-8328
-13456
-18116
-21785
-24065
-24768
-23951
-21896
-19028
-15815
-12647
-9751
-7146
-4666
-2023
1077
4831
9250
14115
19011
23395
26721
28561
28704
27204
24367
20675
16664
12802
9378
6445
3833
1216
-1772
-5409
-9781
-14721
-19828
-24540
-28256
-30482
-30944
-29657
-26921
-23245
-19226
-15398
-12111
-9452
-7239
-5094
-2565
728
4965
10045
15584
20986
25578
28767
30179
29755
27760
24720
21282
18059
15470
13644
12393
11282
9753
7294
3603
-1312
-7104
-13150
-18690
-23005
-25590
-26278
-25276
-23111
-20490
-18120
-16519
-15885
-16045
-16506
-16589
-15621
-13129
-8982
-3453
2828
9013
14239
17836
19489
19316
17833
15814
14091
13329
13846
15527
17844
19995
21112
20496
17815
13207
7266
912
-4831
-9088
-11343
-11577
-10263
-8243
-6510
-5936
-7044
-9852
-13860
-18163
-21681
-23433
-22803
-19704
-14624
-8515
-2563
2101
4690
4961
3277
517
-2150
-3571
-2915
95
5096
11155
16996
21313
23111
21957
18111
12473
6364
1202
-1858
-2218
0
3978
8403
11804
12923
11061
6263
-661
-8328
-15110
-19547
-20709
-18446
-13439
-7038
-933
3268
4451
2288
-2670
-9109
-15281
-19436
-20270
-17269
-10860
-2323
6503
13675
17624
17552
13646
7044
-438
-6748
-10116
-9502
-4874
2766
11612
19489
24393
24992
20975
13146
3247
-6453
-13713
-16874
-15271
-9419
-894
8039
14981
17991
16075
9452
-484
-11483
-20977
-26708
-27284
-22529
-13547
-2464
8071
15531
18124
15240
7608
-2863
-13539
-21694
-25174
-22923
-15258
-3804
8879
19903
26744
27847
23008
13430
1444
-10040
-18230
-21115
-17953
-9452
2389
14751
24660
29696
28562
21402
9768
-3740
-16081
-24488
-27110
-23450
-14470
-2370
9933
19489
23995
22337
14836
3174
-10002
-21698
-29260
-30980
-26482
-16796
-4110
8737
18907
24204
23562
17269
6882
-5141
-16010
-23227
-25144
-21317
-12579
-836
11371
21439
27272
27724
22829
13764
2566
-8328
-16611
-20598
-19566
-13876
-4870
5444
14830
21300
23513
21037
14409
4991
-5321
-14505
-20812
-23111
-21086
-15278
-6950
2178
10279
15767
17601
15467
9822
1797
-7032
-14943
-20394
-22308
-20275
-14624
-6366
2997
11743
18255
21326
20385
15618
7946
-1143
-9863
-16470
-19603
-18552
-13416
-5102
4831
14468
21899
25605
24765
19436
10561
-202
-10793
-19159
-23661
-23411
-18457
-9790
852
11321
19489
23676
22989
17506
8259
-2970
-14002
-22701
-27390
-27185
-22159
-13316
-2383
8538
17386
22537
23111
19117
11435
1619
-8414
-16757
-21866
-22839
-19557
-12675
-3479
6373
15156
21389
24077
22861
18059
10579
1745
-6935
-14023
-18380
-19340
-16806
-11247
-3621
4785
12557
18379
21238
20593
16466
9452
634
-8577
-16669
-22278
-24419
-22671
-17266
-9070
547
9934
17446
21735
21998
18136
10784
1216
-8878
-17691
-23626
-25585
-23172
-16768
-7458
3158
13264
21146
25502
25659
21680
14337
4956
-4831
-13373
-19282
-21658
-20214
-15302
-7819
962
9610
16770
21364
22742
20752
15744
8489
60
-8328
-15489
-20425
-22454
-21302
-17139
-10562
-2517
5819
13200
18490
20833
19793
15444
8376
-370
-9452
-17427
-22985
-25167
-23534
-18256
-10098
-306
9595
18051
23738
25781
23899
18445
10342
916
-8328
-15950
-20809
-22233
-20100
-14836
-7317
1280
9676
16676
21335
23071
21720
17531
11107
3316
-4831
-12303
-18167
-21692
-22436
-20294
-15522
-8715
-749
7315
14367
19391
21614
20635
16499
9718
1216
-7793
-15984
-22118
-25243
-24846
-20941
-14071
-5225
4317
13185
20136
24233
24981
22385
16923
9452
1064
-7079
-13917
-18615
-20664
-19908
-16541
-11055
-4160
3299
10441
16433
20571
22346
21500
18059
12350
4978
-3219
-11256
-18121
-22898
-24907
-23810
-19683
-13021
-4692
4186
12397
18810
22546
23111
20461
15010
7549
-873
-9116
-16108
-20992
-23227
-22631
-19380
-13947
-7025
575
8021
14540
19489
22393
22979
21192
17198
11380
4318
-3252
-10500
-16581
-20738
-22403
-21287
-17441
-11278
-3530
4831
12726
19119
23164
24330
22475
17858
11093
3053
-5263
-12871
-18928
-22826
-24245
-23158
-19803
-14624
-8203
-1193
5740
11965
16925
20162
21356
20348
17173
12078
5526
-1827
-9185
-15695
-20553
-23111
-22980
-20099
-14756
-7561
632
8844
16108
21593
24718
25209
23119
18786
12774
5772
-1491
-8328
-14156
-18525
-21131
-21815
-20554
-17456
-12759
-6829
-157
6661
12962
18074
21393
22467
21073
17269
11407
4108
-3815
-11459
-17953
-22575
-24845
-24580
-21894
-17166
-10967
-3970
3141
9741
15316
19489
22014
22770
21741
19008
14749
9242
2876
-3856
-10372
-16048
-20279
-22562
-22571
-20219
-15695
-9452
-2160
5382
12349
18005
21791
23390
22743
20034
15633
10027
3752
-2675
-8791
-14203
-18591
-21694
-23307
-23278
-21529
-18082
-13090
-6866
124
7279
13920
19371
23050
24552
23716
20646
15704
9452
2566
-4252
-10371
-15295
-18702
-20448
-20539
-19094
-16300
-12377
-7562
-2112
3683
9486
14901
19489
22805
24451
24142
21768
17438
11484
4439
-3027
-10196
-16398
-21097
-23949
-24833
-23833
-21195
-17269
-12441
-7082
-1521
3964
9127
13732
17535
20273
21685
21548
19726
16225
11226
5098
-1631
-8328
-14339
-19077
-22108
-23198
-22340
-19731
-15719
-10741
-5241
379
5798
10778
15145
18756
21466
23111
23512
22505
19986
15959
10586
4196
-2727
-9595
-15790
-20750
-24052
-25465
-24976
-22770
-19180
-14624
-9523
-4248
917
5776
10197
14077
17297
19700
21088
21249
20007
17276
13115
7755
1596
-4831
-10938
-16157
-20031
-22272
-22793
-21697
-19237
-15748
-11578
-7027
-2319
2403
7049
11537
15747
19489
22499
24467
25085
24121
21478
17245
11701
5294
-1425
-7882
-13568
-18106
-21295
-23105
-23647
-23111
-21701
-19579
-16838
-13498
-9548
-4992
89
5505
10937
15966
20131
23004
24269
23789
21632
18059
13479
8369
3188
-1692
-6031
-9732
-12810
-15333
-17361
-18889
-19825
-19992
-19174
-17181
-13920
-9452
-4016
1983
8031
13586
18168
21437
23239
23614
22759
20961
18517
15660
12521
9114
5374
1216
-3394
-8381
-13521
-18461
-22755
-25952
-27680
-27728
-26088
-22961
-18716
-13812
-8707
-3772
764
4831
8490
11867
15078
18157
21005
23396
25007
25498
24600
22191
18354
13373
7699
1865
-3613
-8328
-12050
-14744
-16547
-17693
-18431
-18934
-19241
-19243
-18710
-17367
-14982
-11457
-6883
-1553
4073
9452
14062
17506
19582
20313
19919
18745
17163
15467
13805
12147
10313
8037
5073
1287
-3267
-8328
-13456
-18116
-21785
-24065
-24768
-23951
-21896
-19028
-15815
-12647
-9751
-7146
-4666
-2023
1077
4831
9250
14115
19011
23395
26721
28561
28704
27204
24367
20675
16664
12802
9378
6445
3833
1216
-1772
-5409
-9781
-14721
-19828
-24540
-28256
-30482
-30944
-29657
-26921
-23245
-19226
-15398
-12111
-9452
-7239
-5094
-2565
728
4965
10045
15584
20986
25578
28767
30179
29755
27760
24720
21282
18059
15470
13644
12393
11282
9753
7294
3603
-1312
-7104
-13150
-18690
-23005
-25590
-26278
-25276
-23111
-20490
-18120
-16519
-15885
-16045
-16506
-16589
-15621
-13129
-8982
-3453
2828
9013
14239
17836
19489
19316
17833
15814
14091
13329
13846
15527
17844
19995
21112
20496
17815
13207
7266
912
-4831
-9088
-11343
-11577
-10263
-8243
-6510
-5936
-7044
-9852
-13860
-18163
-21681
-23433
-22803
-19704
-14624
-8515
-2563
2101
4690
4961
3277
517
-2150
-3571
-2915
95
5096
11155
16996
21313
23111
21957
18111
12473
6364
1202
-1858
-2218
0
3978
8403
11804
12923
11061
6263
-661
-8328
-15110
-19547
-20709
-18446
-13439
-7038
-933
3268
4451
2288
-2670
-9109
-15281
-19436
-20270
-17269
-10860
-2323
6503
13675
17624
17552
13646
7044
-438
-6748
-10116
-9502
-4874
2766
11612
19489
24393
24992
20975
13146
3247
-6453
-13713
-16874
-15271
-9419
-894
8039
14981
17991
16075
9452
-484
-11483
-20977
-26708
-27284
-22529
-13547
-2464
8071
15531
18124
15240
7608
-2863
-13539
-21694
-25174
-22923
-15258
-3804
8879
19903
26744
27847
23008
13430
1444
-10040
-18230
-21115
-17953
-9452
2389
14751
24660
29696
28562
21402
9768
-3740
-16081
-24488
-27110
-23450
-14470
-2370
9933
19489
23995
22337
14836
3174
-10002
-21698
-29260
-30980
-26482
-16796
-4110
8737
18907
24204
23562
17269
6882
-5141
-16010
-23227
-25144
-21317
-12579
-836
11371
21439
27272
27724
22829
13764
2566
-8328
-16611
-20598
-19566
-13876
-4870
5444
14830
21300
23513
21037
14409
4991
-5321
-14505
-20812
-23111
-21086
-15278
-6950
2178
10279
15767
17601
15467
9822
1797
-7032
-14943
-20394
-22308
-20275
-14624
-6366
2997
11743
18255
21326
20385
15618
7946
-1143
-9863
-16470
-19603
-18552
-13416
-5102
4831
14468
21899
25605
24765
19436
10561
-202
-10793
-19159
-23661
-23411
-18457
-9790
852
11321
19489
23676
22989
17506
8259
-2970
-14002
-22701
-27390
-27185
-22159
-13316
-2383
8538
17386
22537
23111
19117
11435
1619
-8414
-16757
-21866
-22839
-19557
-12675
-3479
6373
15156
21389
24077
22861
18059
10579
1745
-6935
-14023
-18380
-19340
-16806
-11247
-3621
4785
12557
18379
21238
20593
16466
9452
634
-8577
-16669
-22278
-24419
-22671
-17266
-9070
547
9934
17446
21735
21998
18136
10784
1216
-8878
-17691
-23626
-25585
-23172
-16768
-7458
3158
13264
21146
25502
25659
21680
14337
4956
-4831
-13373
-19282
-21658
-20214
-15302
-7819
962
9610
16770
21364
22742
20752
15744
8489
60
-8328
-15489
-20425
-22454
-21302
-17139
-10562
-2517
5819
13200
18490
20833
19793
15444
8376
-370
-9452
-17427
-22985
-25167
-23534
-18256
-10098
-306
9595
18051
23738
25781
23899
18445
10342
916
-8328
-15950
-20809
-22233
-20100
-14836
-7317
1280
9676
16676
21335
23071
21720
17531
11107
3316
-4831
-12303
-18167
-21692
-22436
-20294
-15522
-8715
-749
7315
14367
19391
21614
20635
16499
9718
1216
-7793
-15984
-22118
-25243
-24846
-20941
-14071
-5225
4317
13185
20136
24233
24981
22385
16923
9452
1064
-7079
-13917
-18615
-20664
-19908
-16541
-11055
-4160
3299
10441
16433
20571
22346
21500
18059
12350
4978
-3219
-11256
-18121
-22898
-24907
-23810
-19683
-13021
-4692
4186
12397
18810
22546
23111
20461
15010
7549
-873
-9116
-16108
-20992
-23227
-22631
-19380
-13947
-7025
575
8021
14540
19489
22393
22979
21192
17198
11380
4318
-3252
-10500
-16581
-20738
-22403
-21287
-17441
-11278
-3530
4831
12726
19119
23164
24330
22475
17858
11093
3053
-5263
-12871
-18928
-22826
-24245
-23158
-19803
-14624
-8203
-1193
5740
11965
16925
20162
21356
20348
17173
12078
5526
-1827
-9185
-15695
-20553
-23111
-22980
-20099
-14756
-7561
632
8844
16108
21593
24718
25209
23119
18786
12774
5772
-1491
-8328
-14156
-18525
-21131
-21815
-20554
-17456
-12759
-6829
-157
6661
12962
18074
21393
22467
21073
17269
11407
4108
-3815
-11459
-17953
-22575
-24845
-24580
-21894
-17166
-10967
-3970
3141
9741
15316
19489
22014
22770
21741
19008
14749
9242
2876
-3856
-10372
-16048
-20279
-22562
-22571
-20219
-15695
-9452
-2160
5382
12349
18005
21791
23390
22743
20034
15633
10027
3752
-2675
-8791
-14203
-18591
-21694
-23307
-23278
-21529
-18082
-13090
-6866
124
7279
13920
19371
23050
24552
23716
20646
15704
9452
2566
-4252
-10371
-15295
-18702
-20448
-20539
-19094
-16300
-12377
-7562
-2112
3683
9486
14901
19489
22805
24451
24142
21768
17438
11484
4439
-3027
-10196
-16398
-21097
-23949
-24833
-23833
-21195
-17269
-12441
-7082
-1521
3964
9127
13732
17535
20273
21685
21548
19726
16225
11226
5098
-1631
-8328
-14339
-19077
-22108
-23198
-22340
-19731
-15719
-10741
-5241
379
5798
10778
15145
18756
21466
23111
23512
22505
19986
15959
10586
4196
-2727
-9595
-15790
-20750
-24052
-25465
-24976
-22770
-19180
-14624
-9523
-4248
917
5776
10197
14077
17297
19700
21088
21249
20007
17276
13115
7755
1596
-4831
-10938
-16157
-20031
-22272
-22793
-21697
-19237
-15748
-11578
-7027
-2319
2403
7049
11537
15747
19489
22499
24467
25085
24121
21478
17245
11701
5294
-1425
-7882
-13568
-18106
-21295
-23105
-23647
-23111
-21701
-19579
-16838
-13498
-9548
-4992
89
5505
10937
15966
20131
23004
24269
23789
21632
18059
13479
8369
3188
-1692
-6031
-9732
-12810
-15333
-17361
-18889
-19825
-19992
-19174
-17181
-13920
-9452
-4016
1983
8031
13586
18168
21437
23239
23614
22759
20961
18517
15660
12521
9114
5374
1216
-3394
-8381
-13521
-18461
-22755
-25952
-27680
-27728
-26088
-22961
-18716
-13812
-8707
-3772
764
4831
8490
11867
15078
18157
21005
23396
25007
25498
24600
22191
18354
13373
7699
1865
-3613
-8328
-12050
-14744
-16547
-17693
-18431
-18934
-19241
-19243
-18710
-17367
-14982
-11457
-6883
-1553
4073
9452
14062
17506
19582
20313
19919
18745
17163
15467
13805
12147
10313
8037
5073
1287
-3267
-8328
-13456
-18116
-21785
-24065
-24768
-23951
-21896
-19028
-15815
-12647
-9751
-7146
-4666
-2023
1077
4831
9250
14115
19011
23395
26721
28561
28704
27204
24367
20675
16664
12802
9378
6445
3833
1216
-1772
-5409
-9781
-14721
-19828
-24540
-28256
-30482
-30944
-29657
-26921
-23245
-19226
-15398
-12111
-9452
-7239
-5094
-2565
728
4965
10045
15584
20986
25578
28767
30179
29755
27760
24720
21282
18059
15470
13644
12393
11282
9753
7294
3603
-1312
-7104
-13150
-18690
-23005
-25590
-26278
-25276
-23111
-20490
-18120
-16519
-15885
-16045
-16506
-16589
-15621
-13129
-8982
-3453
2828
9013
14239
17836
19489
19316
17833
15814
14091
13329
13846
15527
17844
19995
21112
20496
17815
13207
7266
912
-4831
-9088
-11343
-11577
-10263
-8243
-6510
-5936
-7044
-9852
-13860
-18163
-21681
-23433
-22803
-19704
-14624
-8515
-2563
2101
4690
4961
3277
517
-2150
-3571
-2915
95
5096
11155
16996
21313
23111
21957
18111
12473
6364
1202
-1858
-2218
0
3978
8403
11804
12923
11061
6263
-661
-8328
-15110
-19547
-20709
-18446
-13439
-7038
-933
3268
4451
2288
-2670
-9109
-15281
-19436
-20270
-17269
-10860
-2323
6503
13675
17624
17552
13646
7044
-438
-6748
-10116
-9502
-4874
2766
11612
19489
24393
24992
20975
13146
3247
-6453
-13713
-16874
-15271
-9419
-894
8039
14981
17991
16075
9452
-484
-11483
-20977
-26708
-27284
-22529
-13547
-2464
8071
15531
18124
15240
7608
-2863
-13539
-21694
-25174
-22923
-15258
-3804
8879
19903
26744
27847
23008
13430
1444
-10040
-18230
-21115
-17953
-9452
2389
14751
24660
29696
28562
21402
9768
-3740
-16081
-24488
-27110
-23450
-14470
-2370
9933
19489
23995
22337
14836
3174
-10002
-21698
-29260
-30980
-26482
-16796
-4110
8737
18907
24204
23562
17269
6882
-5141
-16010
-23227
-25144
-21317
-12579
-836
11371
21439
27272
27724
22829
13764
2566
-8328
-16611
-20598
-19566
-13876
-4870
5444
14830
21300
23513
21037
14409
4991
-5321
-14505
-20812
-23111
-21086
-15278
-6950
2178
10279
15767
17601
15467
9822
1797
-7032
-14943
-20394
-22308
-20275
-14624
-6366
2997
11743
18255
21326
20385
15618
7946
-1143
-9863
-16470
-19603
-18552
-13416
-5102
4831
14468
21899
25605
24765
19436
10561
-202
-10793
-19159
-23661
-23411
-18457
-9790
852
11321
19489
23676
22989
17506
8259
-2970
-14002
-22701
-27390
-27185
-22159
-13316
-2383
8538
17386
22537
23111
19117
11435
1619
-8414
-16757
-21866
-22839
-19557
-12675
-3479
6373
15156
21389
24077
22861
18059
10579
1745
-6935
-14023
-18380
-19340
-16806
-11247
-3621
4785
12557
18379
21238
20593
16466
9452
634
-8577
-16669
-22278
-24419
-22671
-17266
-9070
547
9934
17446
21735
21998
18136
10784
1216
-8878
-17691
-23626
-25585
-23172
-16768
-7458
3158
13264
21146
25502
25659
21680
14337
4956
-4831
-13373
-19282
-21658
-20214
-15302
-7819
962
9610
16770
21364
22742
20752
15744
8489
60
-8328
-15489
-20425
-22454
-21302
-17139
-10562
-2517
5819
13200
18490
20833
19793
15444
8376
-370
-9452
-17427
-22985
-25167
-23534
-18256
-10098
-306
9595
18051
23738
25781
23899
18445
10342
916
-8328
-15950
-20809
-22233
-20100
-14836
-7317
1280
9676
16676
21335
23071
21720
17531
11107
3316
-4831
-12303
-18167
-21692
-22436
-20294
-15522
-8715
-749
7315
14367
19391
21614
20635
16499
9718
1216
-7793
-15984
-22118
-25243
-24846
-20941
-14071
-5225
4317
13185
20136
24233
24981
22385
16923
9452
1064
-7079
-13917
-18615
-20664
-19908
-16541
-11055
-4160
3299
10441
16433
20571
22346
21500
18059
12350
4978
-3219
-11256
-18121
-22898
-24907
-23810
-19683
-13021
-4692
4186
12397
18810
22546
23111
20461
15010
7549
-873
-9116
-16108
-20992
-23227
-22631
-19380
-13947
-7025
575
8021
14540
19489
22393
22979
21192
17198
11380
4318
-3252
-10500
-16581
-20738
-22403
-21287
-17441
-11278
-3530
4831
12726
19119
23164
24330
22475
17858
11093
3053
-5263
-12871
-18928
-22826
-24245
-23158
-19803
-14624
-8203
-1193
5740
11965
16925
20162
21356
20348
17173
12078
5526
-1827
-9185
-15695
-20553
-23111
-22980
-20099
-14756
-7561
632
8844
16108
21593
24718
25209
23119
18786
12774
5772
-1491
-8328
-14156
-18525
-21131
-21815
-20554
-17456
-12759
-6829
-157
6661
12962
18074
21393
22467
21073
17269
11407
4108
-3815
-11459
-17953
-22575
-24845
-24580
-21894
-17166
-10967
-3970
3141
9741
15316
19489
22014
22770
21741
19008
14749
9242
2876
-3856
-10372
-16048
-20279
-22562
-22571
-20219
-15695
-9452
-2160
5382
12349
18005
21791
23390
22743
20034
15633
10027
3752
-2675
-8791
-14203
-18591
-21694
-23307
-23278
-21529
-18082
-13090
-6866
124
7279
13920
19371
23050
24552
23716
20646
15704
9452
2566
-4252
-10371
-15295
-18702
-20448
-20539
-19094
-16300
-12377
-7562
-2112
3683
9486
14901
19489
22805
24451
24142
21768
17438
11484
4439
-3027
-10196
-16398
-21097
-23949
-24833
-23833
-21195
-17269
-12441
-7082
-1521
3964
9127
13732
17535
20273
21685
21548
19726
16225
11226
5098
-1631
-8328
-14339
-19077
-22108
-23198
-22340
-19731
-15719
-10741
-5241
379
5798
10778
15145
18756
21466
23111
23512
22505
19986
15959
10586
4196
-2727
-9595
-15790
-20750
-24052
-25465
-24976
-22770
-19180
-14624
-9523
-4248
917
5776
10197
14077
17297
19700
21088
21249
20007
17276
13115
7755
1596
-4831
-10938
-16157
-20031
-22272
-22793
-21697
-19237
-15748
-11578
-7027
-2319
2403
7049
11537
15747
19489
22499
24467
25085
24121
21478
17245
11701
5294
-1425
-7882
-13568
-18106
-21295
-23105
-23647
-23111
-21701
-19579
-16838
-13498
-9548
-4992
89
5505
10937
15966
20131
23004
24269
23789
21632
18059
13479
8369
3188
-1692
-6031
-9732
-12810
-15333
-17361
-18889
-19825
-19992
-19174
-17181
-13920
-9452
-4016
1983
8031
13586
18168
21437
23239
23614
22759
20961
18517
15660
12521
9114
5374
1216
-3394
-8381
-13521
-18461
-22755
-25952
-27680
-27728
-26088
-22961
-18716
-13812
-8707
-3772
764
4831
8490
11867
15078
18157
21005
23396
25007
25498
24600
22191
18354
13373
7699
1865
-3613
-8328
-12050
-14744
-16547
-17693
-18431
-18934
-19241
-19243
-18710
-17367
-14982
-11457
-6883
-1553
4073
9452
14062
17506
19582
20313
19919
18745
17163
15467
13805
12147
10313
8037
5073
1287
-3267
-8328
-13456
-18116
-21785
-24065
-24768
-23951
-21896
-19028
-15815
-12647
-9751
-7146
-4666
-2023
1077
4831
9250
14115
19011
23395
26721
28561
28704
27204
24367
20675
16664
12802
9378
6445
3833
1216
-1772
-5409
-9781
-14721
-19828
-24540
-28256
-30482
-30944
-29657
-26921
-23245
-19226
-15398
-12111
-9452
-7239
-5094
-2565
728
4965
10045
15584
20986
25578
28767
30179
29755
27760
24720
21282
18059
15470
13644
12393
11282
9753
7294
3603
-1312
-7104
-13150
-18690
-23005
-25590
-26278
-25276
-23111
-20490
-18120
-16519
-15885
-16045
-16506
-16589
-15621
-13129
-8982
-3453
2828
9013
14239
17836
19489
19316
17833
15814
14091
13329
13846
15527
17844
19995
21112
20496
17815
13207
7266
912
-4831
-9088
-11343
-11577
-10263
-8243
-6510
-5936
-7044
-9852
-13860
-18163
-21681
-23433
-22803
-19704
-14624
-8515
-2563
2101
4690
4961
3277
517
-2150
-3571
-2915
95
5096
11155
16996
21313
23111
21957
18111
12473
6364
1202
-1858
-2218
0
3978
8403
11804
12923
11061
6263
-661
-8328
-15110
-19547
-20709
-18446
-13439
-7038
-933
3268
4451
2288
-2670
-9109
-15281
-19436
-20270
-17269
-10860
-2323
6503
13675
17624
17552
13646
7044
-438
-6748
-10116
-9502
-4874
2766
11612
19489
24393
24992
20975
13146
3247
-6453
-13713
-16874
-15271
-9419
-894
8039
14981
17991
16075
9452
-484
-11483
-20977
-26708
-27284
-22529
-13547
-2464
8071
15531
18124
15240
7608
-2863
-13539
-21694
-25174
-22923
-15258
-3804
8879
19903
26744
27847
23008
13430
1444
-10040
-18230
-21115
-17953
-9452
2389
14751
24660
29696
28562
21402
9768
-3740
-16081
-24488
-27110
-23450
-14470
-2370
9933
19489
23995
22337
14836
3174
-10002
-21698
-29260
-30980
-26482
-16796
-4110
8737
18907
24204
23562
17269
6882
-5141
-16010
-23227
-25144
-21317
-12579
-836
11371
21439
27272
27724
22829
13764
2566
-8328
-16611
-20598
-19566
-13876
-4870
5444
14830
21300
23513
21037
14409
4991
-5321
-14505
-20812
-23111
-21086
-15278
-6950
2178
10279
15767
17601
15467
9822
1797
-7032
-14943
-20394
-22308
-20275
-14624
-6366
2997
11743
18255
21326
20385
15618
7946
-1143
-9863
-16470
-19603
-18552
-13416
-5102
4831
14468
21899
25605
24765
19436
10561
-202
-10793
-19159
-23661
-23411
-18457
-9790
852
11321
19489
23676
22989
17506
8259
-2970
-14002
-22701
-27390
-27185
-22159
-13316
-2383
8538
17386
22537
23111
19117
11435
1619
-8414
-16757
-21866
-22839
-19557
-12675
-3479
6373
15156
21389
24077
22861
18059
10579
1745
-6935
-14023
-18380
-19340
-16806
-11247
-3621
4785
12557
18379
21238
20593
16466
9452
634
-8577
-16669
-22278
-24419
-22671
-17266
-9070
547
9934
17446
21735
21998
18136
10784
1216
-8878
-17691
-23626
-25585
-23172
-16768
-7458
3158
13264
21146
25502
25659
21680
14337
4956
-4831
-13373
-19282
-21658
-20214
-15302
-7819
962
9610
16770
21364
22742
20752
15744
8489
60
-8328
-15489
-20425
-22454
-21302
-17139
-10562
-2517
5819
13200
18490
20833
19793
15444
8376
-370
-9452
-17427
-22985
-25167
-23534
-18256
-10098
-306
9595
18051
23738
25781
23899
18445
10342
916
-8328
-15950
-20809
-22233
-20100
-14836
-7317
1280
9676
16676
21335
23071
21720
17531
11107
3316
-4831
-12303
-18167
-21692
-22436
-20294
-15522
-8715
-749
7315
14367
19391
21614
20635
16499
9718
1216
-7793
-15984
-22118
-25243
-24846
-20941
-14071
-5225
4317
13185
20136
24233
24981
22385
16923
9452
1064
-7079
-13917
-18615
-20664
-19908
-16541
-11055
-4160
3299
10441
16433
20571
22346
21500
18059
12350
4978
-3219
-11256
-18121
-22898
-24907
-23810
-19683
-13021
-4692
4186
12397
18810
22546
23111
20461
15010
7549
-873
-9116
-16108
-20992
-23227
-22631
-19380
-13947
-7025
575
8021
14540
19489
22393
22979
21192
17198
11380
4318
-3252
-10500
-16581
-20738
-22403
-21287
-17441
-11278
-3530
4831
12726
19119
23164
24330
22475
17858
11093
3053
-5263
-12871
-18928
-22826
-24245
-23158
-19803
-14624
-8203
-1193
5740
11965
16925
20162
21356
20348
17173
12078
5526
-1827
-9185
-15695
-20553
-23111
-22980
-20099
-14756
-7561
632
8844
16108
21593
24718
25209
23119
18786
12774
5772
-1491
-8328
-14156
-18525
-21131
-21815
-20554
-17456
-12759
-6829
-157
6661
12962
18074
21393
22467
21073
17269
11407
4108
-3815
-11459
-17953
-22575
-24845
-24580
-21894
-17166
-10967
-3970
3141
9741
15316
19489
22014
22770
21741
19008
14749
9242
2876
-3856
-10372
-16048
-20279
-22562
-22571
-20219
-15695
-9452
-2160
5382
12349
18005
21791
23390
22743
20034
15633
10027
3752
-2675
-8791
-14203
-18591
-21694
-23307
-23278
-21529
-18082
-13090
-6866
124
7279
13920
19371
23050
24552
23716
20646
15704
9452
2566
-4252
-10371
-15295
-18702
-20448
-20539
-19094
-16300
-12377
-7562
-2112
3683
9486
14901
19489
22805
24451
24142
21768
17438
11484
4439
-3027
-10196
-16398
-21097
-23949
-24833
-23833
-21195
-17269
-12441
-7082
-1521
3964
9127
13732
17535
20273
21685
21548
19726
16225
11226
5098
-1631
-8328
-14339
-19077
-22108
-23198
-22340
-19731
-15719
-10741
-5241
379
5798
10778
15145
18756
21466
23111
23512
22505
19986
15959
10586
4196
-2727
-9595
-15790
-20750
-24052
-25465
-24976
-22770
-19180
-14624
-9523
-4248
917
5776
10197
14077
17297
19700
21088
21249
20007
17276
13115
7755
1596
-4831
-10938
-16157
-20031
-22272
-22793
-21697
-19237
-15748
-11578
-7027
-2319
2403
7049
11537
15747
19489
22499
24467
25085
24121
21478
17245
11701
5294
-1425
-7882
-13568
-18106
-21295
-23105
-23647
-23111
-21701
-19579
-16838
-13498
-9548
-4992
89
5505
10937
15966
20131
23004
24269
23789
21632
18059
13479
8369
3188
-1692
-6031
-9732
-12810
-15333
-17361
-18889
-19825
-19992
-19174
-17181
-13920
-9452
-4016
1983
8031
13586
18168
21437
23239
23614
22759
20961
18517
15660
12521
9114
5374
1216
-3394
-8381
-13521
-18461
-22755
-25952
-27680
-27728
-26088
-22961
-18716
-13812
-8707
-3772
764
4831
8490
11867
15078
18157
21005
23396
25007
25498
24600
22191
18354
13373
7699
1865
-3613
-8328
-12050
-14744
-16547
-17693
-18431
-18934
-19241
-19243
-18710
-17367
-14982
-11457
-6883
-1553
4073
9452
14062
17506
19582
20313
19919
18745
17163
15467
13805
12147
10313
8037
5073
1287
-3267
-8328
-13456
-18116
-21785
-24065
-24768
-23951
-21896
-19028
-15815
-12647
-9751
-7146
-4666
-2023
1077
4831
9250
14115
19011
23395
26721
28561
28704
27204
24367
20675
16664
12802
9378
6445
3833
1216
-1772
-5409
-9781
-14721
-19828
-24540
-28256
-30482
-30944
-29657
-26921
-23245
-19226
-15398
-12111
-9452
-7239
-5094
-2565
728
4965
10045
15584
20986
25578
28767
30179
29755
27760
24720
21282
18059
15470
13644
12393
11282
9753
7294
3603
-1312
-7104
-13150
-18690
-23005
-25590
-26278
-25276
-23111
-20490
-18120
-16519
-15885
-16045
-16506
-16589
-15621
-13129
-8982
-3453
2828
9013
14239
17836
19489
19316
17833
15814
14091
13329
13846
15527
17844
19995
21112
20496
17815
13207
7266
912
-4831
-9088
-11343
-11577
-10263
-8243
-6510
-5936
-7044
-9852
-13860
-18163
-21681
-23433
-22803
-19704
-14624
-8515
-2563
2101
4690
4961
3277
517
-2150
-3571
-2915
95
5096
11155
16996
21313
23111
21957
18111
12473
6364
1202
-1858
-2218
0
3978
8403
11804
12923
11061
6263
-661
-8328
-15110
-19547
-20709
-18446
-13439
-7038
-933
3268
4451
2288
-2670
-9109
-15281
-19436
-20270
17269
10860
2323
-6503
-13675
-17624
-17552
-13646
-7044
438
6748
10116
9502
4874
-2766
-11612
-19489
-24393
-24992
-20975
-13146
-3247
6453
13713
16874
15271
9419
894
-8039
-14981
-17991
-16075
-9452
484
11483
20977
26708
27284
22529
13547
2464
-8071
-15531
-18124
-15240
-7608
2863
13539
21694
25174
22923
15258
3804
-8879
-19903
-26744
-27847
-23008
-13430
-1444
10040
18230
21115
17953
9452
-2389
-14751
-24660
-29696
-28562
-21402
-9768
3740
16081
24488
27110
23450
14470
2370
-9933
-19489
-23995
-22337
-14836
-3174
10002
21698
29260
30980
26482
16796
4110
-8737
-18907
-24204
-23562
-17269
-6882
5141
16010
23227
25144
21317
12579
836
-11371
-21439
-27272
-27724
-22829
-13764
-2566
8328
16611
20598
19566
13876
4870
-5444
-14830
-21300
-23513
-21037
-14409
-4991
5321
14505
20812
23111
21086
15278
6950
-2178
-10279
-15767
-17601
-15467
-9822
-1797
7032
14943
20394
22308
20275
14624
6366
-2997
-11743
-18255
-21326
-20385
-15618
-7946
1143
9863
16470
19603
18552
13416
5102
-4831
-14468
-21899
-25605
-24765
-19436
-10561
202
10793
19159
23661
23411
18457
9790
-852
-11321
-19489
-23676
-22989
-17506
-8259
2970
14002
22701
27390
27185
22159
13316
2383
-8538
-17386
-22537
-23111
-19117
-11435
-1619
8414
16757
21866
22839
19557
12675
3479
-6373
-15156
-21389
-24077
-22861
-18059
-10579
-1745
6935
14023
18380
19340
16806
11247
3621
-4785
-12557
-18379
-21238
-20593
-16466
-9452
-634
8577
16669
22278
24419
22671
17266
9070
-547
-9934
-17446
-21735
-21998
-18136
-10784
-1216
8878
17691
23626
25585
23172
16768
7458
-3158
-13264
-21146
-25502
-25659
-21680
-14337
-4956
4831
13373
19282
21658
20214
15302
7819
-962
-9610
-16770
-21364
-22742
-20752
-15744
-8489
-60
8328
15489
20425
22454
21302
17139
10562
2517
-5819
-13200
-18490
-20833
-19793
-15444
-8376
370
9452
17427
22985
25167
23534
18256
10098
306
-9595
-18051
-23738
-25781
-23899
-18445
-10342
-916
8328
15950
20809
22233
20100
14836
7317
-1280
-9676
-16676
-21335
-23071
-21720
-17531
-11107
-3316
4831
12303
18167
21692
22436
20294
15522
8715
749
-7315
-14367
-19391
-21614
-20635
-16499
-9718
-1216
7793
15984
22118
25243
24846
20941
14071
5225
-4317
-13185
-20136
-24233
-24981
-22385
-16923
-9452
-1064
7079
13917
18615
20664
19908
16541
11055
4160
-3299
-10441
-16433
-20571
-22346
-21500
-18059
-12350
-4978
3219
11256
18121
22898
24907
23810
19683
13021
4692
-4186
-12397
-18810
-22546
-23111
-20461
-15010
-7549
873
9116
16108
20992
23227
22631
19380
13947
7025
-575
-8021
-14540
-19489
-22393
-22979
-21192
-17198
-11380
-4318
3252
10500
16581
20738
22403
21287
17441
11278
3530
-4831
-12726
-19119
-23164
-24330
-22475
-17858
-11093
-3053
5263
12871
18928
22826
24245
23158
19803
14624
8203
1193
-5740
-11965
-16925
-20162
-21356
-20348
-17173
-12078
-5526
1827
9185
15695
20553
23111
22980
20099
14756
7561
-632
-8844
-16108
-21593
-24718
-25209
-23119
-18786
-12774
-5772
1491
8328
14156
18525
21131
21815
20554
17456
12759
6829
157
-6661
-12962
-18074
-21393
-22467
-21073
-17269
-11407
-4108
3815
11459
17953
22575
24845
24580
21894
17166
10967
3970
-3141
-9741
-15316
-19489
-22014
-22770
-21741
-19008
-14749
-9242
-2876
3856
10372
16048
20279
22562
22571
20219
15695
9452
2160
-5382
-12349
-18005
-21791
-23390
-22743
-20034
-15633
-10027
-3752
2675
8791
14203
18591
21694
23307
23278
21529
18082
13090
6866
-124
-7279
-13920
-19371
-23050
-24552
-23716
-20646
-15704
-9452
-2566
4252
10371
15295
18702
20448
20539
19094
16300
12377
7562
2112
-3683
-9486
-14901
-19489
-22805
-24451
-24142
-21768
-17438
-11484
-4439
3027
10196
16398
21097
23949
24833
23833
21195
17269
12441
7082
1521
-3964
-9127
-13732
-17535
-20273
-21685
-21548
-19726
-16225
-11226
-5098
1631
8328
14339
19077
22108
23198
22340
19731
15719
10741
5241
-379
-5798
-10778
-15145
-18756
-21466
-23111
-23512
-22505
-19986
-15959
-10586
-4196
2727
9595
15790
20750
24052
25465
24976
22770
19180
14624
9523
4248
-917
-5776
-10197
-14077
-17297
-19700
-21088
-21249
-20007
-17276
-13115
-7755
-1596
4831
10938
16157
20031
22272
22793
21697
19237
15748
11578
7027
2319
-2403
-7049
-11537
-15747
-19489
-22499
-24467
-25085
-24121
-21478
-17245
-11701
-5294
1425
7882
13568
18106
21295
23105
23647
23111
21701
19579
16838
13498
9548
4992
-89
-5505
-10937
-15966
-20131
-23004
-24269
-23789
-21632
-18059
-13479
-8369
-3188
1692
6031
9732
12810
15333
17361
18889
19825
19992
19174
17181
13920
9452
4016
-1983
-8031
-13586
-18168
-21437
-23239
-23614
-22759
-20961
-18517
-15660
-12521
-9114
-5374
-1216
3394
8381
13521
18461
22755
25952
27680
27728
26088
22961
18716
13812
8707
3772
-764
-4831
-8490
-11867
-15078
-18157
-21005
-23396
-25007
-25498
-24600
-22191
-18354
-13373
-7699
-1865
3613
8328
12050
14744
16547
17693
18431
18934
19241
19243
18710
17367
14982
11457
6883
1553
-4073
-9452
-14062
-17506
-19582
-20313
-19919
-18745
-17163
-15467
-13805
-12147
-10313
-8037
-5073
-1287
3267
8328
13456
18116
21785
24065
24768
23951
21896
19028
15815
12647
9751
7146
4666
2023
-1077
-4831
-9250
-14115
-19011
-23395
-26721
-28561
-28704
-27204
-24367
-20675
-16664
-12802
-9378
-6445
-3833
-1216
1772
5409
9781
14721
19828
24540
28256
30482
30944
29657
26921
23245
19226
15398
12111
9452
7239
5094
2565
-728
-4965
-10045
-15584
-20986
-25578
-28767
-30179
-29755
-27760
-24720
-21282
-18059
-15470
-13644
-12393
-11282
-9753
-7294
-3603
1312
7104
13150
18690
23005
25590
26278
25276
23111
20490
18120
16519
15885
16045
16506
16589
15621
13129
8982
3453
-2828
-9013
-14239
-17836
-19489
-19316
-17833
-15814
-14091
-13329
-13846
-15527
-17844
-19995
-21112
-20496
-17815
-13207
-7266
-912
4831
9088
11343
11577
10263
8243
6510
5936
7044
9852
13860
18163
21681
23433
22803
19704
14624
8515
2563
-2101
-4690
-4961
-3277
-517
2150
3571
2915
-95
-5096
-11155
-16996
-21313
-23111
-21957
-18111
-12473
-6364
-1202
1858
2218
0
-3978
-8403
-11804
-12923
-11061
-6263
661
8328
15110
19547
20709
18446
13439
7038
933
-3268
-4451
-2288
2670
9109
15281
19436
20270
-17269
-10860
-2323
6503
13675
17624
17552
13646
7044
-438
-6748
-10116
-9502
-4874
2766
11612
19489
24393
24992
20975
13146
3247
-6453
-13713
-16874
-15271
-9419
-894
8039
14981
17991
16075
9452
-484
-11483
-20977
-26708
-27284
-22529
-13547
-2464
8071
15531
18124
15240
7608
-2863
-13539
-21694
-25174
-22923
-15258
-3804
8879
19903
26744
27847
23008
13430
1444
-10040
-18230
-21115
-17953
-9452
2389
14751
24660
29696
28562
21402
9768
-3740
-16081
-24488
-27110
-23450
-14470
-2370
9933
19489
23995
22337
14836
3174
-10002
-21698
-29260
-30980
-26482
-16796
-4110
8737
18907
24204
23562
17269
6882
-5141
-16010
-23227
-25144
-21317
-12579
-836
11371
21439
27272
27724
22829
13764
2566
-8328
-16611
-20598
-19566
-13876
-4870
5444
14830
21300
23513
21037
14409
4991
-5321
-14505
-20812
-23111
-21086
-15278
-6950
2178
10279
15767
17601
15467
9822
1797
-7032
-14943
-20394
-22308
-20275
-14624
-6366
2997
11743
18255
21326
20385
15618
7946
-1143
-9863
-16470
-19603
-18552
-13416
-5102
4831
14468
21899
25605
24765
19436
10561
-202
-10793
-19159
-23661
-23411
-18457
-9790
852
11321
19489
23676
22989
17506
8259
-2970
-14002
-22701
-27390
-27185
-22159
-13316
-2383
8538
17386
22537
23111
19117
11435
1619
-8414
-16757
-21866
-22839
-19557
-12675
-3479
6373
15156
21389
24077
22861
18059
10579
1745
-6935
-14023
-18380
-19340
-16806
-11247
-3621
4785
12557
18379
21238
20593
16466
9452
634
-8577
-16669
-22278
-24419
-22671
-17266
-9070
547
9934
17446
21735
21998
18136
10784
1216
-8878
-17691
-23626
-25585
-23172
-16768
-7458
3158
13264
21146
25502
25659
21680
14337
4956
-4831
-13373
-19282
-21658
-20214
-15302
-7819
962
9610
16770
21364
22742
20752
15744
8489
60
-8328
-15489
-20425
-22454
-21302
-17139
-10562
-2517
5819
13200
18490
20833
19793
15444
8376
-370
-9452
-17427
-22985
-25167
-23534
-18256
-10098
-306
9595
18051
23738
25781
23899
18445
10342
916
-8328
-15950
-20809
-22233
-20100
-14836
-7317
1280
9676
16676
21335
23071
21720
17531
11107
3316
-4831
-12303
-18167
-21692
-22436
-20294
-15522
-8715
-749
7315
14367
19391
21614
20635
16499
9718
1216
-7793
-15984
-22118
-25243
-24846
-20941
-14071
-5225
4317
13185
20136
24233
24981
22385
16923
9452
1064
-7079
-13917
-18615
-20664
-19908
-16541
-11055
-4160
3299
10441
16433
20571
22346
21500
18059
12350
4978
-3219
-11256
-18121
-22898
-24907
-23810
-19683
-13021
-4692
4186
12397
18810
22546
23111
20461
15010
7549
-873
-9116
-16108
-20992
-23227
-22631
-19380
-13947
-7025
575
8021
14540
19489
22393
22979
21192
17198
11380
4318
-3252
-10500
-16581
-20738
-22403
-21287
-17441
-11278
-3530
4831
12726
19119
23164
24330
22475
17858
11093
3053
-5263
-12871
-18928
-22826
-24245
-23158
-19803
-14624
-8203
-1193
5740
11965
16925
20162
21356
20348
17173
12078
5526
-1827
-9185
-15695
-20553
-23111
-22980
-20099
-14756
-7561
632
8844
16108
21593
24718
25209
23119
18786
12774
5772
-1491
-8328
-14156
-18525
-21131
-21815
-20554
-17456
-12759
-6829
-157
6661
12962
18074
21393
22467
21073
17269
11407
4108
-3815
-11459
-17953
-22575
-24845
-24580
-21894
-17166
-10967
-3970
3141
9741
15316
19489
22014
22770
21741
19008
14749
9242
2876
-3856
-10372
-16048
-20279
-22562
-22571
-20219
-15695
-9452
-2160
5382
12349
18005
21791
23390
22743
20034
15633
10027
3752
-2675
-8791
-14203
-18591
-21694
-23307
-23278
-21529
-18082
-13090
-6866
124
7279
13920
19371
23050
24552
23716
20646
15704
9452
2566
-4252
-10371
-15295
-18702
-20448
-20539
-19094
-16300
-12377
-7562
-2112
3683
9486
14901
19489
22805
24451
24142
21768
17438
11484
4439
-3027
-10196
-16398
-21097
-23949
-24833
-23833
-21195
-17269
-12441
-7082
-1521
3964
9127
13732
17535
20273
21685
21548
19726
16225
11226
5098
-1631
-8328
-14339
-19077
-22108
-23198
-22340
-19731
-15719
-10741
-5241
379
5798
10778
15145
18756
21466
23111
23512
22505
19986
15959
10586
4196
-2727
-9595
-15790
-20750
-24052
-25465
-24976
-22770
-19180
-14624
-9523
-4248
917
5776
10197
14077
17297
19700
21088
21249
20007
17276
13115
7755
1596
-4831
-10938
-16157
-20031
-22272
-22793
-21697
-19237
-15748
-11578
-7027
-2319
2403
7049
11537
15747
19489
22499
24467
25085
24121
21478
17245
11701
5294
-1425
-7882
-13568
-18106
-21295
-23105
-23647
-23111
-21701
-19579
-16838
-13498
-9548
-4992
89
5505
10937
15966
20131
23004
24269
23789
21632
18059
13479
8369
3188
-1692
-6031
-9732
-12810
-15333
-17361
-18889
-19825
-19992
-19174
-17181
-13920
-9452
-4016
1983
8031
13586
18168
21437
23239
23614
22759
20961
18517
15660
12521
9114
5374
1216
-3394
-8381
-13521
-18461
-22755
-25952
-27680
-27728
-26088
-22961
-18716
-13812
-8707
-3772
764
4831
8490
11867
15078
18157
21005
23396
25007
25498
24600
22191
18354
13373
7699
1865
-3613
-8328
-12050
-14744
-16547
-17693
-18431
-18934
-19241
-19243
-18710
-17367
-14982
-11457
-6883
-1553
4073
9452
14062
17506
19582
20313
19919
18745
17163
15467
13805
12147
10313
8037
5073
1287
-3267
-8328
-13456
-18116
-21785
-24065
-24768
-23951
-21896
-19028
-15815
-12647
-9751
-7146
-4666
-2023
1077
4831
9250
14115
19011
23395
26721
28561
28704
27204
24367
20675
16664
12802
9378
6445
3833
1216
-1772
-5409
-9781
-14721
-19828
-24540
-28256
-30482
-30944
-29657
-26921
-23245
-19226
-15398
-12111
-9452
-7239
-5094
-2565
728
4965
10045
15584
20986
25578
28767
30179
29755
27760
24720
21282
18059
15470
13644
12393
11282
9753
7294
3603
-1312
-7104
-13150
-18690
-23005
-25590
-26278
-25276
-23111
-20490
-18120
-16519
-15885
-16045
-16506
-16589
-15621
-13129
-8982
-3453
2828
9013
14239
17836
19489
19316
17833
15814
14091
13329
13846
15527
17844
19995
21112
20496
17815
13207
7266
912
-4831
-9088
-11343
-11577
-10263
-8243
-6510
-5936
-7044
-9852
-13860
-18163
-21681
-23433
-22803
-19704
-14624
-8515
-2563
2101
4690
4961
3277
517
-2150
-3571
-2915
95
5096
11155
16996
21313
23111
21957
18111
12473
6364
1202
-1858
-2218
0
3978
8403
11804
12923
11061
6263
-661
-8328
-15110
-19547
-20709
-18446
-13439
-7038
-933
3268
4451
2288
-2670
-9109
-15281
-19436
-20270
0
0
0
0
0
0
0
0
0
0
0
0
0
0
0
0
0
0
0
0
0
0
0
0
0
0
0
0
0
0
0
0
0
0
0
0
0
0
0
0
0
0
0
0
0
0
0
0
0
0
0
0
0
0
0
0
0
0
0
0
0
0
0
0
0
0
0
0
0
0
0
0
0
0
0
0
0
0
0
0
0
0
0
0
0
0
0
0
0
0
0
0
0
0
0
0
0
0
0
0
0
0
0
0
0
0
0
0
0
0
0
0
0
0
0
0
0
0
0
0
0
0
0
0
0
0
0
0
0
0
0
0
0
0
0
0
0
0
0
0
0
0
0
0
0
0
0
0
0
0
0
0
0
0
0
0
0
0
0
0
0
0
0
0
0
0
0
0
0
0
0
0
0
0
0
0
0
0
0
0
0
0
0
0
0
0
0
0
0
0
0
0
0
0
0
0
0
0
0
0
0
0
0
0
0
0
0
0
0
0
0
0
0
0
0
0
0
0
0
0
0
0
0
0
0
0
0
0
0
0
0
0
0
0
0
0
0
0
0
0
0
0
0
0
0
0
0
0
0
0
0
0
0
0
0
0
0
0
0
0
0
0
0
0
0
0
0
0
0
0
0
0
0
0
0
0
0
0
0
0
0
0
0
0
0
0
0
0
0
0
0
0
0
0
0
0
0
0
0
0
0
0
0
0
0
0
0
0
0
0
0
0
0
0
0
0
0
0
0
0
0
0
0
0
0
0
0
0
0
0
0
0
0
0
0
0
0
0
0
0
0
0
0
0
0
0
0
0
0
0
0
0
0
0
0
0
0
0
0
0
0
0
0
0
0
0
0
0
0
0
0
0
0
0
0
0
0
0
0
0
0
0
0
0
0
0
0
0
0
0
0
0
0
0
0
0
0
0
0
0
0
0
0
0
0
0
0
0
0
0
0
0
0
0
0
0
0
0
0
0
0
0
0
0
0
0
0
0
0
0
0
0
0
0
0
0
0
0
0
0
0
0
0
0
0
0
0
0
0
0
0
0
0
0
0
0
0
0
0
0
0
0
0
0
0
0
0
0
0
0
0
0
0
0
0
0
0
0
0
0
0
0
0
0
0
0
0
0
0
0
0
0
0
0
0
0
0
0
0
0
0
0
0
0
0
0
0
0
0
0
0
0
0
0
0
0
0
0
0
0
0
0
0
0
0
0
0
0
0
0
0
0
0
0
0
0
0
0
0
0
0
0
0
0
0
0
0
0
0
0
0
0
0
0
0
0
0
0
0
0
0
0
0
0
0
0
0
0
0
0
0
0
0
0
0
0
0
0
0
0
0
0
0
0
0
0
0
0
0
0
0
0
0
0
0
0
0
0
0
0
0
0
0
0
0
0
0
0
0
0
0
0
0
0
0
0
0
0
0
0
0
0
0
0
0
0
0
0
0
0
0
0
0
0
0
0
0
0
0
0
0
0
0
0
0
0
0
0
0
0
0
0
0
0
0
0
0
0
0
0
0
0
0
0
0
0
0
0
0
0
0
0
0
0
0
0
0
0
0
0
0
0
0
0
0
0
0
0
0
0
0
0
0
0
0
0
0
0
0
0
0
0
0
0
0
0
0
0
0
0
0
0
0
0
0
0
0
0
0
0
0
0
0
0
0
0
0
0
0
0
0
0
0
0
0
0
0
0
0
0
0
0
0
0
0
0
0
0
0
0
0
0
0
0
0
0
0
0
0
0
0
0
0
0
0
0
0
0
0
0
0
0
0
0
0
0
0
0
0
0
0
0
0
0
0
0
0
0
0
0
0
0
0
0
0
0
0
0
0
0
0
0
0
0
0
0
0
0
0
0
0
0
0
0
0
0
0
0
0
0
0
0
0
0
0
0
0
0
0
0
0
0
0
0
0
0
0
0
0
0
0
0
0
0
0
0
0
0
0
0
0
0
0
0
0
0
0
0
0
0
0
0
0
0
0
0
0
0
0
0
0
0
0
0
0
0
0
0
0
0
0
0
0
0
0
0
0
0
0
0
0
0
0
0
0
0
0
0
0
0
0
0
0
0
0
0
0
0
0
0
0
0
0
0
0
0
0
0
0
0
0
0
0
0
0
0
0
0
0
0
0
0
0
0
0
0
0
0
0
0
0
0
0
0
0
0
0
0
0
0
0
0
0
0
0
0
0
0
0
0
25210
23023
16318
6215
-5290
-15842
-23319
-26381
-24802
-19507
-12316
-5436
-864
145
-2575
-8072
-14531
-19772
-21845
-19573
-12885
-2862
8532
18948
26248
29058
27117
21324
13484
5827
396
-1485
425
5247
11212
16163
18141
15936
9424
-358
-11484
-21616
-28608
-31060
-28674
-22325
-13812
-5380
876
3574
2390
-1857
-7452
-12251
-14284
-12300
-6126
3261
13974
23694
30270
32283
29403
22477
13301
4135
-2883
-6305
-5740
-1939
3424
8222
10465
8858
3171
-5680
-15854
-25058
-31144
-32668
-29278
-21794
-11999
-2172
5511
9543
9463
5964
681
-4267
-6873
-5791
-726
7469
17007
25623
31173
32200
28318
20324
9991
-393
-8618
-13120
-13379
-10029
-4673
577
3687
3258
-1071
-8519
-17353
-25343
-30351
-30902
-26585
-18165
-7401
3411
12035
16854
17294
13941
8365
2675
-1061
-1392
2117
8757
16856
24216
28708
28843
24177
15444
4384
-6710
-15575
-20554
-21021
-17517
-11586
-5338
-875
291
-2346
-8155
-15520
-22283
-26324
-26131
-21231
-12321
-1113
10103
19047
24029
24375
20587
14188
7291
2033
-11
1738
6724
13396
19630
23309
22907
17909
8972
-2220
-13396
-22263
-27100
-27195
-23013
-16056
-8449
-2363
569
-312
-4524
-10574
-16373
-19812
-19336
-14393
-5591
5426
16405
25046
29608
29343
24684
17116
8771
1856
-1933
-1866
1649
7178
12666
16001
15604
10873
2365
-8321
-18955
-27242
-31423
-30718
-25531
-17331
-8257
-550
4034
4693
1767
-3367
-8681
-12064
-11901
-7539
520
10732
20896
28728
32451
31259
25527
16709
6950
-1475
-6762
-8034
-5566
-684
4609
8192
8417
4575
-2900
-12517
-22112
-29415
-32635
-30945
-24689
-15304
-4937
4107
9972
11722
9567
4785
-638
-4573
-5331
-2138
4635
13563
22522
29255
31966
29800
23076
13206
2340
-7195
-13499
-15575
-13578
-8744
-3040
1384
2800
366
-5621
-13797
-22085
-28244
-30475
-27893
-20786
-10543
688
10570
17156
19402
17409
12376
6258
1222
-951
644
5790
13187
20805
26425
28235
25327
17953
7474
-3975
-14042
-20753
-23013
-20877
-15513
-8866
-3124
-121
-835
-5119
-11746
-18733
-23878
-25361
-22244
-14739
-4176
7330
17423
24100
26227
23818
18011
10747
4238
368
187
3628
9528
15954
20720
21995
18807
11325
839
-10563
-20523
-27020
-28884
-26094
-19762
-11825
-4518
219
1269
-1377
-6629
-12595
-17103
-18308
-15202
-7902
2346
13486
23168
29356
30853
27603
20694
12060
3963
-1608
-3467
-1527
3180
8807
13198
14486
11618
4660
-5196
-15931
-25209
-30985
-32038
-28280
-20778
-11462
-2617
3720
6295
4953
660
-4771
-9195
-10720
-8247
-1780
7544
17752
26524
31816
32382
28105
20028
10079
562
-6442
-9615
-8735
-4713
675
5285
7199
5266
-573
-9251
-18835
-27034
-31801
-31871
-27098
-18503
-8003
2079
9625
13258
12692
8787
3289
-1655
-4100
-2835
2268
10207
19105
26695
30935
30537
25328
16298
5359
-5159
-13100
-17038
-16632
-12691
-6937
-1521
1575
1081
-3203
-10348
-18529
-25512
-29254
-28451
-22895
-13549
-2305
8500
16680
20766
20364
16242
10099
4095
250
-100
3316
9644
17116
23529
26840
25724
19939
10413
-983
-11913
-20173
-24251
-23708
-19274
-12632
-5951
-1293
-55
-2592
-8118
-14921
-20833
-23808
-22500
-16625
-7072
4314
15210
23392
27315
26502
21649
14423
7006
1502
-624
1054
5826
12039
17547
20309
18947
13136
3717
-7499
-18202
-26160
-29802
-28614
-23262
-15400
-7224
-879
2107
1229
-2872
-8596
-13826
-16514
-15250
-9662
-538
10354
20720
28329
31586
29946
24048
15533
6609
-536
-4315
-4150
-611
4752
9845
12611
11602
6393
-2283
-12708
-22616
-29775
-32574
-30440
-23984
-14833
-5210
2663
7138
7569
4460
-685
-5793
-8790
-8192
-3510
4583
14423
23775
30415
32717
30081
23088
13358
3114
-5381
-10429
-11319
-8492
-3411
1862
5242
5195
1171
-6226
-15390
-24121
-30206
-32007
-28896
-21427
-11201
-450
8539
14020
15215
12519
7350
1761
-2138
-2766
492
7110
15538
23618
29149
30481
26957
19102
8497
-2628
-11966
-17720
-19068
-16347
-10945
-4909
-370
1032
-1386
-7173
-14842
-22275
-27287
-28215
-24373
-16250
-5402
5947
15472
21342
22687
19796
14031
7435
2167
-79
1456
6394
13316
20144
24707
25327
21285
13035
2097
-9313
-18866
-24697
-25891
-22704
-16468
-9225
-3168
-44
-688
-4799
-11020
-17318
-21530
-21963
-17864
-9639
1225
12538
21960
27607
28526
24937
18148
10207
3334
-665
-883
2452
8053
13922
17908
18295
14292
6252
-4378
-15436
-24584
-29920
-30462
-26394
-19007
-10348
-2667
2169
3188
537
-4549
-10117
-14016
-14512
-10760
-3066
7177
17838
26589
31515
31607
27016
19017
9657
1217
-4387
-6111
-4035
669
6077
10044
10802
7459
260
-9458
-19602
-27859
-32306
-31907
-26787
-18199
-8191
930
7202
9510
7871
3404
-1997
-6182
-7355
-4566
2005
11084
20619
28316
32247
31354
25732
16613
6042
-3651
-10462
-13215
-11865
-7481
-1935
2619
4345
2237
-3599
-11952
-20817
-27924
-31339
-29983
-23922
-14362
-3342
6792
13995
17040
15824
11371
5534
476
-1924
-596
4424
11996
20166
26687
29622
27870
21463
11580
248
-10176
-17615
-20793
-19557
-14892
-8632
-2958
211
-264
-4425
-11199
-18683
-24656
-27181
-25129
-18497
-8430
3059
13614
21129
24286
22886
17880
11089
4710
711
297
3586
9578
16423
21923
24136
21906
15190
5095
-6392
-16915
-24349
-27341
-25652
-20199
-12798
-5660
-801
504
-1939
-7202
-13484
-18613
-20639
-18371
-11726
-1765
9557
19894
27105
29806
27725
21750
13688
5770
59
-2103
-444
4172
9999
14884
16863
14714
8297
-1370
-12374
-22382
-29245
-31558
-29011
-22470
-13733
-5051
1468
4419
3455
-628
-6129
-10911
-12997
-11122
-5093
4130
14676
24234
30653
32506
29456
22341
12952
3555
-3696
-7336
-6949
-3264
2054
6886
9234
7785
2292
-6352
-16324
-25339
-31249
-32608
-29049
-21387
-11403
-1377
6502
10706
10756
7324
2034
-2999
-5757
-4880
-49
7906
17215
25624
30993
31857
27823
19676
9185
-1357
-9732
-14357
-14692
-11360
-5946
-563
2742
2556
-1506
-8691
-17282
-25060
-29891
-30296
-25851
-17313
-6435
4489
13210
18100
18567
15180
9498
3634
-333
-936
2285
8651
16502
23658
27992
28005
23247
14440
3313
-7841
-16749
-21746
-22189
-18604
-12527
-6073
-1351
105
-2237
-7768
-14896
-21474
-25382
-25106
-20157
-11220
0
11220
20157
25106
25382
21474
14896
7768
2237
-105
1351
6073
12527
18604
22189
21746
16749
7841
-3313
-14440
-23247
-28005
-27992
-23658
-16502
-8651
-2285
936
333
-3634
-9498
-15180
-18567
-18100
-13210
-4489
6435
17313
25851
30296
29891
25060
17282
8691
1506
-2556
-2742
563
5946
11360
14692
14357
9732
1357
-9185
-19676
-27823
-31857
-30993
-25624
-17215
-7906
49
4880
5757
2999
-2034
-7324
-10756
-10706
-6502
1377
11403
21387
29049
32608
31249
25339
16324
6352
-2292
-7785
-9234
-6886
-2054
3264
6949
7336
3696
-3555
-12952
-22341
-29456
-32506
-30653
-24234
-14676
-4130
5093
11122
12997
10911
6129
628
-3455
-4419
-1468
5051
13733
22470
29011
31558
29245
22382
12374
1370
-8297
-14714
-16863
-14884
-9999
-4172
444
2103
-59
-5770
-13688
-21750
-27725
-29806
-27105
-19894
-9557
1765
11726
18371
20639
18613
13484
7202
1939
-504
801
5660
12798
20199
25652
27341
24349
16915
6392
-5095
-15190
-21906
-24136
-21923
-16423
-9578
-3586
-297
-711
-4710
-11089
-17880
-22886
-24286
-21129
-13614
-3059
8430
18497
25129
27181
24656
18683
11199
4425
264
-211
2958
8632
14892
19557
20793
17615
10176
-248
-11580
-21463
-27870
-29622
-26687
-20166
-11996
-4424
596
1924
-476
-5534
-11371
-15824
-17040
-13995
-6792
3342
14362
23922
29983
31339
27924
20817
11952
3599
-2237
-4345
-2619
1935
7481
11865
13215
10462
3651
-6042
-16613
-25732
-31354
-32247
-28316
-20619
-11084
-2005
4566
7355
6182
1997
-3404
-7871
-9510
-7202
-930
8191
18199
26787
31907
32306
27859
19602
9458
-260
-7459
-10802
-10044
-6077
-669
4035
6111
4387
-1217
-9657
-19017
-27016
-31607
-31515
-26589
-17838
-7177
3066
10760
14512
14016
10117
4549
-537
-3188
-2169
2667
10348
19007
26394
30462
29920
24584
15436
4378
-6252
-14292
-18295
-17908
-13922
-8053
-2452
883
665
-3334
-10207
-18148
-24937
-28526
-27607
-21960
-12538
-1225
9639
17864
21963
21530
17318
11020
4799
688
44
3168
9225
16468
22704
25891
24697
18866
9313
-2097
-13035
-21285
-25327
-24707
-20144
-13316
-6394
-1456
79
-2167
-7435
-14031
-19796
-22687
-21342
-15472
-5947
5402
16250
24373
28215
27287
22275
14842
7173
1386
-1032
370
4909
10945
16347
19068
17720
11966
2628
-8497
-19102
-26957
-30481
-29149
-23618
-15538
-7110
-492
2766
2138
-1761
-7350
-12519
-15215
-14020
-8539
450
11201
21427
28896
32007
30206
24121
15390
6226
-1171
-5195
-5242
-1862
3411
8492
11319
10429
5381
-3114
-13358
-23088
-30081
-32717
-30415
-23775
-14423
-4583
3510
8192
8790
5793
685
-4460
-7569
-7138
-2663
5210
14833
23984
30440
32574
29775
22616
12708
2283
-6393
-11602
-12611
-9845
-4752
611
4150
4315
536
-6609
-15533
-24048
-29946
-31586
-28329
-20720
-10354
538
9662
15250
16514
13826
8596
2872
-1229
-2107
879
7224
15400
23262
28614
29802
26160
18202
7499
-3717
-13136
-18947
-20309
-17547
-12039
-5826
-1054
624
-1502
-7006
-14423
-21649
-26502
-27315
-23392
-15210
-4314
7072
16625
22500
23808
20833
14921
8118
2592
55
1293
5951
12632
19274
23708
24251
20173
11913
983
-10413
-19939
-25724
-26840
-23529
-17116
-9644
-3316
100
-250
-4095
-10099
-16242
-20364
-20766
-16680
-8500
2305
13549
22895
28451
29254
25512
18529
10348
3203
-1081
-1575
1521
6937
12691
16632
17038
13100
5159
-5359
-16298
-25328
-30537
-30935
-26695
-19105
-10207
-2268
2835
4100
1655
-3289
-8787
-12692
-13258
-9625
-2079
8003
18503
27098
31871
31801
27034
18835
9251
573
-5266
-7199
-5285
-675
4713
8735
9615
6442
-562
-10079
-20028
-28105
-32382
-31816
-26524
-17752
-7544
1780
8247
10720
9195
4771
-660
-4953
-6295
-3720
2617
11462
20778
28280
32038
30985
25209
15931
5196
-4660
-11618
-14486
-13198
-8807
-3180
1527
3467
1608
-3963
-12060
-20694
-27603
-30853
-29356
-23168
-13486
-2346
7902
15202
18308
17103
12595
6629
1377
-1269
-219
4518
11825
19762
26094
28884
27020
20523
10563
-839
-11325
-18807
-21995
-20720
-15954
-9528
-3628
-187
-368
-4238
-10747
-18011
-23818
-26227
-24100
-17423
-7330
4176
14739
22244
25361
23878
18733
11746
5119
835
121
3124
8866
15513
20877
23013
20753
14042
3975
-7474
-17953
-25327
-28235
-26425
-20805
-13187
-5790
-644
951
-1222
-6258
-12376
-17409
-19402
-17156
-10570
-688
10543
20786
27893
30475
28244
22085
13797
5621
-366
-2800
-1384
3040
8744
13578
15575
13499
7195
-2340
-13206
-23076
-29800
-31966
-29255
-22522
-13563
-4635
2138
5331
4573
638
-4785
-9567
-11722
-9972
-4107
4937
15304
24689
30945
32635
29415
22112
12517
2900
-4575
-8417
-8192
-4609
684
5566
8034
6762
1475
-6950
-16709
-25527
-31259
-32451
-28728
-20896
-10732
-520
7539
11901
12064
8681
3367
-1767
-4693
-4034
550
8257
17331
25531
30718
31423
27242
18955
8321
-2365
-10873
-15604
-16001
-12666
-7178
-1649
1866
1933
-1856
-8771
-17116
-24684
-29343
-29608
-25046
-16405
-5426
5591
14393
19336
19812
16373
10574
4524
312
-569
2363
8449
16056
23013
27195
27100
22263
13396
2220
-8972
-17909
-22907
-23309
-19630
-13396
-6724
-1738
11
-2033
-7291
-14187
-20587
-24375
-24029
-19047
-10103
1113
12321
21231
26131
26324
22283
15520
8155
2346
-291
875
5338
11586
17517
21021
20554
15575
6710
-4384
-15444
-24177
-28843
-28708
-24216
-16856
-8757
-2117
1392
1061
-2675
-8365
-13941
-17294
-16854
-12035
-3411
7401
18165
26585
30902
30351
25343
17353
8519
1071
-3258
-3687
-577
4673
10029
13379
13120
8618
393
-9991
-20324
-28318
-32200
-31173
-25623
-17007
-7469
726
5791
6873
4267
-681
-5964
-9463
-9543
-5511
2172
11999
21794
29278
32668
31144
25058
15854
5680
-3171
-8858
-10465
-8222
-3424
1939
5740
6305
2883
-4135
-13301
-22477
-29403
-32283
-30270
-23694
-13974
-3261
6126
12300
14284
12251
7452
1857
-2390
-3574
-876
5380
13812
22325
28674
31060
28608
21616
11484
358
-9424
-15936
-18141
-16163
-11212
-5247
-425
1485
-396
-5827
-13484
-21324
-27117
-29058
-26248
-18948
-8532
2862
12885
19573
21845
19772
14531
8072
2575
-145
864
5436
12316
19507
24802
26381
23319
15842
5290
-6215
-16318
-23023
-25210
-22906
-17257
-10206
-3958
-379
-495
-4213
-10349
-16951
-21832
-23162
-19981
-12473
-1944
9510
19532
26104
28069
25416
19267
11558
4518
67
-697
2207
7664
13769
18350
19562
16410
9033
-1312
-12557
-22347
-28651
-30280
-27190
-20477
-12076
-4239
1060
2657
493
-4381
-10107
-14520
-15764
-12799
-5709
4294
15178
24604
30527
31734
28149
20844
11751
3149
-2942
-5291
-3763
652
6133
10528
11957
9335
2689
-6827
-17222
-26172
-31632
-32362
-28257
-20368
-10622
-1319
5475
8464
7446
3350
-2036
-6566
-8335
-6206
-144
8761
18561
26958
31902
32136
27523
19092
8764
-1143
-8522
-12018
-11365
-7438
-1994
2822
5076
3576
-1783
-9977
-19108
-26903
-31317
-31070
-25998
-17101
-6294
4094
11921
15775
15332
11420
5767
522
-2344
-1584
2980
10394
18815
25999
29901
29223
23771
14516
3357
-7368
-15486
-19541
-19154
-15108
-9109
-3312
273
338
-3372
-9972
-17678
-24274
-27720
-26695
-20973
-11491
-127
10779
19031
23127
22646
18330
11866
5418
1036
95
2925
8715
15735
21803
24879
23619
17758
8197
-3210
-14136
-22360
-26351
-25640
-20937
-13914
-6746
-1525
305
-1653
-6669
-13069
-18699
-21518
-20156
-14306
-4826
6466
17250
25298
29046
27993
22814
15168
7245
1178
-1527
-391
3923
9796
15104
17801
16486
10806
1566
-9450
-19943
-27682
-31076
-29594
-23881
-15582
-6904
-19
3505
3113
-598
-6066
-11189
-13912
-12801
-7449
1393
11988
22061
29379
32337
30371
24099
15156
5758
-1882
-6137
-6383
-3147
2054
7140
10043
9291
4418
-3883
-13930
-23476
-30294
-32766
-30294
-23476
-13930
-3883
4418
9291
10043
7140
2054
-3147
-6383
-6137
-1882
5758
15156
24099
30371
32337
29379
22061
11988
1393
-7449
-12801
-13912
-11189
-6066
-598
3113
3505
-19
-6904
-15582
-23881
-29594
-31076
-27682
-19943
-9450
1566
10806
16486
17801
15104
9796
3923
-391
-1527
1178
7245
15168
22814
27993
29046
25298
17250
6466
-4826
-14306
-20156
-21518
-18699
-13069
-6669
-1653
305
-1525
-6746
-13914
-20937
-25640
-26351
-22360
-14136
-3210
8197
17758
23619
24879
21803
15735
8715
2925
95
1036
5418
11866
18330
22646
23127
19031
10779
-127
-11491
-20973
-26695
-27720
-24274
-17678
-9972
-3372
338
273
-3312
-9109
-15108
-19154
-19541
-15486
-7368
3357
14516
23771
29223
29901
25999
18815
10394
2980
-1584
-2344
522
5767
11420
15332
15775
11921
4094
-6294
-17101
-25998
-31070
-31317
-26903
-19108
-9977
-1783
3576
5076
2822
-1994
-7438
-11365
-12018
-8522
-1143
8764
19092
27523
32136
31902
26958
18561
8761
-144
-6206
-8335
-6566
-2036
3350
7446
8464
5475
-1319
-10622
-20368
-28257
-32362
-31632
-26172
-17222
-6827
2689
9335
11957
10528
6133
652
-3763
-5291
-2942
3149
11751
20844
28149
31734
30527
24604
15178
4294
-5709
-12799
-15764
-14520
-10107
-4381
493
2657
1060
-4239
-12076
-20477
-27190
-30280
-28651
-22347
-12557
-1312
9033
16410
19562
18350
13769
7664
2207
-697
67
4518
11558
19267
25416
28069
26104
19532
9510
-1944
-12473
-19981
-23162
-21832
-16951
-10349
-4213
-495
-379
-3958
-10206
-17257
-22906
-25210
-23023
-16318
-6215
5290
15842
23319
26381
24802
19507
12316
5436
864
-145
2575
8072
14531
19772
21845
19573
12885
2862
-8532
-18948
-26248
-29058
-27117
-21324
-13484
-5827
-396
1485
-425
-5247
-11212
-16163
-18141
-15936
-9424
358
11484
21616
28608
31060
28674
22325
13812
5380
-876
-3574
-2390
1857
7452
12251
14284
12300
6126
-3261
-13974
-23694
-30270
-32283
-29403
-22477
-13301
-4135
2883
6305
5740
1939
-3424
-8222
-10465
-8858
-3171
5680
15854
25058
31144
32668
29278
21794
11999
2172
-5511
-9543
-9463
-5964
-681
4267
6873
5791
726
-7469
-17007
-25623
-31173
-32200
-28318
-20324
-9991
393
8618
13120
13379
10029
4673
-577
-3687
-3258
1071
8519
17353
25343
30351
30902
26585
18165
7401
-3411
-12035
-16854
-17294
-13941
-8365
-2675
1061
1392
-2117
-8757
-16856
-24216
-28708
-28843
-24177
-15444
-4384
6710
15575
20554
21021
17517
11586
5338
875
-291
2346
8155
15520
22283
26324
26131
21231
12321
1113
-10103
-19047
-24029
-24375
-20587
-14188
-7291
-2033
11
-1738
-6724
-13396
-19630
-23309
-22907
-17909
-8972
2220
13396
22263
27100
27195
23013
16056
8449
2363
-569
312
4524
10574
16373
19812
19336
14393
5591
-5426
-16405
-25046
-29608
-29343
-24684
-17116
-8771
-1856
1933
1866
-1649
-7178
-12666
-16001
-15604
-10873
-2365
8321
18955
27242
31423
30718
25531
17331
8257
550
-4034
-4693
-1767
3367
8681
12064
11901
7539
-520
-10732
-20896
-28728
-32451
-31259
-25527
-16709
-6950
1475
6762
8034
5566
684
-4609
-8192
-8417
-4575
2900
12517
22112
29415
32635
30945
24689
15304
4937
-4107
-9972
-11722
-9567
-4785
638
4573
5331
2138
-4635
-13563
-22522
-29255
-31966
-29800
-23076
-13206
-2340
7195
13499
15575
13578
8744
3040
-1384
-2800
-366
5621
13797
22085
28244
30475
27893
20786
10543
-688
-10570
-17156
-19402
-17409
-12376
-6258
-1222
951
-644
-5790
-13187
-20805
-26425
-28235
-25327
-17953
-7474
3975
14042
20753
23013
20877
15513
8866
3124
121
835
5119
11746
18733
23878
25361
22244
14739
4176
-7330
-17423
-24100
-26227
-23818
-18011
-10747
-4238
-368
-187
-3628
-9528
-15954
-20720
-21995
-18807
-11325
-839
10563
20523
27020
28884
26094
19762
11825
4518
-219
-1269
1377
6629
12595
17103
18308
15202
7902
-2346
-13486
-23168
-29356
-30853
-27603
-20694
-12060
-3963
1608
3467
1527
-3180
-8807
-13198
-14486
-11618
-4660
5196
15931
25209
30985
32038
28280
20778
11462
2617
-3720
-6295
-4953
-660
4771
9195
10720
8247
1780
-7544
-17752
-26524
-31816
-32382
-28105
-20028
-10079
-562
6442
9615
8735
4713
-675
-5285
-7199
-5266
573
9251
18835
27034
31801
31871
27098
18503
8003
-2079
-9625
-13258
-12692
-8787
-3289
1655
4100
2835
-2268
-10207
-19105
-26695
-30935
-30537
-25328
-16298
-5359
5159
13100
17038
16632
12691
6937
1521
-1575
-1081
3203
10348
18529
25512
29254
28451
22895
13549
2305
-8500
-16680
-20766
-20364
-16242
-10099
-4095
-250
100
-3316
-9644
-17116
-23529
-26840
-25724
-19939
-10413
983
11913
20173
24251
23708
19274
12632
5951
1293
55
2592
8118
14921
20833
23808
22500
16625
7072
-4314
-15210
-23392
-27315
-26502
-21649
-14423
-7006
-1502
624
-1054
-5826
-12039
-17547
-20309
-18947
-13136
-3717
7499
18202
26160
29802
28614
23262
15400
7224
879
-2107
-1229
2872
8596
13826
16514
15250
9662
538
-10354
-20720
-28329
-31586
-29946
-24048
-15533
-6609
536
4315
4150
611
-4752
-9845
-12611
-11602
-6393
2283
12708
22616
29775
32574
30440
23984
14833
5210
-2663
-7138
-7569
-4460
685
5793
8790
8192
3510
-4583
-14423
-23775
-30415
-32717
-30081
-23088
-13358
-3114
5381
10429
11319
8492
3411
-1862
-5242
-5195
-1171
6226
15390
24121
30206
32007
28896
21427
11201
450
-8539
-14020
-15215
-12519
-7350
-1761
2138
2766
-492
-7110
-15538
-23618
-29149
-30481
-26957
-19102
-8497
2628
11966
17720
19068
16347
10945
4909
370
-1032
1386
7173
14842
22275
27287
28215
24373
16250
5402
-5947
-15472
-21342
-22687
-19796
-14031
-7435
-2167
79
-1456
-6394
-13316
-20144
-24707
-25327
-21285
-13035
-2097
9313
18866
24697
25891
22704
16468
9225
3168
44
688
4799
11020
17318
21530
21963
17864
9639
-1225
-12538
-21960
-27607
-28526
-24937
-18148
-10207
-3334
665
883
-2452
-8053
-13922
-17908
-18295
-14292
-6252
4378
15436
24584
29920
30462
26394
19007
10348
2667
-2169
-3188
-537
4549
10117
14016
14512
10760
3066
-7177
-17838
-26589
-31515
-31607
-27016
-19017
-9657
-1217
4387
6111
4035
-669
-6077
-10044
-10802
-7459
-260
9458
19602
27859
32306
31907
26787
18199
8191
-930
-7202
-9510
-7871
-3404
1997
6182
7355
4566
-2005
-11084
-20619
-28316
-32247
-31354
-25732
-16613
-6042
3651
10462
13215
11865
7481
1935
-2619
-4345
-2237
3599
11952
20817
27924
31339
29983
23922
14362
3342
-6792
-13995
-17040
-15824
-11371
-5534
-476
1924
596
-4424
-11996
-20166
-26687
-29622
-27870
-21463
-11580
-248
10176
17615
20793
19557
14892
8632
2958
-211
264
4425
11199
18683
24656
27181
25129
18497
8430
-3059
-13614
-21129
-24286
-22886
-17880
-11089
-4710
-711
-297
-3586
-9578
-16423
-21923
-24136
-21906
-15190
-5095
6392
16915
24349
27341
25652
20199
12798
5660
801
-504
1939
7202
13484
18613
20639
18371
11726
1765
-9557
-19894
-27105
-29806
-27725
-21750
-13688
-5770
-59
2103
444
-4172
-9999
-14884
-16863
-14714
-8297
1370
12374
22382
29245
31558
29011
22470
13733
5051
-1468
-4419
-3455
628
6129
10911
12997
11122
5093
-4130
-14676
-24234
-30653
-32506
-29456
-22341
-12952
-3555
3696
7336
6949
3264
-2054
-6886
-9234
-7785
-2292
6352
16324
25339
31249
32608
29049
21387
11403
1377
-6502
-10706
-10756
-7324
-2034
2999
5757
4880
49
-7906
-17215
-25624
-30993
-31857
-27823
-19676
-9185
1357
9732
14357
14692
11360
5946
563
-2742
-2556
1506
8691
17282
25060
29891
30296
25851
17313
6435
-4489
-13210
-18100
-18567
-15180
-9498
-3634
333
936
-2285
-8651
-16502
-23658
-27992
-28005
-23247
-14440
-3313
7841
16749
21746
22189
18604
12527
6073
1351
-105
2237
7768
14896
21474
25382
25106
20157
11220
0
-11220
-20157
-25106
-25382
-21474
-14896
-7768
-2237
105
-1351
-6073
-12527
-18604
-22189
-21746
-16749
-7841
3313
14440
23247
28005
27992
23658
16502
8651
2285
-936
-333
3634
9498
15180
18567
18100
13210
4489
-6435
-17313
-25851
-30296
-29891
-25060
-17282
-8691
-1506
2556
2742
-563
-5946
-11360
-14692
-14357
-9732
-1357
9185
19676
27823
31857
30993
25624
17215
7906
-49
-4880
-5757
-2999
2034
7324
10756
10706
6502
-1377
-11403
-21387
-29049
-32608
-31249
-25339
-16324
-6352
2292
7785
9234
6886
2054
-3264
-6949
-7336
-3696
3555
12952
22341
29456
32506
30653
24234
14676
4130
-5093
-11122
-12997
-10911
-6129
-628
3455
4419
1468
-5051
-13733
-22470
-29011
-31558
-29245
-22382
-12374
-1370
8297
14714
16863
14884
9999
4172
-444
-2103
59
5770
13688
21750
27725
29806
27105
19894
9557
-1765
-11726
-18371
-20639
-18613
-13484
-7202
-1939
504
-801
-5660
-12798
-20199
-25652
-27341
-24349
-16915
-6392
5095
15190
21906
24136
21923
16423
9578
3586
297
711
4710
11089
17880
22886
24286
21129
13614
3059
-8430
-18497
-25129
-27181
-24656
-18683
-11199
-4425
-264
211
-2958
-8632
-14892
-19557
-20793
-17615
-10176
248
11580
21463
27870
29622
26687
20166
11996
4424
-596
-1924
476
5534
11371
15824
17040
13995
6792
-3342
-14362
-23922
-29983
-31339
-27924
-20817
-11952
-3599
2237
4345
2619
-1935
-7481
-11865
-13215
-10462
-3651
6042
16613
25732
31354
32247
28316
20619
11084
2005
-4566
-7355
-6182
-1997
3404
7871
9510
7202
930
-8191
-18199
-26787
-31907
-32306
-27859
-19602
-9458
260
7459
10802
10044
6077
669
-4035
-6111
-4387
1217
9657
19017
27016
31607
31515
26589
17838
7177
-3066
-10760
-14512
-14016
-10117
-4549
537
3188
2169
-2667
-10348
-19007
-26394
-30462
-29920
-24584
-15436
-4378
6252
14292
18295
17908
13922
8053
2452
-883
-665
3334
10207
18148
24937
28526
27607
21960
12538
1225
-9639
-17864
-21963
-21530
-17318
-11020
-4799
-688
-44
-3168
-9225
-16468
-22704
-25891
-24697
-18866
-9313
2097
13035
21285
25327
24707
20144
13316
6394
1456
-79
2167
7435
14031
19796
22687
21342
15472
5947
-5402
-16250
-24373
-28215
-27287
-22275
-14842
-7173
-1386
1032
-370
-4909
-10945
-16347
-19068
-17720
-11966
-2628
8497
19102
26957
30481
29149
23618
15538
7110
492
-2766
-2138
1761
7350
12519
15215
14020
8539
-450
-11201
-21427
-28896
-32007
-30206
-24121
-15390
-6226
1171
5195
5242
1862
-3411
-8492
-11319
-10429
-5381
3114
13358
23088
30081
32717
30415
23775
14423
4583
-3510
-8192
-8790
-5793
-685
4460
7569
7138
2663
-5210
-14833
-23984
-30440
-32574
-29775
-22616
-12708
-2283
6393
11602
12611
9845
4752
-611
-4150
-4315
-536
6609
15533
24048
29946
31586
28329
20720
10354
-538
-9662
-15250
-16514
-13826
-8596
-2872
1229
2107
-879
-7224
-15400
-23262
-28614
-29802
-26160
-18202
-7499
3717
13136
18947
20309
17547
12039
5826
1054
-624
1502
7006
14423
21649
26502
27315
23392
15210
4314
-7072
-16625
-22500
-23808
-20833
-14921
-8118
-2592
-55
-1293
-5951
-12632
-19274
-23708
-24251
-20173
-11913
-983
10413
19939
25724
26840
23529
17116
9644
3316
-100
250
4095
10099
16242
20364
20766
16680
8500
-2305
-13549
-22895
-28451
-29254
-25512
-18529
-10348
-3203
1081
1575
-1521
-6937
-12691
-16632
-17038
-13100
-5159
5359
16298
25328
30537
30935
26695
19105
10207
2268
-2835
-4100
-1655
3289
8787
12692
13258
9625
2079
-8003
-18503
-27098
-31871
-31801
-27034
-18835
-9251
-573
5266
7199
5285
675
-4713
-8735
-9615
-6442
562
10079
20028
28105
32382
31816
26524
17752
7544
-1780
-8247
-10720
-9195
-4771
660
4953
6295
3720
-2617
-11462
-20778
-28280
-32038
-30985
-25209
-15931
-5196
4660
11618
14486
13198
8807
3180
-1527
-3467
-1608
3963
12060
20694
27603
30853
29356
23168
13486
2346
-7902
-15202
-18308
-17103
-12595
-6629
-1377
1269
219
-4518
-11825
-19762
-26094
-28884
-27020
-20523
-10563
839
11325
18807
21995
20720
15954
9528
3628
187
368
4238
10747
18011
23818
26227
24100
17423
7330
-4176
-14739
-22244
-25361
-23878
-18733
-11746
-5119
-835
-121
-3124
-8866
-15513
-20877
-23013
-20753
-14042
-3975
7474
17953
25327
28235
26425
20805
13187
5790
644
-951
1222
6258
12376
17409
19402
17156
10570
688
-10543
-20786
-27893
-30475
-28244
-22085
-13797
-5621
366
2800
1384
-3040
-8744
-13578
-15575
-13499
-7195
2340
13206
23076
29800
31966
29255
22522
13563
4635
-2138
-5331
-4573
-638
4785
9567
11722
9972
4107
-4937
-15304
-24689
-30945
-32635
-29415
-22112
-12517
-2900
4575
8417
8192
4609
-684
-5566
-8034
-6762
-1475
6950
16709
25527
31259
32451
28728
20896
10732
520
-7539
-11901
-12064
-8681
-3367
1767
4693
4034
-550
-8257
-17331
-25531
-30718
-31423
-27242
-18955
-8321
2365
10873
15604
16001
12666
7178
1649
-1866
-1933
1856
8771
17116
24684
29343
29608
25046
16405
5426
-5591
-14393
-19336
-19812
-16373
-10574
-4524
-312
569
-2363
-8449
-16056
-23013
-27195
-27100
-22263
-13396
-2220
8972
17909
22907
23309
19630
13396
6724
1738
-11
2033
7291
14187
20587
24375
24029
19047
10103
-1113
-12321
-21231
-26131
-26324
-22283
-15520
-8155
-2346
291
-875
-5338
-11586
-17517
-21021
-20554
-15575
-6710
4384
15444
24177
28843
28708
24216
16856
8757
2117
-1392
-1061
2675
8365
13941
17294
16854
12035
3411
-7401
-18165
-26585
-30902
-30351
-25343
-17353
-8519
-1071
3258
3687
577
-4673
-10029
-13379
-13120
-8618
-393
9991
20324
28318
32200
31173
25623
17007
7469
-726
-5791
-6873
-4267
681
5964
9463
9543
5511
-2172
-11999
-21794
-29278
-32668
-31144
-25058
-15854
-5680
3171
8858
10465
8222
3424
-1939
-5740
-6305
-2883
4135
13301
22477
29403
32283
30270
23694
13974
3261
-6126
-12300
-14284
-12251
-7452
-1857
2390
3574
876
-5380
-13812
-22325
-28674
-31060
-28608
-21616
-11484
-358
9424
15936
18141
16163
11212
5247
425
-1485
396
5827
13484
21324
27117
29058
26248
18948
8532
-2862
-12885
-19573
-21845
-19772
-14531
-8072
-2575
145
-864
-5436
-12316
-19507
-24802
-26381
-23319
-15842
-5290
6215
16318
23023
25210
22906
17257
10206
3958
379
495
4213
10349
16951
21832
23162
19981
12473
1944
-9510
-19532
-26104
-28069
-25416
-19267
-11558
-4518
-67
697
-2207
-7664
-13769
-18350
-19562
-16410
-9033
1312
12557
22347
28651
30280
27190
20477
12076
4239
-1060
-2657
-493
4381
10107
14520
15764
12799
5709
-4294
-15178
-24604
-30527
-31734
-28149
-20844
-11751
-3149
2942
5291
3763
-652
-6133
-10528
-11957
-9335
-2689
6827
17222
26172
31632
32362
28257
20368
10622
1319
-5475
-8464
-7446
-3350
2036
6566
8335
6206
144
-8761
-18561
-26958
-31902
-32136
-27523
-19092
-8764
1143
8522
12018
11365
7438
1994
-2822
-5076
-3576
1783
9977
19108
26903
31317
31070
25998
17101
6294
-4094
-11921
-15775
-15332
-11420
-5767
-522
2344
1584
-2980
-10394
-18815
-25999
-29901
-29223
-23771
-14516
-3357
7368
15486
19541
19154
15108
9109
3312
-273
-338
3372
9972
17678
24274
27720
26695
20973
11491
127
-10779
-19031
-23127
-22646
-18330
-11866
-5418
-1036
-95
-2925
-8715
-15735
-21803
-24879
-23619
-17758
-8197
3210
14136
22360
26351
25640
20937
13914
6746
1525
-305
1653
6669
13069
18699
21518
20156
14306
4826
-6466
-17250
-25298
-29046
-27993
-22814
-15168
-7245
-1178
1527
391
-3923
-9796
-15104
-17801
-16486
-10806
-1566
9450
19943
27682
31076
29594
23881
15582
6904
19
-3505
-3113
598
6066
11189
13912
12801
7449
-1393
-11988
-22061
-29379
-32337
-30371
-24099
-15156
-5758
1882
6137
6383
3147
-2054
-7140
-10043
-9291
-4418
3883
13930
23476
30294
32766
30294
23476
13930
3883
-4418
-9291
-10043
-7140
-2054
3147
6383
6137
1882
-5758
-15156
-24099
-30371
-32337
-29379
-22061
-11988
-1393
7449
12801
13912
11189
6066
598
-3113
-3505
19
6904
15582
23881
29594
31076
27682
19943
9450
-1566
-10806
-16486
-17801
-15104
-9796
-3923
391
1527
-1178
-7245
-15168
-22814
-27993
-29046
-25298
-17250
-6466
4826
14306
20156
21518
18699
13069
6669
1653
-305
1525
6746
13914
20937
25640
26351
22360
14136
3210
-8197
-17758
-23619
-24879
-21803
-15735
-8715
-2925
-95
-1036
-5418
-11866
-18330
-22646
-23127
-19031
-10779
127
11491
20973
26695
27720
24274
17678
9972
3372
-338
-273
3312
9109
15108
19154
19541
15486
7368
-3357
-14516
-23771
-29223
-29901
-25999
-18815
-10394
-2980
1584
2344
-522
-5767
-11420
-15332
-15775
-11921
-4094
6294
17101
25998
31070
31317
26903
19108
9977
1783
-3576
-5076
-2822
1994
7438
11365
12018
8522
1143
-8764
-19092
-27523
-32136
-31902
-26958
-18561
-8761
144
6206
8335
6566
2036
-3350
-7446
-8464
-5475
1319
10622
20368
28257
32362
31632
26172
17222
6827
-2689
-9335
-11957
-10528
-6133
-652
3763
5291
2942
-3149
-11751
-20844
-28149
-31734
-30527
-24604
-15178
-4294
5709
12799
15764
14520
10107
4381
-493
-2657
-1060
4239
12076
20477
27190
30280
28651
22347
12557
1312
-9033
-16410
-19562
-18350
-13769
-7664
-2207
697
-67
-4518
-11558
-19267
-25416
-28069
-26104
-19532
-9510
1944
12473
19981
23162
21832
16951
10349
4213
495
379
3958
10206
17257
22906
