17269
10860
2323
-6503
-13675
-17624
-17552
-13646
-7044
438
6748
10116
9502
4874
-2766
-11612
-19489
-24393
-24992
-20975
-13146
-3247
6453
13713
16874
15271
9419
894
-8039
-14981
-17991
-16075
-9452
484
11483
20977
26708
27284
22529
13547
2464
-8071
-15531
-18124
-15240
-7608
2863
13539
21694
25174
22923
15258
3804
-8879
-19903
-26744
-27847
-23008
-13430
-1444
10040
18230
21115
17953
9452
-2389
-14751
-24660
-29696
-28562
-21402
-9768
3740
16081
24488
27110
23450
14470
2370
-9933
-19489
-23995
-22337
-14836
-3174
10002
21698
29260
30980
26482
16796
4110
-8737
-18907
-24204
-23562
-17269
-6882
5141
16010
23227
25144
21317
12579
836
-11371
-21439
-27272
-27724
-22829
-13764
-2566
8328
16611
20598
19566
13876
4870
-5444
-14830
-21300
-23513
-21037
-14409
-4991
5321
14505
20812
23111
21086
15278
6950
-2178
-10279
-15767
-17601
-15467
-9822
-1797
7032
14943
20394
22308
20275
14624
6366
-2997
-11743
-18255
-21326
-20385
-15618
-7946
1143
9863
16470
19603
18552
13416
5102
-4831
-14468
-21899
-25605
-24765
-19436
-10561
202
10793
19159
23661
23411
18457
9790
-852
-11321
-19489
-23676
-22989
-17506
-8259
2970
14002
22701
27390
27185
22159
13316
2383
-8538
-17386
-22537
-23111
-19117
-11435
-1619
8414
16757
21866
22839
19557
12675
3479
-6373
-15156
-21389
-24077
-22861
-18059
-10579
-1745
6935
14023
18380
19340
16806
11247
3621
-4785
-12557
-18379
-21238
-20593
-16466
-9452
-634
8577
16669
22278
24419
22671
17266
9070
-547
-9934
-17446
-21735
-21998
-18136
-10784
-1216
8878
17691
23626
25585
23172
16768
7458
-3158
-13264
-21146
-25502
-25659
-21680
-14337
-4956
4831
13373
19282
21658
20214
15302
7819
-962
-9610
-16770
-21364
-22742
-20752
-15744
-8489
-60
8328
15489
20425
22454
21302
17139
10562
2517
-5819
-13200
-18490
-20833
-19793
-15444
-8376
370
9452
17427
22985
25167
23534
18256
10098
306
-9595
-18051
-23738
-25781
-23899
-18445
-10342
-916
8328
15950
20809
22233
20100
14836
7317
-1280
-9676
-16676
-21335
-23071
-21720
-17531
-11107
-3316
4831
12303
18167
21692
22436
20294
15522
8715
749
-7315
-14367
-19391
-21614
-20635
-16499
-9718
-1216
7793
15984
22118
25243
24846
20941
14071
5225
-4317
-13185
-20136
-24233
-24981
-22385
-16923
-9452
-1064
7079
13917
18615
20664
19908
16541
11055
4160
-3299
-10441
-16433
-20571
-22346
-21500
-18059
-12350
-4978
3219
11256
18121
22898
24907
23810
19683
13021
4692
-4186
-12397
-18810
-22546
-23111
-20461
-15010
-7549
873
9116
16108
20992
23227
22631
19380
13947
7025
-575
-8021
-14540
-19489
-22393
-22979
-21192
-17198
-11380
-4318
3252
10500
16581
20738
22403
21287
17441
11278
3530
-4831
-12726
-19119
-23164
-24330
-22475
-17858
-11093
-3053
5263
12871
18928
22826
24245
23158
19803
14624
8203
1193
-5740
-11965
-16925
-20162
-21356
-20348
-17173
-12078
-5526
1827
9185
15695
20553
23111
22980
20099
14756
7561
-632
-8844
-16108
-21593
-24718
-25209
-23119
-18786
-12774
-5772
1491
8328
14156
18525
21131
21815
20554
17456
12759
6829
157
-6661
-12962
-18074
-21393
-22467
-21073
-17269
-11407
-4108
3815
11459
17953
22575
24845
24580
21894
17166
10967
3970
-3141
-9741
-15316
-19489
-22014
-22770
-21741
-19008
-14749
-9242
-2876
3856
10372
16048
20279
22562
22571
20219
15695
9452
2160
-5382
-12349
-18005
-21791
-23390
-22743
-20034
-15633
-10027
-3752
2675
8791
14203
18591
21694
23307
23278
21529
18082
13090
6866
-124
-7279
-13920
-19371
-23050
-24552
-23716
-20646
-15704
-9452
-2566
4252
10371
15295
18702
20448
20539
19094
16300
12377
7562
2112
-3683
-9486
-14901
-19489
-22805
-24451
-24142
-21768
-17438
-11484
-4439
3027
10196
16398
21097
23949
24833
23833
21195
17269
12441
7082
1521
-3964
-9127
-13732
-17535
-20273
-21685
-21548
-19726
-16225
-11226
-5098
1631
8328
14339
19077
22108
23198
22340
19731
15719
10741
5241
-379
-5798
-10778
-15145
-18756
-21466
-23111
-23512
-22505
-19986
-15959
-10586
-4196
2727
9595
15790
20750
24052
25465
24976
22770
19180
14624
9523
4248
-917
-5776
-10197
-14077
-17297
-19700
-21088
-21249
-20007
-17276
-13115
-7755
-1596
4831
10938
16157
20031
22272
22793
21697
19237
15748
11578
7027
2319
-2403
-7049
-11537
-15747
-19489
-22499
-24467
-25085
-24121
-21478
-17245
-11701
-5294
1425
7882
13568
18106
21295
23105
23647
23111
21701
19579
16838
13498
9548
4992
-89
-5505
-10937
-15966
-20131
-23004
-24269
-23789
-21632
-18059
-13479
-8369
-3188
1692
6031
9732
12810
15333
17361
18889
19825
19992
19174
17181
13920
9452
4016
-1983
-8031
-13586
-18168
-21437
-23239
-23614
-22759
-20961
-18517
-15660
-12521
-9114
-5374
-1216
3394
8381
13521
18461
22755
25952
27680
27728
26088
22961
18716
13812
8707
3772
-764
-4831
-8490
-11867
-15078
-18157
-21005
-23396
-25007
-25498
-24600
-22191
-18354
-13373
-7699
-1865
3613
8328
12050
14744
16547
17693
18431
18934
19241
19243
18710
17367
14982
11457
6883
1553
-4073
-9452
-14062
-17506
-19582
-20313
-19919
-18745
-17163
-15467
-13805
-12147
-10313
-8037
-5073
-1287
3267
8328
13456
18116
21785
24065
24768
23951
21896
19028
15815
12647
9751
7146
4666
2023
-1077
-4831
-9250
-14115
-19011
-23395
-26721
-28561
-28704
-27204
-24367
-20675
-16664
-12802
-9378
-6445
-3833
-1216
1772
5409
9781
14721
19828
24540
28256
30482
30944
29657
26921
23245
19226
15398
12111
9452
7239
5094
2565
-728
-4965
-10045
-15584
-20986
-25578
-28767
-30179
-29755
-27760
-24720
-21282
-18059
-15470
-13644
-12393
-11282
-9753
-7294
-3603
1312
7104
13150
18690
23005
25590
26278
25276
23111
20490
18120
16519
15885
16045
16506
16589
15621
13129
8982
3453
-2828
-9013
-14239
-17836
-19489
-19316
-17833
-15814
-14091
-13329
-13846
-15527
-17844
-19995
-21112
-20496
-17815
-13207
-7266
-912
4831
9088
11343
11577
10263
8243
6510
5936
7044
9852
13860
18163
21681
23433
22803
19704
14624
8515
2563
-2101
-4690
-4961
-3277
-517
2150
3571
2915
-95
-5096
-11155
-16996
-21313
-23111
-21957
-18111
-12473
-6364
-1202
1858
2218
0
-3978
-8403
-11804
-12923
-11061
-6263
661
8328
15110
19547
20709
18446
13439
7038
933
-3268
-4451
-2288
2670
9109
15281
19436
20270
-17269
-10860
-2323
6503
13675
17624
17552
13646
7044
-438
-6748
-10116
-9502
-4874
2766
11612
19489
24393
24992
20975
13146
3247
-6453
-13713
-16874
-15271
-9419
-894
8039
14981
17991
16075
9452
-484
-11483
-20977
-26708
-27284
-22529
-13547
-2464
8071
15531
18124
15240
7608
-2863
-13539
-21694
-25174
-22923
-15258
-3804
8879
19903
26744
27847
23008
13430
1444
-10040
-18230
-21115
-17953
-9452
2389
14751
24660
29696
28562
21402
9768
-3740
-16081
-24488
-27110
-23450
-14470
-2370
9933
19489
23995
22337
14836
3174
-10002
-21698
-29260
-30980
-26482
-16796
-4110
8737
18907
24204
23562
17269
6882
-5141
-16010
-23227
-25144
-21317
-12579
-836
11371
21439
27272
27724
22829
13764
2566
-8328
-16611
-20598
-19566
-13876
-4870
5444
14830
21300
23513
21037
14409
4991
-5321
-14505
-20812
-23111
-21086
-15278
-6950
2178
10279
15767
17601
15467
9822
1797
-7032
-14943
-20394
-22308
-20275
-14624
-6366
2997
11743
18255
21326
20385
15618
7946
-1143
-9863
-16470
-19603
-18552
-13416
-5102
4831
14468
21899
25605
24765
19436
10561
-202
-10793
-19159
-23661
-23411
-18457
-9790
852
11321
19489
23676
22989
17506
8259
-2970
-14002
-22701
-27390
-27185
-22159
-13316
-2383
8538
17386
22537
23111
19117
11435
1619
-8414
-16757
-21866
-22839
-19557
-12675
-3479
6373
15156
21389
24077
22861
18059
10579
1745
-6935
-14023
-18380
-19340
-16806
-11247
-3621
4785
12557
18379
21238
20593
16466
9452
634
-8577
-16669
-22278
-24419
-22671
-17266
-9070
547
9934
17446
21735
21998
18136
10784
1216
-8878
-17691
-23626
-25585
-23172
-16768
-7458
3158
13264
21146
25502
25659
21680
14337
4956
-4831
-13373
-19282
-21658
-20214
-15302
-7819
962
9610
16770
21364
22742
20752
15744
8489
60
-8328
-15489
-20425
-22454
-21302
-17139
-10562
-2517
5819
13200
18490
20833
19793
15444
8376
-370
-9452
-17427
-22985
-25167
-23534
-18256
-10098
-306
9595
18051
23738
25781
23899
18445
10342
916
-8328
-15950
-20809
-22233
-20100
-14836
-7317
1280
9676
16676
21335
23071
21720
17531
11107
3316
-4831
-12303
-18167
-21692
-22436
-20294
-15522
-8715
-749
7315
14367
19391
21614
20635
16499
9718
1216
-7793
-15984
-22118
-25243
-24846
-20941
-14071
-5225
4317
13185
20136
24233
24981
22385
16923
9452
1064
-7079
-13917
-18615
-20664
-19908
-16541
-11055
-4160
3299
10441
16433
20571
22346
21500
18059
12350
4978
-3219
-11256
-18121
-22898
-24907
-23810
-19683
-13021
-4692
4186
12397
18810
22546
23111
20461
15010
7549
-873
-9116
-16108
-20992
-23227
-22631
-19380
-13947
-7025
575
8021
14540
19489
22393
22979
21192
17198
11380
4318
-3252
-10500
-16581
-20738
-22403
-21287
-17441
-11278
-3530
4831
12726
19119
23164
24330
22475
17858
11093
3053
-5263
-12871
-18928
-22826
-24245
-23158
-19803
-14624
-8203
-1193
5740
11965
16925
20162
21356
20348
17173
12078
5526
-1827
-9185
-15695
-20553
-23111
-22980
-20099
-14756
-7561
632
8844
16108
21593
24718
25209
23119
18786
12774
5772
-1491
-8328
-14156
-18525
-21131
-21815
-20554
-17456
-12759
-6829
-157
6661
12962
18074
21393
22467
21073
17269
11407
4108
-3815
-11459
-17953
-22575
-24845
-24580
-21894
-17166
-10967
-3970
3141
9741
15316
19489
22014
22770
21741
19008
14749
9242
2876
-3856
-10372
-16048
-20279
-22562
-22571
-20219
-15695
-9452
-2160
5382
12349
18005
21791
23390
22743
20034
15633
10027
3752
-2675
-8791
-14203
-18591
-21694
-23307
-23278
-21529
-18082
-13090
-6866
124
7279
13920
19371
23050
24552
23716
20646
15704
9452
2566
-4252
-10371
-15295
-18702
-20448
-20539
-19094
-16300
-12377
-7562
-2112
3683
9486
14901
19489
22805
24451
24142
21768
17438
11484
4439
-3027
-10196
-16398
-21097
-23949
-24833
-23833
-21195
-17269
-12441
-7082
-1521
3964
9127
13732
17535
20273
21685
21548
19726
16225
11226
5098
-1631
-8328
-14339
-19077
-22108
-23198
-22340
-19731
-15719
-10741
-5241
379
5798
10778
15145
18756
21466
23111
23512
22505
19986
15959
10586
4196
-2727
-9595
-15790
-20750
-24052
-25465
-24976
-22770
-19180
-14624
-9523
-4248
917
5776
10197
14077
17297
19700
21088
21249
20007
17276
13115
7755
1596
-4831
-10938
-16157
-20031
-22272
-22793
-21697
-19237
-15748
-11578
-7027
-2319
2403
7049
11537
15747
19489
22499
24467
25085
24121
21478
17245
11701
5294
-1425
-7882
-13568
-18106
-21295
-23105
-23647
-23111
-21701
-19579
-16838
-13498
-9548
-4992
89
5505
10937
15966
20131
23004
24269
23789
21632
18059
13479
8369
3188
-1692
-6031
-9732
-12810
-15333
-17361
-18889
-19825
-19992
-19174
-17181
-13920
-9452
-4016
1983
8031
13586
18168
21437
23239
23614
22759
20961
18517
15660
12521
9114
5374
1216
-3394
-8381
-13521
-18461
-22755
-25952
-27680
-27728
-26088
-22961
-18716
-13812
-8707
-3772
764
4831
8490
11867
15078
18157
21005
23396
25007
25498
24600
22191
18354
13373
7699
1865
-3613
-8328
-12050
-14744
-16547
-17693
-18431
-18934
-19241
-19243
-18710
-17367
-14982
-11457
-6883
-1553
4073
9452
14062
17506
19582
20313
19919
18745
17163
15467
13805
12147
10313
8037
5073
1287
-3267
-8328
-13456
-18116
-21785
-24065
-24768
-23951
-21896
-19028
-15815
-12647
-9751
-7146
-4666
-2023
1077
4831
9250
14115
19011
23395
26721
28561
28704
27204
24367
20675
16664
12802
9378
6445
3833
1216
-1772
-5409
-9781
-14721
-19828
-24540
-28256
-30482
-30944
-29657
-26921
-23245
-19226
-15398
-12111
-9452
-7239
-5094
-2565
728
4965
10045
15584
20986
25578
28767
30179
29755
27760
24720
21282
18059
15470
13644
12393
11282
9753
7294
3603
-1312
-7104
-13150
-18690
-23005
-25590
-26278
-25276
-23111
-20490
-18120
-16519
-15885
-16045
-16506
-16589
-15621
-13129
-8982
-3453
2828
9013
14239
17836
19489
19316
17833
15814
14091
13329
13846
15527
17844
19995
21112
20496
17815
13207
7266
912
-4831
-9088
-11343
-11577
-10263
-8243
-6510
-5936
-7044
-9852
-13860
-18163
-21681
-23433
-22803
-19704
-14624
-8515
-2563
2101
4690
4961
3277
517
-2150
-3571
-2915
95
5096
11155
16996
21313
23111
21957
18111
12473
6364
1202
-1858
-2218
0
3978
8403
11804
12923
11061
6263
-661
-8328
-15110
-19547
-20709
-18446
-13439
-7038
-933
3268
4451
2288
-2670
-9109
-15281
-19436
-20270
-17269
-10860
-2323
6503
13675
17624
17552
13646
7044
-438
-6748
-10116
-9502
-4874
2766
11612
19489
24393
24992
20975
13146
3247
-6453
-13713
-16874
-15271
-9419
-894
8039
14981
17991
16075
9452
-484
-11483
-20977
-26708
-27284
-22529
-13547
-2464
8071
15531
18124
15240
7608
-2863
-13539
-21694
-25174
-22923
-15258
-3804
8879
19903
26744
27847
23008
13430
1444
-10040
-18230
-21115
-17953
-9452
2389
14751
24660
29696
28562
21402
9768
-3740
-16081
-24488
-27110
-23450
-14470
-2370
9933
19489
23995
22337
14836
3174
-10002
-21698
-29260
-30980
-26482
-16796
-4110
8737
18907
24204
23562
17269
6882
-5141
-16010
-23227
-25144
-21317
-12579
-836
11371
21439
27272
27724
22829
13764
2566
-8328
-16611
-20598
-19566
-13876
-4870
5444
14830
21300
23513
21037
14409
4991
-5321
-14505
-20812
-23111
-21086
-15278
-6950
2178
10279
15767
17601
15467
9822
1797
-7032
-14943
-20394
-22308
-20275
-14624
-6366
2997
11743
18255
21326
20385
15618
7946
-1143
-9863
-16470
-19603
-18552
-13416
-5102
4831
14468
21899
25605
24765
19436
10561
-202
-10793
-19159
-23661
-23411
-18457
-9790
852
11321
19489
23676
22989
17506
8259
-2970
-14002
-22701
-27390
-27185
-22159
-13316
-2383
8538
17386
22537
23111
19117
11435
1619
-8414
-16757
-21866
-22839
-19557
-12675
-3479
6373
15156
21389
24077
22861
18059
10579
1745
-6935
-14023
-18380
-19340
-16806
-11247
-3621
4785
12557
18379
21238
20593
16466
9452
634
-8577
-16669
-22278
-24419
-22671
-17266
-9070
547
9934
17446
21735
21998
18136
10784
1216
-8878
-17691
-23626
-25585
-23172
-16768
-7458
3158
13264
21146
25502
25659
21680
14337
4956
-4831
-13373
-19282
-21658
-20214
-15302
-7819
962
9610
16770
21364
22742
20752
15744
8489
60
-8328
-15489
-20425
-22454
-21302
-17139
-10562
-2517
5819
13200
18490
20833
19793
15444
8376
-370
-9452
-17427
-22985
-25167
-23534
-18256
-10098
-306
9595
18051
23738
25781
23899
18445
10342
916
-8328
-15950
-20809
-22233
-20100
-14836
-7317
1280
9676
16676
21335
23071
21720
17531
11107
3316
-4831
-12303
-18167
-21692
-22436
-20294
-15522
-8715
-749
7315
14367
19391
21614
20635
16499
9718
1216
-7793
-15984
-22118
-25243
-24846
-20941
-14071
-5225
4317
13185
20136
24233
24981
22385
16923
9452
1064
-7079
-13917
-18615
-20664
-19908
-16541
-11055
-4160
3299
10441
16433
20571
22346
21500
18059
12350
4978
-3219
-11256
-18121
-22898
-24907
-23810
-19683
-13021
-4692
4186
12397
18810
22546
23111
20461
15010
7549
-873
-9116
-16108
-20992
-23227
-22631
-19380
-13947
-7025
575
8021
14540
19489
22393
22979
21192
17198
11380
4318
-3252
-10500
-16581
-20738
-22403
-21287
-17441
-11278
-3530
4831
12726
19119
23164
24330
22475
17858
11093
3053
-5263
-12871
-18928
-22826
-24245
-23158
-19803
-14624
-8203
-1193
5740
11965
16925
20162
21356
20348
17173
12078
5526
-1827
-9185
-15695
-20553
-23111
-22980
-20099
-14756
-7561
632
8844
16108
21593
24718
25209
23119
18786
12774
5772
-1491
-8328
-14156
-18525
-21131
-21815
-20554
-17456
-12759
-6829
-157
6661
12962
18074
21393
22467
21073
17269
11407
4108
-3815
-11459
-17953
-22575
-24845
-24580
-21894
-17166
-10967
-3970
3141
9741
15316
19489
22014
22770
21741
19008
14749
9242
2876
-3856
-10372
-16048
-20279
-22562
-22571
-20219
-15695
-9452
-2160
5382
12349
18005
21791
23390
22743
20034
15633
10027
3752
-2675
-8791
-14203
-18591
-21694
-23307
-23278
-21529
-18082
-13090
-6866
124
7279
13920
19371
23050
24552
23716
20646
15704
9452
2566
-4252
-10371
-15295
-18702
-20448
-20539
-19094
-16300
-12377
-7562
-2112
3683
9486
14901
19489
22805
24451
24142
21768
17438
11484
4439
-3027
-10196
-16398
-21097
-23949
-24833
-23833
-21195
-17269
-12441
-7082
-1521
3964
9127
13732
17535
20273
21685
21548
19726
16225
11226
5098
-1631
-8328
-14339
-19077
-22108
-23198
-22340
-19731
-15719
-10741
-5241
379
5798
10778
15145
18756
21466
23111
23512
22505
19986
15959
10586
4196
-2727
-9595
-15790
-20750
-24052
-25465
-24976
-22770
-19180
-14624
-9523
-4248
917
5776
10197
14077
17297
19700
21088
21249
20007
17276
13115
7755
1596
-4831
-10938
-16157
-20031
-22272
-22793
-21697
-19237
-15748
-11578
-7027
-2319
2403
7049
11537
15747
19489
22499
24467
25085
24121
21478
17245
11701
5294
-1425
-7882
-13568
-18106
-21295
-23105
-23647
-23111
-21701
-19579
-16838
-13498
-9548
-4992
89
5505
10937
15966
20131
23004
24269
23789
21632
18059
13479
8369
3188
-1692
-6031
-9732
-12810
-15333
-17361
-18889
-19825
-19992
-19174
-17181
-13920
-9452
-4016
1983
8031
13586
18168
21437
23239
23614
22759
20961
18517
15660
12521
9114
5374
1216
-3394
-8381
-13521
-18461
-22755
-25952
-27680
-27728
-26088
-22961
-18716
-13812
-8707
-3772
764
4831
8490
11867
15078
18157
21005
23396
25007
25498
24600
22191
18354
13373
7699
1865
-3613
-8328
-12050
-14744
-16547
-17693
-18431
-18934
-19241
-19243
-18710
-17367
-14982
-11457
-6883
-1553
4073
9452
14062
17506
19582
20313
19919
18745
17163
15467
13805
12147
10313
8037
5073
1287
-3267
-8328
-13456
-18116
-21785
-24065
-24768
-23951
-21896
-19028
-15815
-12647
-9751
-7146
-4666
-2023
1077
4831
9250
14115
19011
23395
26721
28561
28704
27204
24367
20675
16664
12802
9378
6445
3833
1216
-1772
-5409
-9781
-14721
-19828
-24540
-28256
-30482
-30944
-29657
-26921
-23245
-19226
-15398
-12111
-9452
-7239
-5094
-2565
728
4965
10045
15584
20986
25578
28767
30179
29755
27760
24720
21282
18059
15470
13644
12393
11282
9753
7294
3603
-1312
-7104
-13150
-18690
-23005
-25590
-26278
-25276
-23111
-20490
-18120
-16519
-15885
-16045
-16506
-16589
-15621
-13129
-8982
-3453
2828
9013
14239
17836
19489
19316
17833
15814
14091
13329
13846
15527
17844
19995
21112
20496
17815
13207
7266
912
-4831
-9088
-11343
-11577
-10263
-8243
-6510
-5936
-7044
-9852
-13860
-18163
-21681
-23433
-22803
-19704
-14624
-8515
-2563
2101
4690
4961
3277
517
-2150
-3571
-2915
95
5096
11155
16996
21313
23111
21957
18111
12473
6364
1202
-1858
-2218
0
3978
8403
11804
12923
11061
6263
-661
-8328
-15110
-19547
-20709
-18446
-13439
-7038
-933
3268
4451
2288
-2670
-9109
-15281
-19436
-20270
-17269
-10860
-2323
6503
13675
17624
17552
13646
7044
-438
-6748
-10116
-9502
-4874
2766
11612
19489
24393
24992
20975
13146
3247
-6453
-13713
-16874
-15271
-9419
-894
8039
14981
17991
16075
9452
-484
-11483
-20977
-26708
-27284
-22529
-13547
-2464
8071
15531
18124
15240
7608
-2863
-13539
-21694
-25174
-22923
-15258
-3804
8879
19903
26744
27847
23008
13430
1444
-10040
-18230
-21115
-17953
-9452
2389
14751
24660
29696
28562
21402
9768
-3740
-16081
-24488
-27110
-23450
-14470
-2370
9933
19489
23995
22337
14836
3174
-10002
-21698
-29260
-30980
-26482
-16796
-4110
8737
18907
24204
23562
17269
6882
-5141
-16010
-23227
-25144
-21317
-12579
-836
11371
21439
27272
27724
22829
13764
2566
-8328
-16611
-20598
-19566
-13876
-4870
5444
14830
21300
23513
21037
14409
4991
-5321
-14505
-20812
-23111
-21086
-15278
-6950
2178
10279
15767
17601
15467
9822
1797
-7032
-14943
-20394
-22308
-20275
-14624
-6366
2997
11743
18255
21326
20385
15618
7946
-1143
-9863
-16470
-19603
-18552
-13416
-5102
4831
14468
21899
25605
24765
19436
10561
-202
-10793
-19159
-23661
-23411
-18457
-9790
852
11321
19489
23676
22989
17506
8259
-2970
-14002
-22701
-27390
-27185
-22159
-13316
-2383
8538
17386
22537
23111
19117
11435
1619
-8414
-16757
-21866
-22839
-19557
-12675
-3479
6373
15156
21389
24077
22861
18059
10579
1745
-6935
-14023
-18380
-19340
-16806
-11247
-3621
4785
12557
18379
21238
20593
16466
9452
634
-8577
-16669
-22278
-24419
-22671
-17266
-9070
547
9934
17446
21735
21998
18136
10784
1216
-8878
-17691
-23626
-25585
-23172
-16768
-7458
3158
13264
21146
25502
25659
21680
14337
4956
-4831
-13373
-19282
-21658
-20214
-15302
-7819
962
9610
16770
21364
22742
20752
15744
8489
60
-8328
-15489
-20425
-22454
-21302
-17139
-10562
-2517
5819
13200
18490
20833
19793
15444
8376
-370
-9452
-17427
-22985
-25167
-23534
-18256
-10098
-306
9595
18051
23738
25781
23899
18445
10342
916
-8328
-15950
-20809
-22233
-20100
-14836
-7317
1280
9676
16676
21335
23071
21720
17531
11107
3316
-4831
-12303
-18167
-21692
-22436
-20294
-15522
-8715
-749
7315
14367
19391
21614
20635
16499
9718
1216
-7793
-15984
-22118
-25243
-24846
-20941
-14071
-5225
4317
13185
20136
24233
24981
22385
16923
9452
1064
-7079
-13917
-18615
-20664
-19908
-16541
-11055
-4160
3299
10441
16433
20571
22346
21500
18059
12350
4978
-3219
-11256
-18121
-22898
-24907
-23810
-19683
-13021
-4692
4186
12397
18810
22546
23111
20461
15010
7549
-873
-9116
-16108
-20992
-23227
-22631
-19380
-13947
-7025
575
8021
14540
19489
22393
22979
21192
17198
11380
4318
-3252
-10500
-16581
-20738
-22403
-21287
-17441
-11278
-3530
4831
12726
19119
23164
24330
22475
17858
11093
3053
-5263
-12871
-18928
-22826
-24245
-23158
-19803
-14624
-8203
-1193
5740
11965
16925
20162
21356
20348
17173
12078
5526
-1827
-9185
-15695
-20553
-23111
-22980
-20099
-14756
-7561
632
8844
16108
21593
24718
25209
23119
18786
12774
5772
-1491
-8328
-14156
-18525
-21131
-21815
-20554
-17456
-12759
-6829
-157
6661
12962
18074
21393
22467
21073
17269
11407
4108
-3815
-11459
-17953
-22575
-24845
-24580
-21894
-17166
-10967
-3970
3141
9741
15316
19489
22014
22770
21741
19008
14749
9242
2876
-3856
-10372
-16048
-20279
-22562
-22571
-20219
-15695
-9452
-2160
5382
12349
18005
21791
23390
22743
20034
15633
10027
3752
-2675
-8791
-14203
-18591
-21694
-23307
-23278
-21529
-18082
-13090
-6866
124
7279
13920
19371
23050
24552
23716
20646
15704
9452
2566
-4252
-10371
-15295
-18702
-20448
-20539
-19094
-16300
-12377
-7562
-2112
3683
9486
14901
19489
22805
24451
24142
21768
17438
11484
4439
-3027
-10196
-16398
-21097
-23949
-24833
-23833
-21195
-17269
-12441
-7082
-1521
3964
9127
13732
17535
20273
21685
21548
19726
16225
11226
5098
-1631
-8328
-14339
-19077
-22108
-23198
-22340
-19731
-15719
-10741
-5241
379
5798
10778
15145
18756
21466
23111
23512
22505
19986
15959
10586
4196
-2727
-9595
-15790
-20750
-24052
-25465
-24976
-22770
-19180
-14624
-9523
-4248
917
5776
10197
14077
17297
19700
21088
21249
20007
17276
13115
7755
1596
-4831
-10938
-16157
-20031
-22272
-22793
-21697
-19237
-15748
-11578
-7027
-2319
2403
7049
11537
15747
19489
22499
24467
25085
24121
21478
17245
11701
5294
-1425
-7882
-13568
-18106
-21295
-23105
-23647
-23111
-21701
-19579
-16838
-13498
-9548
-4992
89
5505
10937
15966
20131
23004
24269
23789
21632
18059
13479
8369
3188
-1692
-6031
-9732
-12810
-15333
-17361
-18889
-19825
-19992
-19174
-17181
-13920
-9452
-4016
1983
8031
13586
18168
21437
23239
23614
22759
20961
18517
15660
12521
9114
5374
1216
-3394
-8381
-13521
-18461
-22755
-25952
-27680
-27728
-26088
-22961
-18716
-13812
-8707
-3772
764
4831
8490
11867
15078
18157
21005
23396
25007
25498
24600
22191
18354
13373
7699
1865
-3613
-8328
-12050
-14744
-16547
-17693
-18431
-18934
-19241
-19243
-18710
-17367
-14982
-11457
-6883
-1553
4073
9452
14062
17506
19582
20313
19919
18745
17163
15467
13805
12147
10313
8037
5073
1287
-3267
-8328
-13456
-18116
-21785
-24065
-24768
-23951
-21896
-19028
-15815
-12647
-9751
-7146
-4666
-2023
1077
4831
9250
14115
19011
23395
26721
28561
28704
27204
24367
20675
16664
12802
9378
6445
3833
1216
-1772
-5409
-9781
-14721
-19828
-24540
-28256
-30482
-30944
-29657
-26921
-23245
-19226
-15398
-12111
-9452
-7239
-5094
-2565
728
4965
10045
15584
20986
25578
28767
30179
29755
27760
24720
21282
18059
15470
13644
12393
11282
9753
7294
3603
-1312
-7104
-13150
-18690
-23005
-25590
-26278
-25276
-23111
-20490
-18120
-16519
-15885
-16045
-16506
-16589
-15621
-13129
-8982
-3453
2828
9013
14239
17836
19489
19316
17833
15814
14091
13329
13846
15527
17844
19995
21112
20496
17815
13207
7266
912
-4831
-9088
-11343
-11577
-10263
-8243
-6510
-5936
-7044
-9852
-13860
-18163
-21681
-23433
-22803
-19704
-14624
-8515
-2563
2101
4690
4961
3277
517
-2150
-3571
-2915
95
5096
11155
16996
21313
23111
21957
18111
12473
6364
1202
-1858
-2218
0
3978
8403
11804
12923
11061
6263
-661
-8328
-15110
-19547
-20709
-18446
-13439
-7038
-933
3268
4451
2288
-2670
-9109
-15281
-19436
-20270
-17269
-10860
-2323
6503
13675
17624
17552
13646
7044
-438
-6748
-10116
-9502
-4874
2766
11612
19489
24393
24992
20975
13146
3247
-6453
-13713
-16874
-15271
-9419
-894
8039
14981
17991
16075
9452
-484
-11483
-20977
-26708
-27284
-22529
-13547
-2464
8071
15531
18124
15240
7608
-2863
-13539
-21694
-25174
-22923
-15258
-3804
8879
19903
26744
27847
23008
13430
1444
-10040
-18230
-21115
-17953
-9452
2389
14751
24660
29696
28562
21402
9768
-3740
-16081
-24488
-27110
-23450
-14470
-2370
9933
19489
23995
22337
14836
3174
-10002
-21698
-29260
-30980
-26482
-16796
-4110
8737
18907
24204
23562
17269
6882
-5141
-16010
-23227
-25144
-21317
-12579
-836
11371
21439
27272
27724
22829
13764
2566
-8328
-16611
-20598
-19566
-13876
-4870
5444
14830
21300
23513
21037
14409
4991
-5321
-14505
-20812
-23111
-21086
-15278
-6950
2178
10279
15767
17601
15467
9822
1797
-7032
-14943
-20394
-22308
-20275
-14624
-6366
2997
11743
18255
21326
20385
15618
7946
-1143
-9863
-16470
-19603
-18552
-13416
-5102
4831
14468
21899
25605
24765
19436
10561
-202
-10793
-19159
-23661
-23411
-18457
-9790
852
11321
19489
23676
22989
17506
8259
-2970
-14002
-22701
-27390
-27185
-22159
-13316
-2383
8538
17386
22537
23111
19117
11435
1619
-8414
-16757
-21866
-22839
-19557
-12675
-3479
6373
15156
21389
24077
22861
18059
10579
1745
-6935
-14023
-18380
-19340
-16806
-11247
-3621
4785
12557
18379
21238
20593
16466
9452
634
-8577
-16669
-22278
-24419
-22671
-17266
-9070
547
9934
17446
21735
21998
18136
10784
1216
-8878
-17691
-23626
-25585
-23172
-16768
-7458
3158
13264
21146
25502
25659
21680
14337
4956
-4831
-13373
-19282
-21658
-20214
-15302
-7819
962
9610
16770
21364
22742
20752
15744
8489
60
-8328
-15489
-20425
-22454
-21302
-17139
-10562
-2517
5819
13200
18490
20833
19793
15444
8376
-370
-9452
-17427
-22985
-25167
-23534
-18256
-10098
-306
9595
18051
23738
25781
23899
18445
10342
916
-8328
-15950
-20809
-22233
-20100
-14836
-7317
1280
9676
16676
21335
23071
21720
17531
11107
3316
-4831
-12303
-18167
-21692
-22436
-20294
-15522
-8715
-749
7315
14367
19391
21614
20635
16499
9718
1216
-7793
-15984
-22118
-25243
-24846
-20941
-14071
-5225
4317
13185
20136
24233
24981
22385
16923
9452
1064
-7079
-13917
-18615
-20664
-19908
-16541
-11055
-4160
3299
10441
16433
20571
22346
21500
18059
12350
4978
-3219
-11256
-18121
-22898
-24907
-23810
-19683
-13021
-4692
4186
12397
18810
22546
23111
20461
15010
7549
-873
-9116
-16108
-20992
-23227
-22631
-19380
-13947
-7025
575
8021
14540
19489
22393
22979
21192
17198
11380
4318
-3252
-10500
-16581
-20738
-22403
-21287
-17441
-11278
-3530
4831
12726
19119
23164
24330
22475
17858
11093
3053
-5263
-12871
-18928
-22826
-24245
-23158
-19803
-14624
-8203
-1193
5740
11965
16925
20162
21356
20348
17173
12078
5526
-1827
-9185
-15695
-20553
-23111
-22980
-20099
-14756
-7561
632
8844
16108
21593
24718
25209
23119
18786
12774
5772
-1491
-8328
-14156
-18525
-21131
-21815
-20554
-17456
-12759
-6829
-157
6661
12962
18074
21393
22467
21073
17269
11407
4108
-3815
-11459
-17953
-22575
-24845
-24580
-21894
-17166
-10967
-3970
3141
9741
15316
19489
22014
22770
21741
19008
14749
9242
2876
-3856
-10372
-16048
-20279
-22562
-22571
-20219
-15695
-9452
-2160
5382
12349
18005
21791
23390
22743
20034
15633
10027
3752
-2675
-8791
-14203
-18591
-21694
-23307
-23278
-21529
-18082
-13090
-6866
124
7279
13920
19371
23050
24552
23716
20646
15704
9452
2566
-4252
-10371
-15295
-18702
-20448
-20539
-19094
-16300
-12377
-7562
-2112
3683
9486
14901
19489
22805
24451
24142
21768
17438
11484
4439
-3027
-10196
-16398
-21097
-23949
-24833
-23833
-21195
-17269
-12441
-7082
-1521
3964
9127
13732
17535
20273
21685
21548
19726
16225
11226
5098
-1631
-8328
-14339
-19077
-22108
-23198
-22340
-19731
-15719
-10741
-5241
379
5798
10778
15145
18756
21466
23111
23512
22505
19986
15959
10586
4196
-2727
-9595
-15790
-20750
-24052
-25465
-24976
-22770
-19180
-14624
-9523
-4248
917
5776
10197
14077
17297
19700
21088
21249
20007
17276
13115
7755
1596
-4831
-10938
-16157
-20031
-22272
-22793
-21697
-19237
-15748
-11578
-7027
-2319
2403
7049
11537
15747
19489
22499
24467
25085
24121
21478
17245
11701
5294
-1425
-7882
-13568
-18106
-21295
-23105
-23647
-23111
-21701
-19579
-16838
-13498
-9548
-4992
89
5505
10937
15966
20131
23004
24269
23789
21632
18059
13479
8369
3188
-1692
-6031
-9732
-12810
-15333
-17361
-18889
-19825
-19992
-19174
-17181
-13920
-9452
-4016
1983
8031
13586
18168
21437
23239
23614
22759
20961
18517
15660
12521
9114
5374
1216
-3394
-8381
-13521
-18461
-22755
-25952
-27680
-27728
-26088
-22961
-18716
-13812
-8707
-3772
764
4831
8490
11867
15078
18157
21005
23396
25007
25498
24600
22191
18354
13373
7699
1865
-3613
-8328
-12050
-14744
-16547
-17693
-18431
-18934
-19241
-19243
-18710
-17367
-14982
-11457
-6883
-1553
4073
9452
14062
17506
19582
20313
19919
18745
17163
15467
13805
12147
10313
8037
5073
1287
-3267
-8328
-13456
-18116
-21785
-24065
-24768
-23951
-21896
-19028
-15815
-12647
-9751
-7146
-4666
-2023
1077
4831
9250
14115
19011
23395
26721
28561
28704
27204
24367
20675
16664
12802
9378
6445
3833
1216
-1772
-5409
-9781
-14721
-19828
-24540
-28256
-30482
-30944
-29657
-26921
-23245
-19226
-15398
-12111
-9452
-7239
-5094
-2565
728
4965
10045
15584
20986
25578
28767
30179
29755
27760
24720
21282
18059
15470
13644
12393
11282
9753
7294
3603
-1312
-7104
-13150
-18690
-23005
-25590
-26278
-25276
-23111
-20490
-18120
-16519
-15885
-16045
-16506
-16589
-15621
-13129
-8982
-3453
2828
9013
14239
17836
19489
19316
17833
15814
14091
13329
13846
15527
17844
19995
21112
20496
17815
13207
7266
912
-4831
-9088
-11343
-11577
-10263
-8243
-6510
-5936
-7044
-9852
-13860
-18163
-21681
-23433
-22803
-19704
-14624
-8515
-2563
2101
4690
4961
3277
517
-2150
-3571
-2915
95
5096
11155
16996
21313
23111
21957
18111
12473
6364
1202
-1858
-2218
0
3978
8403
11804
12923
11061
6263
-661
-8328
-15110
-19547
-20709
-18446
-13439
-7038
-933
3268
4451
2288
-2670
-9109
-15281
-19436
-20270
-17269
-10860
-2323
6503
13675
17624
17552
13646
7044
-438
-6748
-10116
-9502
-4874
2766
11612
19489
24393
24992
20975
13146
3247
-6453
-13713
-16874
-15271
-9419
-894
8039
14981
17991
16075
9452
-484
-11483
-20977
-26708
-27284
-22529
-13547
-2464
8071
15531
18124
15240
7608
-2863
-13539
-21694
-25174
-22923
-15258
-3804
8879
19903
26744
27847
23008
13430
1444
-10040
-18230
-21115
-17953
-9452
2389
14751
24660
29696
28562
21402
9768
-3740
-16081
-24488
-27110
-23450
-14470
-2370
9933
19489
23995
22337
14836
3174
-10002
-21698
-29260
-30980
-26482
-16796
-4110
8737
18907
24204
23562
17269
6882
-5141
-16010
-23227
-25144
-21317
-12579
-836
11371
21439
27272
27724
22829
13764
2566
-8328
-16611
-20598
-19566
-13876
-4870
5444
14830
21300
23513
21037
14409
4991
-5321
-14505
-20812
-23111
-21086
-15278
-6950
2178
10279
15767
17601
15467
9822
1797
-7032
-14943
-20394
-22308
-20275
-14624
-6366
2997
11743
18255
21326
20385
15618
7946
-1143
-9863
-16470
-19603
-18552
-13416
-5102
4831
14468
21899
25605
24765
19436
10561
-202
-10793
-19159
-23661
-23411
-18457
-9790
852
11321
19489
23676
22989
17506
8259
-2970
-14002
-22701
-27390
-27185
-22159
-13316
-2383
8538
17386
22537
23111
19117
11435
1619
-8414
-16757
-21866
-22839
-19557
-12675
-3479
6373
15156
21389
24077
22861
18059
10579
1745
-6935
-14023
-18380
-19340
-16806
-11247
-3621
4785
12557
18379
21238
20593
16466
9452
634
-8577
-16669
-22278
-24419
-22671
-17266
-9070
547
9934
17446
21735
21998
18136
10784
1216
-8878
-17691
-23626
-25585
-23172
-16768
-7458
3158
13264
21146
25502
25659
21680
14337
4956
-4831
-13373
-19282
-21658
-20214
-15302
-7819
962
9610
16770
21364
22742
20752
15744
8489
60
-8328
-15489
-20425
-22454
-21302
-17139
-10562
-2517
5819
13200
18490
20833
19793
15444
8376
-370
-9452
-17427
-22985
-25167
-23534
-18256
-10098
-306
9595
18051
23738
25781
23899
18445
10342
916
-8328
-15950
-20809
-22233
-20100
-14836
-7317
1280
9676
16676
21335
23071
21720
17531
11107
3316
-4831
-12303
-18167
-21692
-22436
-20294
-15522
-8715
-749
7315
14367
19391
21614
20635
16499
9718
1216
-7793
-15984
-22118
-25243
-24846
-20941
-14071
-5225
4317
13185
20136
24233
24981
22385
16923
9452
1064
-7079
-13917
-18615
-20664
-19908
-16541
-11055
-4160
3299
10441
16433
20571
22346
21500
18059
12350
4978
-3219
-11256
-18121
-22898
-24907
-23810
-19683
-13021
-4692
4186
12397
18810
22546
23111
20461
15010
7549
-873
-9116
-16108
-20992
-23227
-22631
-19380
-13947
-7025
575
8021
14540
19489
22393
22979
21192
17198
11380
4318
-3252
-10500
-16581
-20738
-22403
-21287
-17441
-11278
-3530
4831
12726
19119
23164
24330
22475
17858
11093
3053
-5263
-12871
-18928
-22826
-24245
-23158
-19803
-14624
-8203
-1193
5740
11965
16925
20162
21356
20348
17173
12078
5526
-1827
-9185
-15695
-20553
-23111
-22980
-20099
-14756
-7561
632
8844
16108
21593
24718
25209
23119
18786
12774
5772
-1491
-8328
-14156
-18525
-21131
-21815
-20554
-17456
-12759
-6829
-157
6661
12962
18074
21393
22467
21073
17269
11407
4108
-3815
-11459
-17953
-22575
-24845
-24580
-21894
-17166
-10967
-3970
3141
9741
15316
19489
22014
22770
21741
19008
14749
9242
2876
-3856
-10372
-16048
-20279
-22562
-22571
-20219
-15695
-9452
-2160
5382
12349
18005
21791
23390
22743
20034
15633
10027
3752
-2675
-8791
-14203
-18591
-21694
-23307
-23278
-21529
-18082
-13090
-6866
124
7279
13920
19371
23050
24552
23716
20646
15704
9452
2566
-4252
-10371
-15295
-18702
-20448
-20539
-19094
-16300
-12377
-7562
-2112
3683
9486
14901
19489
22805
24451
24142
21768
17438
11484
4439
-3027
-10196
-16398
-21097
-23949
-24833
-23833
-21195
-17269
-12441
-7082
-1521
3964
9127
13732
17535
20273
21685
21548
19726
16225
11226
5098
-1631
-8328
-14339
-19077
-22108
-23198
-22340
-19731
-15719
-10741
-5241
379
5798
10778
15145
18756
21466
23111
23512
22505
19986
15959
10586
4196
-2727
-9595
-15790
-20750
-24052
-25465
-24976
-22770
-19180
-14624
-9523
-4248
917
5776
10197
14077
17297
19700
21088
21249
20007
17276
13115
7755
1596
-4831
-10938
-16157
-20031
-22272
-22793
-21697
-19237
-15748
-11578
-7027
-2319
2403
7049
11537
15747
19489
22499
24467
25085
24121
21478
17245
11701
5294
-1425
-7882
-13568
-18106
-21295
-23105
-23647
-23111
-21701
-19579
-16838
-13498
-9548
-4992
89
5505
10937
15966
20131
23004
24269
23789
21632
18059
13479
8369
3188
-1692
-6031
-9732
-12810
-15333
-17361
-18889
-19825
-19992
-19174
-17181
-13920
-9452
-4016
1983
8031
13586
18168
21437
23239
23614
22759
20961
18517
15660
12521
9114
5374
1216
-3394
-8381
-13521
-18461
-22755
-25952
-27680
-27728
-26088
-22961
-18716
-13812
-8707
-3772
764
4831
8490
11867
15078
18157
21005
23396
25007
25498
24600
22191
18354
13373
7699
1865
-3613
-8328
-12050
-14744
-16547
-17693
-18431
-18934
-19241
-19243
-18710
-17367
-14982
-11457
-6883
-1553
4073
9452
14062
17506
19582
20313
19919
18745
17163
15467
13805
12147
10313
8037
5073
1287
-3267
-8328
-13456
-18116
-21785
-24065
-24768
-23951
-21896
-19028
-15815
-12647
-9751
-7146
-4666
-2023
1077
4831
9250
14115
19011
23395
26721
28561
28704
27204
24367
20675
16664
12802
9378
6445
3833
1216
-1772
-5409
-9781
-14721
-19828
-24540
-28256
-30482
-30944
-29657
-26921
-23245
-19226
-15398
-12111
-9452
-7239
-5094
-2565
728
4965
10045
15584
20986
25578
28767
30179
29755
27760
24720
21282
18059
15470
13644
12393
11282
9753
7294
3603
-1312
-7104
-13150
-18690
-23005
-25590
-26278
-25276
-23111
-20490
-18120
-16519
-15885
-16045
-16506
-16589
-15621
-13129
-8982
-3453
2828
9013
14239
17836
19489
19316
17833
15814
14091
13329
13846
15527
17844
19995
21112
20496
17815
13207
7266
912
-4831
-9088
-11343
-11577
-10263
-8243
-6510
-5936
-7044
-9852
-13860
-18163
-21681
-23433
-22803
-19704
-14624
-8515
-2563
2101
4690
4961
3277
517
-2150
-3571
-2915
95
5096
11155
16996
21313
23111
21957
18111
12473
6364
1202
-1858
-2218
0
3978
8403
11804
12923
11061
6263
-661
-8328
-15110
-19547
-20709
-18446
-13439
-7038
-933
3268
4451
2288
-2670
-9109
-15281
-19436
-20270
17269
10860
2323
-6503
-13675
-17624
-17552
-13646
-7044
438
6748
10116
9502
4874
-2766
-11612
-19489
-24393
-24992
-20975
-13146
-3247
6453
13713
16874
15271
9419
894
-8039
-14981
-17991
-16075
-9452
484
11483
20977
26708
27284
22529
13547
2464
-8071
-15531
-18124
-15240
-7608
2863
13539
21694
25174
22923
15258
3804
-8879
-19903
-26744
-27847
-23008
-13430
-1444
10040
18230
21115
17953
9452
-2389
-14751
-24660
-29696
-28562
-21402
-9768
3740
16081
24488
27110
23450
14470
2370
-9933
-19489
-23995
-22337
-14836
-3174
10002
21698
29260
30980
26482
16796
4110
-8737
-18907
-24204
-23562
-17269
-6882
5141
16010
23227
25144
21317
12579
836
-11371
-21439
-27272
-27724
-22829
-13764
-2566
8328
16611
20598
19566
13876
4870
-5444
-14830
-21300
-23513
-21037
-14409
-4991
5321
14505
20812
23111
21086
15278
6950
-2178
-10279
-15767
-17601
-15467
-9822
-1797
7032
14943
20394
22308
20275
14624
6366
-2997
-11743
-18255
-21326
-20385
-15618
-7946
1143
9863
16470
19603
18552
13416
5102
-4831
-14468
-21899
-25605
-24765
-19436
-10561
202
10793
19159
23661
23411
18457
9790
-852
-11321
-19489
-23676
-22989
-17506
-8259
2970
14002
22701
27390
27185
22159
13316
2383
-8538
-17386
-22537
-23111
-19117
-11435
-1619
8414
16757
21866
22839
19557
12675
3479
-6373
-15156
-21389
-24077
-22861
-18059
-10579
-1745
6935
14023
18380
19340
16806
11247
3621
-4785
-12557
-18379
-21238
-20593
-16466
-9452
-634
8577
16669
22278
24419
22671
17266
9070
-547
-9934
-17446
-21735
-21998
-18136
-10784
-1216
8878
17691
23626
25585
23172
16768
7458
-3158
-13264
-21146
-25502
-25659
-21680
-14337
-4956
4831
13373
19282
21658
20214
15302
7819
-962
-9610
-16770
-21364
-22742
-20752
-15744
-8489
-60
8328
15489
20425
22454
21302
17139
10562
2517
-5819
-13200
-18490
-20833
-19793
-15444
-8376
370
9452
17427
22985
25167
23534
18256
10098
306
-9595
-18051
-23738
-25781
-23899
-18445
-10342
-916
8328
15950
20809
22233
20100
14836
7317
-1280
-9676
-16676
-21335
-23071
-21720
-17531
-11107
-3316
4831
12303
18167
21692
22436
20294
15522
8715
749
-7315
-14367
-19391
-21614
-20635
-16499
-9718
-1216
7793
15984
22118
25243
24846
20941
14071
5225
-4317
-13185
-20136
-24233
-24981
-22385
-16923
-9452
-1064
7079
13917
18615
20664
19908
16541
11055
4160
-3299
-10441
-16433
-20571
-22346
-21500
-18059
-12350
-4978
3219
11256
18121
22898
24907
23810
19683
13021
4692
-4186
-12397
-18810
-22546
-23111
-20461
-15010
-7549
873
9116
16108
20992
23227
22631
19380
13947
7025
-575
-8021
-14540
-19489
-22393
-22979
-21192
-17198
-11380
-4318
3252
10500
16581
20738
22403
21287
17441
11278
3530
-4831
-12726
-19119
-23164
-24330
-22475
-17858
-11093
-3053
5263
12871
18928
22826
24245
23158
19803
14624
8203
1193
-5740
-11965
-16925
-20162
-21356
-20348
-17173
-12078
-5526
1827
9185
15695
20553
23111
22980
20099
14756
7561
-632
-8844
-16108
-21593
-24718
-25209
-23119
-18786
-12774
-5772
1491
8328
14156
18525
21131
21815
20554
17456
12759
6829
157
-6661
-12962
-18074
-21393
-22467
-21073
-17269
-11407
-4108
3815
11459
17953
22575
24845
24580
21894
17166
10967
3970
-3141
-9741
-15316
-19489
-22014
-22770
-21741
-19008
-14749
-9242
-2876
3856
10372
16048
20279
22562
22571
20219
15695
9452
2160
-5382
-12349
-18005
-21791
-23390
-22743
-20034
-15633
-10027
-3752
2675
8791
14203
18591
21694
23307
23278
21529
18082
13090
6866
-124
-7279
-13920
-19371
-23050
-24552
-23716
-20646
-15704
-9452
-2566
4252
10371
15295
18702
20448
20539
19094
16300
12377
7562
2112
-3683
-9486
-14901
-19489
-22805
-24451
-24142
-21768
-17438
-11484
-4439
3027
10196
16398
21097
23949
24833
23833
21195
17269
12441
7082
1521
-3964
-9127
-13732
-17535
-20273
-21685
-21548
-19726
-16225
-11226
-5098
1631
8328
14339
19077
22108
23198
22340
19731
15719
10741
5241
-379
-5798
-10778
-15145
-18756
-21466
-23111
-23512
-22505
-19986
-15959
-10586
-4196
2727
9595
15790
20750
24052
25465
24976
22770
19180
14624
9523
4248
-917
-5776
-10197
-14077
-17297
-19700
-21088
-21249
-20007
-17276
-13115
-7755
-1596
4831
10938
16157
20031
22272
22793
21697
19237
15748
11578
7027
2319
-2403
-7049
-11537
-15747
-19489
-22499
-24467
-25085
-24121
-21478
-17245
-11701
-5294
1425
7882
13568
18106
21295
23105
23647
23111
21701
19579
16838
13498
9548
4992
-89
-5505
-10937
-15966
-20131
-23004
-24269
-23789
-21632
-18059
-13479
-8369
-3188
1692
6031
9732
12810
15333
17361
18889
19825
19992
19174
17181
13920
9452
4016
-1983
-8031
-13586
-18168
-21437
-23239
-23614
-22759
-20961
-18517
-15660
-12521
-9114
-5374
-1216
3394
8381
13521
18461
22755
25952
27680
27728
26088
22961
18716
13812
8707
3772
-764
-4831
-8490
-11867
-15078
-18157
-21005
-23396
-25007
-25498
-24600
-22191
-18354
-13373
-7699
-1865
3613
8328
12050
14744
16547
17693
18431
18934
19241
19243
18710
17367
14982
11457
6883
1553
-4073
-9452
-14062
-17506
-19582
-20313
-19919
-18745
-17163
-15467
-13805
-12147
-10313
-8037
-5073
-1287
3267
8328
13456
18116
21785
24065
24768
23951
21896
19028
15815
12647
9751
7146
4666
2023
-1077
-4831
-9250
-14115
-19011
-23395
-26721
-28561
-28704
-27204
-24367
-20675
-16664
-12802
-9378
-6445
-3833
-1216
1772
5409
9781
14721
19828
24540
28256
30482
30944
29657
26921
23245
19226
15398
12111
9452
7239
5094
2565
-728
-4965
-10045
-15584
-20986
-25578
-28767
-30179
-29755
-27760
-24720
-21282
-18059
-15470
-13644
-12393
-11282
-9753
-7294
-3603
1312
7104
13150
18690
23005
25590
26278
25276
23111
20490
18120
16519
15885
16045
16506
16589
15621
13129
8982
3453
-2828
-9013
-14239
-17836
-19489
-19316
-17833
-15814
-14091
-13329
-13846
-15527
-17844
-19995
-21112
-20496
-17815
-13207
-7266
-912
4831
9088
11343
11577
10263
8243
6510
5936
7044
9852
13860
18163
21681
23433
22803
19704
14624
8515
2563
-2101
-4690
-4961
-3277
-517
2150
3571
2915
-95
-5096
-11155
-16996
-21313
-23111
-21957
-18111
-12473
-6364
-1202
1858
2218
0
-3978
-8403
-11804
-12923
-11061
-6263
661
8328
15110
19547
20709
18446
13439
7038
933
-3268
-4451
-2288
2670
9109
15281
19436
20270
-17269
-10860
-2323
6503
13675
17624
17552
13646
7044
-438
-6748
-10116
-9502
-4874
2766
11612
19489
24393
24992
20975
13146
3247
-6453
-13713
-16874
-15271
-9419
-894
8039
14981
17991
16075
9452
-484
-11483
-20977
-26708
-27284
-22529
-13547
-2464
8071
15531
18124
15240
7608
-2863
-13539
-21694
-25174
-22923
-15258
-3804
8879
19903
26744
27847
23008
13430
1444
-10040
-18230
-21115
-17953
-9452
2389
14751
24660
29696
28562
21402
9768
-3740
-16081
-24488
-27110
-23450
-14470
-2370
9933
19489
23995
22337
14836
3174
-10002
-21698
-29260
-30980
-26482
-16796
-4110
8737
18907
24204
23562
17269
6882
-5141
-16010
-23227
-25144
-21317
-12579
-836
11371
21439
27272
27724
22829
13764
2566
-8328
-16611
-20598
-19566
-13876
-4870
5444
14830
21300
23513
21037
14409
4991
-5321
-14505
-20812
-23111
-21086
-15278
-6950
2178
10279
15767
17601
15467
9822
1797
-7032
-14943
-20394
-22308
-20275
-14624
-6366
2997
11743
18255
21326
20385
15618
7946
-1143
-9863
-16470
-19603
-18552
-13416
-5102
4831
14468
21899
25605
24765
19436
10561
-202
-10793
-19159
-23661
-23411
-18457
-9790
852
11321
19489
23676
22989
17506
8259
-2970
-14002
-22701
-27390
-27185
-22159
-13316
-2383
8538
17386
22537
23111
19117
11435
1619
-8414
-16757
-21866
-22839
-19557
-12675
-3479
6373
15156
21389
24077
22861
18059
10579
1745
-6935
-14023
-18380
-19340
-16806
-11247
-3621
4785
12557
18379
21238
20593
16466
9452
634
-8577
-16669
-22278
-24419
-22671
-17266
-9070
547
9934
17446
21735
21998
18136
10784
1216
-8878
-17691
-23626
-25585
-23172
-16768
-7458
3158
13264
21146
25502
25659
21680
14337
4956
-4831
-13373
-19282
-21658
-20214
-15302
-7819
962
9610
16770
21364
22742
20752
15744
8489
60
-8328
-15489
-20425
-22454
-21302
-17139
-10562
-2517
5819
13200
18490
20833
19793
15444
8376
-370
-9452
-17427
-22985
-25167
-23534
-18256
-10098
-306
9595
18051
23738
25781
23899
18445
10342
916
-8328
-15950
-20809
-22233
-20100
-14836
-7317
1280
9676
16676
21335
23071
21720
17531
11107
3316
-4831
-12303
-18167
-21692
-22436
-20294
-15522
-8715
-749
7315
14367
19391
21614
20635
16499
9718
1216
-7793
-15984
-22118
-25243
-24846
-20941
-14071
-5225
4317
13185
20136
24233
24981
22385
16923
9452
1064
-7079
-13917
-18615
-20664
-19908
-16541
-11055
-4160
3299
10441
16433
20571
22346
21500
18059
12350
4978
-3219
-11256
-18121
-22898
-24907
-23810
-19683
-13021
-4692
4186
12397
18810
22546
23111
20461
15010
7549
-873
-9116
-16108
-20992
-23227
-22631
-19380
-13947
-7025
575
8021
14540
19489
22393
22979
21192
17198
11380
4318
-3252
-10500
-16581
-20738
-22403
-21287
-17441
-11278
-3530
4831
12726
19119
23164
24330
22475
17858
11093
3053
-5263
-12871
-18928
-22826
-24245
-23158
-19803
-14624
-8203
-1193
5740
11965
16925
20162
21356
20348
17173
12078
5526
-1827
-9185
-15695
-20553
-23111
-22980
-20099
-14756
-7561
632
8844
16108
21593
24718
25209
23119
18786
12774
5772
-1491
-8328
-14156
-18525
-21131
-21815
-20554
-17456
-12759
-6829
-157
6661
12962
18074
21393
22467
21073
17269
11407
4108
-3815
-11459
-17953
-22575
-24845
-24580
-21894
-17166
-10967
-3970
3141
9741
15316
19489
22014
22770
21741
19008
14749
9242
2876
-3856
-10372
-16048
-20279
-22562
-22571
-20219
-15695
-9452
-2160
5382
12349
18005
21791
23390
22743
20034
15633
10027
3752
-2675
-8791
-14203
-18591
-21694
-23307
-23278
-21529
-18082
-13090
-6866
124
7279
13920
19371
23050
24552
23716
20646
15704
9452
2566
-4252
-10371
-15295
-18702
-20448
-20539
-19094
-16300
-12377
-7562
-2112
3683
9486
14901
19489
22805
24451
24142
21768
17438
11484
4439
-3027
-10196
-16398
-21097
-23949
-24833
-23833
-21195
-17269
-12441
-7082
-1521
3964
9127
13732
17535
20273
21685
21548
19726
16225
11226
5098
-1631
-8328
-14339
-19077
-22108
-23198
-22340
-19731
-15719
-10741
-5241
379
5798
10778
15145
18756
21466
23111
23512
22505
19986
15959
10586
4196
-2727
-9595
-15790
-20750
-24052
-25465
-24976
-22770
-19180
-14624
-9523
-4248
917
5776
10197
14077
17297
19700
21088
21249
20007
17276
13115
7755
1596
-4831
-10938
-16157
-20031
-22272
-22793
-21697
-19237
-15748
-11578
-7027
-2319
2403
7049
11537
15747
19489
22499
24467
25085
24121
21478
17245
11701
5294
-1425
-7882
-13568
-18106
-21295
-23105
-23647
-23111
-21701
-19579
-16838
-13498
-9548
-4992
89
5505
10937
15966
20131
23004
24269
23789
21632
18059
13479
8369
3188
-1692
-6031
-9732
-12810
-15333
-17361
-18889
-19825
-19992
-19174
-17181
-13920
-9452
-4016
1983
8031
13586
18168
21437
23239
23614
22759
20961
18517
15660
12521
9114
5374
1216
-3394
-8381
-13521
-18461
-22755
-25952
-27680
-27728
-26088
-22961
-18716
-13812
-8707
-3772
764
4831
8490
11867
15078
18157
21005
23396
25007
25498
24600
22191
18354
13373
7699
1865
-3613
-8328
-12050
-14744
-16547
-17693
-18431
-18934
-19241
-19243
-18710
-17367
-14982
-11457
-6883
-1553
4073
9452
14062
17506
19582
20313
19919
18745
17163
15467
13805
12147
10313
8037
5073
1287
-3267
-8328
-13456
-18116
-21785
-24065
-24768
-23951
-21896
-19028
-15815
-12647
-9751
-7146
-4666
-2023
1077
4831
9250
14115
19011
23395
26721
28561
28704
27204
24367
20675
16664
12802
9378
6445
3833
1216
-1772
-5409
-9781
-14721
-19828
-24540
-28256
-30482
-30944
-29657
-26921
-23245
-19226
-15398
-12111
-9452
-7239
-5094
-2565
728
4965
10045
15584
20986
25578
28767
30179
29755
27760
24720
21282
18059
15470
13644
12393
11282
9753
7294
3603
-1312
-7104
-13150
-18690
-23005
-25590
-26278
-25276
-23111
-20490
-18120
-16519
-15885
-16045
-16506
-16589
-15621
-13129
-8982
-3453
2828
9013
14239
17836
19489
19316
17833
15814
14091
13329
13846
15527
17844
19995
21112
20496
17815
13207
7266
912
-4831
-9088
-11343
-11577
-10263
-8243
-6510
-5936
-7044
-9852
-13860
-18163
-21681
-23433
-22803
-19704
-14624
-8515
-2563
2101
4690
4961
3277
517
-2150
-3571
-2915
95
5096
11155
16996
21313
23111
21957
18111
12473
6364
1202
-1858
-2218
0
3978
8403
11804
12923
11061
6263
-661
-8328
-15110
-19547
-20709
-18446
-13439
-7038
-933
3268
4451
2288
-2670
-9109
-15281
-19436
-20270
0
0
0
0
0
0
0
0
0
0
0
0
0
0
0
0
0
0
0
0
0
0
0
0
0
0
0
0
0
0
0
0
0
0
0
0
0
0
0
0
0
0
0
0
0
0
0
0
0
0
0
0
0
0
0
0
0
0
0
0
0
0
0
0
0
0
0
0
0
0
0
0
0
0
0
0
0
0
0
0
0
0
0
0
0
0
0
0
0
0
0
0
0
0
0
0
0
0
0
0
0
0
0
0
0
0
0
0
0
0
0
0
0
0
0
0
0
0
0
0
0
0
0
0
0
0
0
0
0
0
0
0
0
0
0
0
0
0
0
0
0
0
0
0
0
0
0
0
0
0
0
0
0
0
0
0
0
0
0
0
0
0
0
0
0
0
0
0
0
0
0
0
0
0
0
0
0
0
0
0
0
0
0
0
0
0
0
0
0
0
0
0
0
0
0
0
0
0
0
0
0
0
0
0
0
0
0
0
0
0
0
0
0
0
0
0
0
0
0
0
0
0
0
0
0
0
0
0
0
0
0
0
0
0
0
0
0
0
0
0
0
0
0
0
0
0
0
0
0
0
0
0
0
0
0
0
0
0
0
0
0
0
0
0
0
0
0
0
0
0
0
0
0
0
0
0
0
0
0
0
0
0
0
0
0
0
0
0
0
0
0
0
0
0
0
0
0
0
0
0
0
0
0
0
0
0
0
0
0
0
0
0
0
0
0
0
0
0
0
0
0
0
0
0
0
0
0
0
0
0
0
0
0
0
0
0
0
0
0
0
0
0
0
0
0
0
0
0
0
0
0
0
0
0
0
0
0
0
0
0
0
0
0
0
0
0
0
0
0
0
0
0
0
0
0
0
0
0
0
0
0
0
0
0
0
0
0
0
0
0
0
0
0
0
0
0
0
0
0
0
0
0
0
0
0
0
0
0
0
0
0
0
0
0
0
0
0
0
0
0
0
0
0
0
0
0
0
0
0
0
0
0
0
0
0
0
0
0
0
0
0
0
0
0
0
0
0
0
0
0
0
0
0
0
0
0
0
0
0
0
0
0
0
0
0
0
0
0
0
0
0
0
0
0
0
0
0
0
0
0
0
0
0
0
0
0
0
0
0
0
0
0
0
0
0
0
0
0
0
0
0
0
0
0
0
0
0
0
0
0
0
0
0
0
0
0
0
0
0
0
0
0
0
0
0
0
0
0
0
0
0
0
0
0
0
0
0
0
0
0
0
0
0
0
0
0
0
0
0
0
0
0
0
0
0
0
0
0
0
0
0
0
0
0
0
0
0
0
0
0
0
0
0
0
0
0
0
0
0
0
0
0
0
0
0
0
0
0
0
0
0
0
0
0
0
0
0
0
0
0
0
0
0
0
0
0
0
0
0
0
0
0
0
0
0
0
0
0
0
0
0
0
0
0
0
0
0
0
0
0
0
0
0
0
0
0
0
0
0
0
0
0
0
0
0
0
0
0
0
0
0
0
0
0
0
0
0
0
0
0
0
0
0
0
0
0
0
0
0
0
0
0
0
0
0
0
0
0
0
0
0
0
0
0
0
0
0
0
0
0
0
0
0
0
0
0
0
0
0
0
0
0
0
0
0
0
0
0
0
0
0
0
0
0
0
0
0
0
0
0
0
0
0
0
0
0
0
0
0
0
0
0
0
0
0
0
0
0
0
0
0
0
0
0
0
0
0
0
0
0
0
0
0
0
0
0
0
0
0
0
0
0
0
0
0
0
0
0
0
0
0
0
0
0
0
0
0
0
0
0
0
0
0
0
0
0
0
0
0
0
0
0
0
0
0
0
0
0
0
0
0
0
0
0
0
0
0
0
0
0
0
0
0
0
0
0
0
0
0
0
0
0
0
0
0
0
0
0
0
0
0
0
0
0
0
0
0
0
0
0
0
0
0
0
0
0
0
0
0
0
0
0
0
0
0
0
0
0
0
0
0
0
0
0
0
0
0
0
0
0
0
0
0
0
0
0
0
0
0
0
0
0
0
0
0
0
0
0
0
0
0
0
0
0
0
0
0
0
0
0
0
0
0
0
0
0
0
0
0
0
0
0
0
0
0
0
0
0
0
0
0
0
0
0
0
0
0
0
0
0
0
0
0
0
0
0
0
0
0
0
0
0
0
0
0
0
0
0
0
0
0
0
0
0
0
0
0
0
0
0
0
7017
13688
19680
24701
28510
30929
31854
31259
29197
25797
21254
15816
9777
3453
-2832
-8768
-14070
-18492
-21849
-24015
-24933
-24614
-23139
-20643
-17313
-13374
-9071
-4655
-374
3551
6934
9630
11546
12644
12940
12499
11432
9881
8009
5996
4011
2212
730
-336
-933
-1048
-712
0
982
2101
3210
4159
4802
5020
4720
3850
2402
414
-2028
-4798
-7731
-10640
-13324
-15580
-17219
-18076
-18032
-17006
-14984
-12002
-8163
-3625
1407
6685
11938
16881
21235
24741
27178
28376
28224
26687
23796
19659
14455
8422
1846
-4950
-11629
-17853
-23303
-27697
-30808
-32468
-32589
-31162
-28252
-24008
-18644
-12431
-5682
1262
8056
14368
19890
24365
27591
29435
29839
28821
26474
22956
18482
13311
7730
2039
-3470
-8526
-12893
-16383
-18863
-20268
-20590
-19884
-18263
-15882
-12933
-9629
-6189
-2826
265
2927
5037
6521
7352
7556
7200
6386
5253
3950
2633
1453
541
0
-105
251
1051
2234
3698
5314
6928
8375
9494
10136
10179
9535
8162
6067
3310
0
-3707
-7620
-11518
-15166
-18331
-20792
-22358
-22883
-22269
-20482
-17554
-13582
-8726
-3202
2726
8767
14611
19947
24484
27967
30187
31002
30338
28198
24666
19894
14108
7583
640
-6378
-13123
-19258
-24478
-28526
-31203
-32384
-32023
-30149
-26874
-22379
-16904
-10738
-4201
2375
8664
14358
19194
22956
25492
26719
26627
25276
22788
19345
15170
10518
5654
847
-3655
-7633
-10913
-13368
-14926
-15580
-15370
-14390
-12776
-10691
-8319
-5850
-3466
-1326
438
1735
2516
2777
2560
1946
1047
0
-1047
-1946
-2560
-2777
-2516
-1735
-438
1326
3466
5850
8319
10691
12776
14390
15370
15580
14926
13368
10913
7633
3655
-847
-5654
-10518
-15170
-19345
-22788
-25276
-26627
-26719
-25492
-22956
-19194
-14358
-8664
-2375
4201
10738
16904
22379
26874
30149
32023
32384
31203
28526
24478
19258
13123
6378
-640
-7583
-14108
-19894
-24666
-28198
-30338
-31002
-30187
-27967
-24484
-19947
-14611
-8767
-2726
3202
8726
13582
17554
20482
22269
22883
22358
20792
18331
15166
11518
7620
3707
0
-3310
-6067
-8162
-9535
-10179
-10136
-9494
-8375
-6928
-5314
-3698
-2234
-1051
-251
105
0
-541
-1453
-2633
-3950
-5253
-6386
-7200
-7556
-7352
-6521
-5037
-2927
-265
2826
6189
9629
12933
15882
18263
19884
20590
20268
18863
16383
12893
8526
3470
-2039
-7730
-13311
-18482
-22956
-26474
-28821
-29839
-29435
-27591
-24365
-19890
-14368
-8056
-1262
5682
12431
18644
24008
28252
31162
32589
32468
30808
27697
23303
17853
11629
4950
-1846
-8422
-14455
-19659
-23796
-26687
-28224
-28376
-27178
-24741
-21235
-16881
-11938
-6685
-1407
3625
8163
12002
14984
17006
18032
18076
17219
15580
13324
10640
7731
4798
2028
-414
-2402
-3850
-4720
-5020
-4802
-4159
-3210
-2101
-982
0
712
1048
933
336
-730
-2212
-4011
-5996
-8009
-9881
-11432
-12499
-12940
-12644
-11546
-9630
-6934
-3551
374
4655
9071
13374
17313
20643
23139
24614
24933
24015
21849
18492
14070
8768
2832
-3453
-9777
-15816
-21254
-25797
-29197
-31259
-31854
-30929
-28510
-24701
-19680
-13688
-7017
0
7017
13688
19680
24701
28510
30929
31854
31259
29197
25797
21254
15816
9777
3453
-2832
-8768
-14070
-18492
-21849
-24015
-24933
-24614
-23139
-20643
-17313
-13374
-9071
-4655
-374
3551
6934
9630
11546
12644
12940
12499
11432
9881
8009
5996
4011
2212
730
-336
-933
-1048
-712
0
982
2101
3210
4159
4802
5020
4720
3850
2402
414
-2028
-4798
-7731
-10640
-13324
-15580
-17219
-18076
-18032
-17006
-14984
-12002
-8163
-3625
1407
6685
11938
16881
21235
24741
27178
28376
28224
26687
23796
19659
14455
8422
1846
-4950
-11629
-17853
-23303
-27697
-30808
-32468
-32589
-31162
-28252
-24008
-18644
-12431
-5682
1262
8056
14368
19890
24365
27591
29435
29839
28821
26474
22956
18482
13311
7730
2039
-3470
-8526
-12893
-16383
-18863
-20268
-20590
-19884
-18263
-15882
-12933
-9629
-6189
-2826
265
2927
5037
6521
7352
7556
7200
6386
5253
3950
2633
1453
541
0
-105
251
1051
2234
3698
5314
6928
8375
9494
10136
10179
9535
8162
6067
3310
0
-3707
-7620
-11518
-15166
-18331
-20792
-22358
-22883
-22269
-20482
-17554
-13582
-8726
-3202
2726
8767
14611
19947
24484
27967
30187
31002
30338
28198
24666
19894
14108
7583
640
-6378
-13123
-19258
-24478
-28526
-31203
-32384
-32023
-30149
-26874
-22379
-16904
-10738
-4201
2375
8664
14358
19194
22956
25492
26719
26627
25276
22788
19345
15170
10518
5654
847
-3655
-7633
-10913
-13368
-14926
-15580
-15370
-14390
-12776
-10691
-8319
-5850
-3466
-1326
438
1735
2516
2777
2560
1946
1047
0
-1047
-1946
-2560
-2777
-2516
-1735
-438
1326
3466
5850
8319
10691
12776
14390
15370
15580
14926
13368
10913
7633
3655
-847
-5654
-10518
-15170
-19345
-22788
-25276
-26627
-26719
-25492
-22956
-19194
-14358
-8664
-2375
4201
10738
16904
22379
26874
30149
32023
32384
31203
28526
24478
19258
13123
6378
-640
-7583
-14108
-19894
-24666
-28198
-30338
-31002
-30187
-27967
-24484
-19947
-14611
-8767
-2726
3202
8726
13582
17554
20482
22269
22883
22358
20792
18331
15166
11518
7620
3707
0
-3310
-6067
-8162
-9535
-10179
-10136
-9494
-8375
-6928
-5314
-3698
-2234
-1051
-251
105
0
-541
-1453
-2633
-3950
-5253
-6386
-7200
-7556
-7352
-6521
-5037
-2927
-265
2826
6189
9629
12933
15882
18263
19884
20590
20268
18863
16383
12893
8526
3470
-2039
-7730
-13311
-18482
-22956
-26474
-28821
-29839
-29435
-27591
-24365
-19890
-14368
-8056
-1262
5682
12431
18644
24008
28252
31162
32589
32468
30808
27697
23303
17853
11629
4950
-1846
-8422
-14455
-19659
-23796
-26687
-28224
-28376
-27178
-24741
-21235
-16881
-11938
-6685
-1407
3625
8163
12002
14984
17006
18032
18076
17219
15580
13324
10640
7731
4798
2028
-414
-2402
-3850
-4720
-5020
-4802
-4159
-3210
-2101
-982
0
712
1048
933
336
-730
-2212
-4011
-5996
-8009
-9881
-11432
-12499
-12940
-12644
-11546
-9630
-6934
-3551
374
4655
9071
13374
17313
20643
23139
24614
24933
24015
21849
18492
14070
8768
2832
-3453
-9777
-15816
-21254
-25797
-29197
-31259
-31854
-30929
-28510
-24701
-19680
-13688
-7017
0
7017
13688
19680
24701
28510
30929
31854
31259
29197
25797
21254
15816
9777
3453
-2832
-8768
-14070
-18492
-21849
-24015
-24933
-24614
-23139
-20643
-17313
-13374
-9071
-4655
-374
3551
6934
9630
11546
12644
12940
12499
11432
9881
8009
5996
4011
2212
730
-336
-933
-1048
-712
0
982
2101
3210
4159
4802
5020
4720
3850
2402
414
-2028
-4798
-7731
-10640
-13324
-15580
-17219
-18076
-18032
-17006
-14984
-12002
-8163
-3625
1407
6685
11938
16881
21235
24741
27178
28376
28224
26687
23796
19659
14455
8422
1846
-4950
-11629
-17853
-23303
-27697
-30808
-32468
-32589
-31162
-28252
-24008
-18644
-12431
-5682
1262
8056
14368
19890
24365
27591
29435
29839
28821
26474
22956
18482
13311
7730
2039
-3470
-8526
-12893
-16383
-18863
-20268
-20590
-19884
-18263
-15882
-12933
-9629
-6189
-2826
265
2927
5037
6521
7352
7556
7200
6386
5253
3950
2633
1453
541
0
-105
251
1051
2234
3698
5314
6928
8375
9494
10136
10179
9535
8162
6067
3310
0
-3707
-7620
-11518
-15166
-18331
-20792
-22358
-22883
-22269
-20482
-17554
-13582
-8726
-3202
2726
8767
14611
19947
24484
27967
30187
31002
30338
28198
24666
19894
14108
7583
640
-6378
-13123
-19258
-24478
-28526
-31203
-32384
-32023
-30149
-26874
-22379
-16904
-10738
-4201
2375
8664
14358
19194
22956
25492
26719
26627
25276
22788
19345
15170
10518
5654
847
-3655
-7633
-10913
-13368
-14926
-15580
-15370
-14390
-12776
-10691
-8319
-5850
-3466
-1326
438
1735
2516
2777
2560
1946
1047
0
-1047
-1946
-2560
-2777
-2516
-1735
-438
1326
3466
5850
8319
10691
12776
14390
15370
15580
14926
13368
10913
7633
3655
-847
-5654
-10518
-15170
-19345
-22788
-25276
-26627
-26719
-25492
-22956
-19194
-14358
-8664
-2375
4201
10738
16904
22379
26874
30149
32023
32384
31203
28526
24478
19258
13123
6378
-640
-7583
-14108
-19894
-24666
-28198
-30338
-31002
-30187
-27967
-24484
-19947
-14611
-8767
-2726
3202
8726
13582
17554
20482
22269
22883
22358
20792
18331
15166
11518
7620
3707
0
-3310
-6067
-8162
-9535
-10179
-10136
-9494
-8375
-6928
-5314
-3698
-2234
-1051
-251
105
0
-541
-1453
-2633
-3950
-5253
-6386
-7200
-7556
-7352
-6521
-5037
-2927
-265
2826
6189
9629
12933
15882
18263
19884
20590
20268
18863
16383
12893
8526
3470
-2039
-7730
-13311
-18482
-22956
-26474
-28821
-29839
-29435
-27591
-24365
-19890
-14368
-8056
-1262
5682
12431
18644
24008
28252
31162
32589
32468
30808
27697
23303
17853
11629
4950
-1846
-8422
-14455
-19659
-23796
-26687
-28224
-28376
-27178
-24741
-21235
-16881
-11938
-6685
-1407
3625
8163
12002
14984
17006
18032
18076
17219
15580
13324
10640
7731
4798
2028
-414
-2402
-3850
-4720
-5020
-4802
-4159
-3210
-2101
-982
0
712
1048
933
336
-730
-2212
-4011
-5996
-8009
-9881
-11432
-12499
-12940
-12644
-11546
-9630
-6934
-3551
374
4655
9071
13374
17313
20643
23139
24614
24933
24015
21849
18492
14070
8768
2832
-3453
-9777
-15816
-21254
-25797
-29197
-31259
-31854
-30929
-28510
-24701
-19680
-13688
-7017
0
7017
13688
19680
24701
28510
30929
31854
31259
29197
25797
21254
15816
9777
3453
-2832
-8768
-14070
-18492
-21849
-24015
-24933
-24614
-23139
-20643
-17313
-13374
-9071
-4655
-374
3551
6934
9630
11546
12644
12940
12499
11432
9881
8009
5996
4011
2212
730
-336
-933
-1048
-712
0
982
2101
3210
4159
4802
5020
4720
3850
2402
414
-2028
-4798
-7731
-10640
-13324
-15580
-17219
-18076
-18032
-17006
-14984
-12002
-8163
-3625
1407
6685
11938
16881
21235
24741
27178
28376
28224
26687
23796
19659
14455
8422
1846
-4950
-11629
-17853
-23303
-27697
-30808
-32468
-32589
-31162
-28252
-24008
-18644
-12431
-5682
1262
8056
14368
19890
24365
27591
29435
29839
28821
26474
22956
18482
13311
7730
2039
-3470
-8526
-12893
-16383
-18863
-20268
-20590
-19884
-18263
-15882
-12933
-9629
-6189
-2826
265
2927
5037
6521
7352
7556
7200
6386
5253
3950
2633
1453
541
0
-105
251
1051
2234
3698
5314
6928
8375
9494
10136
10179
9535
8162
6067
3310
0
-3707
-7620
-11518
-15166
-18331
-20792
-22358
-22883
-22269
-20482
-17554
-13582
-8726
-3202
2726
8767
14611
19947
24484
27967
30187
31002
30338
28198
24666
19894
14108
7583
640
-6378
-13123
-19258
-24478
-28526
-31203
-32384
-32023
-30149
-26874
-22379
-16904
-10738
-4201
2375
8664
14358
19194
22956
25492
26719
26627
25276
22788
19345
15170
10518
5654
847
-3655
-7633
-10913
-13368
-14926
-15580
-15370
-14390
-12776
-10691
-8319
-5850
-3466
-1326
438
1735
2516
2777
2560
1946
1047
0
-1047
-1946
-2560
-2777
-2516
-1735
-438
1326
3466
5850
8319
10691
12776
14390
15370
15580
14926
13368
10913
7633
3655
-847
-5654
-10518
-15170
-19345
-22788
-25276
-26627
-26719
-25492
-22956
-19194
-14358
-8664
-2375
4201
10738
16904
22379
26874
30149
32023
32384
31203
28526
24478
19258
13123
6378
-640
-7583
-14108
-19894
-24666
-28198
-30338
-31002
-30187
-27967
-24484
-19947
-14611
-8767
-2726
3202
8726
13582
17554
20482
22269
22883
22358
20792
18331
15166
11518
7620
3707
0
-3310
-6067
-8162
-9535
-10179
-10136
-9494
-8375
-6928
-5314
-3698
-2234
-1051
-251
105
0
-541
-1453
-2633
-3950
-5253
-6386
-7200
-7556
-7352
-6521
-5037
-2927
-265
2826
6189
9629
12933
15882
18263
19884
20590
20268
18863
16383
12893
8526
3470
-2039
-7730
-13311
-18482
-22956
-26474
-28821
-29839
-29435
-27591
-24365
-19890
-14368
-8056
-1262
5682
12431
18644
24008
28252
31162
32589
32468
30808
27697
23303
17853
11629
4950
-1846
-8422
-14455
-19659
-23796
-26687
-28224
-28376
-27178
-24741
-21235
-16881
-11938
-6685
-1407
3625
8163
12002
14984
17006
18032
18076
17219
15580
13324
10640
7731
4798
2028
-414
-2402
-3850
-4720
-5020
-4802
-4159
-3210
-2101
-982
0
712
1048
933
336
-730
-2212
-4011
-5996
-8009
-9881
-11432
-12499
-12940
-12644
-11546
-9630
-6934
-3551
374
4655
9071
13374
17313
20643
23139
24614
24933
24015
21849
18492
14070
8768
2832
-3453
-9777
-15816
-21254
-25797
-29197
-31259
-31854
-30929
-28510
-24701
-19680
-13688
-7017
0
7017
13688
19680
24701
28510
30929
31854
31259
29197
25797
21254
15816
9777
3453
-2832
-8768
-14070
-18492
-21849
-24015
-24933
-24614
-23139
-20643
-17313
-13374
-9071
-4655
-374
3551
6934
9630
11546
12644
12940
12499
11432
9881
8009
5996
4011
2212
730
-336
-933
-1048
-712
0
982
2101
3210
4159
4802
5020
4720
3850
2402
414
-2028
-4798
-7731
-10640
-13324
-15580
-17219
-18076
-18032
-17006
-14984
-12002
-8163
-3625
1407
6685
11938
16881
21235
24741
27178
28376
28224
26687
23796
19659
14455
8422
1846
-4950
-11629
-17853
-23303
-27697
-30808
-32468
-32589
-31162
-28252
-24008
-18644
-12431
-5682
1262
8056
14368
19890
24365
27591
29435
29839
28821
26474
22956
18482
13311
7730
2039
-3470
-8526
-12893
-16383
-18863
-20268
-20590
-19884
-18263
-15882
-12933
-9629
-6189
-2826
265
2927
5037
6521
7352
7556
7200
6386
5253
3950
2633
1453
541
0
-105
251
1051
2234
3698
5314
6928
8375
9494
10136
10179
9535
8162
6067
3310
0
-3707
-7620
-11518
-15166
-18331
-20792
-22358
-22883
-22269
-20482
-17554
-13582
-8726
-3202
2726
8767
14611
19947
24484
27967
30187
31002
30338
28198
24666
19894
14108
7583
640
-6378
-13123
-19258
-24478
-28526
-31203
-32384
-32023
-30149
-26874
-22379
-16904
-10738
-4201
2375
8664
14358
19194
22956
25492
26719
26627
25276
22788
19345
15170
10518
5654
847
-3655
-7633
-10913
-13368
-14926
-15580
-15370
-14390
-12776
-10691
-8319
-5850
-3466
-1326
438
1735
2516
2777
2560
1946
1047
0
-1047
-1946
-2560
-2777
-2516
-1735
-438
1326
3466
5850
8319
10691
12776
14390
15370
15580
14926
13368
10913
7633
3655
-847
-5654
-10518
-15170
-19345
-22788
-25276
-26627
-26719
-25492
-22956
-19194
-14358
-8664
-2375
4201
10738
16904
22379
26874
30149
32023
32384
31203
28526
24478
19258
13123
6378
-640
-7583
-14108
-19894
-24666
-28198
-30338
-31002
-30187
-27967
-24484
-19947
-14611
-8767
-2726
3202
8726
13582
17554
20482
22269
22883
22358
20792
18331
15166
11518
7620
3707
0
-3310
-6067
-8162
-9535
-10179
-10136
-9494
-8375
-6928
-5314
-3698
-2234
-1051
-251
105
0
-541
-1453
-2633
-3950
-5253
-6386
-7200
-7556
-7352
-6521
-5037
-2927
-265
2826
6189
9629
12933
15882
18263
19884
20590
20268
18863
16383
12893
8526
3470
-2039
-7730
-13311
-18482
-22956
-26474
-28821
-29839
-29435
-27591
-24365
-19890
-14368
-8056
-1262
5682
12431
18644
24008
28252
31162
32589
32468
30808
27697
23303
17853
11629
4950
-1846
-8422
-14455
-19659
-23796
-26687
-28224
-28376
-27178
-24741
-21235
-16881
-11938
-6685
-1407
3625
8163
12002
14984
17006
18032
18076
17219
15580
13324
10640
7731
4798
2028
-414
-2402
-3850
-4720
-5020
-4802
-4159
-3210
-2101
-982
0
712
1048
933
336
-730
-2212
-4011
-5996
-8009
-9881
-11432
-12499
-12940
-12644
-11546
-9630
-6934
-3551
374
4655
9071
13374
17313
20643
23139
24614
24933
24015
21849
18492
14070
8768
2832
-3453
-9777
-15816
-21254
-25797
-29197
-31259
-31854
-30929
-28510
-24701
-19680
-13688
-7017
0
7017
13688
19680
24701
28510
30929
31854
31259
29197
25797
21254
15816
9777
3453
-2832
-8768
-14070
-18492
-21849
-24015
-24933
-24614
-23139
-20643
-17313
-13374
-9071
-4655
-374
3551
6934
9630
11546
12644
12940
12499
11432
9881
8009
5996
4011
2212
730
-336
-933
-1048
-712
0
982
2101
3210
4159
4802
5020
4720
3850
2402
414
-2028
-4798
-7731
-10640
-13324
-15580
-17219
-18076
-18032
-17006
-14984
-12002
-8163
-3625
1407
6685
11938
16881
21235
24741
27178
28376
28224
26687
23796
19659
14455
8422
1846
-4950
-11629
-17853
-23303
-27697
-30808
-32468
-32589
-31162
-28252
-24008
-18644
-12431
-5682
1262
8056
14368
19890
24365
27591
29435
29839
28821
26474
22956
18482
13311
7730
2039
-3470
-8526
-12893
-16383
-18863
-20268
-20590
-19884
-18263
-15882
-12933
-9629
-6189
-2826
265
2927
5037
6521
7352
7556
7200
6386
5253
3950
2633
1453
541
0
-105
251
1051
2234
3698
5314
6928
8375
9494
10136
10179
9535
8162
6067
3310
0
-3707
-7620
-11518
-15166
-18331
-20792
-22358
-22883
-22269
-20482
-17554
-13582
-8726
-3202
2726
8767
14611
19947
24484
27967
30187
31002
30338
28198
24666
19894
14108
7583
640
-6378
-13123
-19258
-24478
-28526
-31203
-32384
-32023
-30149
-26874
-22379
-16904
-10738
-4201
2375
8664
14358
19194
22956
25492
26719
26627
25276
22788
19345
15170
10518
5654
847
-3655
-7633
-10913
-13368
-14926
-15580
-15370
-14390
-12776
-10691
-8319
-5850
-3466
-1326
438
1735
2516
2777
2560
1946
1047
0
-1047
-1946
-2560
-2777
-2516
-1735
-438
1326
3466
5850
8319
10691
12776
14390
15370
15580
14926
13368
10913
7633
3655
-847
-5654
-10518
-15170
-19345
-22788
-25276
-26627
-26719
-25492
-22956
-19194
-14358
-8664
-2375
4201
10738
16904
22379
26874
30149
32023
32384
31203
28526
24478
19258
13123
6378
-640
-7583
-14108
-19894
-24666
-28198
-30338
-31002
-30187
-27967
-24484
-19947
-14611
-8767
-2726
3202
8726
13582
17554
20482
22269
22883
22358
20792
18331
15166
11518
7620
3707
0
-3310
-6067
-8162
-9535
-10179
-10136
-9494
-8375
-6928
-5314
-3698
-2234
-1051
-251
105
0
-541
-1453
-2633
-3950
-5253
-6386
-7200
-7556
-7352
-6521
-5037
-2927
-265
2826
6189
9629
12933
15882
18263
19884
20590
20268
18863
16383
12893
8526
3470
-2039
-7730
-13311
-18482
-22956
-26474
-28821
-29839
-29435
-27591
-24365
-19890
-14368
-8056
-1262
5682
12431
18644
24008
28252
31162
32589
32468
30808
27697
23303
17853
11629
4950
-1846
-8422
-14455
-19659
-23796
-26687
-28224
-28376
-27178
-24741
-21235
-16881
-11938
-6685
-1407
3625
8163
12002
14984
17006
18032
18076
17219
15580
13324
10640
7731
4798
2028
-414
-2402
-3850
-4720
-5020
-4802
-4159
-3210
-2101
-982
0
712
1048
933
336
-730
-2212
-4011
-5996
-8009
-9881
-11432
-12499
-12940
-12644
-11546
-9630
-6934
-3551
374
4655
9071
13374
17313
20643
23139
24614
24933
24015
21849
18492
14070
8768
2832
-3453
-9777
-15816
-21254
-25797
-29197
-31259
-31854
-30929
-28510
-24701
-19680
-13688
-7017
0
7017
13688
19680
24701
28510
30929
31854
31259
29197
25797
21254
15816
9777
3453
-2832
-8768
-14070
-18492
-21849
-24015
-24933
-24614
-23139
-20643
-17313
-13374
-9071
-4655
-374
3551
6934
9630
11546
12644
12940
12499
11432
9881
8009
5996
4011
2212
730
-336
-933
-1048
-712
0
982
2101
3210
4159
4802
5020
4720
3850
2402
414
-2028
-4798
-7731
-10640
-13324
-15580
-17219
-18076
-18032
-17006
-14984
-12002
-8163
-3625
1407
6685
11938
16881
21235
24741
27178
28376
28224
26687
23796
19659
14455
8422
1846
-4950
-11629
-17853
-23303
-27697
-30808
-32468
-32589
-31162
-28252
-24008
-18644
-12431
-5682
1262
8056
14368
19890
24365
27591
29435
29839
28821
26474
22956
18482
13311
7730
2039
-3470
-8526
-12893
-16383
-18863
-20268
-20590
-19884
-18263
-15882
-12933
-9629
-6189
-2826
265
2927
5037
6521
7352
7556
7200
6386
5253
3950
2633
1453
541
0
-105
251
1051
2234
3698
5314
6928
8375
9494
10136
10179
9535
8162
6067
3310
0
-3707
-7620
-11518
-15166
-18331
-20792
-22358
-22883
-22269
-20482
-17554
-13582
-8726
-3202
2726
8767
14611
19947
24484
27967
30187
31002
30338
28198
24666
19894
14108
7583
640
-6378
-13123
-19258
-24478
-28526
-31203
-32384
-32023
-30149
-26874
-22379
-16904
-10738
-4201
2375
8664
14358
19194
22956
25492
26719
26627
25276
22788
19345
15170
10518
5654
847
-3655
-7633
-10913
-13368
-14926
-15580
-15370
-14390
-12776
-10691
-8319
-5850
-3466
-1326
438
1735
2516
2777
2560
1946
1047
0
-1047
-1946
-2560
-2777
-2516
-1735
-438
1326
3466
5850
8319
10691
12776
14390
15370
15580
14926
13368
10913
7633
3655
-847
-5654
-10518
-15170
-19345
-22788
-25276
-26627
-26719
-25492
-22956
-19194
-14358
-8664
-2375
4201
10738
16904
22379
26874
30149
32023
32384
31203
28526
24478
19258
13123
6378
-640
-7583
-14108
-19894
-24666
-28198
-30338
-31002
-30187
-27967
-24484
-19947
-14611
-8767
-2726
3202
8726
13582
17554
20482
22269
22883
22358
20792
18331
15166
11518
7620
3707
0
-3310
-6067
-8162
-9535
-10179
-10136
-9494
-8375
-6928
-5314
-3698
-2234
-1051
-251
105
0
-541
-1453
-2633
-3950
-5253
-6386
-7200
-7556
-7352
-6521
-5037
-2927
-265
2826
6189
9629
12933
15882
18263
19884
20590
20268
18863
16383
12893
8526
3470
-2039
-7730
-13311
-18482
-22956
-26474
-28821
-29839
-29435
-27591
-24365
-19890
-14368
-8056
-1262
5682
12431
18644
24008
28252
31162
32589
32468
30808
27697
23303
17853
11629
4950
-1846
-8422
-14455
-19659
-23796
-26687
-28224
-28376
-27178
-24741
-21235
-16881
-11938
-6685
-1407
3625
8163
12002
14984
17006
18032
18076
17219
15580
13324
10640
7731
4798
2028
-414
-2402
-3850
-4720
-5020
-4802
-4159
-3210
-2101
-982
0
712
1048
933
336
-730
-2212
-4011
-5996
-8009
-9881
-11432
-12499
-12940
-12644
-11546
-9630
-6934
-3551
374
4655
9071
13374
17313
20643
23139
24614
24933
24015
21849
18492
14070
8768
2832
-3453
-9777
-15816
-21254
-25797
-29197
-31259
-31854
-30929
-28510
-24701
-19680
-13688
-7017
0
7017
13688
19680
24701
28510
30929
31854
31259
29197
25797
21254
15816
9777
3453
-2832
-8768
-14070
-18492
-21849
-24015
-24933
-24614
-23139
-20643
-17313
-13374
-9071
-4655
-374
3551
6934
9630
11546
12644
12940
12499
11432
9881
8009
5996
4011
2212
730
-336
-933
-1048
-712
0
982
2101
3210
4159
4802
5020
4720
3850
2402
414
-2028
-4798
-7731
-10640
-13324
-15580
-17219
-18076
-18032
-17006
-14984
-12002
-8163
-3625
1407
6685
11938
16881
21235
24741
27178
28376
28224
26687
23796
19659
14455
8422
1846
-4950
-11629
-17853
-23303
-27697
-30808
-32468
-32589
-31162
-28252
-24008
-18644
-12431
-5682
1262
8056
14368
19890
24365
27591
29435
29839
28821
26474
22956
18482
13311
7730
2039
-3470
-8526
-12893
-16383
-18863
-20268
-20590
-19884
-18263
-15882
-12933
-9629
-6189
-2826
265
2927
5037
6521
7352
7556
7200
6386
5253
3950
2633
1453
541
0
-105
251
1051
2234
3698
5314
6928
8375
9494
10136
10179
9535
8162
6067
3310
0
-3707
-7620
-11518
-15166
-18331
-20792
-22358
-22883
-22269
-20482
-17554
-13582
-8726
-3202
2726
8767
14611
19947
24484
27967
30187
31002
30338
28198
24666
19894
14108
7583
640
-6378
-13123
-19258
-24478
-28526
-31203
-32384
-32023
-30149
-26874
-22379
-16904
-10738
-4201
2375
8664
14358
19194
22956
25492
26719
26627
25276
22788
19345
15170
10518
5654
847
-3655
-7633
-10913
-13368
-14926
-15580
-15370
-14390
-12776
-10691
-8319
-5850
-3466
-1326
438
1735
2516
2777
2560
1946
1047
0
-1047
-1946
-2560
-2777
-2516
-1735
-438
1326
3466
5850
8319
10691
12776
14390
15370
15580
14926
13368
10913
7633
3655
-847
-5654
-10518
-15170
-19345
-22788
-25276
-26627
-26719
-25492
-22956
-19194
-14358
-8664
-2375
4201
10738
16904
22379
26874
30149
32023
32384
31203
28526
24478
19258
13123
6378
-640
-7583
-14108
-19894
-24666
-28198
-30338
-31002
-30187
-27967
-24484
-19947
-14611
-8767
-2726
3202
8726
13582
17554
20482
22269
22883
22358
20792
18331
15166
11518
7620
3707
0
-3310
-6067
-8162
-9535
-10179
-10136
-9494
-8375
-6928
-5314
-3698
-2234
-1051
-251
105
0
-541
-1453
-2633
-3950
-5253
-6386
-7200
-7556
-7352
-6521
-5037
-2927
-265
2826
6189
9629
12933
15882
18263
19884
20590
20268
18863
16383
12893
8526
3470
-2039
-7730
-13311
-18482
-22956
-26474
-28821
-29839
-29435
-27591
-24365
-19890
-14368
-8056
-1262
5682
12431
18644
24008
28252
31162
32589
32468
30808
27697
23303
17853
11629
4950
-1846
-8422
-14455
-19659
-23796
-26687
-28224
-28376
-27178
-24741
-21235
-16881
-11938
-6685
-1407
3625
8163
12002
14984
17006
18032
18076
17219
15580
13324
10640
7731
4798
2028
-414
-2402
-3850
-4720
-5020
-4802
-4159
-3210
-2101
-982
0
712
1048
933
336
-730
-2212
-4011
-5996
-8009
-9881
-11432
-12499
-12940
-12644
-11546
-9630
-6934
-3551
374
4655
9071
13374
17313
20643
23139
24614
24933
24015
21849
18492
14070
8768
2832
-3453
-9777
-15816
-21254
-25797
-29197
-31259
-31854
-30929
-28510
-24701
-19680
-13688
-7017
0
7017
13688
19680
24701
28510
30929
31854
31259
29197
25797
21254
15816
9777
3453
-2832
-8768
-14070
-18492
-21849
-24015
-24933
-24614
-23139
-20643
-17313
-13374
-9071
-4655
-374
3551
6934
9630
11546
12644
12940
12499
11432
9881
8009
5996
4011
2212
730
-336
-933
-1048
-712
0
982
2101
3210
4159
4802
5020
4720
3850
2402
414
-2028
-4798
-7731
-10640
-13324
-15580
-17219
-18076
-18032
-17006
-14984
-12002
-8163
-3625
1407
6685
11938
16881
21235
24741
27178
28376
28224
26687
23796
19659
14455
8422
1846
-4950
-11629
-17853
-23303
-27697
-30808
-32468
-32589
-31162
-28252
-24008
-18644
-12431
-5682
1262
8056
14368
19890
24365
27591
29435
29839
28821
26474
22956
18482
13311
7730
2039
-3470
-8526
-12893
-16383
-18863
-20268
-20590
-19884
-18263
-15882
-12933
-9629
-6189
-2826
265
2927
5037
6521
7352
7556
7200
6386
5253
3950
2633
1453
541
0
-105
251
1051
2234
3698
5314
6928
8375
9494
10136
10179
9535
8162
6067
3310
0
-3707
-7620
-11518
-15166
-18331
-20792
-22358
-22883
-22269
-20482
-17554
-13582
-8726
-3202
2726
8767
14611
19947
24484
27967
30187
31002
30338
28198
24666
19894
14108
7583
640
-6378
-13123
-19258
-24478
-28526
-31203
-32384
-32023
-30149
-26874
-22379
-16904
-10738
-4201
2375
8664
14358
19194
22956
25492
26719
26627
25276
22788
19345
15170
10518
5654
847
-3655
-7633
-10913
-13368
-14926
-15580
-15370
-14390
-12776
-10691
-8319
-5850
-3466
-1326
438
1735
2516
2777
2560
1946
1047
0
-1047
-1946
-2560
-2777
-2516
-1735
-438
1326
3466
5850
8319
10691
12776
14390
15370
15580
14926
13368
10913
7633
3655
-847
-5654
-10518
-15170
-19345
-22788
-25276
-26627
-26719
-25492
-22956
-19194
-14358
-8664
-2375
4201
10738
16904
22379
26874
30149
32023
32384
31203
28526
24478
19258
13123
6378
-640
-7583
-14108
-19894
-24666
-28198
-30338
-31002
-30187
-27967
-24484
-19947
-14611
-8767
-2726
3202
8726
13582
17554
20482
22269
22883
22358
20792
18331
15166
11518
7620
3707
0
-3310
-6067
-8162
-9535
-10179
-10136
-9494
-8375
-6928
-5314
-3698
-2234
-1051
-251
105
0
-541
-1453
-2633
-3950
-5253
-6386
-7200
-7556
-7352
-6521
-5037
-2927
-265
2826
6189
9629
12933
15882
18263
19884
20590
20268
18863
16383
12893
8526
3470
-2039
-7730
-13311
-18482
-22956
-26474
-28821
-29839
-29435
-27591
-24365
-19890
-14368
-8056
-1262
5682
12431
18644
24008
28252
31162
32589
32468
30808
27697
23303
17853
11629
4950
-1846
-8422
-14455
-19659
-23796
-26687
-28224
-28376
-27178
-24741
-21235
-16881
-11938
-6685
-1407
3625
8163
12002
14984
17006
18032
18076
17219
15580
13324
10640
7731
4798
2028
-414
-2402
-3850
-4720
-5020
-4802
-4159
-3210
-2101
-982
0
712
1048
933
336
-730
-2212
-4011
-5996
-8009
-9881
-11432
-12499
-12940
-12644
-11546
-9630
-6934
-3551
374
4655
9071
13374
17313
20643
23139
24614
24933
24015
21849
18492
14070
8768
2832
-3453
-9777
-15816
-21254
-25797
-29197
-31259
-31854
-30929
-28510
-24701
-19680
-13688
-7017
0
7017
13688
19680
24701
28510
30929
31854
31259
29197
25797
21254
15816
9777
3453
-2832
-8768
-14070
-18492
-21849
-24015
-24933
-24614
-23139
-20643
-17313
-13374
-9071
-4655
-374
3551
6934
9630
11546
12644
12940
12499
11432
9881
8009
5996
4011
2212
730
-336
-933
-1048
-712
0
982
2101
3210
4159
4802
5020
4720
3850
2402
414
-2028
-4798
-7731
-10640
-13324
-15580
-17219
-18076
-18032
-17006
-14984
-12002
-8163
-3625
1407
6685
11938
16881
21235
24741
27178
28376
28224
26687
23796
19659
14455
8422
1846
-4950
-11629
-17853
-23303
-27697
-30808
-32468
-32589
-31162
-28252
-24008
-18644
-12431
-5682
1262
8056
14368
19890
24365
27591
29435
29839
28821
26474
22956
18482
13311
7730
2039
-3470
-8526
-12893
-16383
-18863
-20268
-20590
-19884
-18263
-15882
-12933
-9629
-6189
-2826
265
2927
5037
6521
7352
7556
7200
6386
5253
3950
2633
1453
541
0
-105
251
1051
2234
3698
5314
6928
8375
9494
10136
10179
9535
8162
6067
3310
0
-3707
-7620
-11518
-15166
-18331
-20792
-22358
-22883
-22269
-20482
-17554
-13582
-8726
-3202
2726
8767
14611
19947
24484
27967
30187
31002
30338
28198
24666
19894
14108
7583
640
-6378
-13123
-19258
-24478
-28526
-31203
-32384
-32023
-30149
-26874
-22379
-16904
-10738
-4201
2375
8664
14358
19194
22956
25492
26719
26627
25276
22788
19345
15170
10518
5654
847
-3655
-7633
-10913
-13368
-14926
-15580
-15370
-14390
-12776
-10691
-8319
-5850
-3466
-1326
438
1735
2516
2777
2560
1946
1047
0
-1047
-1946
-2560
-2777
-2516
-1735
-438
1326
3466
5850
8319
10691
12776
14390
15370
15580
14926
13368
10913
7633
3655
-847
-5654
-10518
-15170
-19345
-22788
-25276
-26627
-26719
-25492
-22956
-19194
-14358
-8664
-2375
4201
10738
16904
22379
26874
30149
32023
32384
31203
28526
24478
19258
13123
6378
-640
-7583
-14108
-19894
-24666
-28198
-30338
-31002
-30187
-27967
-24484
-19947
-14611
-8767
-2726
3202
8726
13582
17554
20482
22269
22883
22358
20792
18331
15166
11518
7620
3707
0
-3310
-6067
-8162
-9535
-10179
-10136
-9494
-8375
-6928
-5314
-3698
-2234
-1051
-251
105
0
-541
-1453
-2633
-3950
-5253
-6386
-7200
-7556
-7352
-6521
-5037
-2927
-265
2826
6189
9629
12933
15882
18263
19884
20590
20268
18863
16383
12893
8526
3470
-2039
-7730
-13311
-18482
-22956
-26474
-28821
-29839
-29435
-27591
-24365
-19890
-14368
-8056
-1262
5682
12431
18644
24008
28252
31162
32589
32468
30808
27697
23303
17853
11629
4950
-1846
-8422
-14455
-19659
-23796
-26687
-28224
-28376
-27178
-24741
-21235
-16881
-11938
-6685
-1407
3625
8163
12002
14984
17006
18032
18076
17219
15580
13324
10640
7731
4798
2028
-414
-2402
-3850
-4720
-5020
-4802
-4159
-3210
-2101
-982
0
712
1048
933
336
-730
-2212
-4011
-5996
-8009
-9881
-11432
-12499
-12940
-12644
-11546
-9630
-6934
-3551
374
4655
9071
13374
17313
20643
23139
24614
24933
24015
21849
18492
14070
8768
2832
-3453
-9777
-15816
-21254
-25797
-29197
-31259
-31854
-30929
-28510
-24701
-19680
-13688
-7017
