86.72398958933263
86.51610678615174
85.9498676460127
93.22698779405202
95.8381638721444
95.78867790312073
97.65186777288417
96.96526458215102
91.0667185543469
86.69668451194605
85.2063534446473
87.02995912499469
84.63065125244384
89.60463350723114
95.3914234099424
96.2596490464795
93.63895557826703
92.82220918888898
103.07994236000269
85.82522388912903
94.6158286374086
84.86664176651642
87.77062521945888
85.10399819560944
87.91865196056293
88.07757107279414
94.60895318427228
90.6694051682056
92.03963813629393
81.91585407256255
92.73097387887256
88.00837978384934
94.46151437992708
83.75252574220963
88.18983226265131
83.70288443582265
86.19203712007251
82.57290231916824
78.66370309347646
83.9099639640481
86.60562460584445
85.88586612892516
81.83960543316424
80.24526601008895
92.336260481476
79.32494748971466
82.58731385717951
81.19845955075407
83.72672025075914
79.02214037917602
80.87125265123862
86.28312238427651
86.58598819203829
81.87474793804084
79.93905789705562
81.65430257198864
82.46644504072988
87.66770042220415
84.45570803813015
73.8551965413161
85.57377543701465
86.84415386042855
85.35864952390995
84.85142997726331
79.73115735003388
80.44043166170945
83.72669124981132
82.05705212284681
80.81529989898316
78.3084288941701
84.19849872763061
82.95360602395449
87.74322607493241
77.70184807307939
80.50284764016055
82.43497073731596
85.04304692599337
81.54257340562161
65.71584748839425
72.4432053318388
83.19424010409067
80.26777112168665
77.95248625863596
87.93697227460487
91.13135566734198
88.70884172313154
86.45115299919132
84.78997290330582
87.9693796291157
87.48253353695668
84.00352564875108
86.74139821099317
94.95113739438038
98.10612038657622
93.31577560060796
92.39726026456947
96.29282050098413
100.29933277555682
101.25605139321932
95.78807610961228
89.17456603324959
100.0834964426746
99.92880459510928
96.35199627147458
95.05081256215868
86.4781543668876
92.9213443186208
87.23957557281516
90.00386559266695
91.37397270412453
95.35290479752132
88.90336527307144
91.57781395347001
92.2308524707918
95.28751361046844
97.92506225095065
95.84469619233363
91.02826090559931
103.3984376269303
97.4193984413549
85.98766895945501
99.43137531014024
92.29057517248292
98.52432273890115
92.65018217865145
93.9824610820766
89.52807663780308
100.09987090850267
96.00406607319238
91.13702614773125
98.49096812483026
98.31929996333714
100.1233793310618
94.97365735201377
95.07275842310324
90.4193392540214
88.89101921115332
99.65550689035261
89.70260686590741
93.65914958396726
89.60918859460423
92.74128702759675
100.64142421658698
87.2514674583123
89.77348243536647
94.30917168585795
97.76461380748566
100.67220548473179
103.49552666674983
90.98298337102582
90.49246155831051
97.6088217888483
107.08292595096479
98.37488554104189
101.9337755117403
101.62078152697612
83.98131856767245
103.32681733787574
100.69029846983364
102.1890549240548
105.27853978380475
101.75186952189063
99.34995599287856
105.51315541073764
90.14457861928244
99.67902555326049
94.01111848466905
94.24747896479988
104.31672868948144
91.52116362647195
99.97437137588078
102.42473393480986
104.63997201599636
100.9685513019288
102.08303514636746
89.97438908645285
99.8532973519874
93.66575125003321
98.52158660799455
87.39861791086602
101.36273628571155
101.22585400722352
100.98862872700866
97.27362601247897
101.50373624047305
101.24295041868079
104.52570820082782
110.52629560157371
106.58515538326206
92.34783421435296
100.36245107647869
100.78059177856656
104.84233368596179
103.9909657564698
99.83332578703656
94.55979940620318
100.39309177607899
107.22072569771748
106.43764312432532
94.34880784592357
91.18076341406992
97.75256082405994
97.5697201890648
104.12254234861813
95.58632379748774
101.52670790974477
102.78777891908449
97.56448828831168
92.86621805102185
103.8785925561169
96.58841586469494
94.22700220272417
106.07605051153585
103.7085188590106
92.54683074186795
99.79162325667184
81.75489798508515
98.69964266334675
94.0016899070968
92.22731989562388
90.77030695458207
96.35240486591027
99.96065204788968
103.59912177777146
95.86596333466275
100.74978477661008
97.76392160556526
110.282549832097
104.92691300687898
85.06729372025363
92.34974812444352
89.71859219945749
107.48439702709554
98.77304867707325
103.32650104064987
103.2097478150821
100.59154249668703
101.29184285429375
93.53674836071222
97.7221160039829
97.04634362560051
103.07598775416423
100.5562540875122
104.46023989438834
98.20935860292734
102.74430172106806
103.11837561931023
101.0756908901927
83.59521108231006
96.91392087055753
109.1925842384846
100.9559222346098
98.2037328606731
96.27487770695802
97.00425139785469
98.2731301186742
104.1222146945095
107.42935144304694
106.22497452425546
94.45297828029021
102.14677008738109
104.04004713753076
104.82279567137155
103.04127246461184
100.11600721886774
95.39800884442299
103.93475031439056
107.43186144898738
98.84560942472
92.13997204742712
97.24634038501284
95.68388640021399
103.05207190225426
109.00439503593502
100.80233788932819
88.17988695605145
99.8183023339525
95.92512038923515
103.2543129108536
98.09474593905223
107.59882638979653
96.50294312188797
107.34804500018186
111.62105661718545
110.17095436432561
102.94258180986276
101.08128175480316
113.15428778535134
107.84177834909316
95.8064999415715
106.33006811998571
106.53379345859992
103.01054686452929
110.19267328465715
98.84398426893483
108.04217724622129
114.52324096080997
112.92112769788076
106.19639003642199
106.15274906219472
109.16481574173984
97.65361697729809
105.05995871602848
111.99373795100627
98.28144400704475
106.53698619280057
105.09284773527426
109.27217096310841
113.06666249501788
107.08963814415006
111.2064860112168
110.19148167099709
107.73779631933907
104.77226371397856
106.541968157359
107.93551582827645
96.73425622944059
102.53122237482147
105.58222673736205
98.92321092697883
102.76671669335292
101.15860294629795
97.79265288032565
105.0333846345734
98.1445240776592
106.7033783003742
103.83885338616236
106.43628799907815
103.39803841071449
102.85708231773002
96.93461599108821
99.62452419006729
94.14525077272157
94.87152394953073
96.04676387990459
100.38781964341696
100.93997710468395
95.74799212238851
93.40761593099721
91.63229365146078
79.73341142860471
95.84111795508277
103.36459286443863
92.0268967077331
92.05646211235049
84.65730763243144
90.56603381740645
87.29400197250997
97.3602074428433
103.58472244746098
99.31957876363694
97.05420514004133
100.69095721663685
98.82295537770631
95.23880739489398
97.01859643501905
99.67928849231905
93.04363306021573
103.12280466700727
98.09241166777097
90.15509485392393
95.42634570986988
91.53751047455088
101.00503940093381
96.89232053580486
96.28544995728706
98.71767248827345
98.83671181108053
101.86188640447389
99.91621113712375
103.01636636626895
104.59462320457905
106.4447081179692
112.18836774580332
111.22579451505942
128.29329452885628
114.61660226563154
114.34869206973204
110.59900182012734
108.17459694091085
108.39722051754465
102.44005355591577
120.03671170238904
108.02642908938444
105.02695784263905
106.38795082448021
100.33227990573079
104.87489622973884
100.486469739896
99.22042141797468
95.58146968688743
84.84774407947137
99.44194758989818
91.48604474374429
93.7856860694621
96.79580678482918
101.4595839795856
105.45322199397486
90.00222009999463
91.46528191624058
92.45088251295427
91.88172446824673
94.97150414505809
93.970826592077
86.31022618874697
84.7369964690208
78.23272928923335
92.07445846495733
91.94494289244219
90.87590022292221
90.65143954831355
89.50593623644014
89.79462757324869
88.62693649231326
85.67916064100756
79.56141624710045
85.06109346625519
93.22531643211704
79.73144371498519
85.10502496746881
84.04355969864727
88.13423703246116
85.67531335851095
75.49535070674214
82.95627937958972
82.3863424214146
79.40872781678016
84.66282467969064
79.78592415166523
73.19867318133021
83.03680546395404
83.58403460490017
86.56063406173439
80.03904552994251
79.71142593157882
68.33473530282232
74.55529182119169
68.68437028375942
85.26376320491843
79.74814059212503
81.33514284102841
81.226035159913
86.65604148188494
79.97542155010123
78.90848537218213
74.79051291562405
75.62721519381401
79.43493846658211
81.07188151623146
77.18698734958727
80.92519900303014
80.15350322969773
85.54183089090824
82.67849066214174
70.5088529807413
82.19037596502162
76.22366119323668
73.39001041612354
76.98332975686537
82.48311465518026
80.42345651675204
78.59253574456807
75.4813411888072
72.56978023839179
78.69910615481398
64.08101135476818
78.17921296347046
77.435199822534
80.50205906702452
80.37177211589565
81.70380011718856
79.01400639083205
68.67728624941034
79.70744966388618
75.07992373633643
81.22649786482245
81.52442456516822
80.96796217157268
79.30788981382504
77.91714515299242
75.48949525636453
73.11282515847779
81.6161924262563
78.0254815370999
78.38004802551026
71.53091594618525
79.97884893439611
66.77626273025089
76.45666685064076
78.5337850300652
75.34975660980214
74.61803655590548
80.73393969582723
76.22376547085308
78.41981265921719
78.53346378548378
73.75585635993521
69.03593719794334
77.75884832930932
65.58965832450939
78.45568773719783
68.15114404253565
76.87923550993943
65.74304134300698
75.48592806957679
76.07455582245514
68.76787228206636
75.79880322332313
75.62003649956269
74.9411261161501
78.80867790859904
75.36520075556251
59.024766640978925
80.71838872796454
81.31207234389989
82.17380929235709
75.00946171319362
80.53917879070167
70.94887994964425
70.70685690166327
78.55391597184351
76.99837516884475
75.17333768867672
74.26896071681351
76.72017837394304
70.20405540110872
76.11814643652922
71.62701404680973
74.61223201328107
74.06709160163527
78.12843063524569
64.73719627420755
73.86195820317167
77.30234664792077
75.58939812968677
77.38047907812958
75.01869082006257
74.59530730526266
68.55687999269111
74.99264514938535
71.14986353043919
72.09530494839508
71.5332782267336
75.8917654435558
78.00256944332246
79.40823831745124
77.40893429803172
80.60048061613047
77.38274450049806
77.15178325185616
80.52375725192252
76.88925473350862
76.0053846990078
67.03638775756428
67.80849700769254
77.98480656045334
76.67093213597616
79.68933391676342
79.34198660820795
75.62803881301586
83.64170287611006
67.5749326984985
73.13393145556033
72.80130369642936
80.06348213958559
82.79440007541096
73.57475461961923
81.58698680895823
75.0574237461773
68.89631597900257
73.28694635413282
69.98025184803463
70.49888570817093
73.35897956090142
80.49008962412879
76.45125663991227
72.9887577940942
78.53669449867203
73.46760070111948
70.63195704217063
77.82779630915158
70.59367973431758
69.90326854152946
72.16350404235283
73.35047321624575
71.55363062221218
74.07720748547412
61.601248057952745
76.72026338287765
68.27036824828512
85.33379679439166
71.04247090118675
79.01700077042385
74.29018372222336
81.7749170350067
80.56306928348405
78.89659682894188
77.11764999277172
64.94523419655727
78.58150411806173
81.70781281546341
80.1095771226569
79.82638481038204
82.73129491776191
79.37519532700989
49.78710705361408
77.85944158016174
71.385308090376
77.76724893299176
75.67477855679569
69.36407884759225
77.28372452252655
80.46470869811976
77.32079442932984
78.22200365289956
84.7935635910345
77.60052945620343
71.85513218620402
73.84357737361991
64.84651025614104
80.45026284978682
79.02904111403166
74.41082005743694
77.90518311330386
78.41335008122431
78.84925200980744
69.85375265246968
76.96453283271691
77.77934197128215
77.4314526630622
77.24371231164952
58.32852220350408
70.72965989845925
69.12307240341146
77.06191388389587
76.72999236445472
73.16920868409314
72.22908064538147
77.94944457097694
76.13418182231403
86.53017974391213
66.92735641151708
75.67323103583027
65.09411809536248
68.56912410483828
72.68597057783518
73.06690827269962
67.53262134814092
69.79929875278214
73.44183160222256
65.80116992739663
71.77252735578095
67.87498168293256
70.84103286295787
64.68068898082689
77.69111259153465
73.42652027567277
72.04836787476577
66.53566750227742
71.33378654036927
73.14350202458664
70.13789408340094
68.4821220704971
65.62778060500048
68.18123930842242
74.63637088060669
70.1877210464434
71.61916000276383
75.06578305066154
74.35763155242883
70.062543125846
69.7150402334889
69.67707950705942
59.54348029481074
65.12931534108822
65.36111829585003
61.40947867515091
72.56626123221525
73.76665127974472
70.2016565240984
74.27163866942892
63.35468781108301
70.77900055850212
62.18837493442464
61.08350104000722
67.02671006795453
68.95946463680927
61.961435295119394
70.86891520704903
64.3850928569287
66.43952965801085
63.37027087448632
70.73752162047197
69.68637190136658
63.5548238622361
65.45871593908255
69.05551135076968
72.26704453794355
70.20342104683495
71.22319263514522
64.45620285094843
62.86914156615165
68.55958252692092
63.321441964638495
69.49933057726453
69.72761082064834
72.22427146813308
66.49971754248818
64.71815633124322
72.80867756207482
76.9817887455887
71.6460995813608
63.44352596633722
71.26931945872299
66.15687394795663
70.21363330214706
71.91027229213161
73.37933823395666
63.95450732693557
70.69904179913243
66.62144401832825
71.02311359429773
66.14174737392014
74.19778789885426
72.30515151904923
70.65600336550355
71.06499840712121
74.0906271908655
71.78750113766425
69.90918392322422
73.1275896593154
64.72882169715655
67.0039137637672
65.60075987717182
69.7638209089032
64.01527640186478
71.55816357532659
73.44262797191361
70.30800076440495
67.33825293381364
75.09268001053582
69.82508528301308
68.10415536750729
74.14066873975403
72.83408372635242
71.25611817327457
71.71453437135257
74.51118707943036
80.40538266195708
79.12204182775747
95.87881007896578
81.73797234451263
78.28203399921746
66.49500182896648
75.66625204717954
75.62080892350336
82.03424249487334
105.98904342886597
81.261266399695
84.60726544342273
73.81731155995132
72.08995991598773
73.76413581082089
81.4922420764657
88.84506710753507
78.32728189622442
74.26713221314826
60.174568246231715
68.55077964040703
68.25821524061828
62.577201422719064
67.6609127823186
71.16099955372493
59.7165037580346
64.78504682953405
51.50021935024478
68.58276513137123
62.99622642017489
65.00849914179878
65.16028512165153
67.45253852030973
60.22934573251216
68.80701741970263
62.537336718690895
68.29260272082395
65.54832176139139
73.62776377578139
70.96832907954908
65.69494056540114
65.8030125096668
63.37310471681625
61.70428202966886
66.04075169249738
59.539274971547584
65.52649680392345
71.51862422760115
43.85251254221232
60.342037477687214
67.29236534930274
60.22830002133618
62.734992091312535
57.55149665386321
63.39084848040802
67.66782777273764
70.28341485265616
65.11127084888577
64.6805081045407
72.39953914790881
73.43996645883716
69.75633827626032
63.94782573468494
67.7732834531392
68.83181522119466
71.17473983311956
68.08250090922019
66.49365781095545
55.540881618307836
68.91588013110608
69.14270859358682
72.78769543495879
68.37361980541701
69.11658506887585
74.14574008170152
63.444635032636924
67.48903587117654
70.83190265913943
63.53785878656468
75.07111554012843
76.09271926781253
68.9572549664503
59.46070950008429
68.8747061362088
59.817460870160524
64.38891820873883
57.71960391615498
64.27966000365704
69.36036600387102
68.00399169484646
70.26816190136805
66.98104539339883
70.46516587215831
67.5647896080085
71.29996343702305
72.32504713310792
65.80754306108341
76.22892574672144
70.24234321738463
68.89875870762665
67.87214688617695
64.93394257101393
63.333256652987295
64.11018746121023
72.14727512260464
69.67848583838264
69.9842333299541
70.33238292941232
73.01035222876477
49.664135346952314
65.42015002950366
71.52187424113751
64.40603388130582
57.788520492530665
70.39204566726062
70.05823899707484
59.61350637880791
74.93496526493246
64.6775143565723
63.62199987405782
67.13878212573249
61.91503235047155
60.238900521325895
66.13140403607619
54.020981968791624
63.50186588889472
59.02045193622855
50.49784817145631
67.26348496215363
65.6888133021616
71.09420297824462
63.04435402766225
62.28941016570779
62.225359873888934
63.18238870643729
66.3878130797873
67.19783705125434
70.29673681713139
64.4642523545712
53.01975712521348
65.2548053545112
64.4660777880529
60.09231609622087
69.25275961295515
67.60505001410358
68.07477440460292
69.97223169485893
66.88922814336082
70.18314047921378
55.95827361421386
52.404273447858316
59.03331176761401
71.72038991639883
65.29234564313563
66.85051609114478
61.68228074482988
65.00348720736687
59.40097754988328
68.350107868532
66.97140549659635
66.39126382599777
65.96721461931993
60.60829065301881
63.90666148004592
52.581785417312915
67.78864302618031
47.375435002961225
67.38194989102016
61.538595027263085
66.46055948669981
54.68892473652296
67.64109699119408
56.000167467610744
60.22852492776742
66.77902475344246
67.93051443315935
65.46014227373466
68.60583241193885
65.35962844401654
57.75785861978263
66.81441385709542
61.56309036854438
64.69109380468412
67.30577250391092
64.46661272073564
70.89104303449312
56.66801556083694
63.658439301421694
56.01287821745331
62.697045532997564
69.83402219790469
51.843692725650826
68.42005762731301
61.88590339270969
63.04013676964176
64.88310476742791
60.986087817147656
65.2897739144956
65.56614502555396
65.69677001431435
58.80992666332848
66.5577209929595
64.28556908941837
61.64135981247761
63.81143229807114
62.77008224655844
64.87141964009321
60.417657526381106
63.46094290768322
63.096798075886966
62.70786200566704
67.29426274963116
52.576778487711586
63.32947079673115
67.25638757059494
65.37591042353675
66.412251093237
62.55133008164023
60.68545227864024
60.39156147611307
68.53838474321829
62.53881466480841
53.478411493993875
58.751431123420225
63.250809728479254
63.42746317263405
55.389055536961955
65.27258523231752
65.05760818393958
61.03326230128897
62.83549679208111
62.2540828747352
64.30945045980054
58.558699779222714
64.29077755969607
68.71920122555905
67.51857262244683
58.868392469101714
62.42194470783271
62.94503654813701
60.671594244217715
62.36827500585967
64.14208667900299
57.78506628293803
65.30913788905609
66.61181051746794
65.85326078582925
62.660891062443554
57.213408835620484
55.98386523688112
57.71198714479378
66.32767433655542
64.26636128253696
44.19146805892979
64.74764695496842
40.11934723896432
52.9369816636898
70.11273894970697
59.64517278446565
60.450292197499536
67.10239255268954
63.05057582446096
61.16529688048552
62.74481324633754
62.8647033300726
69.58909990111741
56.181195243226306
60.055285991610944
68.54772872526587
67.71898506321422
47.73315718177741
57.49966945348237
52.795709156899974
61.3978821213534
62.51685129319419
61.75766401717334
56.0845741193388
65.13530107586531
63.17479846610483
68.69715511148331
67.57686279691059
60.95098725833873
60.94299773023466
60.46397116164228
65.13513675957535
66.35723855885385
62.61541039129103
61.635508871291265
63.37688518015383
58.287218989172544
61.4521934178899
60.64439568791914
62.83337526430102
63.18595127218951
58.83417278060399
45.9661914345951
62.756851312834755
63.212679412395815
61.275829308253066
63.655796737095294
60.41605371876089
61.07347464968971
60.93123450110147
57.01001948959374
58.683972931128274
62.249569738984704
50.901803473190206
66.93145121320876
58.42624532542067
62.56895908124952
59.363505947687436
51.493849644261864
53.18120907034394
68.71216179048504
58.568437373364844
59.991229558232824
49.203180979856356
46.899411356376845
51.33853102040173
63.300479281389016
47.65481164761244
59.0977243023863
59.42835856338026
55.20092284203348
55.63596849583827
49.36314405068353
48.98050542714198
68.59418718386428
57.66804108386236
58.269140229446336
63.57546268205382
56.28081063229409
58.52501782158656
67.81263734388696
56.77844119561498
61.6426180274155
62.62054579719142
62.67497758947478
62.33079609938956
69.09175799710282
65.389745211335
59.013623202023965
59.724136378762324
60.19870001931538
65.35508946457699
61.70339398262225
60.68995253037769
62.22545084333564
56.05382367281271
66.3186041343546
63.72387107878754
66.63587543907607
62.598312793248695
63.79497779698126
50.085038182239444
63.00375997991213
69.03028276067408
63.38732912262508
51.87511018433314
59.20065726260663
67.9195596355081
57.066656337233546
66.08493674651555
61.31490836791812
66.13960977604114
69.8217459688309
61.98368394134536
64.86280201297116
56.861498454481236
56.07337642488816
64.7377699297206
59.66844946484785
63.28408476060929
62.88842800912078
69.26285980602151
54.03323206344825
66.57293820797761
67.46348352913712
60.42657119567603
68.071306395075
64.2650449185729
56.67905422270575
53.259660990666475
56.06739278393644
67.38254040861159
67.80980033819239
65.78466611917128
66.09482836380026
55.74139210955197
57.16659323921668
53.36255335199056
78.27989148433282
68.35766523595227
63.394586055807096
62.40714189217317
69.4626771211376
70.54143706073756
59.035003917965064
77.40003878763252
60.16866737295635
67.19112341250549
52.52242433503248
66.9841018293827
60.38110216022969
58.097464248802744
73.61592317247884
69.54158511313561
64.76688364911963
64.52836056769937
54.88190444379541
64.65775819443516
64.25061484928426
60.623427739464546
62.96660900736728
62.18755960073217
60.64855076959618
59.299355889356555
61.33324700830438
62.41526472463463
62.37478533195932
59.778068562852454
65.75839272530925
59.568877286237225
63.27994343904247
63.79257514626744
59.13452774734707
57.69609208488064
61.642303331799646
57.299875068015986
62.536542753188996
54.55809877732095
56.67619341554783
59.96379591083037
54.97139039411442
66.46971357263305
62.88924983623376
58.056628429443805
58.6758767354568
64.04533333829421
64.27061398533388
59.15286824824068
61.351748509436625
54.10220651768981
55.10337506742594
61.05976099958484
58.95477511274699
64.83868409925914
64.13456488205257
63.352691230010635
63.07392443385514
65.54370757126395
65.39269902647781
63.49558222209008
59.05182852390293
56.55491976426569
57.952572263916835
59.63414301392481
58.584478667870556
64.85005235233642
63.993406623390605
56.03331436599059
58.79613154676101
66.01291527667932
65.81286827788533
60.364883640799995
64.1313499655341
62.73977886231188
65.13702126469276
61.473466616910166
67.87227564925493
58.09688844528285
62.43328835601912
57.571277187511065
53.214741808795445
55.493607853183136
63.15040706642351
61.88047853035769
44.28131480415965
45.134298971979604
63.34956473709578
56.928353807448026
60.50491525614873
67.15299916672636
55.43860863641332
55.152911938906506
62.354776709274226
64.12042176280126
53.25423231127478
63.11532252700648
63.08938028537853
67.52687706928216
64.92068983372994
64.69467010844723
65.28908161309604
65.57606729488485
63.088232930093646
53.15508657280088
57.8562047815705
59.50322594386813
63.261141089193245
63.3396922696152
54.27928443475044
63.67802858482421
62.85743052495202
51.67375026130656
66.18763869123026
63.11321267718715
63.913107532588626
50.19950413208961
66.56634790332811
54.569360723532405
59.05060807229951
61.26848556579663
64.69243657291175
58.5329980368148
64.81625430400615
59.7776310081628
58.43908954900429
60.5904770567334
63.191839070860965
52.81812709734641
46.79039054868673
57.653716029082815
56.97408243571339
63.398306895551414
42.58445317057219
64.36633499731732
61.83892834847117
58.803637059564764
62.082611177606196
54.61153694887034
47.43965599845413
56.91821817152484
65.29172342379573
59.12781692234649
61.93035068536599
62.95276161940861
60.921913711262846
64.69904171061712
61.141746630200736
63.840736170066435
62.76153773511105
63.91138389101927
52.32159972699481
51.307996909639904
47.02199623017111
47.92161659353867
57.26929870157515
57.40259366011401
64.22245989618995
64.55287464213052
57.97811223054727
60.66241188793
66.0370594678136
64.61521988375736
59.456792276018156
58.2670251657806
54.79439961221804
58.229996636900125
65.07071741259074
60.66468194376473
54.95706856310424
64.7133240572982
62.95638981307736
59.6980721765964
54.844192928252156
52.0635728862921
59.209739068318434
55.70791837334633
58.56034090414517
59.77225228510403
49.658974692959745
57.23821314977343
57.83369599841106
56.71809232808829
61.323244778405396
55.29512460870761
58.09362428120891
57.514372258815165
61.120883530291444
53.86985311997931
51.069563163890244
60.20763531844076
49.44842354853315
53.41771556730177
51.36018547181892
53.32367553341661
58.04884335010022
53.51249381529743
61.83927499031953
58.389383132301724
60.58177892448663
60.99991501116981
56.57784081129257
56.767971523625114
55.557608404319936
66.34939792669549
61.78714306042656
59.814203789472785
52.57390854229865
59.111501282516336
59.038816252135234
59.44609154894365
60.47177421567069
53.86865255864521
49.2835197187118
57.81443265814605
57.319365688297886
58.39831411562849
59.29176865311195
55.80485182273907
60.889205227051725
55.090059353710444
53.93886580907253
59.97711147878388
60.69828695246933
58.00914149463531
61.15150606101703
48.96501147233561
62.2838012512512
55.16266710837751
56.00392468872812
47.48877867604777
59.339725479440546
60.07411844945423
49.364899624879044
53.85943526366215
59.49417846428627
58.78351198020587
55.304066421469
59.95644628200232
57.40267671978405
56.91044690650035
62.7929464120508
62.875683769068225
59.418185589918764
59.470846055140825
57.28624753382199
56.26492696414148
51.915112847634205
57.27289967655912
52.19692276366648
62.19436166652957
49.03561600655707
50.061865797382865
56.86194818162978
53.26989433588531
63.142701857813904
58.90600050851914
63.31430607951976
60.67596327600476
64.09215612395103
32.66320456596064
56.5915498037759
50.05884568333319
54.64784099555793
55.250064669550596
57.893780214395704
60.672405663820115
59.226414681782984
60.833393318785156
60.77172923048444
58.37545087809989
59.06711170232204
59.41529645799277
58.80798483311385
46.68370974503759
50.26032036964905
59.16548775776218
52.85953609837988
56.352017197618125
60.910838025880295
50.08969617705795
60.72468129073172
57.777640489077086
59.311623057750104
61.25796681254685
57.588238809366025
53.73593834540788
59.51542509912499
53.013657563518265
61.439003199049374
49.531465641574755
59.65884787991217
59.51113230955503
53.38523138282197
56.937332186927144
50.00581091409104
49.12593258914612
56.18379773251903
55.57267454355441
62.80154755994268
43.164497639964424
45.044753850444195
59.54380371183086
55.46319279793977
57.136390594929594
57.12204274741711
54.76663105071863
60.67746583885459
56.531142919925024
62.52325297856592
61.27164235305091
57.45903540348757
58.70396792167634
58.28589176868249
56.36784066497622
57.90113198364638
55.74178180571028
58.25098578916668
61.27166036667616
61.6872700732288
56.1252567591368
56.58375645433787
53.78330880577521
56.1809197002347
50.30616699248281
64.67070187319374
60.34460904738872
63.000762093266744
56.10762393051302
53.240555186085544
46.168695831392725
57.62572932946925
55.84388052892503
45.80726341367865
50.89948629321089
55.228308803299996
54.331210199351375
63.03288052604295
54.837072482214595
60.31730546694157
50.1761814947572
55.29500320600889
56.54088281058363
48.42978019056818
57.55928068806667
59.291541818742644
55.1061642417575
53.39432468910759
46.45178728127489
60.44167963749281
54.83468657426719
60.63773501660252
55.717232707435954
49.200917382897174
59.70837053855236
53.250183213445965
51.59248720634427
56.06990894855309
60.18848672320513
56.24721642208261
56.038880335448525
57.995732946524356
57.77675067441854
52.36048198222643
53.97018859649353
59.31206247300729
63.20410179496547
56.97602456775399
54.19156131932007
51.91294190859526
59.6357809960081
45.15445677666128
50.26888200111216
55.341394054355526
52.78739683185523
55.03336231421155
59.83982397581299
49.36566986279476
59.664500169764736
52.593982288991654
53.00913527571328
58.38103396116846
53.13545997279653
55.45523797807728
56.91263733481186
58.77786076808232
55.179146637631796
54.67865652898151
58.658403566164445
62.15019621680041
59.26220128013091
58.67823497090036
59.28430466409088
56.671392904527636
51.30239290305625
56.58410051098444
57.33920487056104
62.06354447475559
42.35883605855123
48.52488170697022
62.33305916442799
57.907148031034566
57.0212187056644
60.625331929731914
56.96944919812121
63.4621123433662
54.587102017289794
58.47866081873413
56.94488976171573
61.533472710407004
58.93880454551221
50.478178900287446
59.1731517244931
57.64078949547998
56.066291264583015
60.79764103089114
43.04072867522267
60.22896874796192
62.32410494899654
48.686727586089766
51.77483394298966
59.296963385273784
55.76398409821334
45.56902962234285
60.58116775092846
61.091593654453966
59.799091185756026
46.13299440815142
50.70363670512383
62.47751935563091
58.48206985859588
53.57334542792713
52.19358860785344
51.47817402079296
63.36811904054655
55.81075194480596
53.807398744095494
62.14786004928819
52.763275249235654
57.50501956417304
54.100621750113156
58.573476191595134
59.23852394916843
59.48630572090514
54.82393715088036
54.32161088258917
54.60067713224741
51.07194977530105
60.67421730374466
51.493981914001665
55.56134188416954
57.54650891976708
58.03785409902584
58.583424919680105
56.13564162735165
58.0580499875547
46.583744581883835
61.957856503732025
57.81021903324173
58.602844416820986
60.84982501739837
57.3690183515962
61.68747030118609
56.17265286992066
55.67178829076234
60.789893520848665
56.38250067249248
63.172791159162216
59.84688055214279
54.80007768967689
61.85057159556335
58.85893134178307
57.620493959890936
53.2657500073237
61.421794899125636
56.75673834549621
49.36545910063867
57.40344572196036
58.448862369285486
58.28236318166784
58.051592489072064
47.945695065247655
58.33260329313202
62.86009526960104
50.574683702081266
62.69065889815292
51.32300862875493
56.15656678605704
57.35208059981028
62.35369942528163
58.12237254036343
50.959357504068485
60.45311040466597
59.350125781489226
59.728760213921184
56.00991327764567
52.39163761325722
52.452997084777984
52.19863568708122
50.12951760066969
61.860880283148305
55.99375172826905
54.68529817637897
56.46215078874528
53.569674524694534
54.125290195952154
60.3236026032313
58.9889908234727
61.55638395331863
46.30941048449714
57.98106440791642
59.27901696808085
53.69223064898807
49.765406455690034
58.453347460699455
62.923123044625164
53.986531464871376
51.04857890197274
58.780823369276334
60.31724430093638
57.68910388217731
60.27010111334896
56.26240439741413
53.82583037212499
57.847868323609646
63.19831554338585
37.660881214746816
57.55862793589229
52.51522052830727
57.51953653943715
58.04229684598991
60.22116058393388
38.81476427642038
57.25185777303571
59.04246310290085
52.191323482199586
62.64979494430776
41.13582432191442
60.207510818467725
55.05121518665682
59.01897491981914
58.776266757487136
54.290962037916415
58.23927922245514
54.41973570503997
58.32554318505311
43.634280184151734
61.68561786477216
58.822879090659995
59.99515241896137
46.142459588125185
57.463685943550225
54.95817399273144
45.74867518845605
48.86956140818532
57.21937069575202
47.118558213865676
55.31989484665506
48.54583093335048
57.68874556092017
60.46983474064764
62.50352069406916
55.65656842505747
56.0191933008966
43.48481700436995
59.048375976993405
66.03901608917455
56.10934718284017
56.01062251442943
58.91164388582575
61.62880686383691
56.81038731209622
50.5310079114739
52.07996175212756
59.79811472038692
55.57496377716444
61.87283995318009
53.3424466409225
52.54503464584289
54.38162369683765
60.8682030586575
57.41913720373865
54.30642906578211
52.1131423875172
56.01225504974706
59.45726940823948
54.565552312618934
60.4235149919872
53.04352471578102
47.59904030790417
59.566085355767285
52.09530449367833
49.28272331324883
55.14640403601311
42.75097231492825
62.29149451285598
50.49825699169916
59.94655159422807
58.07286468345525
58.73401417709906
48.46459644332743
49.54933901614957
55.97630505251025
50.066353292510506
54.34243915167812
59.54993164828725
62.51185987573748
48.705768316047376
52.54941686628192
61.358248198979425
55.61948632034665
59.14350389303834
60.03784804929472
47.850216924018774
50.29441038370812
58.26328722630507
60.379111984948246
54.905885608666466
60.31595447280624
54.5887566910761
61.11812083337631
56.6257144489202
57.5925774938895
52.86412888969653
57.65332362351422
59.922928401866244
62.20965480975886
62.821502974548764
51.9142474736218
55.91747150834866
56.46894990787378
45.54129574119738
56.649012603137265
61.680929207331175
53.793861563841844
50.054813471912325
55.571453560425354
45.405122766554946
49.84486549834399
56.41236999254044
61.44739454065341
58.674128012490876
54.38437738024861
57.8151408960676
47.23586588391663
63.252117337542764
57.67746087251788
34.15957461972009
59.94980488510535
57.67876452495151
55.20639441670581
59.63041782513716
59.69174245088961
55.82275015932656
61.667508264992
46.05733018572509
53.361737216439806
57.948622115521786
58.32061891064629
58.73543527108198
57.1722845014518
53.004285578302486
57.58423213856395
55.80671267532067
61.93586570306117
48.73893613042796
58.08608051486005
53.47909096045883
54.78626907143793
58.0453627044115
55.064582941374084
54.194409665363814
53.46956041084509
50.30705521637705
55.443778154215025
61.00133866277688
55.02095990578069
54.66440793854167
58.59394348887062
58.14413808222042
54.42790621264953
53.494728894128436
61.496551341094346
49.56824725985093
60.41587511663504
51.094662807394016
61.01917911004658
59.53635847208412
58.56609063785031
61.069721554546106
61.28162414312591
48.68954011011053
57.143934176763466
60.954380426561066
40.2387100947667
59.388113852468706
52.435003553693065
59.168216475801344
52.90960801838129
51.87176289332605
37.990141931855355
61.55191394876941
53.82271119301328
53.01508603592558
60.750581722623885
60.21377424234993
62.89086281741551
56.877864694966114
56.718358278240395
58.592280393027856
63.11291170320311
53.8526165521843
59.94416484845149
50.964820026419844
51.70345878822407
47.568642062813325
51.397532694789206
60.89552673144759
61.399352371558905
60.187971511260955
55.01215696353212
58.04592218327373
57.33298091064425
57.2942391986675
55.972955022856006
52.508620071112574
60.892786329109356
46.83817341463572
63.24911978238568
56.52390713829935
61.92267982695032
57.08464293749493
53.810492307980454
56.88606487495163
61.383540768778005
58.86599225111533
58.62527031304577
55.00858428441396
52.871820702532816
60.08870542623379
55.9705402566331
59.250226337472895
56.811373195004926
44.78036548023045
58.97228723285386
55.1128187259004
51.92717192944244
58.97835940071015
46.869989302731916
53.998616754264916
55.96005613288682
52.38786238603677
49.868422442920775
46.99935787937164
55.78290735729215
58.484630870721126
59.50064177614097
53.3162190169983
64.33261065029279
56.24308570430288
61.80535490736393
54.44444908256778
55.33044567578247
59.34051587441995
58.88963855330491
63.21419155184238
51.351053555513246
46.28722437816102
46.860724134078744
45.66723248506028
55.70998759139972
54.70732715149687
61.1591623092436
59.082913726856674
50.96088885881852
57.11645115374013
57.72137668730457
59.85465464401395
57.42889527016818
57.576005875801144
45.961934277752604
38.892322671943504
56.87432504821842
62.9882612131457
56.95283150606481
42.63616747556563
61.310177828068255
59.366239686834476
61.86768026800674
48.68922370089402
54.08640808737545
48.692917127072405
54.97203307401567
58.717369220297044
52.078202263536575
59.33791623805998
57.92172024801748
51.48954962741341
57.964881260121714
58.23569853448495
52.70625769935875
51.90020560478736
60.7863858857893
53.53544931139431
53.208961124505876
61.12394638222114
60.10330692876583
48.68192092702429
51.72663307588165
54.878122774656646
54.22334008792355
59.3471100829803
48.91855221756114
54.492366801976104
53.736277662675406
54.21679039329792
46.82663249641394
62.048223948328136
51.45180630667214
59.113668390218166
60.05353037366157
61.24693468500191
58.76535591900556
50.09626604125462
50.53258951174213
59.95299502070566
54.47926567696165
59.345948240007885
54.9266210335323
52.31024999985663
57.12689425565772
58.0902302130696
61.49474580860997
57.841732482491636
54.56619049652091
56.16147403082495
48.53111892857818
62.74795371276598
54.108582940493434
43.9187253490605
57.6444487110636
61.12053153300525
53.831951262584816
54.0256925457766
47.74777518742448
48.58245985149456
59.49597215412503
60.329801991840796
49.88772920976878
60.3260503315617
57.44969176158034
52.11636236233374
52.837440274210806
60.87302590801569
39.92882867980018
58.965439509082486
51.15937874804886
61.64374173815516
51.884181147015
60.79474601795869
56.7110701020676
57.135116093352
56.74432277605796
59.217482264057054
55.78685313370299
52.90938905236466
62.40734225929238
57.89432787930941
57.56840141627866
53.71800197607506
55.37532539949024
55.0928002924837
60.038469132346385
57.68570122117694
59.016497455437964
51.33093408736522
46.21688679188988
40.081313894621104
61.20349784821162
60.60558615681339
59.0814188821544
63.099059086405724
54.751023872568474
56.04383616214836
52.28816569143671
65.06079660340332
57.52521564110569
57.3566103725677
56.45828370953468
58.64267361689503
56.757127391580326
55.68133231559233
55.449317828738394
60.29020539121484
44.106684439853495
59.405216239751
55.84641265527749
54.44606409168042
57.32045388268158
57.666212630504994
62.62502808355304
59.74648063861804
56.361107432765714
55.30790252568626
59.60297590956209
61.49648878291134
57.98735196886199
63.08960342397917
47.0325416591442
53.236913284068315
53.27854727066604
56.960948635349254
57.68489527148561
43.40360931666976
61.36680404174756
59.206787456360594
61.00252870038652
53.3466536724594
57.97884038837445
60.05533860025209
56.37888582364017
58.56642153805546
55.99413787641039
55.99973741526408
52.28906445977625
62.066925804100386
50.884987162512516
45.06036464920963
54.69914277683449
52.610398886036634
60.13503417936265
63.81079783598567
59.241633715425046
60.001460962743465
62.382800567884175
54.682366511503005
60.44072246402111
51.43389955368116
61.32726195299596
53.08452463450969
56.61856335559091
57.24850404904583
55.09594788028403
52.56237612666677
55.03985338803932
57.31535637923198
51.18016226184579
56.039215918232756
60.88892542363836
58.00730127103134
59.44604899290522
50.30143765092447
55.32785649848317
56.9806410231617
59.06056579311215
57.42911318897715
54.880325125848614
57.97073164176183
45.214750836131316
55.74218335918934
53.26756398667869
59.98102463941049
47.07072163738321
44.585556843749636
57.427670583656685
56.14492533677938
50.50379077086568
58.2181721709034
60.78296025508757
55.61184401319299
50.50545265112408
52.990808109329336
50.4891268075241
58.76117374221997
46.97164783197873
53.12083501816625
60.15718800158352
59.7547584554141
53.758994657173545
59.52555573107147
58.36587580366364
57.87679453152383
55.8201318443059
56.14773254355133
52.24890482679628
61.99333473225444
55.87613508526951
57.53843324843903
60.86761000467944
50.8485401747481
55.48939713354066
60.83559139113259
54.76821927690246
53.40784329016416
43.06526633825695
48.8549976252616
57.104359953158024
55.868922543884665
54.75129330408989
59.579315191766526
55.92291249890305
52.82056024208635
59.54816448267135
64.13810143832437
60.01273965459845
63.73743156540661
62.42585888880831
57.659300171767924
51.73878978069342
52.058868186993905
56.772791279494044
58.01986361019266
49.46099334896167
57.25533547595356
58.250269337642344
62.55316404680392
55.009805746140444
54.56335464193038
61.40443964794408
58.19744624807652
60.6325435376461
50.788584641529525
60.03139326577721
55.16939583920384
47.063731588190436
54.74169095031457
46.0076608986663
32.771037638610274
60.56699540307819
48.93060394707134
57.747450545621874
51.06360431379499
51.33114088303053
57.99546540049997
54.56180182416688
60.028828509049916
60.96843991788884
38.63544572761285
52.05121406984329
52.82148143986879
56.00078615914455
58.78799835991838
47.879278028749326
55.34023735710409
58.368896343145984
56.524231351493086
58.58538620371597
59.94531397201898
54.29772351374979
62.414841655532626
55.36376255762977
56.58269849103459
60.63875403046527
56.833454503862455
63.77732797573053
54.97128943150482
50.87534557482194
56.48314213922636
51.819812026383815
58.70538907805191
44.7077286095294
54.20073290176171
57.33698009621624
46.8349688834196
45.81181401313578
62.26654069500826
48.5529235703953
52.61173557708376
56.82445094801884
51.97280219534502
59.02851039756217
49.58309279968799
61.580307608868566
55.78806185851798
56.229659890793855
53.82282178983129
61.878190868589336
59.37880795295759
51.563740765713646
54.79116299160321
54.53129513166752
56.510719875721584
51.707202188952536
56.13764382768581
52.738638115482324
52.672326544569984
58.069503884424364
58.53899322156011
55.90757261739679
58.774041011829105
51.620766419466065
52.198060074178315
56.988161148440014
56.86215813304035
49.458172850067186
53.033922209188944
58.88378673955827
49.78436688032632
56.97422138221089
55.38027079523714
59.67536476159204
59.695228297302016
37.89857018502188
53.14781987544062
50.67199996416319
56.62467760404621
58.50181460638525
56.53027170861939
58.76901654552797
52.50759826423653
50.513110594954675
49.26608956466293
57.07188618598685
58.896812816067616
51.83290498311857
51.23469903407472
61.36080738936505
43.522445295753315
46.42866268611563
54.272924356936954
55.05863164001944
55.65403346084718
59.761659284694915
60.1907599046269
60.330934622395425
58.851443072987806
58.51626442426969
50.3724975022087
60.859664556493804
56.47651381970534
47.48362633435693
53.38706112041571
58.17461204911219
52.14672653732962
55.67038050070753
57.93643199441383
49.89627825804823
48.825607315420925
58.1234349334627
51.78591038946159
34.697688419901944
55.12221955565997
44.54308671480048
54.81172964503587
52.09359774175867
54.786156912584225
56.25144500820323
51.70127925929186
52.41250278337482
57.57485534502842
53.783632470795965
54.89488533085549
36.428746516401645
57.771439222769736
59.584190579309436
58.342096788588506
43.65054910691373
56.373803792856236
54.725600471806814
59.35344425585985
59.386650728932075
48.156911925251634
51.7878831465667
54.76315709438612
57.178831022436555
51.66611343987134
57.60743526857985
56.801837227702975
49.17470984180742
52.42828489584936
54.319909199615495
50.40911850333579
58.71865683009333
47.434270519525526
55.86540947330903
50.819145878333735
52.29268286646093
49.37011412246471
48.32156529401085
59.359444622772756
50.269105865210754
58.92258612623123
38.22048368650408
55.76891408948345
59.20268669666255
51.123469240402414
56.1155210127511
51.790375151620864
54.435874645891296
37.188972634626985
50.14507525088202
50.408525245213774
49.24728024399208
55.48737006591844
52.05455959046405
53.01714096701819
55.15887568517627
54.10424476679678
52.458437529407824
44.14389469211152
56.574212068311866
57.546003276089394
54.36259846005598
47.00970315781614
56.762290270078665
54.86205044444535
59.11632811123649
57.9242619046159
53.69687476191054
52.0104820716578
33.95031946943196
50.3415582748748
51.46408805814525
53.81840932873581
58.9613584617243
46.21626024946206
56.32046319015341
45.539474824217436
44.459008852484715
52.709701766352126
53.885658220778524
56.68267536064541
45.78232352923913
54.63905412882078
56.385780195173936
53.35707893935223
49.5224914258562
51.167020456010086
46.619705357056056
54.260683859238284
53.295713876174624
53.224991079908875
43.55441626399933
49.75866774245815
52.791412280452604
50.96727269051455
56.07921391195693
56.79146590607897
50.02137032546354
53.133719514440855
53.89361072945054
45.69925358749127
52.62817421672728
52.45383368195406
52.42992177763624
51.41393886816107
51.55928364060657
54.61950783396571
53.0129991737202
54.78041087407817
56.58670708363654
57.45978733183962
56.99453314702446
54.72588317859799
56.95813909924268
36.84222527180097
49.40972035150519
40.94322996890291
59.04627016989763
57.03923377036552
60.69256913250644
57.03923377036551
59.04627016989754
40.94322996890317
49.409720351505456
36.842225271799634
56.95813909924263
54.7258831785981
56.99453314702474
57.45978733183939
56.58670708363659
54.78041087407824
53.01299917372019
54.61950783396578
51.559283640606665
51.41393886816104
52.42992177763624
52.45383368195419
52.6281742167274
45.69925358749093
53.893610729450515
53.13371951444089
50.02137032546371
56.79146590607903
56.07921391195682
50.96727269051435
52.791412280452754
49.75866774245841
43.554416263999734
53.22499107990901
53.29571387617463
54.260683859238256
46.619705357055885
51.16702045601065
49.52249142585623
53.35707893935197
56.38578019517392
54.63905412882072
45.782323529238774
56.682675360645376
53.88565822077882
52.709701766352445
44.45900885248484
45.53947482421677
56.32046319015326
46.21626024946192
58.961358461724274
53.81840932873594
51.46408805814532
50.34155827487467
33.95031946943458
52.01048207165772
53.696874761910756
57.92426190461598
59.116328111236555
54.86205044444514
56.76229027007856
47.009703157816375
54.36259846005625
57.546003276089365
56.574212068311844
44.14389469211191
52.45843752940809
54.104244766796626
55.15887568517597
53.01714096701836
52.0545595904641
55.48737006591831
49.24728024399202
50.40852524521391
50.145075250881746
37.188972634627376
54.43587464589129
51.79037515162078
56.11552101275119
51.12346924040234
59.20268669666256
55.76891408948342
38.220483686504785
58.922586126231316
50.269105865210896
59.35944462277276
48.321565294010995
49.3701141224646
52.29268286646071
50.81914587833435
55.865409473309086
47.43427051952601
58.718656830093465
50.409118503335584
54.319909199615935
52.42828489584929
49.17470984180706
56.801837227703075
57.60743526858023
51.66611343987143
57.17883102243661
54.76315709438586
51.78788314656599
48.156911925250725
59.38665072893219
59.35344425585985
54.72560047180682
56.37380379285604
43.65054910691147
58.34209678859213
59.58419057930975
57.77143922276978
36.42874651640114
54.89488533085541
53.783632470796306
57.574855345028354
52.41250278337486
51.701279259291375
56.251445008203085
54.7861569125843
52.093597741758614
54.811729645035825
44.54308671479973
55.12221955565983
34.697688419902256
51.78591038946162
58.12343493346273
48.82560731542023
49.896278258048085
57.93643199441371
55.67038050070753
52.14672653732957
58.17461204911221
53.387061120415765
47.48362633435698
56.47651381970542
60.85966455649377
50.37249750220912
58.51626442426976
58.85144307298769
60.330934622395425
60.19075990462688
59.76165928469499
55.654033460846975
55.05863164001958
54.27292435693718
46.428662686115764
43.522445295752675
61.3608073893651
51.234699034074545
51.83290498311841
58.89681281606755
57.07188618598692
49.26608956466279
50.51311059495423
52.50759826423683
58.76901654552802
56.53027170861946
58.501814606385295
56.6246776040463
50.671999964162765
53.147819875440206
37.89857018502025
59.69522829730203
59.67536476159198
55.380270795237394
56.97422138221046
49.784366880325734
58.88378673955823
53.0339222091888
49.4581728500669
56.862158133040225
56.98816114844004
52.198060074178436
51.62076641946651
58.77404101182917
55.907572617396745
58.53899322156015
58.069503884424606
52.672326544569906
52.738638115482146
56.137643827685224
51.70720218895305
56.51071987572173
54.53129513166712
54.791162991603244
51.56374076571288
59.378807952957715
61.878190868589165
53.822821789831146
56.22965989079393
55.788061858517636
61.580307608868566
49.58309279968791
59.02851039756217
51.972802195345345
56.82445094801869
52.61173557708348
48.55292357039494
62.26654069500826
45.81181401313562
46.83496888341891
57.33698009621662
54.20073290176166
44.70772860952846
58.70538907805195
51.81981202638372
56.48314213922637
50.87534557482182
54.97128943150494
63.77732797573046
56.8334545038625
60.63875403046541
56.58269849103459
55.363762557629464
62.41484165553263
54.29772351375013
59.94531397201901
58.585386203716176
56.52423135149349
58.368896343146005
55.34023735710382
47.87927802875029
58.78799835991853
56.00078615914465
52.82148143986888
52.05121406984296
38.63544572761122
60.968439917888745
60.02882850904992
54.561801824166885
57.99546540049995
51.33114088303089
51.06360431379496
57.74745054562203
48.93060394707164
60.566995403078174
32.77103763860929
46.00766089866636
54.741690950314535
47.06373158819008
55.169395839203474
60.0313932657772
50.78858464152923
60.632543537646136
58.19744624807653
61.40443964794411
54.56335464193021
55.0098057461404
62.55316404680392
58.250269337642436
57.25533547595357
49.46099334896133
58.01986361019278
56.772791279493944
52.05886818699396
51.73878978069347
57.65930017176756
62.42585888880838
63.73743156540662
60.01273965459862
64.13810143832438
59.54816448267149
52.82056024208657
55.92291249890305
59.5793151917665
54.75129330408975
55.86892254388466
57.10435995315813
48.8549976252621
43.06526633825777
53.40784329016408
54.768219276902165
60.83559139113256
55.489397133540585
50.84854017474847
60.867610004679506
57.53843324843895
55.87613508526961
61.99333473225445
52.248904826796014
56.147732543551356
55.820131844305855
57.87679453152251
58.36587580366376
59.52555573107159
53.75899465717328
59.754758455414354
60.15718800158367
53.120835018166794
46.97164783197871
58.76117374221978
50.489126807523654
52.99080810932982
50.505452651124855
55.61184401319327
60.78296025508769
58.21817217090293
50.50379077086522
56.14492533677941
57.42767058365658
44.585556843749075
47.0707216373832
59.981024639410535
53.26756398667881
55.74218335918948
45.21475083613137
57.97073164176175
54.88032512584874
57.42911318897728
59.06056579311203
56.98064102316184
55.32785649848324
50.30143765092436
59.44604899290518
58.00730127103144
60.88892542363829
56.039215918232784
51.180162261845496
57.31535637923191
55.039853388039006
52.56237612666691
55.095947880284115
57.24850404904569
56.61856335559094
53.084524634509684
61.327261952995954
51.43389955368103
60.44072246402116
54.682366511503005
62.38280056788412
60.00146096274342
59.241633715424626
63.81079783598571
60.135034179362634
52.61039888603693
54.69914277683461
45.06036464920982
50.884987162512296
62.066925804100386
52.28906445977625
55.99973741526409
55.99413787641025
58.56642153805548
56.37888582364014
60.055338600252114
57.97884038837445
53.346653672459325
61.002528700386456
59.206787456360416
61.366804041747514
43.40360931667001
57.68489527148553
56.96094863534949
53.27854727066623
53.23691328406835
47.032541659144
63.08960342397924
57.9873519688619
61.496488782911385
59.602975909562026
55.30790252568604
56.36110743276595
59.74648063861806
62.62502808355305
57.66621263050478
57.32045388268139
54.44606409168
55.84641265527749
59.405216239750935
44.10668443985304
60.29020539121493
55.449317828738344
55.68133231559226
56.75712739158044
58.64267361689504
56.45828370953461
57.356610372567744
57.52521564110582
65.06079660340357
52.288165691436404
56.04383616214828
54.75102387256828
63.0990590864056
59.08141888215431
60.605586156813224
61.20349784821165
40.08131389462154
46.21688679188977
51.33093408736477
59.01649745543784
57.68570122117709
60.03846913234648
55.092800292483744
55.375325399489995
53.718001976075115
57.56840141627869
57.89432787930872
62.407342259292456
52.90938905236462
55.78685313370301
59.217482264057224
56.744322776057956
57.135116093352195
56.71107010206753
60.79474601795872
51.88418114701513
61.64374173815509
51.1593787480495
58.96543950908229
39.928828679800496
60.87302590801562
52.83744027421083
52.11636236233366
57.44969176158028
60.32605033156148
49.887729209768736
60.32980199184094
59.495972154125035
48.58245985149453
47.74777518742467
54.025692545776835
53.83195126258475
61.120531533005185
57.64444871106362
43.91872534906112
54.10858294049342
62.7479537127659
48.53111892857754
56.16147403082488
54.56619049652103
57.841732482491835
61.494745808609856
58.09023021306972
57.12689425565784
52.310249999856666
54.9266210335323
59.345948240007885
54.479265676961575
59.95299502070574
50.53258951174203
50.09626604125488
58.76535591900552
61.24693468500199
60.05353037366163
59.11366839021828
51.451806306672225
62.048223948328136
46.82663249641381
54.216790393298254
53.736277662675356
54.49236680197613
48.91855221756118
59.34711008298039
54.2233400879235
54.87812277465665
51.72663307588161
48.681920927024095
60.103306928765875
61.123946382221106
53.208961124506004
53.5354493113943
60.78638588578927
51.900205604787175
52.70625769935919
58.2356985344847
57.96488126012178
51.4895496274136
57.921720248017444
59.33791623805985
52.07820226353626
58.717369220297044
54.97203307401563
48.69291712707272
54.08640808737567
48.689223700893365
61.867680268006744
59.36623968683446
61.31017782806821
42.63616747556629
56.95283150606471
62.9882612131457
56.87432504821832
38.892322671942296
45.961934277752604
57.57600587580127
57.42889527016842
59.85465464401392
57.72137668730437
57.116451153739966
50.960888858817796
59.08291372685676
61.15916230924378
54.707327151497935
55.70998759139943
45.6672324850602
46.86072413407882
46.28722437816077
51.35105355551289
63.21419155184251
58.889638553304934
59.34051587442001
55.33044567578254
54.44444908256793
61.80535490736397
56.243085704302764
64.33261065029279
53.3162190169983
59.50064177614104
58.48463087072126
55.782907357292075
46.99935787937185
49.8684224429209
52.387862386036815
55.960056132886805
53.998616754265015
46.869989302731774
58.97835940071009
51.92717192944238
55.112818725900254
58.97228723285386
44.780365480229634
56.81137319500482
59.25022633747291
55.97054025663299
60.08870542623378
52.871820702533
55.0085842844139
58.62527031304573
58.86599225111512
61.383540768777905
56.88606487495163
53.81049230798049
57.08464293749503
61.92267982695029
56.52390713829929
63.24911978238574
46.838173414635705
60.89278632910937
52.50862007111229
55.972955022855864
57.294239198667285
57.33298091064415
58.04592218327387
55.01215696353208
60.187971511260784
61.399352371559004
60.8955267314477
51.39753269478912
47.568642062813126
51.70345878822385
50.96482002641999
59.944164848451365
53.852616552184216
63.11291170320309
58.59228039302789
56.71835827824032
56.877864694966064
62.89086281741554
60.21377424234987
60.75058172262382
53.015086035925464
53.82271119301314
61.55191394876955
37.99014193185591
51.871762893326476
52.90960801838142
59.168216475801344
52.435003553693235
59.38811385246882
40.23871009476572
60.954380426561215
57.14393417676327
48.68954011011074
61.28162414312587
61.06972155454614
58.56609063785014
59.53635847208419
61.019179110046586
51.09466280739406
60.41587511663501
49.568247259850594
61.49655134109444
53.4947288941286
54.42790621264943
58.1441380822202
58.593943488870565
54.664407938541984
55.0209599057804
61.001338662776746
55.44377815421515
50.307055216376824
53.46956041084503
54.19440966536384
55.06458294137406
58.04536270441149
54.78626907143804
53.47909096045865
58.086080514860036
48.73893613042782
61.935865703061125
55.806712675320675
57.58423213856403
53.004285578302245
57.17228450145185
58.735435271082004
58.32061891064639
57.9486221155218
53.361737216439934
46.05733018572515
61.66750826499196
55.82275015932645
59.69174245088937
59.63041782513719
55.206394416705635
57.67876452495142
59.94980488510546
34.15957461971976
57.67746087251776
63.25211733754262
47.23586588391666
57.81514089606752
54.38437738024859
58.67412801249091
61.44739454065334
56.41236999254061
49.844865498343594
45.40512276655473
55.57145356042534
50.05481347191257
53.79386156384178
61.6809292073311
56.64901260313725
45.54129574119778
56.468949907873636
55.91747150834866
51.91424747362131
62.82150297454865
62.20965480975892
59.92292840186663
57.6533236235142
52.8641288896969
57.59257749388954
56.62571444892023
61.11812083337628
54.58875669107626
60.31595447280622
54.90588560866633
60.37911198494832
58.26328722630513
50.2944103837083
47.850216924018795
60.037848049294595
59.14350389303842
55.61948632034649
61.35824819897956
52.54941686628161
48.705768316047084
62.51185987573752
59.5499316482872
54.34243915167835
50.06635329251033
55.97630505251041
49.54933901615003
48.46459644332753
58.73401417709903
58.07286468345522
59.94655159422865
50.49825699169878
62.29149451285611
42.75097231492802
55.14640403601321
49.28272331324869
52.095304493678405
59.56608535576735
47.59904030790443
53.04352471578112
60.42351499198723
54.565552312618905
59.45726940823937
56.01225504974751
52.11314238751727
54.306429065782254
57.41913720373848
60.86820305865739
54.3816236968385
52.54503464584304
53.34244664092289
61.87283995318018
55.57496377716462
59.79811472038702
52.079961752127275
50.531007911473665
56.81038731209594
61.6288068638368
58.911643885825704
56.01062251442936
56.10934718284037
66.03901608917457
59.04837597699338
43.48481700436972
56.019193300896575
55.65656842505742
62.503520694069046
60.46983474064763
57.688745560920005
48.54583093335079
55.31989484665494
47.11855821386593
57.21937069575206
48.86956140818527
45.748675188456886
54.958173992731545
57.463685943550274
46.14245958812545
59.99515241896166
58.822879090659804
61.68561786477212
43.63428018415114
58.32554318505311
54.41973570503977
58.239279222454996
54.29096203791622
58.776266757487164
59.018974919819186
55.05121518665696
60.207510818467824
41.135824321914065
62.64979494430774
52.191323482199614
59.04246310290095
57.25185777303594
38.81476427641876
60.22116058393414
58.04229684598979
57.51953653943726
52.51522052830733
57.558627935892346
37.660881214746304
63.19831554338586
57.84786832360961
53.8258303721252
56.26240439741407
60.27010111334899
57.68910388217708
60.317244300936316
58.78082336927627
51.04857890197255
53.986531464871454
62.92312304462527
58.453347460699305
49.76540645568945
53.69223064898823
59.27901696808096
57.981064407916534
46.30941048449682
61.556383953318736
58.98899082347274
60.32360260323125
54.12529019595237
53.569674524694626
56.46215078874527
54.68529817637902
55.99375172826909
61.8608802831486
50.129517600670034
52.19863568708159
52.452997084777934
52.391637613257764
56.009913277645865
59.72876021392126
59.350125781489695
60.45311040466583
50.959357504068514
58.12237254036353
62.3536994252816
57.35208059980992
56.15656678605697
51.3230086287554
62.690658898152904
50.574683702082346
62.860095269600784
58.33260329313169
47.945695065247406
58.051592489072135
58.28236318166779
58.44886236928532
57.403445721960594
49.36545910063842
56.75673834549591
61.42179489912567
53.26575000732416
57.62049395989045
58.858931341783205
61.850571595563125
54.800077689676996
59.84688055214265
63.172791159162315
56.3825006724926
60.78989352084857
55.67178829076241
56.17265286992064
61.68747030118606
57.36901835159603
60.84982501739843
58.60284441682115
57.81021903324163
61.957856503732074
46.5837445818839
58.05804998755462
56.13564162735162
58.583424919680155
58.03785409902581
57.54650891976702
55.56134188416955
51.49398191400144
60.674217303744555
51.07194977530121
54.60067713224707
54.32161088258929
54.82393715088024
59.48630572090522
59.23852394916848
58.57347619159515
54.10062175011309
57.50501956417307
52.763275249235775
62.14786004928814
53.8073987440957
55.810751944805865
63.368119040546475
51.47817402079297
52.19358860785343
53.57334542792715
58.4820698585958
62.47751935563091
50.70363670512375
46.13299440815165
59.799091185756026
61.09159365445408
60.58116775092847
45.56902962234332
55.76398409821331
59.29696338527383
51.774833942989666
48.68672758608959
62.32410494899646
60.22896874796183
43.040728675223974
60.79764103089114
56.0662912645828
57.64078949547984
59.173151724493096
50.47817890028696
58.938804545512156
61.53347271040693
56.9448897617156
58.47866081873431
54.587102017289666
63.462112343366
56.96944919812129
60.62533192973152
57.02121870566532
57.907148031034325
62.33305916442823
48.52488170696988
42.358836058555326
62.06354447475553
57.339204870561
56.584100510984065
51.302392903057225
56.671392904527494
59.28430466409075
58.67823497090043
59.2622012801307
62.15019621680034
58.658403566164175
54.67865652897949
55.17914663763158
58.77786076808242
56.912637334812004
55.45523797807697
53.13545997279654
58.3810339611685
53.00913527571321
52.593982288991526
59.66450016976479
49.365669862794384
59.839823975812784
55.03336231421162
52.78739683185523
55.3413940543556
50.26888200111217
45.154456776661156
59.63578099600802
51.91294190859527
54.19156131932017
56.97602456775404
63.20410179496541
59.312062473007394
53.97018859649361
52.36048198222612
57.77675067441863
57.99573294652436
56.03888033544844
56.2472164220825
60.188486723205145
56.06990894855281
51.59248720634433
53.25018321344607
59.7083705385523
49.20091738289727
55.717232707436146
60.63773501660247
54.83468657426758
60.441679637492854
46.451787281274704
53.39432468910765
55.10616424175744
59.29154181874276
57.55928068806658
48.42978019056767
56.54088281058368
55.295003206008964
50.17618149475666
60.31730546694162
54.83707248221474
63.03288052604294
54.33121019935136
55.22830880329998
50.89948629321121
45.807263413677916
55.84388052892517
57.62572932946923
46.16869583139227
53.24055518608547
56.10762393051279
63.00076209326683
60.34460904738871
64.67070187319379
50.30616699248266
56.180919700234924
53.78330880577509
56.583756454337895
56.12525675913694
61.68727007322871
61.27166036667618
58.25098578916663
55.74178180571032
57.90113198364671
56.36784066497624
58.28589176868243
58.70396792167629
57.45903540348741
61.271642353050886
62.52325297856581
56.53114291992526
60.67746583885463
54.76663105071842
57.12204274741729
57.13639059492947
55.463192797939705
59.54380371183081
45.04475385044451
43.164497639964196
62.801547559942755
55.572674543554314
56.183797732518805
49.1259325891459
50.0058109140913
56.937332186927236
53.38523138282207
59.511132309555194
59.65884787991235
49.531465641575075
61.439003199049424
53.01365756351831
59.51542509912506
53.73593834540771
57.5882388093659
61.25796681254683
59.311623057750054
57.777640489077115
60.72468129073158
50.08969617705887
60.91083802588032
56.35201719761796
52.85953609837968
59.16548775776218
50.260320369648646
46.68370974503667
58.807984833113586
59.41529645799281
59.0671117023221
58.375450878100054
60.771729230484254
60.83339331878517
59.226414681782984
60.672405663820115
57.89378021439569
55.25006466955056
54.647840995557864
50.05884568333304
56.59154980377607
32.66320456596116
64.09215612395103
60.675963276004794
63.314306079519824
58.90600050851917
63.14270185781386
53.269894335885475
56.86194818162975
50.06186579738276
49.035616006556985
62.19436166652957
52.196922763666365
57.27289967655915
51.91511284763433
56.2649269641415
57.286247533821786
59.47084605514078
59.41818558991912
62.87568376906825
62.79294641205063
56.91044690650024
57.402676719783926
59.95644628200235
55.304066421468804
58.78351198020599
59.494178464286165
53.85943526366228
49.364899624878824
60.07411844945419
59.339725479440524
47.48877867604837
56.003924688728226
55.162667108377576
62.28380125125103
48.965011472335945
61.15150606101707
58.009141494635195
60.698286952469296
59.97711147878402
53.93886580907241
55.090059353710394
60.889205227051654
55.804851822739145
59.291768653112086
58.39831411562852
57.31936568829763
57.814432658146245
49.283519718713535
53.86865255864552
60.47177421567059
59.44609154894372
59.038816252135064
59.11150128251644
52.57390854229886
59.814203789473
61.7871430604266
66.34939792669549
55.55760840432011
56.767971523625285
56.577840811292674
60.99991501116954
60.58177892448689
58.3893831323017
61.83927499031946
53.512493815297475
58.04884335009936
53.32367553341699
51.3601854718199
53.417715567301975
49.448423548532986
60.20763531844069
51.069563163890344
53.86985311997929
61.12088353029145
57.51437225881526
58.09362428120874
55.295124608707724
61.323244778405424
56.71809232808826
57.83369599841115
57.23821314977351
49.65897469295968
59.77225228510416
58.5603409041451
55.70791837334646
59.20973906831853
52.06357288629221
54.84419292825217
59.69807217659643
62.95638981307739
64.71332405729825
54.95706856310428
60.664681943764656
65.07071741259075
58.22999663690017
54.79439961221746
58.26702516578052
59.45679227601832
64.61521988375739
66.03705946781359
60.66241188792988
57.97811223054729
64.55287464213055
64.2224598961899
57.402593660114015
57.26929870157514
47.92161659353837
47.02199623017005
51.30799690963998
52.32159972699496
63.91138389101937
62.76153773511104
63.84073617006642
61.141746630200544
64.69904171061731
60.92191371126294
62.95276161940859
61.93035068536598
59.12781692234644
65.29172342379587
56.918218171525005
47.43965599845444
54.611536948870565
62.08261117760625
58.80363705956471
61.838928348471185
64.36633499731735
42.58445317057301
63.39830689555149
56.974082435713655
57.65371602908293
46.79039054868761
52.81812709734686
63.19183907086095
60.59047705673342
58.43908954900401
59.777631008162764
64.81625430400604
58.53299803681482
64.69243657291177
61.268485565796766
59.05060807229944
54.56936072353226
66.56634790332834
50.19950413208869
63.913107532588654
63.113212677187136
66.18763869123035
51.67375026130642
62.857430524951795
63.678028584824375
54.27928443475032
63.33969226961525
63.26114108919321
59.50322594386796
57.85620478157028
53.15508657280057
63.088232930093625
65.57606729488478
65.289081613096
64.69467010844704
64.92068983373001
67.5268770692822
63.089380285378496
63.11532252700643
53.25423231127488
64.12042176280133
62.35477670927448
55.152911938906534
55.438608636413285
67.15299916672637
60.50491525614872
56.928353807448076
63.349564737096024
45.134298971979405
44.28131480416036
61.88047853035754
63.15040706642363
55.493607853182894
53.21474180879514
57.57127718751111
62.43328835601914
58.09688844528274
67.87227564925493
61.473466616910315
65.13702126469286
62.73977886231192
64.13134996553416
60.36488364079999
65.81286827788533
66.01291527667928
58.79613154676147
56.03331436599063
63.993406623390655
64.8500523523364
58.58447866787049
59.6341430139248
57.95257226391648
56.554919764265634
59.05182852390301
63.495582222090015
65.39269902647776
65.543707571264
63.07392443385504
63.352691230010606
64.13456488205253
64.83868409925907
58.95477511274703
61.05976099958495
55.10337506742631
54.10220651769019
61.351748509436604
59.15286824824075
64.27061398533402
64.04533333829418
58.67587673545689
58.05662842944393
62.8892498362338
66.4697135726331
54.9713903941144
59.963795910830264
56.676193415547985
54.55809877732079
62.53654275318911
57.29987506801598
61.64230333179969
57.696092084880526
59.13452774734712
63.792575146267446
63.279943439042434
59.5688772862373
65.75839272530928
59.77806856285249
62.374785331959465
62.415264724634625
61.333247008304255
59.299355889356626
60.648550769596234
62.187559600732314
62.966609007367026
60.62342773946444
64.25061484928426
64.65775819443525
54.88190444379568
64.52836056769934
64.76688364911968
69.54158511313567
73.61592317247884
58.09746424880266
60.38110216022966
66.98410182938272
52.52242433503235
67.19112341250543
60.16866737295632
77.40003878763257
59.03500391796548
70.5414370607376
69.46267712113763
62.407141892173115
63.394586055807096
68.35766523595225
78.27989148433284
53.362553351990584
57.16659323921668
55.74139210955208
66.09482836380023
65.78466611917129
67.80980033819239
67.38254040861153
56.06739278393661
53.25966099066649
56.6790542227057
64.2650449185729
68.07130639507501
60.42657119567601
67.46348352913715
66.57293820797763
54.0332320634479
69.26285980602148
62.888428009120844
63.284084760609254
59.668449464847555
64.73776992972054
56.073376424888366
56.861498454481215
64.86280201297126
61.98368394134535
69.821745968831
66.13960977604118
61.31490836791826
66.0849367465155
57.06665633723358
67.91955963550808
59.20065726260674
51.87511018433277
63.38732912262506
69.03028276067405
63.0037599799121
50.0850381822398
63.794977796981314
62.59831279324868
66.63587543907605
63.72387107878754
66.3186041343547
56.05382367281266
62.22545084333561
60.68995253037774
61.70339398262229
65.35508946457702
60.19870001931534
59.724136378762395
59.01362320202387
65.38974521133495
69.09175799710277
62.3307960993895
62.674977589474786
62.62054579719148
61.64261802741551
56.77844119561503
67.81263734388698
58.525017821586516
56.280810632294205
63.575462682053896
58.269140229446315
57.66804108386225
68.59418718386424
48.98050542714215
49.363144050683644
55.63596849583825
55.20092284203349
59.428358563380314
59.09772430238632
47.65481164761256
63.30047928138906
51.33853102040183
46.89941135637811
49.20318097985682
59.99122955823306
58.56843737336475
68.71216179048504
53.18120907034411
51.493849644262156
59.363505947687436
62.56895908124961
58.42624532542062
66.93145121320873
50.901803473190114
62.24956973898482
58.683972931128224
57.01001948959366
60.93123450110148
61.07347464968975
60.41605371876095
63.65579673709511
61.275829308253115
63.21267941239586
62.75685131283474
45.96619143459562
58.834172780603964
63.18595127218966
62.83337526430107
60.64439568791901
61.45219341788988
58.287218989172764
63.376885180153764
61.63550887129119
62.6154103912911
66.35723855885382
65.13513675957539
60.463971161642235
60.94299773023473
60.95098725833879
67.5768627969106
68.69715511148335
63.17479846610482
65.13530107586536
56.08457411933895
61.75766401717325
62.51685129319416
61.3978821213534
52.7957091568999
57.499669453482355
47.73315718177728
67.71898506321415
68.54772872526587
60.05528599161072
56.18119524322627
69.58909990111741
62.86470333007259
62.74481324633743
61.16529688048548
63.05057582446095
67.10239255268954
60.45029219749959
59.64517278446561
70.11273894970701
52.936981663690055
40.11934723896418
64.74764695496842
44.1914680589297
64.26636128253696
66.32767433655536
57.71198714479385
55.983865236881144
57.21340883562042
62.66089106244354
65.85326078582922
66.611810517468
65.30913788905603
57.78506628293808
64.142086679003
62.36827500585968
60.671594244217815
62.94503654813706
62.421944707832736
58.868392469101785
67.51857262244684
68.71920122555905
64.29077755969615
58.558699779222735
64.3094504598005
62.254082874735204
62.83549679208111
61.03326230128901
65.05760818393958
65.27258523231761
55.38905553696182
63.42746317263408
63.25080972847928
58.75143112342022
53.47841149399382
62.53881466480821
68.5383847432183
60.391561476112976
60.685452278640284
62.55133008164023
66.412251093237
65.37591042353672
67.25638757059505
63.32947079673112
52.576778487711586
67.2942627496312
62.707862005667
63.09679807588704
63.460942907683354
60.41765752638106
64.8714196400931
62.77008224655843
63.811432298071125
61.641359812477255
64.2855690894185
66.55772099295946
58.80992666332855
65.69677001431432
65.566145025554
65.28977391449557
60.98608781714759
64.8831047674279
63.04013676964179
61.88590339270972
68.42005762731306
51.843692725650584
69.83402219790464
62.69704553299753
56.01287821745334
63.65843930142168
56.66801556083713
70.89104303449318
64.46661272073567
67.3057725039109
64.6910938046841
61.56309036854437
66.81441385709539
57.75785861978286
65.35962844401647
68.60583241193885
65.46014227373465
67.93051443315937
66.77902475344249
60.228524927766884
56.00016746761075
67.64109699119406
54.68892473652293
66.46055948669981
61.53859502726304
67.3819498910202
47.37543500296158
67.78864302618031
52.58178541731293
63.90666148004592
60.60829065301875
65.96721461931992
66.39126382599777
66.97140549659628
68.35010786853202
59.400977549883265
65.00348720736685
61.68228074482955
66.8505160911447
65.29234564313566
71.72038991639883
59.03331176761401
52.40427344785813
55.95827361421374
70.18314047921378
66.8892281433608
69.97223169485889
68.07477440460289
67.60505001410358
69.25275961295515
60.092316096220884
64.46607778805294
65.25480535451122
53.01975712521349
64.4642523545712
70.29673681713136
67.19783705125431
66.38781307978728
63.182388706437266
62.22535987388894
62.289410165707785
63.044354027662294
71.09420297824467
65.6888133021616
67.2634849621536
50.49784817145643
59.02045193622858
63.50186588889485
54.02098196879177
66.13140403607618
60.23890052132587
61.91503235047147
67.1387821257324
63.62199987405786
64.67751435657237
74.93496526493247
59.61350637880804
70.05823899707474
70.39204566726067
57.788520492530665
64.40603388130579
71.52187424113757
65.42015002950365
49.664135346951895
73.01035222876482
70.33238292941239
69.9842333299541
69.6784858383826
72.14727512260467
64.11018746121029
63.33325665298724
64.93394257101393
67.87214688617696
68.89875870762663
70.2423432173846
76.22892574672142
65.80754306108338
72.32504713310787
71.29996343702302
67.56478960800851
70.46516587215831
66.98104539339889
70.26816190136802
68.00399169484648
69.36036600387104
64.27966000365701
57.71960391615497
64.38891820873876
59.81746087016062
68.87470613620884
59.4607095000844
68.95725496645031
76.09271926781253
75.07111554012842
63.53785878656468
70.8319026591394
67.48903587117653
63.44463503263696
74.14574008170152
69.11658506887585
68.37361980541705
72.78769543495879
69.14270859358682
68.91588013110608
55.54088161830784
66.49365781095547
68.0825009092201
71.17473983311953
68.83181522119469
67.77328345313917
63.94782573468497
69.75633827626032
73.43996645883719
72.39953914790877
64.68050810454069
65.1112708488858
70.28341485265616
67.66782777273764
63.39084848040797
57.551496653863566
62.73499209131259
60.228300021336295
67.29236534930276
60.3420374776872
43.85251254221215
71.51862422760112
65.52649680392345
59.53927497154755
66.04075169249738
61.7042820296688
63.37310471681627
65.80301250966679
65.6949405654011
70.96832907954908
73.6277637757814
65.54832176139143
68.29260272082396
62.5373367186907
68.80701741970266
60.22934573251213
67.45253852030976
65.16028512165161
65.0084991417986
62.996226420174864
68.58276513137123
51.50021935024472
64.78504682953407
59.71650375803492
71.16099955372499
67.66091278231855
62.57720142271923
68.2582152406182
68.550779640407
60.17456824623181
74.26713221314824
78.32728189622446
88.84506710753507
81.4922420764657
73.7641358108209
72.08995991598776
73.81731155995134
84.60726544342282
81.261266399695
105.98904342886597
82.03424249487334
75.62080892350336
75.66625204717954
66.49500182896644
78.28203399921748
81.73797234451263
95.87881007896578
79.12204182775746
80.4053826619571
74.51118707943037
71.71453437135254
71.25611817327459
72.83408372635243
74.14066873975406
68.10415536750736
69.82508528301307
75.0926800105358
67.3382529338136
70.30800076440492
73.4426279719136
71.5581635753266
64.01527640186472
69.76382090890317
65.60075987717181
67.00391376376722
64.72882169715653
73.12758965931545
69.90918392322415
71.78750113766417
74.0906271908655
71.06499840712124
70.65600336550358
72.30515151904922
74.19778789885424
66.14174737392021
71.02311359429771
66.62144401832825
70.69904179913243
63.95450732693564
73.3793382339567
71.91027229213164
70.21363330214704
66.15687394795661
71.26931945872295
63.4435259663372
71.64609958136074
76.98178874558869
72.80867756207482
64.71815633124324
66.4997175424882
72.2242714681331
69.72761082064834
69.49933057726456
63.321441964638495
68.55958252692093
62.86914156615169
64.45620285094844
71.2231926351452
70.20342104683502
72.26704453794353
69.05551135076962
65.45871593908251
63.55482386223623
69.6863719013666
70.73752162047201
63.37027087448629
66.43952965801085
64.38509285692862
70.86891520704904
61.96143529511902
68.95946463680924
67.02671006795454
61.08350104000722
62.18837493442453
70.77900055850213
63.35468781108278
74.27163866942892
70.20165652409842
73.76665127974474
72.56626123221524
61.40947867515087
65.36111829584992
65.12931534108827
59.543480294810394
69.67707950705942
69.7150402334888
70.06254312584603
74.35763155242883
75.06578305066154
71.6191600027638
70.18772104644341
74.63637088060669
68.18123930842218
65.6277806050006
68.48212207049716
70.13789408340095
73.14350202458665
71.33378654036929
66.53566750227745
72.04836787476575
73.42652027567279
77.69111259153466
64.68068898082687
70.84103286295787
67.87498168293251
71.77252735578085
65.80116992739649
73.44183160222256
69.79929875278215
67.53262134814094
73.06690827269956
72.68597057783515
68.56912410483824
65.09411809536245
75.67323103583024
66.92735641151711
86.53017974391213
76.13418182231405
77.94944457097696
72.22908064538144
73.16920868409314
76.7299923644547
77.06191388389585
69.12307240341154
70.72965989845923
58.32852220350402
77.2437123116495
77.4314526630622
77.77934197128216
76.96453283271691
69.8537526524697
78.84925200980747
78.41335008122431
77.90518311330386
74.41082005743695
79.02904111403167
80.45026284978682
64.84651025614102
73.84357737361994
71.85513218620403
77.60052945620346
84.79356359103451
78.22200365289956
77.32079442932982
80.46470869811975
77.28372452252657
69.36407884759225
75.67477855679572
77.76724893299179
71.38530809037596
77.85944158016174
49.787107053614264
79.3751953270099
82.7312949177619
79.82638481038202
80.1095771226569
81.70781281546341
78.58150411806172
64.94523419655718
77.1176499927717
78.89659682894188
80.56306928348407
81.7749170350067
74.29018372222336
79.01700077042385
71.04247090118679
85.33379679439165
68.27036824828508
76.72026338287766
61.601248057952674
74.0772074854741
71.5536306222121
73.3504732162457
72.1635040423528
69.90326854152953
70.59367973431755
77.82779630915157
70.63195704217055
73.4676007011194
78.53669449867206
72.98875779409421
76.45125663991227
80.49008962412879
73.35897956090137
70.49888570817095
69.98025184803463
73.28694635413284
68.8963159790025
75.05742374617726
81.58698680895823
73.57475461961927
82.79440007541096
80.06348213958559
72.80130369642936
73.13393145556034
67.57493269849847
83.64170287611006
75.62803881301585
79.34198660820793
79.68933391676343
76.67093213597616
77.98480656045336
67.80849700769248
67.03638775756428
76.0053846990078
76.88925473350862
80.52375725192252
77.15178325185617
77.38274450049806
80.60048061613047
77.4089342980317
79.40823831745122
78.00256944332246
75.89176544355577
71.53327822673361
72.09530494839511
71.14986353043919
74.99264514938537
68.55687999269114
74.59530730526268
75.01869082006257
77.3804790781296
75.58939812968677
77.30234664792076
73.86195820317165
64.73719627420759
78.12843063524569
74.06709160163524
74.61223201328106
71.62701404680973
76.11814643652922
70.2040554011087
76.72017837394306
74.26896071681351
75.17333768867672
76.99837516884473
78.55391597184352
70.70685690166316
70.94887994964428
80.53917879070164
75.0094617131936
82.1738092923571
81.31207234389989
80.71838872796451
59.02476664097893
75.36520075556253
78.80867790859902
74.9411261161501
75.62003649956269
75.79880322332318
68.76787228206626
76.07455582245515
75.48592806957679
65.74304134300712
76.87923550993948
68.15114404253562
78.4556877371978
65.58965832450932
77.75884832930932
69.03593719794338
73.75585635993522
78.53346378548378
78.41981265921719
76.22376547085307
80.73393969582723
74.61803655590549
75.34975660980214
78.53378503006525
76.4566668506408
66.77626273025096
79.97884893439611
71.53091594618529
78.38004802551028
78.02548153709989
81.61619242625628
73.11282515847778
75.48949525636453
77.91714515299243
79.30788981382507
80.96796217157268
81.5244245651682
81.22649786482245
75.07992373633645
79.70744966388617
68.67728624941032
79.01400639083214
81.70380011718859
80.37177211589565
80.50205906702453
77.43519982253403
78.17921296347043
64.08101135476812
78.69910615481399
72.56978023839179
75.48134118880722
78.5925357445681
80.42345651675205
82.48311465518023
76.98332975686537
73.39001041612354
76.2236611932367
82.19037596502162
70.5088529807412
82.67849066214171
85.54183089090826
80.15350322969773
80.92519900303014
77.18698734958724
81.07188151623146
79.43493846658215
75.62721519381404
74.79051291562405
78.90848537218213
79.97542155010123
86.65604148188494
81.22603515991298
81.33514284102843
79.74814059212503
85.26376320491843
68.68437028375942
74.55529182119166
68.33473530282201
79.71142593157883
80.03904552994251
86.56063406173439
83.58403460490017
83.03680546395404
73.1986731813302
79.78592415166524
84.66282467969064
79.40872781678016
82.38634242141461
82.9562793795897
75.49535070674223
85.67531335851093
88.13423703246114
84.04355969864727
85.10502496746882
79.73144371498519
93.22531643211704
85.06109346625519
79.56141624710045
85.67916064100756
88.62693649231326
89.79462757324869
89.50593623644014
90.65143954831356
90.87590022292221
91.94494289244217
92.07445846495732
78.23272928923339
84.7369964690208
86.31022618874697
93.970826592077
94.97150414505809
91.88172446824673
92.45088251295427
91.4652819162406
90.00222009999463
105.45322199397486
101.4595839795856
96.79580678482918
93.7856860694621
91.48604474374426
99.44194758989818
84.84774407947137
95.58146968688743
99.22042141797468
100.486469739896
104.87489622973884
100.33227990573079
106.38795082448021
105.02695784263905
108.02642908938444
120.03671170238904
102.44005355591577
108.39722051754465
108.17459694091085
110.59900182012734
114.34869206973204
114.61660226563154
128.29329452885628
111.22579451505942
112.18836774580332
106.4447081179692
104.59462320457905
103.01636636626895
99.91621113712375
101.86188640447389
98.83671181108053
98.71767248827345
96.28544995728706
96.89232053580486
101.00503940093381
91.53751047455088
95.42634570986988
90.15509485392393
98.09241166777097
103.12280466700727
93.04363306021573
99.67928849231905
97.01859643501905
95.23880739489398
98.82295537770631
100.69095721663685
97.05420514004135
99.31957876363694
103.58472244746099
97.3602074428433
87.29400197250997
90.56603381740643
84.65730763243145
92.05646211235049
92.0268967077331
103.36459286443863
95.84111795508277
79.73341142860473
91.63229365146078
93.4076159309972
95.74799212238851
100.93997710468395
100.38781964341696
96.04676387990459
94.87152394953073
94.14525077272157
99.62452419006729
96.93461599108821
102.85708231773002
103.39803841071449
106.43628799907815
103.83885338616236
106.7033783003742
98.1445240776592
105.0333846345734
97.79265288032565
101.15860294629795
102.76671669335292
98.92321092697883
105.58222673736205
102.53122237482147
96.73425622944059
107.93551582827645
106.541968157359
104.77226371397856
107.73779631933907
110.19148167099709
111.2064860112168
107.08963814415006
113.06666249501788
109.27217096310841
105.09284773527426
106.53698619280057
98.28144400704475
111.99373795100627
105.05995871602848
97.65361697729809
109.16481574173984
106.15274906219472
106.19639003642199
112.92112769788076
114.52324096080997
108.04217724622129
98.84398426893483
110.19267328465715
103.01054686452929
106.53379345859992
106.33006811998571
95.8064999415715
107.84177834909316
113.15428778535134
101.08128175480316
102.94258180986276
110.17095436432561
111.62105661718545
107.34804500018186
96.50294312188798
107.59882638979653
98.09474593905222
103.2543129108536
95.92512038923515
99.8183023339525
88.17988695605146
100.80233788932819
109.00439503593502
103.05207190225426
95.68388640021399
97.24634038501284
92.13997204742711
98.84560942472
107.43186144898738
103.93475031439056
95.39800884442299
100.11600721886774
103.04127246461184
104.82279567137155
104.04004713753076
102.14677008738109
94.45297828029021
106.22497452425546
107.42935144304694
104.1222146945095
98.2731301186742
97.00425139785469
96.27487770695802
98.2037328606731
100.9559222346098
109.1925842384846
96.91392087055753
83.59521108231007
101.0756908901927
103.11837561931023
102.74430172106806
98.20935860292734
104.46023989438834
100.5562540875122
103.07598775416423
97.04634362560054
97.7221160039829
93.53674836071222
101.29184285429375
100.59154249668703
103.2097478150821
103.32650104064987
98.77304867707325
107.48439702709554
89.71859219945749
92.34974812444352
85.06729372025364
104.92691300687898
110.282549832097
97.76392160556526
100.74978477661008
95.86596333466275
103.59912177777146
99.96065204788968
96.35240486591027
90.77030695458207
92.22731989562388
94.0016899070968
98.69964266334675
81.75489798508514
99.79162325667184
92.54683074186795
103.7085188590106
106.07605051153585
94.22700220272417
96.58841586469494
103.8785925561169
92.86621805102185
97.56448828831168
102.78777891908449
101.5267079097448
95.58632379748774
104.12254234861813
97.5697201890648
97.75256082405994
91.18076341406992
94.34880784592357
106.43764312432532
107.22072569771748
100.39309177607899
94.55979940620318
99.83332578703656
103.9909657564698
104.84233368596179
100.78059177856656
100.36245107647869
92.34783421435296
106.58515538326206
110.52629560157371
104.52570820082782
101.24295041868079
101.50373624047305
97.27362601247896
100.98862872700869
101.22585400722352
101.36273628571155
87.39861791086602
98.52158660799455
93.66575125003321
99.8532973519874
89.97438908645286
102.08303514636746
100.9685513019288
104.63997201599636
102.42473393480986
99.97437137588078
91.52116362647197
104.31672868948144
94.24747896479988
94.01111848466908
99.67902555326049
90.14457861928244
105.51315541073764
99.34995599287856
101.75186952189063
105.27853978380475
102.1890549240548
100.69029846983364
103.32681733787574
83.98131856767245
101.62078152697612
101.9337755117403
98.37488554104189
107.08292595096479
97.6088217888483
90.49246155831051
90.98298337102582
103.49552666674983
100.67220548473179
97.76461380748566
94.30917168585795
89.77348243536647
87.2514674583123
100.64142421658698
92.74128702759675
89.60918859460423
93.65914958396726
89.70260686590741
99.65550689035261
88.89101921115332
90.4193392540214
95.07275842310324
94.97365735201379
100.1233793310618
98.31929996333714
98.49096812483026
91.13702614773126
96.00406607319238
100.09987090850267
89.52807663780308
93.9824610820766
92.65018217865145
98.52432273890115
92.29057517248292
99.43137531014024
85.98766895945501
97.4193984413549
103.3984376269303
91.02826090559931
95.84469619233361
97.92506225095065
95.28751361046844
92.2308524707918
91.57781395347001
88.90336527307144
95.35290479752132
91.37397270412453
90.00386559266695
87.23957557281516
92.9213443186208
86.47815436688758
95.05081256215871
96.35199627147458
99.9288045951093
100.0834964426746
89.17456603324959
95.78807610961228
101.25605139321934
100.29933277555682
96.29282050098413
92.39726026456947
93.31577560060796
98.10612038657622
94.95113739438038
86.74139821099317
84.00352564875108
87.48253353695668
87.96937962911572
84.78997290330582
86.45115299919132
88.70884172313153
91.13135566734199
87.9369722746049
77.95248625863597
80.26777112168668
83.19424010409067
72.44320533183883
65.71584748839429
81.54257340562161
85.04304692599335
82.43497073731596
80.50284764016054
77.70184807307939
87.74322607493241
82.9536060239545
84.1984987276306
78.30842889417013
80.81529989898316
82.05705212284681
83.72669124981131
80.44043166170945
79.73115735003387
84.85142997726331
85.35864952390995
86.84415386042855
85.57377543701465
73.85519654131615
84.45570803813014
87.66770042220413
82.46644504072988
81.65430257198865
79.9390578970556
81.87474793804084
86.58598819203829
86.28312238427648
80.87125265123865
79.02214037917604
83.72672025075914
81.19845955075407
82.58731385717951
79.32494748971465
92.336260481476
80.24526601008898
81.83960543316424
85.88586612892516
86.60562460584445
83.90996396404813
78.66370309347647
82.57290231916824
86.19203712007251
83.70288443582265
88.18983226265131
83.75252574220963
94.46151437992708
88.00837978384934
92.73097387887259
81.91585407256257
92.03963813629393
90.6694051682056
94.60895318427228
88.07757107279414
87.91865196056294
85.10399819560944
87.77062521945888
84.86664176651642
94.6158286374086
85.82522388912905
103.07994236000269
92.82220918888898
93.63895557826703
96.25964904647951
95.3914234099424
89.60463350723114
84.63065125244384
87.02995912499469
85.2063534446473
86.69668451194605
91.0667185543469
96.96526458215104
97.65186777288417
95.78867790312073
95.8381638721444
93.22698779405202
85.9498676460127
86.51610678615174
