17269
10860
2323
-6503
-13675
-17624
-17552
-13646
-7044
438
6748
10116
9502
4874
-2766
-11612
-19489
-24393
-24992
-20975
-13146
-3247
6453
13713
16874
15271
9419
894
-8039
-14981
-17991
-16075
-9452
484
11483
20977
26708
27284
22529
13547
2464
-8071
-15531
-18124
-15240
-7608
2863
13539
21694
25174
22923
15258
3804
-8879
-19903
-26744
-27847
-23008
-13430
-1444
10040
18230
21115
17953
9452
-2389
-14751
-24660
-29696
-28562
-21402
-9768
3740
16081
24488
27110
23450
14470
2370
-9933
-19489
-23995
-22337
-14836
-3174
10002
21698
29260
30980
26482
16796
4110
-8737
-18907
-24204
-23562
-17269
-6882
5141
16010
23227
25144
21317
12579
836
-11371
-21439
-27272
-27724
-22829
-13764
-2566
8328
16611
20598
19566
13876
4870
-5444
-14830
-21300
-23513
-21037
-14409
-4991
5321
14505
20812
23111
21086
15278
6950
-2178
-10279
-15767
-17601
-15467
-9822
-1797
7032
14943
20394
22308
20275
14624
6366
-2997
-11743
-18255
-21326
-20385
-15618
-7946
1143
9863
16470
19603
18552
13416
5102
-4831
-14468
-21899
-25605
-24765
-19436
-10561
202
10793
19159
23661
23411
18457
9790
-852
-11321
-19489
-23676
-22989
-17506
-8259
2970
14002
22701
27390
27185
22159
13316
2383
-8538
-17386
-22537
-23111
-19117
-11435
-1619
8414
16757
21866
22839
19557
12675
3479
-6373
-15156
-21389
-24077
-22861
-18059
-10579
-1745
6935
14023
18380
19340
16806
11247
3621
-4785
-12557
-18379
-21238
-20593
-16466
-9452
-634
8577
16669
22278
24419
22671
17266
9070
-547
-9934
-17446
-21735
-21998
-18136
-10784
-1216
8878
17691
23626
25585
23172
16768
7458
-3158
-13264
-21146
-25502
-25659
-21680
-14337
-4956
4831
13373
19282
21658
20214
15302
7819
-962
-9610
-16770
-21364
-22742
-20752
-15744
-8489
-60
8328
15489
20425
22454
21302
17139
10562
2517
-5819
-13200
-18490
-20833
-19793
-15444
-8376
370
9452
17427
22985
25167
23534
18256
10098
306
-9595
-18051
-23738
-25781
-23899
-18445
-10342
-916
8328
15950
20809
22233
20100
14836
7317
-1280
-9676
-16676
-21335
-23071
-21720
-17531
-11107
-3316
4831
12303
18167
21692
22436
20294
15522
8715
749
-7315
-14367
-19391
-21614
-20635
-16499
-9718
-1216
7793
15984
22118
25243
24846
20941
14071
5225
-4317
-13185
-20136
-24233
-24981
-22385
-16923
-9452
-1064
7079
13917
18615
20664
19908
16541
11055
4160
-3299
-10441
-16433
-20571
-22346
-21500
-18059
-12350
-4978
3219
11256
18121
22898
24907
23810
19683
13021
4692
-4186
-12397
-18810
-22546
-23111
-20461
-15010
-7549
873
9116
16108
20992
23227
22631
19380
13947
7025
-575
-8021
-14540
-19489
-22393
-22979
-21192
-17198
-11380
-4318
3252
10500
16581
20738
22403
21287
17441
11278
3530
-4831
-12726
-19119
-23164
-24330
-22475
-17858
-11093
-3053
5263
12871
18928
22826
24245
23158
19803
14624
8203
1193
-5740
-11965
-16925
-20162
-21356
-20348
-17173
-12078
-5526
1827
9185
15695
20553
23111
22980
20099
14756
7561
-632
-8844
-16108
-21593
-24718
-25209
-23119
-18786
-12774
-5772
1491
8328
14156
18525
21131
21815
20554
17456
12759
6829
157
-6661
-12962
-18074
-21393
-22467
-21073
-17269
-11407
-4108
3815
11459
17953
22575
24845
24580
21894
17166
10967
3970
-3141
-9741
-15316
-19489
-22014
-22770
-21741
-19008
-14749
-9242
-2876
3856
10372
16048
20279
22562
22571
20219
15695
9452
2160
-5382
-12349
-18005
-21791
-23390
-22743
-20034
-15633
-10027
-3752
2675
8791
14203
18591
21694
23307
23278
21529
18082
13090
6866
-124
-7279
-13920
-19371
-23050
-24552
-23716
-20646
-15704
-9452
-2566
4252
10371
15295
18702
20448
20539
19094
16300
12377
7562
2112
-3683
-9486
-14901
-19489
-22805
-24451
-24142
-21768
-17438
-11484
-4439
3027
10196
16398
21097
23949
24833
23833
21195
17269
12441
7082
1521
-3964
-9127
-13732
-17535
-20273
-21685
-21548
-19726
-16225
-11226
-5098
1631
8328
14339
19077
22108
23198
22340
19731
15719
10741
5241
-379
-5798
-10778
-15145
-18756
-21466
-23111
-23512
-22505
-19986
-15959
-10586
-4196
2727
9595
15790
20750
24052
25465
24976
22770
19180
14624
9523
4248
-917
-5776
-10197
-14077
-17297
-19700
-21088
-21249
-20007
-17276
-13115
-7755
-1596
4831
10938
16157
20031
22272
22793
21697
19237
15748
11578
7027
2319
-2403
-7049
-11537
-15747
-19489
-22499
-24467
-25085
-24121
-21478
-17245
-11701
-5294
1425
7882
13568
18106
21295
23105
23647
23111
21701
19579
16838
13498
9548
4992
-89
-5505
-10937
-15966
-20131
-23004
-24269
-23789
-21632
-18059
-13479
-8369
-3188
1692
6031
9732
12810
15333
17361
18889
19825
19992
19174
17181
13920
9452
4016
-1983
-8031
-13586
-18168
-21437
-23239
-23614
-22759
-20961
-18517
-15660
-12521
-9114
-5374
-1216
3394
8381
13521
18461
22755
25952
27680
27728
26088
22961
18716
13812
8707
3772
-764
-4831
-8490
-11867
-15078
-18157
-21005
-23396
-25007
-25498
-24600
-22191
-18354
-13373
-7699
-1865
3613
8328
12050
14744
16547
17693
18431
18934
19241
19243
18710
17367
14982
11457
6883
1553
-4073
-9452
-14062
-17506
-19582
-20313
-19919
-18745
-17163
-15467
-13805
-12147
-10313
-8037
-5073
-1287
3267
8328
13456
18116
21785
24065
24768
23951
21896
19028
15815
12647
9751
7146
4666
2023
-1077
-4831
-9250
-14115
-19011
-23395
-26721
-28561
-28704
-27204
-24367
-20675
-16664
-12802
-9378
-6445
-3833
-1216
1772
5409
9781
14721
19828
24540
28256
30482
30944
29657
26921
23245
19226
15398
12111
9452
7239
5094
2565
-728
-4965
-10045
-15584
-20986
-25578
-28767
-30179
-29755
-27760
-24720
-21282
-18059
-15470
-13644
-12393
-11282
-9753
-7294
-3603
1312
7104
13150
18690
23005
25590
26278
25276
23111
20490
18120
16519
15885
16045
16506
16589
15621
13129
8982
3453
-2828
-9013
-14239
-17836
-19489
-19316
-17833
-15814
-14091
-13329
-13846
-15527
-17844
-19995
-21112
-20496
-17815
-13207
-7266
-912
4831
9088
11343
11577
10263
8243
6510
5936
7044
9852
13860
18163
21681
23433
22803
19704
14624
8515
2563
-2101
-4690
-4961
-3277
-517
2150
3571
2915
-95
-5096
-11155
-16996
-21313
-23111
-21957
-18111
-12473
-6364
-1202
1858
2218
0
-3978
-8403
-11804
-12923
-11061
-6263
661
8328
15110
19547
20709
18446
13439
7038
933
-3268
-4451
-2288
2670
9109
15281
19436
20270
-17269
-10860
-2323
6503
13675
17624
17552
13646
7044
-438
-6748
-10116
-9502
-4874
2766
11612
19489
24393
24992
20975
13146
3247
-6453
-13713
-16874
-15271
-9419
-894
8039
14981
17991
16075
9452
-484
-11483
-20977
-26708
-27284
-22529
-13547
-2464
8071
15531
18124
15240
7608
-2863
-13539
-21694
-25174
-22923
-15258
-3804
8879
19903
26744
27847
23008
13430
1444
-10040
-18230
-21115
-17953
-9452
2389
14751
24660
29696
28562
21402
9768
-3740
-16081
-24488
-27110
-23450
-14470
-2370
9933
19489
23995
22337
14836
3174
-10002
-21698
-29260
-30980
-26482
-16796
-4110
8737
18907
24204
23562
17269
6882
-5141
-16010
-23227
-25144
-21317
-12579
-836
11371
21439
27272
27724
22829
13764
2566
-8328
-16611
-20598
-19566
-13876
-4870
5444
14830
21300
23513
21037
14409
4991
-5321
-14505
-20812
-23111
-21086
-15278
-6950
2178
10279
15767
17601
15467
9822
1797
-7032
-14943
-20394
-22308
-20275
-14624
-6366
2997
11743
18255
21326
20385
15618
7946
-1143
-9863
-16470
-19603
-18552
-13416
-5102
4831
14468
21899
25605
24765
19436
10561
-202
-10793
-19159
-23661
-23411
-18457
-9790
852
11321
19489
23676
22989
17506
8259
-2970
-14002
-22701
-27390
-27185
-22159
-13316
-2383
8538
17386
22537
23111
19117
11435
1619
-8414
-16757
-21866
-22839
-19557
-12675
-3479
6373
15156
21389
24077
22861
18059
10579
1745
-6935
-14023
-18380
-19340
-16806
-11247
-3621
4785
12557
18379
21238
20593
16466
9452
634
-8577
-16669
-22278
-24419
-22671
-17266
-9070
547
9934
17446
21735
21998
18136
10784
1216
-8878
-17691
-23626
-25585
-23172
-16768
-7458
3158
13264
21146
25502
25659
21680
14337
4956
-4831
-13373
-19282
-21658
-20214
-15302
-7819
962
9610
16770
21364
22742
20752
15744
8489
60
-8328
-15489
-20425
-22454
-21302
-17139
-10562
-2517
5819
13200
18490
20833
19793
15444
8376
-370
-9452
-17427
-22985
-25167
-23534
-18256
-10098
-306
9595
18051
23738
25781
23899
18445
10342
916
-8328
-15950
-20809
-22233
-20100
-14836
-7317
1280
9676
16676
21335
23071
21720
17531
11107
3316
-4831
-12303
-18167
-21692
-22436
-20294
-15522
-8715
-749
7315
14367
19391
21614
20635
16499
9718
1216
-7793
-15984
-22118
-25243
-24846
-20941
-14071
-5225
4317
13185
20136
24233
24981
22385
16923
9452
1064
-7079
-13917
-18615
-20664
-19908
-16541
-11055
-4160
3299
10441
16433
20571
22346
21500
18059
12350
4978
-3219
-11256
-18121
-22898
-24907
-23810
-19683
-13021
-4692
4186
12397
18810
22546
23111
20461
15010
7549
-873
-9116
-16108
-20992
-23227
-22631
-19380
-13947
-7025
575
8021
14540
19489
22393
22979
21192
17198
11380
4318
-3252
-10500
-16581
-20738
-22403
-21287
-17441
-11278
-3530
4831
12726
19119
23164
24330
22475
17858
11093
3053
-5263
-12871
-18928
-22826
-24245
-23158
-19803
-14624
-8203
-1193
5740
11965
16925
20162
21356
20348
17173
12078
5526
-1827
-9185
-15695
-20553
-23111
-22980
-20099
-14756
-7561
632
8844
16108
21593
24718
25209
23119
18786
12774
5772
-1491
-8328
-14156
-18525
-21131
-21815
-20554
-17456
-12759
-6829
-157
6661
12962
18074
21393
22467
21073
17269
11407
4108
-3815
-11459
-17953
-22575
-24845
-24580
-21894
-17166
-10967
-3970
3141
9741
15316
19489
22014
22770
21741
19008
14749
9242
2876
-3856
-10372
-16048
-20279
-22562
-22571
-20219
-15695
-9452
-2160
5382
12349
18005
21791
23390
22743
20034
15633
10027
3752
-2675
-8791
-14203
-18591
-21694
-23307
-23278
-21529
-18082
-13090
-6866
124
7279
13920
19371
23050
24552
23716
20646
15704
9452
2566
-4252
-10371
-15295
-18702
-20448
-20539
-19094
-16300
-12377
-7562
-2112
3683
9486
14901
19489
22805
24451
24142
21768
17438
11484
4439
-3027
-10196
-16398
-21097
-23949
-24833
-23833
-21195
-17269
-12441
-7082
-1521
3964
9127
13732
17535
20273
21685
21548
19726
16225
11226
5098
-1631
-8328
-14339
-19077
-22108
-23198
-22340
-19731
-15719
-10741
-5241
379
5798
10778
15145
18756
21466
23111
23512
22505
19986
15959
10586
4196
-2727
-9595
-15790
-20750
-24052
-25465
-24976
-22770
-19180
-14624
-9523
-4248
917
5776
10197
14077
17297
19700
21088
21249
20007
17276
13115
7755
1596
-4831
-10938
-16157
-20031
-22272
-22793
-21697
-19237
-15748
-11578
-7027
-2319
2403
7049
11537
15747
19489
22499
24467
25085
24121
21478
17245
11701
5294
-1425
-7882
-13568
-18106
-21295
-23105
-23647
-23111
-21701
-19579
-16838
-13498
-9548
-4992
89
5505
10937
15966
20131
23004
24269
23789
21632
18059
13479
8369
3188
-1692
-6031
-9732
-12810
-15333
-17361
-18889
-19825
-19992
-19174
-17181
-13920
-9452
-4016
1983
8031
13586
18168
21437
23239
23614
22759
20961
18517
15660
12521
9114
5374
1216
-3394
-8381
-13521
-18461
-22755
-25952
-27680
-27728
-26088
-22961
-18716
-13812
-8707
-3772
764
4831
8490
11867
15078
18157
21005
23396
25007
25498
24600
22191
18354
13373
7699
1865
-3613
-8328
-12050
-14744
-16547
-17693
-18431
-18934
-19241
-19243
-18710
-17367
-14982
-11457
-6883
-1553
4073
9452
14062
17506
19582
20313
19919
18745
17163
15467
13805
12147
10313
8037
5073
1287
-3267
-8328
-13456
-18116
-21785
-24065
-24768
-23951
-21896
-19028
-15815
-12647
-9751
-7146
-4666
-2023
1077
4831
9250
14115
19011
23395
26721
28561
28704
27204
24367
20675
16664
12802
9378
6445
3833
1216
-1772
-5409
-9781
-14721
-19828
-24540
-28256
-30482
-30944
-29657
-26921
-23245
-19226
-15398
-12111
-9452
-7239
-5094
-2565
728
4965
10045
15584
20986
25578
28767
30179
29755
27760
24720
21282
18059
15470
13644
12393
11282
9753
7294
3603
-1312
-7104
-13150
-18690
-23005
-25590
-26278
-25276
-23111
-20490
-18120
-16519
-15885
-16045
-16506
-16589
-15621
-13129
-8982
-3453
2828
9013
14239
17836
19489
19316
17833
15814
14091
13329
13846
15527
17844
19995
21112
20496
17815
13207
7266
912
-4831
-9088
-11343
-11577
-10263
-8243
-6510
-5936
-7044
-9852
-13860
-18163
-21681
-23433
-22803
-19704
-14624
-8515
-2563
2101
4690
4961
3277
517
-2150
-3571
-2915
95
5096
11155
16996
21313
23111
21957
18111
12473
6364
1202
-1858
-2218
0
3978
8403
11804
12923
11061
6263
-661
-8328
-15110
-19547
-20709
-18446
-13439
-7038
-933
3268
4451
2288
-2670
-9109
-15281
-19436
-20270
-17269
-10860
-2323
6503
13675
17624
17552
13646
7044
-438
-6748
-10116
-9502
-4874
2766
11612
19489
24393
24992
20975
13146
3247
-6453
-13713
-16874
-15271
-9419
-894
8039
14981
17991
16075
9452
-484
-11483
-20977
-26708
-27284
-22529
-13547
-2464
8071
15531
18124
15240
7608
-2863
-13539
-21694
-25174
-22923
-15258
-3804
8879
19903
26744
27847
23008
13430
1444
-10040
-18230
-21115
-17953
-9452
2389
14751
24660
29696
28562
21402
9768
-3740
-16081
-24488
-27110
-23450
-14470
-2370
9933
19489
23995
22337
14836
3174
-10002
-21698
-29260
-30980
-26482
-16796
-4110
8737
18907
24204
23562
17269
6882
-5141
-16010
-23227
-25144
-21317
-12579
-836
11371
21439
27272
27724
22829
13764
2566
-8328
-16611
-20598
-19566
-13876
-4870
5444
14830
21300
23513
21037
14409
4991
-5321
-14505
-20812
-23111
-21086
-15278
-6950
2178
10279
15767
17601
15467
9822
1797
-7032
-14943
-20394
-22308
-20275
-14624
-6366
2997
11743
18255
21326
20385
15618
7946
-1143
-9863
-16470
-19603
-18552
-13416
-5102
4831
14468
21899
25605
24765
19436
10561
-202
-10793
-19159
-23661
-23411
-18457
-9790
852
11321
19489
23676
22989
17506
8259
-2970
-14002
-22701
-27390
-27185
-22159
-13316
-2383
8538
17386
22537
23111
19117
11435
1619
-8414
-16757
-21866
-22839
-19557
-12675
-3479
6373
15156
21389
24077
22861
18059
10579
1745
-6935
-14023
-18380
-19340
-16806
-11247
-3621
4785
12557
18379
21238
20593
16466
9452
634
-8577
-16669
-22278
-24419
-22671
-17266
-9070
547
9934
17446
21735
21998
18136
10784
1216
-8878
-17691
-23626
-25585
-23172
-16768
-7458
3158
13264
21146
25502
25659
21680
14337
4956
-4831
-13373
-19282
-21658
-20214
-15302
-7819
962
9610
16770
21364
22742
20752
15744
8489
60
-8328
-15489
-20425
-22454
-21302
-17139
-10562
-2517
5819
13200
18490
20833
19793
15444
8376
-370
-9452
-17427
-22985
-25167
-23534
-18256
-10098
-306
9595
18051
23738
25781
23899
18445
10342
916
-8328
-15950
-20809
-22233
-20100
-14836
-7317
1280
9676
16676
21335
23071
21720
17531
11107
3316
-4831
-12303
-18167
-21692
-22436
-20294
-15522
-8715
-749
7315
14367
19391
21614
20635
16499
9718
1216
-7793
-15984
-22118
-25243
-24846
-20941
-14071
-5225
4317
13185
20136
24233
24981
22385
16923
9452
1064
-7079
-13917
-18615
-20664
-19908
-16541
-11055
-4160
3299
10441
16433
20571
22346
21500
18059
12350
4978
-3219
-11256
-18121
-22898
-24907
-23810
-19683
-13021
-4692
4186
12397
18810
22546
23111
20461
15010
7549
-873
-9116
-16108
-20992
-23227
-22631
-19380
-13947
-7025
575
8021
14540
19489
22393
22979
21192
17198
11380
4318
-3252
-10500
-16581
-20738
-22403
-21287
-17441
-11278
-3530
4831
12726
19119
23164
24330
22475
17858
11093
3053
-5263
-12871
-18928
-22826
-24245
-23158
-19803
-14624
-8203
-1193
5740
11965
16925
20162
21356
20348
17173
12078
5526
-1827
-9185
-15695
-20553
-23111
-22980
-20099
-14756
-7561
632
8844
16108
21593
24718
25209
23119
18786
12774
5772
-1491
-8328
-14156
-18525
-21131
-21815
-20554
-17456
-12759
-6829
-157
6661
12962
18074
21393
22467
21073
17269
11407
4108
-3815
-11459
-17953
-22575
-24845
-24580
-21894
-17166
-10967
-3970
3141
9741
15316
19489
22014
22770
21741
19008
14749
9242
2876
-3856
-10372
-16048
-20279
-22562
-22571
-20219
-15695
-9452
-2160
5382
12349
18005
21791
23390
22743
20034
15633
10027
3752
-2675
-8791
-14203
-18591
-21694
-23307
-23278
-21529
-18082
-13090
-6866
124
7279
13920
19371
23050
24552
23716
20646
15704
9452
2566
-4252
-10371
-15295
-18702
-20448
-20539
-19094
-16300
-12377
-7562
-2112
3683
9486
14901
19489
22805
24451
24142
21768
17438
11484
4439
-3027
-10196
-16398
-21097
-23949
-24833
-23833
-21195
-17269
-12441
-7082
-1521
3964
9127
13732
17535
20273
21685
21548
19726
16225
11226
5098
-1631
-8328
-14339
-19077
-22108
-23198
-22340
-19731
-15719
-10741
-5241
379
5798
10778
15145
18756
21466
23111
23512
22505
19986
15959
10586
4196
-2727
-9595
-15790
-20750
-24052
-25465
-24976
-22770
-19180
-14624
-9523
-4248
917
5776
10197
14077
17297
19700
21088
21249
20007
17276
13115
7755
1596
-4831
-10938
-16157
-20031
-22272
-22793
-21697
-19237
-15748
-11578
-7027
-2319
2403
7049
11537
15747
19489
22499
24467
25085
24121
21478
17245
11701
5294
-1425
-7882
-13568
-18106
-21295
-23105
-23647
-23111
-21701
-19579
-16838
-13498
-9548
-4992
89
5505
10937
15966
20131
23004
24269
23789
21632
18059
13479
8369
3188
-1692
-6031
-9732
-12810
-15333
-17361
-18889
-19825
-19992
-19174
-17181
-13920
-9452
-4016
1983
8031
13586
18168
21437
23239
23614
22759
20961
18517
15660
12521
9114
5374
1216
-3394
-8381
-13521
-18461
-22755
-25952
-27680
-27728
-26088
-22961
-18716
-13812
-8707
-3772
764
4831
8490
11867
15078
18157
21005
23396
25007
25498
24600
22191
18354
13373
7699
1865
-3613
-8328
-12050
-14744
-16547
-17693
-18431
-18934
-19241
-19243
-18710
-17367
-14982
-11457
-6883
-1553
4073
9452
14062
17506
19582
20313
19919
18745
17163
15467
13805
12147
10313
8037
5073
1287
-3267
-8328
-13456
-18116
-21785
-24065
-24768
-23951
-21896
-19028
-15815
-12647
-9751
-7146
-4666
-2023
1077
4831
9250
14115
19011
23395
26721
28561
28704
27204
24367
20675
16664
12802
9378
6445
3833
1216
-1772
-5409
-9781
-14721
-19828
-24540
-28256
-30482
-30944
-29657
-26921
-23245
-19226
-15398
-12111
-9452
-7239
-5094
-2565
728
4965
10045
15584
20986
25578
28767
30179
29755
27760
24720
21282
18059
15470
13644
12393
11282
9753
7294
3603
-1312
-7104
-13150
-18690
-23005
-25590
-26278
-25276
-23111
-20490
-18120
-16519
-15885
-16045
-16506
-16589
-15621
-13129
-8982
-3453
2828
9013
14239
17836
19489
19316
17833
15814
14091
13329
13846
15527
17844
19995
21112
20496
17815
13207
7266
912
-4831
-9088
-11343
-11577
-10263
-8243
-6510
-5936
-7044
-9852
-13860
-18163
-21681
-23433
-22803
-19704
-14624
-8515
-2563
2101
4690
4961
3277
517
-2150
-3571
-2915
95
5096
11155
16996
21313
23111
21957
18111
12473
6364
1202
-1858
-2218
0
3978
8403
11804
12923
11061
6263
-661
-8328
-15110
-19547
-20709
-18446
-13439
-7038
-933
3268
4451
2288
-2670
-9109
-15281
-19436
-20270
-17269
-10860
-2323
6503
13675
17624
17552
13646
7044
-438
-6748
-10116
-9502
-4874
2766
11612
19489
24393
24992
20975
13146
3247
-6453
-13713
-16874
-15271
-9419
-894
8039
14981
17991
16075
9452
-484
-11483
-20977
-26708
-27284
-22529
-13547
-2464
8071
15531
18124
15240
7608
-2863
-13539
-21694
-25174
-22923
-15258
-3804
8879
19903
26744
27847
23008
13430
1444
-10040
-18230
-21115
-17953
-9452
2389
14751
24660
29696
28562
21402
9768
-3740
-16081
-24488
-27110
-23450
-14470
-2370
9933
19489
23995
22337
14836
3174
-10002
-21698
-29260
-30980
-26482
-16796
-4110
8737
18907
24204
23562
17269
6882
-5141
-16010
-23227
-25144
-21317
-12579
-836
11371
21439
27272
27724
22829
13764
2566
-8328
-16611
-20598
-19566
-13876
-4870
5444
14830
21300
23513
21037
14409
4991
-5321
-14505
-20812
-23111
-21086
-15278
-6950
2178
10279
15767
17601
15467
9822
1797
-7032
-14943
-20394
-22308
-20275
-14624
-6366
2997
11743
18255
21326
20385
15618
7946
-1143
-9863
-16470
-19603
-18552
-13416
-5102
4831
14468
21899
25605
24765
19436
10561
-202
-10793
-19159
-23661
-23411
-18457
-9790
852
11321
19489
23676
22989
17506
8259
-2970
-14002
-22701
-27390
-27185
-22159
-13316
-2383
8538
17386
22537
23111
19117
11435
1619
-8414
-16757
-21866
-22839
-19557
-12675
-3479
6373
15156
21389
24077
22861
18059
10579
1745
-6935
-14023
-18380
-19340
-16806
-11247
-3621
4785
12557
18379
21238
20593
16466
9452
634
-8577
-16669
-22278
-24419
-22671
-17266
-9070
547
9934
17446
21735
21998
18136
10784
1216
-8878
-17691
-23626
-25585
-23172
-16768
-7458
3158
13264
21146
25502
25659
21680
14337
4956
-4831
-13373
-19282
-21658
-20214
-15302
-7819
962
9610
16770
21364
22742
20752
15744
8489
60
-8328
-15489
-20425
-22454
-21302
-17139
-10562
-2517
5819
13200
18490
20833
19793
15444
8376
-370
-9452
-17427
-22985
-25167
-23534
-18256
-10098
-306
9595
18051
23738
25781
23899
18445
10342
916
-8328
-15950
-20809
-22233
-20100
-14836
-7317
1280
9676
16676
21335
23071
21720
17531
11107
3316
-4831
-12303
-18167
-21692
-22436
-20294
-15522
-8715
-749
7315
14367
19391
21614
20635
16499
9718
1216
-7793
-15984
-22118
-25243
-24846
-20941
-14071
-5225
4317
13185
20136
24233
24981
22385
16923
9452
1064
-7079
-13917
-18615
-20664
-19908
-16541
-11055
-4160
3299
10441
16433
20571
22346
21500
18059
12350
4978
-3219
-11256
-18121
-22898
-24907
-23810
-19683
-13021
-4692
4186
12397
18810
22546
23111
20461
15010
7549
-873
-9116
-16108
-20992
-23227
-22631
-19380
-13947
-7025
575
8021
14540
19489
22393
22979
21192
17198
11380
4318
-3252
-10500
-16581
-20738
-22403
-21287
-17441
-11278
-3530
4831
12726
19119
23164
24330
22475
17858
11093
3053
-5263
-12871
-18928
-22826
-24245
-23158
-19803
-14624
-8203
-1193
5740
11965
16925
20162
21356
20348
17173
12078
5526
-1827
-9185
-15695
-20553
-23111
-22980
-20099
-14756
-7561
632
8844
16108
21593
24718
25209
23119
18786
12774
5772
-1491
-8328
-14156
-18525
-21131
-21815
-20554
-17456
-12759
-6829
-157
6661
12962
18074
21393
22467
21073
17269
11407
4108
-3815
-11459
-17953
-22575
-24845
-24580
-21894
-17166
-10967
-3970
3141
9741
15316
19489
22014
22770
21741
19008
14749
9242
2876
-3856
-10372
-16048
-20279
-22562
-22571
-20219
-15695
-9452
-2160
5382
12349
18005
21791
23390
22743
20034
15633
10027
3752
-2675
-8791
-14203
-18591
-21694
-23307
-23278
-21529
-18082
-13090
-6866
124
7279
13920
19371
23050
24552
23716
20646
15704
9452
2566
-4252
-10371
-15295
-18702
-20448
-20539
-19094
-16300
-12377
-7562
-2112
3683
9486
14901
19489
22805
24451
24142
21768
17438
11484
4439
-3027
-10196
-16398
-21097
-23949
-24833
-23833
-21195
-17269
-12441
-7082
-1521
3964
9127
13732
17535
20273
21685
21548
19726
16225
11226
5098
-1631
-8328
-14339
-19077
-22108
-23198
-22340
-19731
-15719
-10741
-5241
379
5798
10778
15145
18756
21466
23111
23512
22505
19986
15959
10586
4196
-2727
-9595
-15790
-20750
-24052
-25465
-24976
-22770
-19180
-14624
-9523
-4248
917
5776
10197
14077
17297
19700
21088
21249
20007
17276
13115
7755
1596
-4831
-10938
-16157
-20031
-22272
-22793
-21697
-19237
-15748
-11578
-7027
-2319
2403
7049
11537
15747
19489
22499
24467
25085
24121
21478
17245
11701
5294
-1425
-7882
-13568
-18106
-21295
-23105
-23647
-23111
-21701
-19579
-16838
-13498
-9548
-4992
89
5505
10937
15966
20131
23004
24269
23789
21632
18059
13479
8369
3188
-1692
-6031
-9732
-12810
-15333
-17361
-18889
-19825
-19992
-19174
-17181
-13920
-9452
-4016
1983
8031
13586
18168
21437
23239
23614
22759
20961
18517
15660
12521
9114
5374
1216
-3394
-8381
-13521
-18461
-22755
-25952
-27680
-27728
-26088
-22961
-18716
-13812
-8707
-3772
764
4831
8490
11867
15078
18157
21005
23396
25007
25498
24600
22191
18354
13373
7699
1865
-3613
-8328
-12050
-14744
-16547
-17693
-18431
-18934
-19241
-19243
-18710
-17367
-14982
-11457
-6883
-1553
4073
9452
14062
17506
19582
20313
19919
18745
17163
15467
13805
12147
10313
8037
5073
1287
-3267
-8328
-13456
-18116
-21785
-24065
-24768
-23951
-21896
-19028
-15815
-12647
-9751
-7146
-4666
-2023
1077
4831
9250
14115
19011
23395
26721
28561
28704
27204
24367
20675
16664
12802
9378
6445
3833
1216
-1772
-5409
-9781
-14721
-19828
-24540
-28256
-30482
-30944
-29657
-26921
-23245
-19226
-15398
-12111
-9452
-7239
-5094
-2565
728
4965
10045
15584
20986
25578
28767
30179
29755
27760
24720
21282
18059
15470
13644
12393
11282
9753
7294
3603
-1312
-7104
-13150
-18690
-23005
-25590
-26278
-25276
-23111
-20490
-18120
-16519
-15885
-16045
-16506
-16589
-15621
-13129
-8982
-3453
2828
9013
14239
17836
19489
19316
17833
15814
14091
13329
13846
15527
17844
19995
21112
20496
17815
13207
7266
912
-4831
-9088
-11343
-11577
-10263
-8243
-6510
-5936
-7044
-9852
-13860
-18163
-21681
-23433
-22803
-19704
-14624
-8515
-2563
2101
4690
4961
3277
517
-2150
-3571
-2915
95
5096
11155
16996
21313
23111
21957
18111
12473
6364
1202
-1858
-2218
0
3978
8403
11804
12923
11061
6263
-661
-8328
-15110
-19547
-20709
-18446
-13439
-7038
-933
3268
4451
2288
-2670
-9109
-15281
-19436
-20270
-17269
-10860
-2323
6503
13675
17624
17552
13646
7044
-438
-6748
-10116
-9502
-4874
2766
11612
19489
24393
24992
20975
13146
3247
-6453
-13713
-16874
-15271
-9419
-894
8039
14981
17991
16075
9452
-484
-11483
-20977
-26708
-27284
-22529
-13547
-2464
8071
15531
18124
15240
7608
-2863
-13539
-21694
-25174
-22923
-15258
-3804
8879
19903
26744
27847
23008
13430
1444
-10040
-18230
-21115
-17953
-9452
2389
14751
24660
29696
28562
21402
9768
-3740
-16081
-24488
-27110
-23450
-14470
-2370
9933
19489
23995
22337
14836
3174
-10002
-21698
-29260
-30980
-26482
-16796
-4110
8737
18907
24204
23562
17269
6882
-5141
-16010
-23227
-25144
-21317
-12579
-836
11371
21439
27272
27724
22829
13764
2566
-8328
-16611
-20598
-19566
-13876
-4870
5444
14830
21300
23513
21037
14409
4991
-5321
-14505
-20812
-23111
-21086
-15278
-6950
2178
10279
15767
17601
15467
9822
1797
-7032
-14943
-20394
-22308
-20275
-14624
-6366
2997
11743
18255
21326
20385
15618
7946
-1143
-9863
-16470
-19603
-18552
-13416
-5102
4831
14468
21899
25605
24765
19436
10561
-202
-10793
-19159
-23661
-23411
-18457
-9790
852
11321
19489
23676
22989
17506
8259
-2970
-14002
-22701
-27390
-27185
-22159
-13316
-2383
8538
17386
22537
23111
19117
11435
1619
-8414
-16757
-21866
-22839
-19557
-12675
-3479
6373
15156
21389
24077
22861
18059
10579
1745
-6935
-14023
-18380
-19340
-16806
-11247
-3621
4785
12557
18379
21238
20593
16466
9452
634
-8577
-16669
-22278
-24419
-22671
-17266
-9070
547
9934
17446
21735
21998
18136
10784
1216
-8878
-17691
-23626
-25585
-23172
-16768
-7458
3158
13264
21146
25502
25659
21680
14337
4956
-4831
-13373
-19282
-21658
-20214
-15302
-7819
962
9610
16770
21364
22742
20752
15744
8489
60
-8328
-15489
-20425
-22454
-21302
-17139
-10562
-2517
5819
13200
18490
20833
19793
15444
8376
-370
-9452
-17427
-22985
-25167
-23534
-18256
-10098
-306
9595
18051
23738
25781
23899
18445
10342
916
-8328
-15950
-20809
-22233
-20100
-14836
-7317
1280
9676
16676
21335
23071
21720
17531
11107
3316
-4831
-12303
-18167
-21692
-22436
-20294
-15522
-8715
-749
7315
14367
19391
21614
20635
16499
9718
1216
-7793
-15984
-22118
-25243
-24846
-20941
-14071
-5225
4317
13185
20136
24233
24981
22385
16923
9452
1064
-7079
-13917
-18615
-20664
-19908
-16541
-11055
-4160
3299
10441
16433
20571
22346
21500
18059
12350
4978
-3219
-11256
-18121
-22898
-24907
-23810
-19683
-13021
-4692
4186
12397
18810
22546
23111
20461
15010
7549
-873
-9116
-16108
-20992
-23227
-22631
-19380
-13947
-7025
575
8021
14540
19489
22393
22979
21192
17198
11380
4318
-3252
-10500
-16581
-20738
-22403
-21287
-17441
-11278
-3530
4831
12726
19119
23164
24330
22475
17858
11093
3053
-5263
-12871
-18928
-22826
-24245
-23158
-19803
-14624
-8203
-1193
5740
11965
16925
20162
21356
20348
17173
12078
5526
-1827
-9185
-15695
-20553
-23111
-22980
-20099
-14756
-7561
632
8844
16108
21593
24718
25209
23119
18786
12774
5772
-1491
-8328
-14156
-18525
-21131
-21815
-20554
-17456
-12759
-6829
-157
6661
12962
18074
21393
22467
21073
17269
11407
4108
-3815
-11459
-17953
-22575
-24845
-24580
-21894
-17166
-10967
-3970
3141
9741
15316
19489
22014
22770
21741
19008
14749
9242
2876
-3856
-10372
-16048
-20279
-22562
-22571
-20219
-15695
-9452
-2160
5382
12349
18005
21791
23390
22743
20034
15633
10027
3752
-2675
-8791
-14203
-18591
-21694
-23307
-23278
-21529
-18082
-13090
-6866
124
7279
13920
19371
23050
24552
23716
20646
15704
9452
2566
-4252
-10371
-15295
-18702
-20448
-20539
-19094
-16300
-12377
-7562
-2112
3683
9486
14901
19489
22805
24451
24142
21768
17438
11484
4439
-3027
-10196
-16398
-21097
-23949
-24833
-23833
-21195
-17269
-12441
-7082
-1521
3964
9127
13732
17535
20273
21685
21548
19726
16225
11226
5098
-1631
-8328
-14339
-19077
-22108
-23198
-22340
-19731
-15719
-10741
-5241
379
5798
10778
15145
18756
21466
23111
23512
22505
19986
15959
10586
4196
-2727
-9595
-15790
-20750
-24052
-25465
-24976
-22770
-19180
-14624
-9523
-4248
917
5776
10197
14077
17297
19700
21088
21249
20007
17276
13115
7755
1596
-4831
-10938
-16157
-20031
-22272
-22793
-21697
-19237
-15748
-11578
-7027
-2319
2403
7049
11537
15747
19489
22499
24467
25085
24121
21478
17245
11701
5294
-1425
-7882
-13568
-18106
-21295
-23105
-23647
-23111
-21701
-19579
-16838
-13498
-9548
-4992
89
5505
10937
15966
20131
23004
24269
23789
21632
18059
13479
8369
3188
-1692
-6031
-9732
-12810
-15333
-17361
-18889
-19825
-19992
-19174
-17181
-13920
-9452
-4016
1983
8031
13586
18168
21437
23239
23614
22759
20961
18517
15660
12521
9114
5374
1216
-3394
-8381
-13521
-18461
-22755
-25952
-27680
-27728
-26088
-22961
-18716
-13812
-8707
-3772
764
4831
8490
11867
15078
18157
21005
23396
25007
25498
24600
22191
18354
13373
7699
1865
-3613
-8328
-12050
-14744
-16547
-17693
-18431
-18934
-19241
-19243
-18710
-17367
-14982
-11457
-6883
-1553
4073
9452
14062
17506
19582
20313
19919
18745
17163
15467
13805
12147
10313
8037
5073
1287
-3267
-8328
-13456
-18116
-21785
-24065
-24768
-23951
-21896
-19028
-15815
-12647
-9751
-7146
-4666
-2023
1077
4831
9250
14115
19011
23395
26721
28561
28704
27204
24367
20675
16664
12802
9378
6445
3833
1216
-1772
-5409
-9781
-14721
-19828
-24540
-28256
-30482
-30944
-29657
-26921
-23245
-19226
-15398
-12111
-9452
-7239
-5094
-2565
728
4965
10045
15584
20986
25578
28767
30179
29755
27760
24720
21282
18059
15470
13644
12393
11282
9753
7294
3603
-1312
-7104
-13150
-18690
-23005
-25590
-26278
-25276
-23111
-20490
-18120
-16519
-15885
-16045
-16506
-16589
-15621
-13129
-8982
-3453
2828
9013
14239
17836
19489
19316
17833
15814
14091
13329
13846
15527
17844
19995
21112
20496
17815
13207
7266
912
-4831
-9088
-11343
-11577
-10263
-8243
-6510
-5936
-7044
-9852
-13860
-18163
-21681
-23433
-22803
-19704
-14624
-8515
-2563
2101
4690
4961
3277
517
-2150
-3571
-2915
95
5096
11155
16996
21313
23111
21957
18111
12473
6364
1202
-1858
-2218
0
3978
8403
11804
12923
11061
6263
-661
-8328
-15110
-19547
-20709
-18446
-13439
-7038
-933
3268
4451
2288
-2670
-9109
-15281
-19436
-20270
-17269
-10860
-2323
6503
13675
17624
17552
13646
7044
-438
-6748
-10116
-9502
-4874
2766
11612
19489
24393
24992
20975
13146
3247
-6453
-13713
-16874
-15271
-9419
-894
8039
14981
17991
16075
9452
-484
-11483
-20977
-26708
-27284
-22529
-13547
-2464
8071
15531
18124
15240
7608
-2863
-13539
-21694
-25174
-22923
-15258
-3804
8879
19903
26744
27847
23008
13430
1444
-10040
-18230
-21115
-17953
-9452
2389
14751
24660
29696
28562
21402
9768
-3740
-16081
-24488
-27110
-23450
-14470
-2370
9933
19489
23995
22337
14836
3174
-10002
-21698
-29260
-30980
-26482
-16796
-4110
8737
18907
24204
23562
17269
6882
-5141
-16010
-23227
-25144
-21317
-12579
-836
11371
21439
27272
27724
22829
13764
2566
-8328
-16611
-20598
-19566
-13876
-4870
5444
14830
21300
23513
21037
14409
4991
-5321
-14505
-20812
-23111
-21086
-15278
-6950
2178
10279
15767
17601
15467
9822
1797
-7032
-14943
-20394
-22308
-20275
-14624
-6366
2997
11743
18255
21326
20385
15618
7946
-1143
-9863
-16470
-19603
-18552
-13416
-5102
4831
14468
21899
25605
24765
19436
10561
-202
-10793
-19159
-23661
-23411
-18457
-9790
852
11321
19489
23676
22989
17506
8259
-2970
-14002
-22701
-27390
-27185
-22159
-13316
-2383
8538
17386
22537
23111
19117
11435
1619
-8414
-16757
-21866
-22839
-19557
-12675
-3479
6373
15156
21389
24077
22861
18059
10579
1745
-6935
-14023
-18380
-19340
-16806
-11247
-3621
4785
12557
18379
21238
20593
16466
9452
634
-8577
-16669
-22278
-24419
-22671
-17266
-9070
547
9934
17446
21735
21998
18136
10784
1216
-8878
-17691
-23626
-25585
-23172
-16768
-7458
3158
13264
21146
25502
25659
21680
14337
4956
-4831
-13373
-19282
-21658
-20214
-15302
-7819
962
9610
16770
21364
22742
20752
15744
8489
60
-8328
-15489
-20425
-22454
-21302
-17139
-10562
-2517
5819
13200
18490
20833
19793
15444
8376
-370
-9452
-17427
-22985
-25167
-23534
-18256
-10098
-306
9595
18051
23738
25781
23899
18445
10342
916
-8328
-15950
-20809
-22233
-20100
-14836
-7317
1280
9676
16676
21335
23071
21720
17531
11107
3316
-4831
-12303
-18167
-21692
-22436
-20294
-15522
-8715
-749
7315
14367
19391
21614
20635
16499
9718
1216
-7793
-15984
-22118
-25243
-24846
-20941
-14071
-5225
4317
13185
20136
24233
24981
22385
16923
9452
1064
-7079
-13917
-18615
-20664
-19908
-16541
-11055
-4160
3299
10441
16433
20571
22346
21500
18059
12350
4978
-3219
-11256
-18121
-22898
-24907
-23810
-19683
-13021
-4692
4186
12397
18810
22546
23111
20461
15010
7549
-873
-9116
-16108
-20992
-23227
-22631
-19380
-13947
-7025
575
8021
14540
19489
22393
22979
21192
17198
11380
4318
-3252
-10500
-16581
-20738
-22403
-21287
-17441
-11278
-3530
4831
12726
19119
23164
24330
22475
17858
11093
3053
-5263
-12871
-18928
-22826
-24245
-23158
-19803
-14624
-8203
-1193
5740
11965
16925
20162
21356
20348
17173
12078
5526
-1827
-9185
-15695
-20553
-23111
-22980
-20099
-14756
-7561
632
8844
16108
21593
24718
25209
23119
18786
12774
5772
-1491
-8328
-14156
-18525
-21131
-21815
-20554
-17456
-12759
-6829
-157
6661
12962
18074
21393
22467
21073
17269
11407
4108
-3815
-11459
-17953
-22575
-24845
-24580
-21894
-17166
-10967
-3970
3141
9741
15316
19489
22014
22770
21741
19008
14749
9242
2876
-3856
-10372
-16048
-20279
-22562
-22571
-20219
-15695
-9452
-2160
5382
12349
18005
21791
23390
22743
20034
15633
10027
3752
-2675
-8791
-14203
-18591
-21694
-23307
-23278
-21529
-18082
-13090
-6866
124
7279
13920
19371
23050
24552
23716
20646
15704
9452
2566
-4252
-10371
-15295
-18702
-20448
-20539
-19094
-16300
-12377
-7562
-2112
3683
9486
14901
19489
22805
24451
24142
21768
17438
11484
4439
-3027
-10196
-16398
-21097
-23949
-24833
-23833
-21195
-17269
-12441
-7082
-1521
3964
9127
13732
17535
20273
21685
21548
19726
16225
11226
5098
-1631
-8328
-14339
-19077
-22108
-23198
-22340
-19731
-15719
-10741
-5241
379
5798
10778
15145
18756
21466
23111
23512
22505
19986
15959
10586
4196
-2727
-9595
-15790
-20750
-24052
-25465
-24976
-22770
-19180
-14624
-9523
-4248
917
5776
10197
14077
17297
19700
21088
21249
20007
17276
13115
7755
1596
-4831
-10938
-16157
-20031
-22272
-22793
-21697
-19237
-15748
-11578
-7027
-2319
2403
7049
11537
15747
19489
22499
24467
25085
24121
21478
17245
11701
5294
-1425
-7882
-13568
-18106
-21295
-23105
-23647
-23111
-21701
-19579
-16838
-13498
-9548
-4992
89
5505
10937
15966
20131
23004
24269
23789
21632
18059
13479
8369
3188
-1692
-6031
-9732
-12810
-15333
-17361
-18889
-19825
-19992
-19174
-17181
-13920
-9452
-4016
1983
8031
13586
18168
21437
23239
23614
22759
20961
18517
15660
12521
9114
5374
1216
-3394
-8381
-13521
-18461
-22755
-25952
-27680
-27728
-26088
-22961
-18716
-13812
-8707
-3772
764
4831
8490
11867
15078
18157
21005
23396
25007
25498
24600
22191
18354
13373
7699
1865
-3613
-8328
-12050
-14744
-16547
-17693
-18431
-18934
-19241
-19243
-18710
-17367
-14982
-11457
-6883
-1553
4073
9452
14062
17506
19582
20313
19919
18745
17163
15467
13805
12147
10313
8037
5073
1287
-3267
-8328
-13456
-18116
-21785
-24065
-24768
-23951
-21896
-19028
-15815
-12647
-9751
-7146
-4666
-2023
1077
4831
9250
14115
19011
23395
26721
28561
28704
27204
24367
20675
16664
12802
9378
6445
3833
1216
-1772
-5409
-9781
-14721
-19828
-24540
-28256
-30482
-30944
-29657
-26921
-23245
-19226
-15398
-12111
-9452
-7239
-5094
-2565
728
4965
10045
15584
20986
25578
28767
30179
29755
27760
24720
21282
18059
15470
13644
12393
11282
9753
7294
3603
-1312
-7104
-13150
-18690
-23005
-25590
-26278
-25276
-23111
-20490
-18120
-16519
-15885
-16045
-16506
-16589
-15621
-13129
-8982
-3453
2828
9013
14239
17836
19489
19316
17833
15814
14091
13329
13846
15527
17844
19995
21112
20496
17815
13207
7266
912
-4831
-9088
-11343
-11577
-10263
-8243
-6510
-5936
-7044
-9852
-13860
-18163
-21681
-23433
-22803
-19704
-14624
-8515
-2563
2101
4690
4961
3277
517
-2150
-3571
-2915
95
5096
11155
16996
21313
23111
21957
18111
12473
6364
1202
-1858
-2218
0
3978
8403
11804
12923
11061
6263
-661
-8328
-15110
-19547
-20709
-18446
-13439
-7038
-933
3268
4451
2288
-2670
-9109
-15281
-19436
-20270
17269
10860
2323
-6503
-13675
-17624
-17552
-13646
-7044
438
6748
10116
9502
4874
-2766
-11612
-19489
-24393
-24992
-20975
-13146
-3247
6453
13713
16874
15271
9419
894
-8039
-14981
-17991
-16075
-9452
484
11483
20977
26708
27284
22529
13547
2464
-8071
-15531
-18124
-15240
-7608
2863
13539
21694
25174
22923
15258
3804
-8879
-19903
-26744
-27847
-23008
-13430
-1444
10040
18230
21115
17953
9452
-2389
-14751
-24660
-29696
-28562
-21402
-9768
3740
16081
24488
27110
23450
14470
2370
-9933
-19489
-23995
-22337
-14836
-3174
10002
21698
29260
30980
26482
16796
4110
-8737
-18907
-24204
-23562
-17269
-6882
5141
16010
23227
25144
21317
12579
836
-11371
-21439
-27272
-27724
-22829
-13764
-2566
8328
16611
20598
19566
13876
4870
-5444
-14830
-21300
-23513
-21037
-14409
-4991
5321
14505
20812
23111
21086
15278
6950
-2178
-10279
-15767
-17601
-15467
-9822
-1797
7032
14943
20394
22308
20275
14624
6366
-2997
-11743
-18255
-21326
-20385
-15618
-7946
1143
9863
16470
19603
18552
13416
5102
-4831
-14468
-21899
-25605
-24765
-19436
-10561
202
10793
19159
23661
23411
18457
9790
-852
-11321
-19489
-23676
-22989
-17506
-8259
2970
14002
22701
27390
27185
22159
13316
2383
-8538
-17386
-22537
-23111
-19117
-11435
-1619
8414
16757
21866
22839
19557
12675
3479
-6373
-15156
-21389
-24077
-22861
-18059
-10579
-1745
6935
14023
18380
19340
16806
11247
3621
-4785
-12557
-18379
-21238
-20593
-16466
-9452
-634
8577
16669
22278
24419
22671
17266
9070
-547
-9934
-17446
-21735
-21998
-18136
-10784
-1216
8878
17691
23626
25585
23172
16768
7458
-3158
-13264
-21146
-25502
-25659
-21680
-14337
-4956
4831
13373
19282
21658
20214
15302
7819
-962
-9610
-16770
-21364
-22742
-20752
-15744
-8489
-60
8328
15489
20425
22454
21302
17139
10562
2517
-5819
-13200
-18490
-20833
-19793
-15444
-8376
370
9452
17427
22985
25167
23534
18256
10098
306
-9595
-18051
-23738
-25781
-23899
-18445
-10342
-916
8328
15950
20809
22233
20100
14836
7317
-1280
-9676
-16676
-21335
-23071
-21720
-17531
-11107
-3316
4831
12303
18167
21692
22436
20294
15522
8715
749
-7315
-14367
-19391
-21614
-20635
-16499
-9718
-1216
7793
15984
22118
25243
24846
20941
14071
5225
-4317
-13185
-20136
-24233
-24981
-22385
-16923
-9452
-1064
7079
13917
18615
20664
19908
16541
11055
4160
-3299
-10441
-16433
-20571
-22346
-21500
-18059
-12350
-4978
3219
11256
18121
22898
24907
23810
19683
13021
4692
-4186
-12397
-18810
-22546
-23111
-20461
-15010
-7549
873
9116
16108
20992
23227
22631
19380
13947
7025
-575
-8021
-14540
-19489
-22393
-22979
-21192
-17198
-11380
-4318
3252
10500
16581
20738
22403
21287
17441
11278
3530
-4831
-12726
-19119
-23164
-24330
-22475
-17858
-11093
-3053
5263
12871
18928
22826
24245
23158
19803
14624
8203
1193
-5740
-11965
-16925
-20162
-21356
-20348
-17173
-12078
-5526
1827
9185
15695
20553
23111
22980
20099
14756
7561
-632
-8844
-16108
-21593
-24718
-25209
-23119
-18786
-12774
-5772
1491
8328
14156
18525
21131
21815
20554
17456
12759
6829
157
-6661
-12962
-18074
-21393
-22467
-21073
-17269
-11407
-4108
3815
11459
17953
22575
24845
24580
21894
17166
10967
3970
-3141
-9741
-15316
-19489
-22014
-22770
-21741
-19008
-14749
-9242
-2876
3856
10372
16048
20279
22562
22571
20219
15695
9452
2160
-5382
-12349
-18005
-21791
-23390
-22743
-20034
-15633
-10027
-3752
2675
8791
14203
18591
21694
23307
23278
21529
18082
13090
6866
-124
-7279
-13920
-19371
-23050
-24552
-23716
-20646
-15704
-9452
-2566
4252
10371
15295
18702
20448
20539
19094
16300
12377
7562
2112
-3683
-9486
-14901
-19489
-22805
-24451
-24142
-21768
-17438
-11484
-4439
3027
10196
16398
21097
23949
24833
23833
21195
17269
12441
7082
1521
-3964
-9127
-13732
-17535
-20273
-21685
-21548
-19726
-16225
-11226
-5098
1631
8328
14339
19077
22108
23198
22340
19731
15719
10741
5241
-379
-5798
-10778
-15145
-18756
-21466
-23111
-23512
-22505
-19986
-15959
-10586
-4196
2727
9595
15790
20750
24052
25465
24976
22770
19180
14624
9523
4248
-917
-5776
-10197
-14077
-17297
-19700
-21088
-21249
-20007
-17276
-13115
-7755
-1596
4831
10938
16157
20031
22272
22793
21697
19237
15748
11578
7027
2319
-2403
-7049
-11537
-15747
-19489
-22499
-24467
-25085
-24121
-21478
-17245
-11701
-5294
1425
7882
13568
18106
21295
23105
23647
23111
21701
19579
16838
13498
9548
4992
-89
-5505
-10937
-15966
-20131
-23004
-24269
-23789
-21632
-18059
-13479
-8369
-3188
1692
6031
9732
12810
15333
17361
18889
19825
19992
19174
17181
13920
9452
4016
-1983
-8031
-13586
-18168
-21437
-23239
-23614
-22759
-20961
-18517
-15660
-12521
-9114
-5374
-1216
3394
8381
13521
18461
22755
25952
27680
27728
26088
22961
18716
13812
8707
3772
-764
-4831
-8490
-11867
-15078
-18157
-21005
-23396
-25007
-25498
-24600
-22191
-18354
-13373
-7699
-1865
3613
8328
12050
14744
16547
17693
18431
18934
19241
19243
18710
17367
14982
11457
6883
1553
-4073
-9452
-14062
-17506
-19582
-20313
-19919
-18745
-17163
-15467
-13805
-12147
-10313
-8037
-5073
-1287
3267
8328
13456
18116
21785
24065
24768
23951
21896
19028
15815
12647
9751
7146
4666
2023
-1077
-4831
-9250
-14115
-19011
-23395
-26721
-28561
-28704
-27204
-24367
-20675
-16664
-12802
-9378
-6445
-3833
-1216
1772
5409
9781
14721
19828
24540
28256
30482
30944
29657
26921
23245
19226
15398
12111
9452
7239
5094
2565
-728
-4965
-10045
-15584
-20986
-25578
-28767
-30179
-29755
-27760
-24720
-21282
-18059
-15470
-13644
-12393
-11282
-9753
-7294
-3603
1312
7104
13150
18690
23005
25590
26278
25276
23111
20490
18120
16519
15885
16045
16506
16589
15621
13129
8982
3453
-2828
-9013
-14239
-17836
-19489
-19316
-17833
-15814
-14091
-13329
-13846
-15527
-17844
-19995
-21112
-20496
-17815
-13207
-7266
-912
4831
9088
11343
11577
10263
8243
6510
5936
7044
9852
13860
18163
21681
23433
22803
19704
14624
8515
2563
-2101
-4690
-4961
-3277
-517
2150
3571
2915
-95
-5096
-11155
-16996
-21313
-23111
-21957
-18111
-12473
-6364
-1202
1858
2218
0
-3978
-8403
-11804
-12923
-11061
-6263
661
8328
15110
19547
20709
18446
13439
7038
933
-3268
-4451
-2288
2670
9109
15281
19436
20270
-17269
-10860
-2323
6503
13675
17624
17552
13646
7044
-438
-6748
-10116
-9502
-4874
2766
11612
19489
24393
24992
20975
13146
3247
-6453
-13713
-16874
-15271
-9419
-894
8039
14981
17991
16075
9452
-484
-11483
-20977
-26708
-27284
-22529
-13547
-2464
8071
15531
18124
15240
7608
-2863
-13539
-21694
-25174
-22923
-15258
-3804
8879
19903
26744
27847
23008
13430
1444
-10040
-18230
-21115
-17953
-9452
2389
14751
24660
29696
28562
21402
9768
-3740
-16081
-24488
-27110
-23450
-14470
-2370
9933
19489
23995
22337
14836
3174
-10002
-21698
-29260
-30980
-26482
-16796
-4110
8737
18907
24204
23562
17269
6882
-5141
-16010
-23227
-25144
-21317
-12579
-836
11371
21439
27272
27724
22829
13764
2566
-8328
-16611
-20598
-19566
-13876
-4870
5444
14830
21300
23513
21037
14409
4991
-5321
-14505
-20812
-23111
-21086
-15278
-6950
2178
10279
15767
17601
15467
9822
1797
-7032
-14943
-20394
-22308
-20275
-14624
-6366
2997
11743
18255
21326
20385
15618
7946
-1143
-9863
-16470
-19603
-18552
-13416
-5102
4831
14468
21899
25605
24765
19436
10561
-202
-10793
-19159
-23661
-23411
-18457
-9790
852
11321
19489
23676
22989
17506
8259
-2970
-14002
-22701
-27390
-27185
-22159
-13316
-2383
8538
17386
22537
23111
19117
11435
1619
-8414
-16757
-21866
-22839
-19557
-12675
-3479
6373
15156
21389
24077
22861
18059
10579
1745
-6935
-14023
-18380
-19340
-16806
-11247
-3621
4785
12557
18379
21238
20593
16466
9452
634
-8577
-16669
-22278
-24419
-22671
-17266
-9070
547
9934
17446
21735
21998
18136
10784
1216
-8878
-17691
-23626
-25585
-23172
-16768
-7458
3158
13264
21146
25502
25659
21680
14337
4956
-4831
-13373
-19282
-21658
-20214
-15302
-7819
962
9610
16770
21364
22742
20752
15744
8489
60
-8328
-15489
-20425
-22454
-21302
-17139
-10562
-2517
5819
13200
18490
20833
19793
15444
8376
-370
-9452
-17427
-22985
-25167
-23534
-18256
-10098
-306
9595
18051
23738
25781
23899
18445
10342
916
-8328
-15950
-20809
-22233
-20100
-14836
-7317
1280
9676
16676
21335
23071
21720
17531
11107
3316
-4831
-12303
-18167
-21692
-22436
-20294
-15522
-8715
-749
7315
14367
19391
21614
20635
16499
9718
1216
-7793
-15984
-22118
-25243
-24846
-20941
-14071
-5225
4317
13185
20136
24233
24981
22385
16923
9452
1064
-7079
-13917
-18615
-20664
-19908
-16541
-11055
-4160
3299
10441
16433
20571
22346
21500
18059
12350
4978
-3219
-11256
-18121
-22898
-24907
-23810
-19683
-13021
-4692
4186
12397
18810
22546
23111
20461
15010
7549
-873
-9116
-16108
-20992
-23227
-22631
-19380
-13947
-7025
575
8021
14540
19489
22393
22979
21192
17198
11380
4318
-3252
-10500
-16581
-20738
-22403
-21287
-17441
-11278
-3530
4831
12726
19119
23164
24330
22475
17858
11093
3053
-5263
-12871
-18928
-22826
-24245
-23158
-19803
-14624
-8203
-1193
5740
11965
16925
20162
21356
20348
17173
12078
5526
-1827
-9185
-15695
-20553
-23111
-22980
-20099
-14756
-7561
632
8844
16108
21593
24718
25209
23119
18786
12774
5772
-1491
-8328
-14156
-18525
-21131
-21815
-20554
-17456
-12759
-6829
-157
6661
12962
18074
21393
22467
21073
17269
11407
4108
-3815
-11459
-17953
-22575
-24845
-24580
-21894
-17166
-10967
-3970
3141
9741
15316
19489
22014
22770
21741
19008
14749
9242
2876
-3856
-10372
-16048
-20279
-22562
-22571
-20219
-15695
-9452
-2160
5382
12349
18005
21791
23390
22743
20034
15633
10027
3752
-2675
-8791
-14203
-18591
-21694
-23307
-23278
-21529
-18082
-13090
-6866
124
7279
13920
19371
23050
24552
23716
20646
15704
9452
2566
-4252
-10371
-15295
-18702
-20448
-20539
-19094
-16300
-12377
-7562
-2112
3683
9486
14901
19489
22805
24451
24142
21768
17438
11484
4439
-3027
-10196
-16398
-21097
-23949
-24833
-23833
-21195
-17269
-12441
-7082
-1521
3964
9127
13732
17535
20273
21685
21548
19726
16225
11226
5098
-1631
-8328
-14339
-19077
-22108
-23198
-22340
-19731
-15719
-10741
-5241
379
5798
10778
15145
18756
21466
23111
23512
22505
19986
15959
10586
4196
-2727
-9595
-15790
-20750
-24052
-25465
-24976
-22770
-19180
-14624
-9523
-4248
917
5776
10197
14077
17297
19700
21088
21249
20007
17276
13115
7755
1596
-4831
-10938
-16157
-20031
-22272
-22793
-21697
-19237
-15748
-11578
-7027
-2319
2403
7049
11537
15747
19489
22499
24467
25085
24121
21478
17245
11701
5294
-1425
-7882
-13568
-18106
-21295
-23105
-23647
-23111
-21701
-19579
-16838
-13498
-9548
-4992
89
5505
10937
15966
20131
23004
24269
23789
21632
18059
13479
8369
3188
-1692
-6031
-9732
-12810
-15333
-17361
-18889
-19825
-19992
-19174
-17181
-13920
-9452
-4016
1983
8031
13586
18168
21437
23239
23614
22759
20961
18517
15660
12521
9114
5374
1216
-3394
-8381
-13521
-18461
-22755
-25952
-27680
-27728
-26088
-22961
-18716
-13812
-8707
-3772
764
4831
8490
11867
15078
18157
21005
23396
25007
25498
24600
22191
18354
13373
7699
1865
-3613
-8328
-12050
-14744
-16547
-17693
-18431
-18934
-19241
-19243
-18710
-17367
-14982
-11457
-6883
-1553
4073
9452
14062
17506
19582
20313
19919
18745
17163
15467
13805
12147
10313
8037
5073
1287
-3267
-8328
-13456
-18116
-21785
-24065
-24768
-23951
-21896
-19028
-15815
-12647
-9751
-7146
-4666
-2023
1077
4831
9250
14115
19011
23395
26721
28561
28704
27204
24367
20675
16664
12802
9378
6445
3833
1216
-1772
-5409
-9781
-14721
-19828
-24540
-28256
-30482
-30944
-29657
-26921
-23245
-19226
-15398
-12111
-9452
-7239
-5094
-2565
728
4965
10045
15584
20986
25578
28767
30179
29755
27760
24720
21282
18059
15470
13644
12393
11282
9753
7294
3603
-1312
-7104
-13150
-18690
-23005
-25590
-26278
-25276
-23111
-20490
-18120
-16519
-15885
-16045
-16506
-16589
-15621
-13129
-8982
-3453
2828
9013
14239
17836
19489
19316
17833
15814
14091
13329
13846
15527
17844
19995
21112
20496
17815
13207
7266
912
-4831
-9088
-11343
-11577
-10263
-8243
-6510
-5936
-7044
-9852
-13860
-18163
-21681
-23433
-22803
-19704
-14624
-8515
-2563
2101
4690
4961
3277
517
-2150
-3571
-2915
95
5096
11155
16996
21313
23111
21957
18111
12473
6364
1202
-1858
-2218
0
3978
8403
11804
12923
11061
6263
-661
-8328
-15110
-19547
-20709
-18446
-13439
-7038
-933
3268
4451
2288
-2670
-9109
-15281
-19436
-20270
0
0
0
0
0
0
0
0
0
0
0
0
0
0
0
0
0
0
0
0
0
0
0
0
0
0
0
0
0
0
0
0
0
0
0
0
0
0
0
0
0
0
0
0
0
0
0
0
0
0
0
0
0
0
0
0
0
0
0
0
0
0
0
0
0
0
0
0
0
0
0
0
0
0
0
0
0
0
0
0
0
0
0
0
0
0
0
0
0
0
0
0
0
0
0
0
0
0
0
0
0
0
0
0
0
0
0
0
0
0
0
0
0
0
0
0
0
0
0
0
0
0
0
0
0
0
0
0
0
0
0
0
0
0
0
0
0
0
0
0
0
0
0
0
0
0
0
0
0
0
0
0
0
0
0
0
0
0
0
0
0
0
0
0
0
0
0
0
0
0
0
0
0
0
0
0
0
0
0
0
0
0
0
0
0
0
0
0
0
0
0
0
0
0
0
0
0
0
0
0
0
0
0
0
0
0
0
0
0
0
0
0
0
0
0
0
0
0
0
0
0
0
0
0
0
0
0
0
0
0
0
0
0
0
0
0
0
0
0
0
0
0
0
0
0
0
0
0
0
0
0
0
0
0
0
0
0
0
0
0
0
0
0
0
0
0
0
0
0
0
0
0
0
0
0
0
0
0
0
0
0
0
0
0
0
0
0
0
0
0
0
0
0
0
0
0
0
0
0
0
0
0
0
0
0
0
0
0
0
0
0
0
0
0
0
0
0
0
0
0
0
0
0
0
0
0
0
0
0
0
0
0
0
0
0
0
0
0
0
0
0
0
0
0
0
0
0
0
0
0
0
0
0
0
0
0
0
0
0
0
0
0
0
0
0
0
0
0
0
0
0
0
0
0
0
0
0
0
0
0
0
0
0
0
0
0
0
0
0
0
0
0
0
0
0
0
0
0
0
0
0
0
0
0
0
0
0
0
0
0
0
0
0
0
0
0
0
0
0
0
0
0
0
0
0
0
0
0
0
0
0
0
0
0
0
0
0
0
0
0
0
0
0
0
0
0
0
0
0
0
0
0
0
0
0
0
0
0
0
0
0
0
0
0
0
0
0
0
0
0
0
0
0
0
0
0
0
0
0
0
0
0
0
0
0
0
0
0
0
0
0
0
0
0
0
0
0
0
0
0
0
0
0
0
0
0
0
0
0
0
0
0
0
0
0
0
0
0
0
0
0
0
0
0
0
0
0
0
0
0
0
0
0
0
0
0
0
0
0
0
0
0
0
0
0
0
0
0
0
0
0
0
0
0
0
0
0
0
0
0
0
0
0
0
0
0
0
0
0
0
0
0
0
0
0
0
0
0
0
0
0
0
0
0
0
0
0
0
0
0
0
0
0
0
0
0
0
0
0
0
0
0
0
0
0
0
0
0
0
0
0
0
0
0
0
0
0
0
0
0
0
0
0
0
0
0
0
0
0
0
0
0
0
0
0
0
0
0
0
0
0
0
0
0
0
0
0
0
0
0
0
0
0
0
0
0
0
0
0
0
0
0
0
0
0
0
0
0
0
0
0
0
0
0
0
0
0
0
0
0
0
0
0
0
0
0
0
0
0
0
0
0
0
0
0
0
0
0
0
0
0
0
0
0
0
0
0
0
0
0
0
0
0
0
0
0
0
0
0
0
0
0
0
0
0
0
0
0
0
0
0
0
0
0
0
0
0
0
0
0
0
0
0
0
0
0
0
0
0
0
0
0
0
0
0
0
0
0
0
0
0
0
0
0
0
0
0
0
0
0
0
0
0
0
0
0
0
0
0
0
0
0
0
0
0
0
0
0
0
0
0
0
0
0
0
0
0
0
0
0
0
0
0
0
0
0
0
0
0
0
0
0
0
0
0
0
0
0
0
0
0
0
0
0
0
0
0
0
0
0
0
0
0
0
0
0
0
0
0
0
0
0
0
0
0
0
0
0
0
0
0
0
0
0
0
0
0
0
0
0
0
0
0
0
0
0
0
0
0
0
0
0
0
0
0
0
0
0
0
0
0
0
0
0
0
0
0
0
0
0
0
0
0
0
0
0
0
0
0
0
0
0
0
0
0
0
0
0
0
0
0
0
0
0
0
0
0
0
0
0
0
0
0
0
0
0
0
0
0
0
0
0
0
0
0
0
0
0
0
0
0
0
0
0
0
0
0
0
0
0
0
0
0
0
0
0
0
0
0
0
13106
12943
12458
11664
10581
9238
7669
5914
4020
2034
8
-2006
-3960
-5803
-7489
-8977
-10232
-11223
-11929
-12335
-12433
-12225
-11721
-10935
-9893
-8623
-7160
-5545
-3819
-2028
-216
1569
3286
4893
6353
7633
8705
9547
10145
10488
10576
10412
10007
9377
8542
7529
6368
5089
3728
2318
894
-507
-1857
-3125
-4284
-5311
-6187
-6898
-7434
-7789
-7962
-7958
-7782
-7447
-6965
-6355
-5634
-4823
-3943
-3015
-2061
-1102
-157
755
1618
2419
3143
3782
4328
4775
5119
5360
5498
5536
5477
5326
5090
4777
4393
3946
3447
2904
2325
1720
1098
468
-160
-779
-1381
-1956
-2498
-2997
-3447
-3842
-4174
-4439
-4631
-4747
-4783
-4737
-4609
-4400
-4110
-3745
-3308
-2806
-2246
-1639
-994
-323
362
1047
1721
2367
2974
3529
4018
4431
4759
4993
5128
5158
5083
4903
4620
4240
3770
3221
2602
1928
1212
470
-280
-1025
-1747
-2430
-3059
-3621
-4103
-4496
-4791
-4981
-5065
-5040
-4908
-4673
-4341
-3920
-3421
-2856
-2238
-1580
-899
-210
473
1134
1761
2339
2857
3306
3676
3961
4158
4264
4279
4206
4046
3808
3497
3123
2695
2224
1721
1198
667
139
-374
-863
-1318
-1731
-2094
-2402
-2650
-2837
-2959
-3018
-3016
-2955
-2839
-2674
-2465
-2219
-1945
-1648
-1337
-1019
-702
-393
-97
179
432
659
855
1021
1154
1257
1329
1374
1393
1392
1372
1340
1298
1251
1203
1156
1114
1079
1052
1033
1022
1017
1016
1016
1012
1002
980
941
880
794
678
529
346
127
-127
-416
-734
-1078
-1440
-1813
-2188
-2553
-2898
-3210
-3478
-3690
-3834
-3900
-3879
-3764
-3550
-3234
-2817
-2302
-1694
-1003
-242
573
1427
2299
3167
4008
4799
5515
6135
6635
6998
7206
7246
7108
6788
6285
5603
4753
3749
2610
1361
31
-1350
-2749
-4128
-5452
-6684
-7788
-8731
-9484
-10021
-10321
-10369
-10156
-9681
-8949
-7971
-6768
-5364
-3793
-2090
-297
1539
3373
5156
6841
8381
9733
10858
11723
12301
12571
12524
12154
11468
10479
9211
7692
5961
4061
2041
-45
-2146
-4204
-6164
-7975
-9586
-10954
-12042
-12819
-13263
-13363
-13114
-12523
-11605
-10385
-8896
-7177
-5276
-3244
-1136
990
3079
5073
6919
8568
9976
11107
11932
12431
12593
12417
11911
11093
9987
8628
7056
5317
3462
1542
-386
-2272
-4062
-5709
-7167
-8401
-9379
-10077
-10483
-10589
-10398
-9922
-9179
-8197
-7009
-5652
-4170
-2607
-1012
569
2091
3511
4789
5892
6792
7467
7902
8091
8035
7741
7225
6508
5616
4582
3440
2228
985
-249
-1439
-2547
-3542
-4396
-5085
-5594
-5909
-6026
-5947
-5678
-5233
-4630
-3892
-3045
-2118
-1143
-152
823
1752
2606
3358
3988
4476
4811
4983
4990
4835
4524
4071
3490
2802
2030
1199
336
-532
-1380
-2180
-2910
-3546
-4072
-4473
-4737
-4858
-4834
-4667
-4363
-3933
-3390
-2750
-2034
-1262
-457
358
1161
1929
2641
3278
3824
4263
4587
4787
4860
4804
4624
4325
3916
3410
2822
2166
1462
728
-17
-755
-1466
-2134
-2742
-3276
-3725
-4078
-4329
-4472
-4508
-4436
-4259
-3986
-3622
-3180
-2670
-2106
-1503
-875
-239
391
1001
1577
2105
2575
2976
3300
3542
3698
3766
3746
3641
3456
3197
2871
2489
2060
1597
1112
615
122
-357
-812
-1231
-1605
-1926
-2188
-2387
-2519
-2585
-2585
-2522
-2401
-2227
-2009
-1754
-1471
-1171
-863
-558
-264
8
254
465
637
766
851
891
889
848
773
671
548
413
275
142
23
-73
-142
-175
-168
-120
-29
103
275
480
711
959
1216
1468
1706
1915
2085
2205
2263
2252
2166
1998
1749
1419
1012
535
-1
-585
-1202
-1834
-2463
-3069
-3632
-4133
-4552
-4872
-5078
-5157
-5099
-4900
-4557
-4073
-3456
-2716
-1869
-934
66
1106
2159
3196
4187
5103
5916
6602
7136
7499
7677
7660
7443
7026
6416
5626
4671
3576
2366
1072
-272
-1633
-2973
-4256
-5447
-6513
-7424
-8155
-8683
-8994
-9077
-8929
-8552
-7955
-7154
-6169
-5026
-3755
-2390
-966
477
1904
3276
4558
5716
6721
7549
8179
8597
8796
8772
8530
8080
7437
6621
5656
4571
3397
2166
910
-335
-1541
-2676
-3714
-4632
-5409
-6031
-6489
-6776
-6892
-6842
-6634
-6280
-5797
-5202
-4517
-3762
-2960
-2134
-1305
-493
284
1010
1672
2260
2766
3185
3516
3759
3919
3998
4005
3947
3831
3667
3463
3227
2965
2684
2388
2082
1767
1446
1119
786
446
99
-254
-616
-984
-1357
-1732
-2103
-2466
-2813
-3137
-3429
-3678
-3874
-4009
-4073
-4057
-3955
-3762
-3475
-3095
-2624
-2068
-1438
-743
0
773
1558
2335
3080
3772
4388
4909
5315
5590
5723
5704
5528
5196
4713
4089
3337
2479
1535
532
-499
-1531
-2532
-3469
-4315
-5041
-5623
-6041
-6280
-6329
-6185
-5851
-5333
-4647
-3813
-2856
-1804
-692
445
1572
2650
3646
4525
5257
5817
6186
6349
6299
6037
5570
4912
4083
3109
2024
862
-336
-1533
-2686
-3755
-4704
-5498
-6109
-6515
-6698
-6650
-6370
-5865
-5150
-4247
-3184
-1995
-720
599
1919
3195
4382
5440
6330
7022
7490
7714
7684
7399
6864
6095
5113
3950
2641
1228
-244
-1727
-3174
-4537
-5771
-6834
-7691
-8313
-8678
-8774
-8594
-8145
-7438
-6496
-5348
-4030
-2583
-1054
508
2055
3538
4909
6126
7151
7951
8503
8791
8807
8554
8041
7288
6321
5172
3882
2493
1051
-396
-1802
-3123
-4318
-5349
-6186
-6807
-7194
-7342
-7250
-6928
-6393
-5667
-4783
-3774
-2678
-1538
-394
711
1741
2660
3438
4050
4479
4715
4754
4602
4271
3780
3153
2421
1617
777
-60
-860
-1587
-2210
-2702
-3041
-3212
-3207
-3025
-2674
-2166
-1524
-773
54
924
1797
2635
3400
4055
4568
4911
5062
5007
4738
4257
3573
2702
1671
512
-738
-2037
-3339
-4596
-5762
-6790
-7640
-8274
-8663
-8782
-8619
-8168
-7435
-6435
-5191
-3737
-2113
-368
1445
3272
5053
6732
8252
9562
10616
11377
11813
11907
11648
11039
10092
8832
7293
5518
3558
1471
-681
-2834
-4924
-6886
-8661
-10194
-11438
-12355
-12917
-13106
-12917
-12355
-11438
-10194
-8661
-6886
-4924
-2834
-681
1471
3558
5518
7293
8832
10092
11039
11648
11907
11813
11377
10616
9562
8252
6732
5053
3272
1445
-368
-2113
-3737
-5191
-6435
-7435
-8168
-8619
-8782
-8663
-8274
-7640
-6790
-5762
-4596
-3339
-2037
-738
512
1671
2702
3573
4257
4738
5007
5062
4911
4568
4055
3400
2635
1797
924
54
-773
-1524
-2166
-2674
-3025
-3207
-3212
-3041
-2702
-2210
-1587
-860
-60
777
1617
2421
3153
3780
4271
4602
4754
4715
4479
4050
3438
2660
1741
711
-394
-1538
-2678
-3774
-4783
-5667
-6393
-6928
-7250
-7342
-7194
-6807
-6186
-5349
-4318
-3123
-1802
-396
1051
2493
3882
5172
6321
7288
8041
8554
8807
8791
8503
7951
7151
6126
4909
3538
2055
508
-1054
-2583
-4030
-5348
-6496
-7438
-8145
-8594
-8774
-8678
-8313
-7691
-6834
-5771
-4537
-3174
-1727
-244
1228
2641
3950
5113
6095
6864
7399
7684
7714
7490
7022
6330
5440
4382
3195
1919
599
-720
-1995
-3184
-4247
-5150
-5865
-6370
-6650
-6698
-6515
-6109
-5498
-4704
-3755
-2686
-1533
-336
862
2024
3109
4083
4912
5570
6037
6299
6349
6186
5817
5257
4525
3646
2650
1572
445
-692
-1804
-2856
-3813
-4647
-5333
-5851
-6185
-6329
-6280
-6041
-5623
-5041
-4315
-3469
-2532
-1531
-499
532
1535
2479
3337
4089
4713
5196
5528
5704
5723
5590
5315
4909
4388
3772
3080
2335
1558
773
0
-743
-1438
-2068
-2624
-3095
-3475
-3762
-3955
-4057
-4073
-4009
-3874
-3678
-3429
-3137
-2813
-2466
-2103
-1732
-1357
-984
-616
-254
99
446
786
1119
1446
1767
2082
2388
2684
2965
3227
3463
3667
3831
3947
4005
3998
3919
3759
3516
3185
2766
2260
1672
1010
284
-493
-1305
-2134
-2960
-3762
-4517
-5202
-5797
-6280
-6634
-6842
-6892
-6776
-6489
-6031
-5409
-4632
-3714
-2676
-1541
-335
910
2166
3397
4571
5656
6621
7437
8080
8530
8772
8796
8597
8179
7549
6721
5716
4558
3276
1904
477
-966
-2390
-3755
-5026
-6169
-7154
-7955
-8552
-8929
-9077
-8994
-8683
-8155
-7424
-6513
-5447
-4256
-2973
-1633
-272
1072
2366
3576
4671
5626
6416
7026
7443
7660
7677
7499
7136
6602
5916
5103
4187
3196
2159
1106
66
-934
-1869
-2716
-3456
-4073
-4557
-4900
-5099
-5157
-5078
-4872
-4552
-4133
-3632
-3069
-2463
-1834
-1202
-585
-1
535
1012
1419
1749
1998
2166
2252
2263
2205
2085
1915
1706
1468
1216
959
711
480
275
103
-29
-120
-168
-175
-142
-73
23
142
275
413
548
671
773
848
889
891
851
766
637
465
254
8
-264
-558
-863
-1171
-1471
-1754
-2009
-2227
-2401
-2522
-2585
-2585
-2519
-2387
-2188
-1926
-1605
-1231
-812
-357
122
615
1112
1597
2060
2489
2871
3197
3456
3641
3746
3766
3698
3542
3300
2976
2575
2105
1577
1001
391
-239
-875
-1503
-2106
-2670
-3180
-3622
-3986
-4259
-4436
-4508
-4472
-4329
-4078
-3725
-3276
-2742
-2134
-1466
-755
-17
728
1462
2166
2822
3410
3916
4325
4624
4804
4860
4787
4587
4263
3824
3278
2641
1929
1161
358
-457
-1262
-2034
-2750
-3390
-3933
-4363
-4667
-4834
-4858
-4737
-4473
-4072
-3546
-2910
-2180
-1380
-532
336
1199
2030
2802
3490
4071
4524
4835
4990
4983
4811
4476
3988
3358
2606
1752
823
-152
-1143
-2118
-3045
-3892
-4630
-5233
-5678
-5947
-6026
-5909
-5594
-5085
-4396
-3542
-2547
-1439
-249
985
2228
3440
4582
5616
6508
7225
7741
8035
8091
7902
7467
6792
5892
4789
3511
2091
569
-1012
-2607
-4170
-5652
-7009
-8197
-9179
-9922
-10398
-10589
-10483
-10077
-9379
-8401
-7167
-5709
-4062
-2272
-386
1542
3462
5317
7056
8628
9987
11093
11911
12417
12593
12431
11932
11107
9976
8568
6919
5073
3079
990
-1136
-3244
-5276
-7177
-8896
-10385
-11605
-12523
-13114
-13363
-13263
-12819
-12042
-10954
-9586
-7975
-6164
-4204
-2146
-45
2041
4061
5961
7692
9211
10479
11468
12154
12524
12571
12301
11723
10858
9733
8381
6841
5156
3373
1539
-297
-2090
-3793
-5364
-6768
-7971
-8949
-9681
-10156
-10369
-10321
-10021
-9484
-8731
-7788
-6684
-5452
-4128
-2749
-1350
31
1361
2610
3749
4753
5603
6285
6788
7108
7246
7206
6998
6635
6135
5515
4799
4008
3167
2299
1427
573
-242
-1003
-1694
-2302
-2817
-3234
-3550
-3764
-3879
-3900
-3834
-3690
-3478
-3210
-2898
-2553
-2188
-1813
-1440
-1078
-734
-416
-127
127
346
529
678
794
880
941
980
1002
1012
1016
1016
1017
1022
1033
1052
1079
1114
1156
1203
1251
1298
1340
1372
1392
1393
1374
1329
1257
1154
1021
855
659
432
179
-97
-393
-702
-1019
-1337
-1648
-1945
-2219
-2465
-2674
-2839
-2955
-3016
-3018
-2959
-2837
-2650
-2402
-2094
-1731
-1318
-863
-374
139
667
1198
1721
2224
2695
3123
3497
3808
4046
4206
4279
4264
4158
3961
3676
3306
2857
2339
1761
1134
473
-210
-899
-1580
-2238
-2856
-3421
-3920
-4341
-4673
-4908
-5040
-5065
-4981
-4791
-4496
-4103
-3621
-3059
-2430
-1747
-1025
-280
470
1212
1928
2602
3221
3770
4240
4620
4903
5083
5158
5128
4993
4759
4431
4018
3529
2974
2367
1721
1047
362
-323
-994
-1639
-2246
-2806
-3308
-3745
-4110
-4400
-4609
-4737
-4783
-4747
-4631
-4439
-4174
-3842
-3447
-2997
-2498
-1956
-1381
-779
-160
468
1098
1720
2325
2904
3447
3946
4393
4777
5090
5326
5477
5536
5498
5360
5119
4775
4328
3782
3143
2419
1618
755
-157
-1102
-2061
-3015
-3943
-4823
-5634
-6355
-6965
-7447
-7782
-7958
-7962
-7789
-7434
-6898
-6187
-5311
-4284
-3125
-1857
-507
894
2318
3728
5089
6368
7529
8542
9377
10007
10412
10576
10488
10145
9547
8705
7633
6353
4893
3286
1569
-216
-2028
-3819
-5545
-7160
-8623
-9893
-10935
-11721
-12225
-12433
-12335
-11929
-11223
-10232
-8977
-7489
-5803
-3960
-2006
8
2034
4020
5914
7669
9238
10581
11664
12458
12943
0
0
0
0
0
0
0
0
0
0
0
0
0
0
0
0
0
0
0
0
0
0
0
0
0
0
0
0
0
0
0
0
0
0
0
0
0
0
0
0
0
0
0
0
0
0
0
0
0
0
0
0
0
0
0
0
0
0
0
0
0
0
0
0
0
0
0
0
0
0
0
0
0
0
0
0
0
0
0
0
0
0
0
0
0
0
0
0
0
0
0
0
0
0
0
0
0
0
0
0
0
0
0
0
0
0
0
0
0
0
0
0
0
0
0
0
0
0
0
0
0
0
0
0
0
0
0
0
0
0
0
0
0
0
0
3276
3255
3193
3090
2945
2761
2537
2276
1979
1647
1285
895
480
46
-402
-860
-1320
-1776
-2220
-2644
-3040
-3400
-3715
-3979
-4182
-4318
-4382
-4367
-4271
-4091
-3826
-3478
-3048
-2542
-1966
-1329
-641
86
839
1603
2363
3103
3804
4452
5030
5522
5915
6195
6353
6380
6271
6023
5636
5115
4465
3697
2825
1864
833
-246
-1352
-2460
-3544
-4578
-5539
-6401
-7141
-7739
-8178
-8442
-8520
-8405
-8096
-7593
-6905
-6041
-5018
-3857
-2580
-1216
204
1650
3088
4482
5799
7006
8071
8965
9666
10150
10403
10415
10180
9699
8981
8038
6889
5559
4078
2479
800
-919
-2638
-4313
-5904
-7370
-8673
-9779
-10659
-11289
-11649
-11730
-11525
-11038
-10278
-9262
-8014
-6563
-4945
-3198
-1366
504
2367
4176
5884
7447
8827
9987
10899
11537
11888
11940
11695
11158
10345
9276
7981
6494
4855
3106
1294
-533
-2328
-4045
-5639
-7070
-8301
-9304
-10053
-10533
-10735
-10657
-10307
-9697
-8849
-7789
-6552
-5172
-3692
-2153
-599
926
2382
3731
4938
5972
6810
7435
7835
8006
7951
7680
7209
6559
5756
4831
3817
2749
1661
590
-432
-1376
-2214
-2924
-3489
-3899
-4147
-4234
-4166
-3955
-3618
-3175
-2650
-2070
-1463
-855
-275
251
702
1059
1308
1438
1446
1332
1103
771
352
-132
-660
-1204
-1736
-2229
-2656
-2991
-3213
-3303
-3247
-3038
-2674
-2158
-1500
-717
168
1131
2140
3160
4156
5090
5926
6629
7167
7513
7645
7548
7212
6636
5828
4802
3581
2194
678
-925
-2571
-4211
-5794
-7270
-8591
-9714
-10596
-11206
-11516
-11509
-11176
-10518
-9547
-8283
-6756
-5004
-3074
-1017
1108
3244
5328
7299
9099
10673
11973
12959
13598
13868
13756
13263
12399
11185
9653
7845
5810
3605
1291
-1064
-3396
-5637
-7724
-9597
-11203
-12496
-13440
-14008
-14185
-13968
-13363
-12391
-11081
-9473
-7613
-5559
-3369
-1108
1157
3364
5448
7351
9020
10410
11484
12216
12590
12599
12250
11559
10552
9263
7737
6021
4171
2244
298
-1607
-3418
-5082
-6553
-7791
-8765
-9452
-9839
-9922
-9706
-9206
-8445
-7454
-6270
-4935
-3494
-1996
-490
978
2362
3623
4724
5634
6332
6802
7037
7037
6809
6370
5740
4947
4022
3000
1920
817
-269
-1304
-2255
-3093
-3794
-4338
-4714
-4914
-4937
-4789
-4482
-4031
-3457
-2784
-2038
-1247
-441
352
1107
1798
2404
2908
3296
3559
3694
3700
3583
3351
3018
2599
2112
1576
1012
440
-118
-648
-1132
-1556
-1910
-2186
-2381
-2493
-2525
-2482
-2372
-2204
-1991
-1743
-1474
-1196
-921
-658
-416
-201
-19
129
244
328
386
424
449
470
493
528
582
660
766
902
1069
1263
1480
1711
1947
2176
2387
2564
2695
2765
2763
2678
2501
2227
1855
1385
824
180
-531
-1294
-2089
-2892
-3677
-4419
-5090
-5665
-6119
-6429
-6576
-6547
-6330
-5921
-5323
-4542
-3592
-2493
-1270
45
1421
2817
4196
5515
6734
7814
8718
9414
9876
10082
10017
9677
9062
8181
7054
5705
4167
2480
686
-1165
-3023
-4836
-6553
-8123
-9500
-10643
-11517
-12093
-12351
-12281
-11880
-11157
-10128
-8819
-7264
-5504
-3587
-1565
507
2574
4577
6462
8177
9674
10914
11862
12493
12791
12748
12369
11664
10655
9372
7852
6138
4279
2327
335
-1640
-3546
-5333
-6953
-8365
-9534
-10431
-11039
-11345
-11347
-11051
-10471
-9630
-8556
-7283
-5852
-4304
-2686
-1042
581
2142
3598
4914
6059
7007
7739
8243
8513
8550
8362
7963
7373
6614
5716
4707
3622
2492
1350
230
-840
-1834
-2728
-3503
-4143
-4639
-4985
-5181
-5229
-5137
-4916
-4582
-4150
-3638
-3067
-2456
-1826
-1195
-580
0
535
1012
1423
1761
2023
2208
2318
2358
2331
2245
2109
1932
1722
1489
1242
989
739
498
272
65
-119
-278
-411
-518
-599
-656
-689
-701
-695
-672
-635
-586
-527
-459
-385
-306
-222
-135
-47
41
130
217
299
376
446
505
552
584
598
592
565
515
440
341
219
73
-91
-272
-466
-666
-867
-1062
-1244
-1406
-1539
-1638
-1695
-1705
-1664
-1569
-1418
-1212
-952
-643
-291
95
507
934
1364
1784
2180
2539
2848
3095
3270
3363
3368
3280
3098
2822
2457
2009
1487
905
276
-382
-1054
-1720
-2361
-2958
-3493
-3951
-4315
-4574
-4718
-4741
-4640
-4416
-4072
-3616
-3060
-2418
-1706
-942
-148
654
1445
2201
2903
3532
4070
4504
4821
5015
5081
5017
4828
4520
4102
3588
2991
2331
1626
894
157
-565
-1256
-1897
-2473
-2971
-3381
-3695
-3909
-4023
-4036
-3955
-3785
-3537
-3221
-2849
-2434
-1991
-1532
-1071
-620
-188
213
578
901
1179
1410
1594
1734
1833
1896
1927
1933
1919
1891
1855
1814
1771
1729
1689
1649
1608
1564
1511
1447
1365
1261
1131
969
774
543
275
-26
-361
-722
-1104
-1499
-1895
-2283
-2650
-2985
-3274
-3506
-3669
-3755
-3755
-3664
-3478
-3197
-2823
-2364
-1825
-1220
-562
132
847
1561
2256
2912
3510
4031
4459
4781
4986
5065
5015
4835
4529
4104
3570
2943
2238
1475
675
-138
-944
-1718
-2441
-3091
-3650
-4106
-4445
-4660
-4746
-4705
-4539
-4257
-3869
-3390
-2836
-2225
-1579
-917
-260
372
962
1492
1950
2324
2606
2793
2885
2883
2793
2626
2392
2105
1779
1431
1076
730
406
118
-122
-310
-439
-506
-512
-462
-362
-220
-49
138
331
513
670
791
864
879
829
712
525
272
-41
-407
-814
-1246
-1688
-2122
-2530
-2894
-3195
-3417
-3546
-3572
-3485
-3281
-2960
-2525
-1986
-1353
-643
124
927
1743
2544
3306
4003
4609
5105
5469
5687
5747
5644
5375
4945
4364
3644
2807
1873
871
-171
-1223
-2252
-3227
-4119
-4900
-5545
-6033
-6350
-6485
-6432
-6194
-5778
-5195
-4464
-3608
-2653
-1628
-566
499
1537
2515
3403
4174
4805
5279
5582
5708
5655
5427
5036
4497
3829
3058
2211
1317
409
-483
-1331
-2104
-2779
-3334
-3751
-4021
-4135
-4093
-3901
-3568
-3110
-2547
-1901
-1198
-467
263
966
1614
2181
2646
2992
3204
3276
3204
2992
2646
2181
1614
966
263
-467
-1198
-1901
-2547
-3110
-3568
-3901
-4093
-4135
-4021
-3751
-3334
-2779
-2104
-1331
-483
409
1317
2211
3058
3829
4497
5036
5427
5655
5708
5582
5279
4805
4174
3403
2515
1537
499
-566
-1628
-2653
-3608
-4464
-5195
-5778
-6194
-6432
-6485
-6350
-6033
-5545
-4900
-4119
-3227
-2252
-1223
-171
871
1873
2807
3644
4364
4945
5375
5644
5747
5687
5469
5105
4609
4003
3306
2544
1743
927
124
-643
-1353
-1986
-2525
-2960
-3281
-3485
-3572
-3546
-3417
-3195
-2894
-2530
-2122
-1688
-1246
-814
-407
-41
272
525
712
829
879
864
791
670
513
331
138
-49
-220
-362
-462
-512
-506
-439
-310
-122
118
406
730
1076
1431
1779
2105
2392
2626
2793
2883
2885
2793
2606
2324
1950
1492
962
372
-260
-917
-1579
-2225
-2836
-3390
-3869
-4257
-4539
-4705
-4746
-4660
-4445
-4106
-3650
-3091
-2441
-1718
-944
-138
675
1475
2238
2943
3570
4104
4529
4835
5015
5065
4986
4781
4459
4031
3510
2912
2256
1561
847
132
-562
-1220
-1825
-2364
-2823
-3197
-3478
-3664
-3755
-3755
-3669
-3506
-3274
-2985
-2650
-2283
-1895
-1499
-1104
-722
-361
-26
275
543
774
969
1131
1261
1365
1447
1511
1564
1608
1649
1689
1729
1771
1814
1855
1891
1919
1933
1927
1896
1833
1734
1594
1410
1179
901
578
213
-188
-620
-1071
-1532
-1991
-2434
-2849
-3221
-3537
-3785
-3955
-4036
-4023
-3909
-3695
-3381
-2971
-2473
-1897
-1256
-565
157
894
1626
2331
2991
3588
4102
4520
4828
5017
5081
5015
4821
4504
4070
3532
2903
2201
1445
654
-148
-942
-1706
-2418
-3060
-3616
-4072
-4416
-4640
-4741
-4718
-4574
-4315
-3951
-3493
-2958
-2361
-1720
-1054
-382
276
905
1487
2009
2457
2822
3098
3280
3368
3363
3270
3095
2848
2539
2180
1784
1364
934
507
95
-291
-643
-952
-1212
-1418
-1569
-1664
-1705
-1695
-1638
-1539
-1406
-1244
-1062
-867
-666
-466
-272
-91
73
219
341
440
515
565
592
598
584
552
505
446
376
299
217
130
41
-47
-135
-222
-306
-385
-459
-527
-586
-635
-672
-695
-701
-689
-656
-599
-518
-411
-278
-119
65
272
498
739
989
1242
1489
1722
1932
2109
2245
2331
2358
2318
2208
2023
1761
1423
1012
535
0
-580
-1195
-1826
-2456
-3067
-3638
-4150
-4582
-4916
-5137
-5229
-5181
-4985
-4639
-4143
-3503
-2728
-1834
-840
230
1350
2492
3622
4707
5716
6614
7373
7963
8362
8550
8513
8243
7739
7007
6059
4914
3598
2142
581
-1042
-2686
-4304
-5852
-7283
-8556
-9630
-10471
-11051
-11347
-11345
-11039
-10431
-9534
-8365
-6953
-5333
-3546
-1640
335
2327
4279
6138
7852
9372
10655
11664
12369
12748
12791
12493
11862
10914
9674
8177
6462
4577
2574
507
-1565
-3587
-5504
-7264
-8819
-10128
-11157
-11880
-12281
-12351
-12093
-11517
-10643
-9500
-8123
-6553
-4836
-3023
-1165
686
2480
4167
5705
7054
8181
9062
9677
10017
10082
9876
9414
8718
7814
6734
5515
4196
2817
1421
45
-1270
-2493
-3592
-4542
-5323
-5921
-6330
-6547
-6576
-6429
-6119
-5665
-5090
-4419
-3677
-2892
-2089
-1294
-531
180
824
1385
1855
2227
2501
2678
2763
2765
2695
2564
2387
2176
1947
1711
1480
1263
1069
902
766
660
582
528
493
470
449
424
386
328
244
129
-19
-201
-416
-658
-921
-1196
-1474
-1743
-1991
-2204
-2372
-2482
-2525
-2493
-2381
-2186
-1910
-1556
-1132
-648
-118
440
1012
1576
2112
2599
3018
3351
3583
3700
3694
3559
3296
2908
2404
1798
1107
352
-441
-1247
-2038
-2784
-3457
-4031
-4482
-4789
-4937
-4914
-4714
-4338
-3794
-3093
-2255
-1304
-269
817
1920
3000
4022
4947
5740
6370
6809
7037
7037
6802
6332
5634
4724
3623
2362
978
-490
-1996
-3494
-4935
-6270
-7454
-8445
-9206
-9706
-9922
-9839
-9452
-8765
-7791
-6553
-5082
-3418
-1607
298
2244
4171
6021
7737
9263
10552
11559
12250
12599
12590
12216
11484
10410
9020
7351
5448
3364
1157
-1108
-3369
-5559
-7613
-9473
-11081
-12391
-13363
-13968
-14185
-14008
-13440
-12496
-11203
-9597
-7724
-5637
-3396
-1064
1291
3605
5810
7845
9653
11185
12399
13263
13756
13868
13598
12959
11973
10673
9099
7299
5328
3244
1108
-1017
-3074
-5004
-6756
-8283
-9547
-10518
-11176
-11509
-11516
-11206
-10596
-9714
-8591
-7270
-5794
-4211
-2571
-925
678
2194
3581
4802
5828
6636
7212
7548
7645
7513
7167
6629
5926
5090
4156
3160
2140
1131
168
-717
-1500
-2158
-2674
-3038
-3247
-3303
-3213
-2991
-2656
-2229
-1736
-1204
-660
-132
352
771
1103
1332
1446
1438
1308
1059
702
251
-275
-855
-1463
-2070
-2650
-3175
-3618
-3955
-4166
-4234
-4147
-3899
-3489
-2924
-2214
-1376
-432
590
1661
2749
3817
4831
5756
6559
7209
7680
7951
8006
7835
7435
6810
5972
4938
3731
2382
926
-599
-2153
-3692
-5172
-6552
-7789
-8849
-9697
-10307
-10657
-10735
-10533
-10053
-9304
-8301
-7070
-5639
-4045
-2328
-533
1294
3106
4855
6494
7981
9276
10345
11158
11695
11940
11888
11537
10899
9987
8827
7447
5884
4176
2367
504
-1366
-3198
-4945
-6563
-8014
-9262
-10278
-11038
-11525
-11730
-11649
-11289
-10659
-9779
-8673
-7370
-5904
-4313
-2638
-919
800
2479
4078
5559
6889
8038
8981
9699
10180
10415
10403
10150
9666
8965
8071
7006
5799
4482
3088
1650
204
-1216
-2580
-3857
-5018
-6041
-6905
-7593
-8096
-8405
-8520
-8442
-8178
-7739
-7141
-6401
-5539
-4578
-3544
-2460
-1352
-246
833
1864
2825
3697
4465
5115
5636
6023
6271
6380
6353
6195
5915
5522
5030
4452
3804
3103
2363
1603
839
86
-641
-1329
-1966
-2542
-3048
-3478
-3826
-4091
-4271
-4367
-4382
-4318
-4182
-3979
-3715
-3400
-3040
-2644
-2220
-1776
-1320
-860
-402
46
480
895
1285
1647
1979
2276
2537
2761
2945
3090
3193
3255
0
0
0
0
0
0
0
0
0
0
0
0
0
0
0
0
0
0
0
0
0
0
0
0
0
0
0
0
0
0
0
0
0
0
0
0
0
0
0
0
0
0
0
0
0
0
0
0
0
0
0
0
0
0
0
0
0
0
0
0
0
0
0
0
0
0
0
0
0
0
0
0
0
0
0
0
0
0
0
0
0
0
0
0
0
0
0
0
0
0
0
0
0
0
0
0
0
0
0
0
0
0
0
0
0
0
0
0
0
0
0
0
0
0
0
0
0
0
0
0
0
0
0
0
0
0
0
0
0
0
0
0
0
0
0
3276
3249
3166
3029
2839
2598
2308
1973
1597
1185
742
274
-210
-705
-1200
-1687
-2155
-2595
-2996
-3349
-3643
-3869
-4020
-4088
-4067
-3955
-3749
-3450
-3061
-2586
-2033
-1413
-737
-20
721
1471
2210
2919
3579
4170
4676
5080
5367
5526
5549
5430
5166
4762
4222
3557
2780
1910
965
-28
-1048
-2065
-3053
-3984
-4830
-5567
-6172
-6625
-6909
-7012
-6929
-6656
-6196
-5559
-4757
-3810
-2741
-1577
-347
913
2172
3393
4541
5584
6491
7233
7787
8135
8264
8166
7840
7293
6537
5590
4475
3222
1864
438
-1015
-2458
-3848
-5146
-6314
-7318
-8128
-8720
-9074
-9178
-9028
-8626
-7981
-7109
-6033
-4783
-3392
-1900
-346
1223
2767
4239
5599
6808
7830
8638
9207
9521
9571
9355
8880
8158
7211
6064
4752
3310
1781
207
-1366
-2896
-4339
-5654
-6805
-7761
-8496
-8990
-9233
-9218
-8950
-8437
-7697
-6752
-5633
-4373
-3008
-1580
-128
1303
2677
3955
5101
6086
6884
7478
7853
8004
7932
7644
7153
6477
5642
4675
3607
2472
1304
139
-990
-2053
-3021
-3868
-4576
-5127
-5513
-5729
-5776
-5660
-5391
-4986
-4463
-3844
-3152
-2414
-1654
-898
-169
510
1123
1653
2088
2422
2650
2774
2796
2727
2575
2356
2084
1777
1450
1122
808
523
278
85
-51
-126
-140
-96
0
139
311
503
700
888
1051
1177
1252
1266
1211
1082
876
595
244
-168
-631
-1130
-1649
-2168
-2669
-3132
-3536
-3864
-4099
-4226
-4235
-4118
-3871
-3495
-2995
-2381
-1666
-868
-8
891
1804
2704
3563
4355
5054
5637
6083
6377
6505
6459
6238
5844
5285
4572
3724
2763
1713
603
-537
-1677
-2784
-3828
-4780
-5614
-6305
-6836
-7191
-7360
-7340
-7132
-6740
-6178
-5460
-4608
-3644
-2595
-1491
-360
767
1861
2894
3839
4676
5382
5944
6350
6594
6672
6588
6349
5965
5450
4820
4097
3300
2452
1575
693
-174
-1006
-1786
-2496
-3125
-3662
-4100
-4435
-4664
-4790
-4815
-4746
-4590
-4354
-4050
-3687
-3276
-2827
-2350
-1855
-1349
-841
-338
153
631
1088
1522
1929
2307
2652
2961
3232
3462
3647
3784
3869
3897
3866
3772
3613
3386
3091
2729
2300
1811
1265
671
38
-620
-1293
-1964
-2618
-3238
-3807
-4307
-4723
-5040
-5245
-5327
-5279
-5097
-4779
-4329
-3755
-3067
-2281
-1415
-491
466
1431
2376
3274
4096
4818
5415
5868
6158
6276
6212
5965
5540
4946
4198
3315
2324
1252
133
-1000
-2112
-3168
-4133
-4975
-5667
-6182
-6503
-6617
-6517
-6204
-5684
-4973
-4090
-3063
-1923
-707
545
1794
2998
4115
5107
5939
6580
7006
7199
7148
6852
6315
5551
4582
3437
2151
765
-677
-2129
-3542
-4868
-6060
-7078
-7882
-8443
-8737
-8748
-8470
-7907
-7070
-5982
-4671
-3177
-1543
179
1939
3680
5346
6882
8238
9367
10230
10794
11036
10944
10514
9753
8681
7324
5720
3915
1960
-87
-2165
-4212
-6165
-7965
-9556
-10887
-11916
-12610
-12944
-12906
-12493
-11716
-10594
-9159
-7450
-5517
-3416
-1207
1045
3276
5420
7415
9203
10732
11958
12846
13372
13522
13293
12693
11742
10470
8915
7123
5150
3052
891
-1268
-3368
-5346
-7148
-8726
-10037
-11049
-11737
-12088
-12098
-11773
-11131
-10196
-9002
-7589
-6004
-4297
-2520
-726
1030
2700
4239
5606
6765
7691
8365
8775
8921
8807
8449
7868
7090
6149
5080
3923
2717
1504
321
-794
-1811
-2703
-3447
-4027
-4434
-4666
-4724
-4620
-4367
-3985
-3497
-2929
-2309
-1665
-1026
-418
135
613
998
1279
1447
1501
1443
1281
1026
695
305
-120
-560
-991
-1390
-1736
-2009
-2193
-2275
-2246
-2103
-1845
-1478
-1012
-460
159
827
1520
2212
2880
3498
4042
4491
4825
5029
5091
5005
4767
4380
3852
3194
2424
1560
627
-349
-1343
-2325
-3267
-4142
-4925
-5593
-6126
-6509
-6729
-6781
-6662
-6374
-5926
-5328
-4596
-3751
-2814
-1810
-765
294
1342
2351
3297
4158
4913
5547
6046
6401
6605
6659
6563
6325
5952
5457
4855
4163
3398
2580
1728
862
0
-838
-1638
-2384
-3064
-3666
-4182
-4605
-4932
-5161
-5292
-5326
-5267
-5121
-4892
-4588
-4216
-3785
-3304
-2780
-2222
-1640
-1041
-434
172
772
1357
1919
2452
2949
3404
3809
4160
4451
4676
4831
4912
4917
4843
4689
4455
4143
3755
3297
2772
2190
1557
885
184
-533
-1255
-1967
-2656
-3308
-3909
-4446
-4909
-5286
-5567
-5747
-5820
-5782
-5633
-5373
-5008
-4543
-3987
-3348
-2641
-1877
-1071
-240
600
1434
2245
3018
3738
4390
4963
5446
5830
6106
6272
6323
6258
6079
5789
5394
4899
4313
3647
2911
2118
1281
414
-468
-1352
-2221
-3062
-3860
-4600
-5270
-5857
-6348
-6735
-7007
-7157
-7179
-7071
-6829
-6454
-5950
-5320
-4574
-3720
-2772
-1745
-656
475
1629
2782
3911
4991
5998
6908
7699
8349
8839
9153
9278
9204
8926
8444
7763
6890
5842
4635
3294
1847
324
-1240
-2810
-4348
-5816
-7176
-8393
-9433
-10268
-10871
-11224
-11311
-11126
-10668
-9943
-8966
-7757
-6342
-4754
-3032
-1218
642
2503
4315
6031
7606
8997
10166
11082
11718
12057
12088
11808
11224
10351
9210
7834
6257
4523
2677
771
-1144
-3017
-4798
-6437
-7891
-9121
-10096
-10790
-11186
-11277
-11063
-10553
-9765
-8724
-7462
-6018
-4435
-2760
-1042
668
2324
3879
5290
6518
7533
8309
8828
9082
9070
8797
8278
7535
6597
5495
4269
2958
1605
252
-1057
-2287
-3400
-4365
-5158
-5758
-6153
-6338
-6314
-6089
-5678
-5101
-4383
-3554
-2645
-1691
-724
219
1109
1917
2616
3187
3614
3887
4001
3960
3769
3441
2994
2449
1830
1162
475
-205
-852
-1442
-1951
-2362
-2661
-2837
-2888
-2812
-2616
-2308
-1904
-1421
-879
-302
287
865
1407
1893
2302
2618
2829
2926
2906
2768
2518
2167
1726
1213
648
52
-551
-1140
-1691
-2183
-2597
-2917
-3130
-3229
-3208
-3069
-2816
-2458
-2008
-1483
-901
-285
343
960
1543
2071
2523
2883
3138
3278
3298
3197
2979
2652
2227
1720
1151
540
-90
-717
-1317
-1868
-2349
-2743
-3036
-3215
-3276
-3215
-3036
-2743
-2349
-1868
-1317
-717
-90
540
1151
1720
2227
2652
2979
3197
3298
3278
3138
2883
2523
2071
1543
960
343
-285
-901
-1483
-2008
-2458
-2816
-3069
-3208
-3229
-3130
-2917
-2597
-2183
-1691
-1140
-551
52
648
1213
1726
2167
2518
2768
2906
2926
2829
2618
2302
1893
1407
865
287
-302
-879
-1421
-1904
-2308
-2616
-2812
-2888
-2837
-2661
-2362
-1951
-1442
-852
-205
475
1162
1830
2449
2994
3441
3769
3960
4001
3887
3614
3187
2616
1917
1109
219
-724
-1691
-2645
-3554
-4383
-5101
-5678
-6089
-6314
-6338
-6153
-5758
-5158
-4365
-3400
-2287
-1057
252
1605
2958
4269
5495
6597
7535
8278
8797
9070
9082
8828
8309
7533
6518
5290
3879
2324
668
-1042
-2760
-4435
-6018
-7462
-8724
-9765
-10553
-11063
-11277
-11186
-10790
-10096
-9121
-7891
-6437
-4798
-3017
-1144
771
2677
4523
6257
7834
9210
10351
11224
11808
12088
12057
11718
11082
10166
8997
7606
6031
4315
2503
642
-1218
-3032
-4754
-6342
-7757
-8966
-9943
-10668
-11126
-11311
-11224
-10871
-10268
-9433
-8393
-7176
-5816
-4348
-2810
-1240
324
1847
3294
4635
5842
6890
7763
8444
8926
9204
9278
9153
8839
8349
7699
6908
5998
4991
3911
2782
1629
475
-656
-1745
-2772
-3720
-4574
-5320
-5950
-6454
-6829
-7071
-7179
-7157
-7007
-6735
-6348
-5857
-5270
-4600
-3860
-3062
-2221
-1352
-468
414
1281
2118
2911
3647
4313
4899
5394
5789
6079
6258
6323
6272
6106
5830
5446
4963
4390
3738
3018
2245
1434
600
-240
-1071
-1877
-2641
-3348
-3987
-4543
-5008
-5373
-5633
-5782
-5820
-5747
-5567
-5286
-4909
-4446
-3909
-3308
-2656
-1967
-1255
-533
184
885
1557
2190
2772
3297
3755
4143
4455
4689
4843
4917
4912
4831
4676
4451
4160
3809
3404
2949
2452
1919
1357
772
172
-434
-1041
-1640
-2222
-2780
-3304
-3785
-4216
-4588
-4892
-5121
-5267
-5326
-5292
-5161
-4932
-4605
-4182
-3666
-3064
-2384
-1638
-838
0
862
1728
2580
3398
4163
4855
5457
5952
6325
6563
6659
6605
6401
6046
5547
4913
4158
3297
2351
1342
294
-765
-1810
-2814
-3751
-4596
-5328
-5926
-6374
-6662
-6781
-6729
-6509
-6126
-5593
-4925
-4142
-3267
-2325
-1343
-349
627
1560
2424
3194
3852
4380
4767
5005
5091
5029
4825
4491
4042
3498
2880
2212
1520
827
159
-460
-1012
-1478
-1845
-2103
-2246
-2275
-2193
-2009
-1736
-1390
-991
-560
-120
305
695
1026
1281
1443
1501
1447
1279
998
613
135
-418
-1026
-1665
-2309
-2929
-3497
-3985
-4367
-4620
-4724
-4666
-4434
-4027
-3447
-2703
-1811
-794
321
1504
2717
3923
5080
6149
7090
7868
8449
8807
8921
8775
8365
7691
6765
5606
4239
2700
1030
-726
-2520
-4297
-6004
-7589
-9002
-10196
-11131
-11773
-12098
-12088
-11737
-11049
-10037
-8726
-7148
-5346
-3368
-1268
891
3052
5150
7123
8915
10470
11742
12693
13293
13522
13372
12846
11958
10732
9203
7415
5420
3276
1045
-1207
-3416
-5517
-7450
-9159
-10594
-11716
-12493
-12906
-12944
-12610
-11916
-10887
-9556
-7965
-6165
-4212
-2165
-87
1960
3915
5720
7324
8681
9753
10514
10944
11036
10794
10230
9367
8238
6882
5346
3680
1939
179
-1543
-3177
-4671
-5982
-7070
-7907
-8470
-8748
-8737
-8443
-7882
-7078
-6060
-4868
-3542
-2129
-677
765
2151
3437
4582
5551
6315
6852
7148
7199
7006
6580
5939
5107
4115
2998
1794
545
-707
-1923
-3063
-4090
-4973
-5684
-6204
-6517
-6617
-6503
-6182
-5667
-4975
-4133
-3168
-2112
-1000
133
1252
2324
3315
4198
4946
5540
5965
6212
6276
6158
5868
5415
4818
4096
3274
2376
1431
466
-491
-1415
-2281
-3067
-3755
-4329
-4779
-5097
-5279
-5327
-5245
-5040
-4723
-4307
-3807
-3238
-2618
-1964
-1293
-620
38
671
1265
1811
2300
2729
3091
3386
3613
3772
3866
3897
3869
3784
3647
3462
3232
2961
2652
2307
1929
1522
1088
631
153
-338
-841
-1349
-1855
-2350
-2827
-3276
-3687
-4050
-4354
-4590
-4746
-4815
-4790
-4664
-4435
-4100
-3662
-3125
-2496
-1786
-1006
-174
693
1575
2452
3300
4097
4820
5450
5965
6349
6588
6672
6594
6350
5944
5382
4676
3839
2894
1861
767
-360
-1491
-2595
-3644
-4608
-5460
-6178
-6740
-7132
-7340
-7360
-7191
-6836
-6305
-5614
-4780
-3828
-2784
-1677
-537
603
1713
2763
3724
4572
5285
5844
6238
6459
6505
6377
6083
5637
5054
4355
3563
2704
1804
891
-8
-868
-1666
-2381
-2995
-3495
-3871
-4118
-4235
-4226
-4099
-3864
-3536
-3132
-2669
-2168
-1649
-1130
-631
-168
244
595
876
1082
1211
1266
1252
1177
1051
888
700
503
311
139
0
-96
-140
-126
-51
85
278
523
808
1122
1450
1777
2084
2356
2575
2727
2796
2774
2650
2422
2088
1653
1123
510
-169
-898
-1654
-2414
-3152
-3844
-4463
-4986
-5391
-5660
-5776
-5729
-5513
-5127
-4576
-3868
-3021
-2053
-990
139
1304
2472
3607
4675
5642
6477
7153
7644
7932
8004
7853
7478
6884
6086
5101
3955
2677
1303
-128
-1580
-3008
-4373
-5633
-6752
-7697
-8437
-8950
-9218
-9233
-8990
-8496
-7761
-6805
-5654
-4339
-2896
-1366
207
1781
3310
4752
6064
7211
8158
8880
9355
9571
9521
9207
8638
7830
6808
5599
4239
2767
1223
-346
-1900
-3392
-4783
-6033
-7109
-7981
-8626
-9028
-9178
-9074
-8720
-8128
-7318
-6314
-5146
-3848
-2458
-1015
438
1864
3222
4475
5590
6537
7293
7840
8166
8264
8135
7787
7233
6491
5584
4541
3393
2172
913
-347
-1577
-2741
-3810
-4757
-5559
-6196
-6656
-6929
-7012
-6909
-6625
-6172
-5567
-4830
-3984
-3053
-2065
-1048
-28
965
1910
2780
3557
4222
4762
5166
5430
5549
5526
5367
5080
4676
4170
3579
2919
2210
1471
721
-20
-737
-1413
-2033
-2586
-3061
-3450
-3749
-3955
-4067
-4088
-4020
-3869
-3643
-3349
-2996
-2595
-2155
-1687
-1200
-705
-210
274
742
1185
1597
1973
2308
2598
2839
3029
3166
3249
0
0
0
0
0
0
0
0
0
0
0
0
0
0
0
0
0
0
0
0
0
0
0
0
0
0
0
0
0
0
0
0
0
0
0
0
0
0
0
0
0
0
0
0
0
0
0
0
0
0
0
0
0
0
0
0
0
0
0
0
0
0
0
0
0
0
0
0
0
0
0
0
0
0
0
0
0
0
0
0
0
0
0
0
0
0
0
0
0
0
0
0
0
0
0
0
0
0
0
0
0
0
0
0
0
0
0
0
0
0
0
0
0
0
0
0
0
0
0
0
0
0
0
0
0
0
0
0
0
0
0
0
0
0
0
6553
6473
6237
5849
5320
4663
3894
3032
2099
1118
112
-891
-1870
-2800
-3659
-4426
-5082
-5613
-6006
-6254
-6350
-6295
-6091
-5743
-5263
-4661
-3956
-3163
-2304
-1399
-471
458
1367
2235
3041
3768
4400
4924
5329
5608
5757
5774
5663
5426
5073
4613
4059
3424
2724
1976
1197
405
-383
-1152
-1885
-2567
-3186
-3730
-4189
-4558
-4829
-5001
-5071
-5041
-4913
-4692
-4383
-3994
-3533
-3010
-2436
-1821
-1176
-513
156
821
1469
2091
2676
3214
3696
4115
4463
4733
4920
5021
5033
4952
4780
4518
4168
3733
3220
2635
1988
1288
547
-222
-1007
-1792
-2562
-3301
-3993
-4622
-5173
-5632
-5986
-6223
-6336
-6315
-6159
-5864
-5433
-4872
-4187
-3391
-2498
-1525
-492
577
1660
2733
3768
4742
5627
6403
7045
7537
7861
8006
7965
7733
7313
6711
5936
5006
3941
2763
1501
183
-1155
-2485
-3770
-4978
-6078
-7040
-7838
-8451
-8860
-9054
-9025
-8773
-8301
-7622
-6750
-5707
-4519
-3216
-1832
-401
1038
2450
3798
5047
6164
7122
7895
8464
8817
8944
8844
8522
7988
7259
6354
5301
4129
2870
1559
231
-1077
-2333
-3505
-4561
-5478
-6233
-6811
-7199
-7394
-7395
-7207
-6842
-6314
-5644
-4854
-3970
-3020
-2033
-1036
-58
874
1739
2514
3184
3734
4157
4447
4604
4634
4542
4341
4045
3670
3234
2756
2253
1746
1249
779
349
-31
-355
-617
-818
-958
-1043
-1079
-1075
-1041
-990
-931
-877
-837
-821
-835
-884
-971
-1094
-1251
-1435
-1638
-1850
-2058
-2250
-2411
-2528
-2588
-2579
-2492
-2319
-2056
-1703
-1261
-739
-145
504
1196
1908
2620
3308
3948
4517
4993
5355
5585
5668
5594
5358
4958
4401
3694
2854
1901
858
-244
-1378
-2508
-3601
-4623
-5541
-6325
-6947
-7385
-7622
-7644
-7448
-7033
-6409
-5589
-4595
-3453
-2195
-858
520
1899
3236
4492
5627
6605
7397
7975
8322
8425
8279
7887
7259
6414
5377
4178
2854
1446
-4
-1452
-2852
-4161
-5339
-6350
-7162
-7750
-8096
-8191
-8032
-7625
-6983
-6129
-5089
-3899
-2595
-1222
177
1558
2877
4090
5161
6054
6744
7208
7434
7416
7156
6666
5963
5071
4023
2853
1603
313
-972
-2211
-3363
-4389
-5256
-5937
-6410
-6662
-6686
-6482
-6061
-5438
-4635
-3683
-2614
-1467
-280
904
2046
3108
4052
4849
5470
5898
6118
6124
5919
5510
4914
4154
3255
2252
1179
74
-1023
-2075
-3046
-3902
-4614
-5159
-5519
-5682
-5645
-5410
-4987
-4393
-3650
-2785
-1829
-818
211
1225
2185
3059
3815
4428
4876
5145
5227
5119
4827
4363
3744
2994
2140
1214
251
-715
-1649
-2516
-3286
-3930
-4426
-4754
-4905
-4873
-4658
-4269
-3721
-3033
-2231
-1344
-405
552
1492
2381
3186
3876
4426
4816
5030
5059
4901
4561
4049
3383
2586
1686
713
-296
-1309
-2287
-3197
-4004
-4680
-5200
-5543
-5697
-5654
-5414
-4983
-4374
-3607
-2707
-1704
-631
475
1579
2642
3627
4502
5236
5803
6184
6364
6337
6102
5667
5044
4255
3323
2281
1160
0
-1163
-2292
-3349
-4299
-5112
-5761
-6226
-6491
-6550
-6400
-6047
-5505
-4790
-3928
-2947
-1880
-762
369
1478
2529
3488
4324
5011
5530
5863
6004
5949
5703
5275
4684
3950
3100
2164
1174
163
-832
-1782
-2653
-3417
-4051
-4535
-4855
-5002
-4975
-4777
-4417
-3910
-3277
-2541
-1729
-871
2
860
1673
2413
3054
3574
3958
4192
4269
4189
3955
3578
3070
2452
1746
976
172
-639
-1428
-2167
-2831
-3397
-3843
-4156
-4323
-4339
-4203
-3920
-3498
-2951
-2297
-1558
-758
75
918
1740
2516
3220
3829
4324
4688
4911
4984
4904
4676
4304
3800
3179
2461
1666
818
-57
-935
-1790
-2597
-3333
-3979
-4515
-4929
-5209
-5349
-5346
-5202
-4922
-4515
-3994
-3374
-2673
-1910
-1105
-281
540
1341
2100
2799
3422
3956
4390
4716
4929
5027
5009
4881
4647
4315
3896
3401
2844
2237
1595
932
262
-400
-1043
-1654
-2223
-2739
-3195
-3584
-3901
-4140
-4301
-4382
-4383
-4306
-4152
-3926
-3632
-3276
-2864
-2402
-1899
-1363
-802
-225
357
936
1502
2045
2555
3023
3441
3800
4093
4313
4455
4516
4492
4382
4188
3911
3556
3129
2636
2087
1493
864
213
-446
-1101
-1737
-2341
-2901
-3404
-3840
-4199
-4474
-4659
-4750
-4746
-4647
-4456
-4178
-3819
-3389
-2896
-2352
-1769
-1159
-536
87
700
1290
1846
2359
2819
3222
3560
3830
4031
4161
4221
4213
4140
4005
3812
3568
3275
2941
2570
2167
1738
1286
817
335
-155
-650
-1146
-1638
-2121
-2590
-3039
-3462
-3853
-4204
-4508
-4757
-4942
-5056
-5091
-5041
-4898
-4660
-4322
-3884
-3347
-2715
-1994
-1194
-326
593
1549
2520
3486
4423
5307
6115
6822
7406
7847
8125
8227
8140
7858
7380
6708
5852
4825
3647
2342
939
-529
-2029
-3521
-4967
-6328
-7565
-8644
-9531
-10199
-10624
-10788
-10683
-10305
-9658
-8754
-7612
-6259
-4727
-3055
-1286
534
2358
4135
5817
7358
8713
9846
10722
11317
11613
11600
11278
10654
9746
8578
7184
5601
3876
2056
195
-1655
-3443
-5118
-6631
-7941
-9011
-9812
-10325
-10536
-10443
-10052
-9377
-8444
-7283
-5932
-4434
-2838
-1194
447
2035
3521
4860
6013
6946
7634
8060
8213
8094
7711
7083
6233
5195
4006
2710
1351
-20
-1360
-2620
-3758
-4734
-5517
-6080
-6405
-6483
-6310
-5896
-5255
-4412
-3396
-2244
-997
298
1598
2854
4020
5055
5919
6580
7010
7193
7116
6779
6189
5361
4319
3095
1725
254
-1272
-2804
-4293
-5687
-6942
-8013
-8863
-9460
-9781
-9811
-9542
-8977
-8129
-7016
-5669
-4123
-2421
-609
1259
3132
4955
6677
8245
9614
10743
11597
12151
12385
12291
11868
11125
10080
8759
7196
5431
3510
1483
-596
-2676
-4701
-6619
-8382
-9943
-11263
-12310
-13058
-13488
-13591
-13366
-12819
-11966
-10828
-9434
-7820
-6026
-4095
-2075
-12
2042
4043
5943
7700
9276
10635
11749
12596
13159
13429
13402
13082
12479
11608
10490
9153
7626
5944
4143
2262
341
-1578
-3458
-5258
-6943
-8478
-9833
-10980
-11896
-12564
-12970
-13106
-12970
-12564
-11896
-10980
-9833
-8478
-6943
-5258
-3458
-1578
341
2262
4143
5944
7626
9153
10490
11608
12479
13082
13402
13429
13159
12596
11749
10635
9276
7700
5943
4043
2042
-12
-2075
-4095
-6026
-7820
-9434
-10828
-11966
-12819
-13366
-13591
-13488
-13058
-12310
-11263
-9943
-8382
-6619
-4701
-2676
-596
1483
3510
5431
7196
8759
10080
11125
11868
12291
12385
12151
11597
10743
9614
8245
6677
4955
3132
1259
-609
-2421
-4123
-5669
-7016
-8129
-8977
-9542
-9811
-9781
-9460
-8863
-8013
-6942
-5687
-4293
-2804
-1272
254
1725
3095
4319
5361
6189
6779
7116
7193
7010
6580
5919
5055
4020
2854
1598
298
-997
-2244
-3396
-4412
-5255
-5896
-6310
-6483
-6405
-6080
-5517
-4734
-3758
-2620
-1360
-20
1351
2710
4006
5195
6233
7083
7711
8094
8213
8060
7634
6946
6013
4860
3521
2035
447
-1194
-2838
-4434
-5932
-7283
-8444
-9377
-10052
-10443
-10536
-10325
-9812
-9011
-7941
-6631
-5118
-3443
-1655
195
2056
3876
5601
7184
8578
9746
10654
11278
11600
11613
11317
10722
9846
8713
7358
5817
4135
2358
534
-1286
-3055
-4727
-6259
-7612
-8754
-9658
-10305
-10683
-10788
-10624
-10199
-9531
-8644
-7565
-6328
-4967
-3521
-2029
-529
939
2342
3647
4825
5852
6708
7380
7858
8140
8227
8125
7847
7406
6822
6115
5307
4423
3486
2520
1549
593
-326
-1194
-1994
-2715
-3347
-3884
-4322
-4660
-4898
-5041
-5091
-5056
-4942
-4757
-4508
-4204
-3853
-3462
-3039
-2590
-2121
-1638
-1146
-650
-155
335
817
1286
1738
2167
2570
2941
3275
3568
3812
4005
4140
4213
4221
4161
4031
3830
3560
3222
2819
2359
1846
1290
700
87
-536
-1159
-1769
-2352
-2896
-3389
-3819
-4178
-4456
-4647
-4746
-4750
-4659
-4474
-4199
-3840
-3404
-2901
-2341
-1737
-1101
-446
213
864
1493
2087
2636
3129
3556
3911
4188
4382
4492
4516
4455
4313
4093
3800
3441
3023
2555
2045
1502
936
357
-225
-802
-1363
-1899
-2402
-2864
-3276
-3632
-3926
-4152
-4306
-4383
-4382
-4301
-4140
-3901
-3584
-3195
-2739
-2223
-1654
-1043
-400
262
932
1595
2237
2844
3401
3896
4315
4647
4881
5009
5027
4929
4716
4390
3956
3422
2799
2100
1341
540
-281
-1105
-1910
-2673
-3374
-3994
-4515
-4922
-5202
-5346
-5349
-5209
-4929
-4515
-3979
-3333
-2597
-1790
-935
-57
818
1666
2461
3179
3800
4304
4676
4904
4984
4911
4688
4324
3829
3220
2516
1740
918
75
-758
-1558
-2297
-2951
-3498
-3920
-4203
-4339
-4323
-4156
-3843
-3397
-2831
-2167
-1428
-639
172
976
1746
2452
3070
3578
3955
4189
4269
4192
3958
3574
3054
2413
1673
860
2
-871
-1729
-2541
-3277
-3910
-4417
-4777
-4975
-5002
-4855
-4535
-4051
-3417
-2653
-1782
-832
163
1174
2164
3100
3950
4684
5275
5703
5949
6004
5863
5530
5011
4324
3488
2529
1478
369
-762
-1880
-2947
-3928
-4790
-5505
-6047
-6400
-6550
-6491
-6226
-5761
-5112
-4299
-3349
-2292
-1163
0
1160
2281
3323
4255
5044
5667
6102
6337
6364
6184
5803
5236
4502
3627
2642
1579
475
-631
-1704
-2707
-3607
-4374
-4983
-5414
-5654
-5697
-5543
-5200
-4680
-4004
-3197
-2287
-1309
-296
713
1686
2586
3383
4049
4561
4901
5059
5030
4816
4426
3876
3186
2381
1492
552
-405
-1344
-2231
-3033
-3721
-4269
-4658
-4873
-4905
-4754
-4426
-3930
-3286
-2516
-1649
-715
251
1214
2140
2994
3744
4363
4827
5119
5227
5145
4876
4428
3815
3059
2185
1225
211
-818
-1829
-2785
-3650
-4393
-4987
-5410
-5645
-5682
-5519
-5159
-4614
-3902
-3046
-2075
-1023
74
1179
2252
3255
4154
4914
5510
5919
6124
6118
5898
5470
4849
4052
3108
2046
904
-280
-1467
-2614
-3683
-4635
-5438
-6061
-6482
-6686
-6662
-6410
-5937
-5256
-4389
-3363
-2211
-972
313
1603
2853
4023
5071
5963
6666
7156
7416
7434
7208
6744
6054
5161
4090
2877
1558
177
-1222
-2595
-3899
-5089
-6129
-6983
-7625
-8032
-8191
-8096
-7750
-7162
-6350
-5339
-4161
-2852
-1452
-4
1446
2854
4178
5377
6414
7259
7887
8279
8425
8322
7975
7397
6605
5627
4492
3236
1899
520
-858
-2195
-3453
-4595
-5589
-6409
-7033
-7448
-7644
-7622
-7385
-6947
-6325
-5541
-4623
-3601
-2508
-1378
-244
858
1901
2854
3694
4401
4958
5358
5594
5668
5585
5355
4993
4517
3948
3308
2620
1908
1196
504
-145
-739
-1261
-1703
-2056
-2319
-2492
-2579
-2588
-2528
-2411
-2250
-2058
-1850
-1638
-1435
-1251
-1094
-971
-884
-835
-821
-837
-877
-931
-990
-1041
-1075
-1079
-1043
-958
-818
-617
-355
-31
349
779
1249
1746
2253
2756
3234
3670
4045
4341
4542
4634
4604
4447
4157
3734
3184
2514
1739
874
-58
-1036
-2033
-3020
-3970
-4854
-5644
-6314
-6842
-7207
-7395
-7394
-7199
-6811
-6233
-5478
-4561
-3505
-2333
-1077
231
1559
2870
4129
5301
6354
7259
7988
8522
8844
8944
8817
8464
7895
7122
6164
5047
3798
2450
1038
-401
-1832
-3216
-4519
-5707
-6750
-7622
-8301
-8773
-9025
-9054
-8860
-8451
-7838
-7040
-6078
-4978
-3770
-2485
-1155
183
1501
2763
3941
5006
5936
6711
7313
7733
7965
8006
7861
7537
7045
6403
5627
4742
3768
2733
1660
577
-492
-1525
-2498
-3391
-4187
-4872
-5433
-5864
-6159
-6315
-6336
-6223
-5986
-5632
-5173
-4622
-3993
-3301
-2562
-1792
-1007
-222
547
1288
1988
2635
3220
3733
4168
4518
4780
4952
5033
5021
4920
4733
4463
4115
3696
3214
2676
2091
1469
821
156
-513
-1176
-1821
-2436
-3010
-3533
-3994
-4383
-4692
-4913
-5041
-5071
-5001
-4829
-4558
-4189
-3730
-3186
-2567
-1885
-1152
-383
405
1197
1976
2724
3424
4059
4613
5073
5426
5663
5774
5757
5608
5329
4924
4400
3768
3041
2235
1367
458
-471
-1399
-2304
-3163
-3956
-4661
-5263
-5743
-6091
-6295
-6350
-6254
-6006
-5613
-5082
-4426
-3659
-2800
-1870
-891
112
1118
2099
3032
3894
4663
5320
5849
6237
6473
0
0
0
0
0
0
0
0
0
0
0
0
0
0
0
0
0
0
0
0
0
0
0
0
0
0
0
0
0
0
0
0
0
0
0
0
0
0
0
0
0
0
0
0
0
0
0
0
0
0
0
0
0
0
0
0
0
0
0
0
0
0
0
0
0
0
0
0
0
0
0
0
0
0
0
0
0
0
0
0
0
0
0
0
0
0
0
0
0
0
0
0
0
0
0
0
0
0
0
0
0
0
0
0
0
0
0
0
0
0
0
0
0
0
0
0
0
0
0
0
0
0
0
0
0
0
0
0
0
0
0
0
0
0
0
