17269
10860
2323
-6503
-13675
-17624
-17552
-13646
-7044
438
6748
10116
9502
4874
-2766
-11612
-19489
-24393
-24992
-20975
-13146
-3247
6453
13713
16874
15271
9419
894
-8039
-14981
-17991
-16075
-9452
484
11483
20977
26708
27284
22529
13547
2464
-8071
-15531
-18124
-15240
-7608
2863
13539
21694
25174
22923
15258
3804
-8879
-19903
-26744
-27847
-23008
-13430
-1444
10040
18230
21115
17953
9452
-2389
-14751
-24660
-29696
-28562
-21402
-9768
3740
16081
24488
27110
23450
14470
2370
-9933
-19489
-23995
-22337
-14836
-3174
10002
21698
29260
30980
26482
16796
4110
-8737
-18907
-24204
-23562
-17269
-6882
5141
16010
23227
25144
21317
12579
836
-11371
-21439
-27272
-27724
-22829
-13764
-2566
8328
16611
20598
19566
13876
4870
-5444
-14830
-21300
-23513
-21037
-14409
-4991
5321
14505
20812
23111
21086
15278
6950
-2178
-10279
-15767
-17601
-15467
-9822
-1797
7032
14943
20394
22308
20275
14624
6366
-2997
-11743
-18255
-21326
-20385
-15618
-7946
1143
9863
16470
19603
18552
13416
5102
-4831
-14468
-21899
-25605
-24765
-19436
-10561
202
10793
19159
23661
23411
18457
9790
-852
-11321
-19489
-23676
-22989
-17506
-8259
2970
14002
22701
27390
27185
22159
13316
2383
-8538
-17386
-22537
-23111
-19117
-11435
-1619
8414
16757
21866
22839
19557
12675
3479
-6373
-15156
-21389
-24077
-22861
-18059
-10579
-1745
6935
14023
18380
19340
16806
11247
3621
-4785
-12557
-18379
-21238
-20593
-16466
-9452
-634
8577
16669
22278
24419
22671
17266
9070
-547
-9934
-17446
-21735
-21998
-18136
-10784
-1216
8878
17691
23626
25585
23172
16768
7458
-3158
-13264
-21146
-25502
-25659
-21680
-14337
-4956
4831
13373
19282
21658
20214
15302
7819
-962
-9610
-16770
-21364
-22742
-20752
-15744
-8489
-60
8328
15489
20425
22454
21302
17139
10562
2517
-5819
-13200
-18490
-20833
-19793
-15444
-8376
370
9452
17427
22985
25167
23534
18256
10098
306
-9595
-18051
-23738
-25781
-23899
-18445
-10342
-916
8328
15950
20809
22233
20100
14836
7317
-1280
-9676
-16676
-21335
-23071
-21720
-17531
-11107
-3316
4831
12303
18167
21692
22436
20294
15522
8715
749
-7315
-14367
-19391
-21614
-20635
-16499
-9718
-1216
7793
15984
22118
25243
24846
20941
14071
5225
-4317
-13185
-20136
-24233
-24981
-22385
-16923
-9452
-1064
7079
13917
18615
20664
19908
16541
11055
4160
-3299
-10441
-16433
-20571
-22346
-21500
-18059
-12350
-4978
3219
11256
18121
22898
24907
23810
19683
13021
4692
-4186
-12397
-18810
-22546
-23111
-20461
-15010
-7549
873
9116
16108
20992
23227
22631
19380
13947
7025
-575
-8021
-14540
-19489
-22393
-22979
-21192
-17198
-11380
-4318
3252
10500
16581
20738
22403
21287
17441
11278
3530
-4831
-12726
-19119
-23164
-24330
-22475
-17858
-11093
-3053
5263
12871
18928
22826
24245
23158
19803
14624
8203
1193
-5740
-11965
-16925
-20162
-21356
-20348
-17173
-12078
-5526
1827
9185
15695
20553
23111
22980
20099
14756
7561
-632
-8844
-16108
-21593
-24718
-25209
-23119
-18786
-12774
-5772
1491
8328
14156
18525
21131
21815
20554
17456
12759
6829
157
-6661
-12962
-18074
-21393
-22467
-21073
-17269
-11407
-4108
3815
11459
17953
22575
24845
24580
21894
17166
10967
3970
-3141
-9741
-15316
-19489
-22014
-22770
-21741
-19008
-14749
-9242
-2876
3856
10372
16048
20279
22562
22571
20219
15695
9452
2160
-5382
-12349
-18005
-21791
-23390
-22743
-20034
-15633
-10027
-3752
2675
8791
14203
18591
21694
23307
23278
21529
18082
13090
6866
-124
-7279
-13920
-19371
-23050
-24552
-23716
-20646
-15704
-9452
-2566
4252
10371
15295
18702
20448
20539
19094
16300
12377
7562
2112
-3683
-9486
-14901
-19489
-22805
-24451
-24142
-21768
-17438
-11484
-4439
3027
10196
16398
21097
23949
24833
23833
21195
17269
12441
7082
1521
-3964
-9127
-13732
-17535
-20273
-21685
-21548
-19726
-16225
-11226
-5098
1631
8328
14339
19077
22108
23198
22340
19731
15719
10741
5241
-379
-5798
-10778
-15145
-18756
-21466
-23111
-23512
-22505
-19986
-15959
-10586
-4196
2727
9595
15790
20750
24052
25465
24976
22770
19180
14624
9523
4248
-917
-5776
-10197
-14077
-17297
-19700
-21088
-21249
-20007
-17276
-13115
-7755
-1596
4831
10938
16157
20031
22272
22793
21697
19237
15748
11578
7027
2319
-2403
-7049
-11537
-15747
-19489
-22499
-24467
-25085
-24121
-21478
-17245
-11701
-5294
1425
7882
13568
18106
21295
23105
23647
23111
21701
19579
16838
13498
9548
4992
-89
-5505
-10937
-15966
-20131
-23004
-24269
-23789
-21632
-18059
-13479
-8369
-3188
1692
6031
9732
12810
15333
17361
18889
19825
19992
19174
17181
13920
9452
4016
-1983
-8031
-13586
-18168
-21437
-23239
-23614
-22759
-20961
-18517
-15660
-12521
-9114
-5374
-1216
3394
8381
13521
18461
22755
25952
27680
27728
26088
22961
18716
13812
8707
3772
-764
-4831
-8490
-11867
-15078
-18157
-21005
-23396
-25007
-25498
-24600
-22191
-18354
-13373
-7699
-1865
3613
8328
12050
14744
16547
17693
18431
18934
19241
19243
18710
17367
14982
11457
6883
1553
-4073
-9452
-14062
-17506
-19582
-20313
-19919
-18745
-17163
-15467
-13805
-12147
-10313
-8037
-5073
-1287
3267
8328
13456
18116
21785
24065
24768
23951
21896
19028
15815
12647
9751
7146
4666
2023
-1077
-4831
-9250
-14115
-19011
-23395
-26721
-28561
-28704
-27204
-24367
-20675
-16664
-12802
-9378
-6445
-3833
-1216
1772
5409
9781
14721
19828
24540
28256
30482
30944
29657
26921
23245
19226
15398
12111
9452
7239
5094
2565
-728
-4965
-10045
-15584
-20986
-25578
-28767
-30179
-29755
-27760
-24720
-21282
-18059
-15470
-13644
-12393
-11282
-9753
-7294
-3603
1312
7104
13150
18690
23005
25590
26278
25276
23111
20490
18120
16519
15885
16045
16506
16589
15621
13129
8982
3453
-2828
-9013
-14239
-17836
-19489
-19316
-17833
-15814
-14091
-13329
-13846
-15527
-17844
-19995
-21112
-20496
-17815
-13207
-7266
-912
4831
9088
11343
11577
10263
8243
6510
5936
7044
9852
13860
18163
21681
23433
22803
19704
14624
8515
2563
-2101
-4690
-4961
-3277
-517
2150
3571
2915
-95
-5096
-11155
-16996
-21313
-23111
-21957
-18111
-12473
-6364
-1202
1858
2218
0
-3978
-8403
-11804
-12923
-11061
-6263
661
8328
15110
19547
20709
18446
13439
7038
933
-3268
-4451
-2288
2670
9109
15281
19436
20270
-17269
-10860
-2323
6503
13675
17624
17552
13646
7044
-438
-6748
-10116
-9502
-4874
2766
11612
19489
24393
24992
20975
13146
3247
-6453
-13713
-16874
-15271
-9419
-894
8039
14981
17991
16075
9452
-484
-11483
-20977
-26708
-27284
-22529
-13547
-2464
8071
15531
18124
15240
7608
-2863
-13539
-21694
-25174
-22923
-15258
-3804
8879
19903
26744
27847
23008
13430
1444
-10040
-18230
-21115
-17953
-9452
2389
14751
24660
29696
28562
21402
9768
-3740
-16081
-24488
-27110
-23450
-14470
-2370
9933
19489
23995
22337
14836
3174
-10002
-21698
-29260
-30980
-26482
-16796
-4110
8737
18907
24204
23562
17269
6882
-5141
-16010
-23227
-25144
-21317
-12579
-836
11371
21439
27272
27724
22829
13764
2566
-8328
-16611
-20598
-19566
-13876
-4870
5444
14830
21300
23513
21037
14409
4991
-5321
-14505
-20812
-23111
-21086
-15278
-6950
2178
10279
15767
17601
15467
9822
1797
-7032
-14943
-20394
-22308
-20275
-14624
-6366
2997
11743
18255
21326
20385
15618
7946
-1143
-9863
-16470
-19603
-18552
-13416
-5102
4831
14468
21899
25605
24765
19436
10561
-202
-10793
-19159
-23661
-23411
-18457
-9790
852
11321
19489
23676
22989
17506
8259
-2970
-14002
-22701
-27390
-27185
-22159
-13316
-2383
8538
17386
22537
23111
19117
11435
1619
-8414
-16757
-21866
-22839
-19557
-12675
-3479
6373
15156
21389
24077
22861
18059
10579
1745
-6935
-14023
-18380
-19340
-16806
-11247
-3621
4785
12557
18379
21238
20593
16466
9452
634
-8577
-16669
-22278
-24419
-22671
-17266
-9070
547
9934
17446
21735
21998
18136
10784
1216
-8878
-17691
-23626
-25585
-23172
-16768
-7458
3158
13264
21146
25502
25659
21680
14337
4956
-4831
-13373
-19282
-21658
-20214
-15302
-7819
962
9610
16770
21364
22742
20752
15744
8489
60
-8328
-15489
-20425
-22454
-21302
-17139
-10562
-2517
5819
13200
18490
20833
19793
15444
8376
-370
-9452
-17427
-22985
-25167
-23534
-18256
-10098
-306
9595
18051
23738
25781
23899
18445
10342
916
-8328
-15950
-20809
-22233
-20100
-14836
-7317
1280
9676
16676
21335
23071
21720
17531
11107
3316
-4831
-12303
-18167
-21692
-22436
-20294
-15522
-8715
-749
7315
14367
19391
21614
20635
16499
9718
1216
-7793
-15984
-22118
-25243
-24846
-20941
-14071
-5225
4317
13185
20136
24233
24981
22385
16923
9452
1064
-7079
-13917
-18615
-20664
-19908
-16541
-11055
-4160
3299
10441
16433
20571
22346
21500
18059
12350
4978
-3219
-11256
-18121
-22898
-24907
-23810
-19683
-13021
-4692
4186
12397
18810
22546
23111
20461
15010
7549
-873
-9116
-16108
-20992
-23227
-22631
-19380
-13947
-7025
575
8021
14540
19489
22393
22979
21192
17198
11380
4318
-3252
-10500
-16581
-20738
-22403
-21287
-17441
-11278
-3530
4831
12726
19119
23164
24330
22475
17858
11093
3053
-5263
-12871
-18928
-22826
-24245
-23158
-19803
-14624
-8203
-1193
5740
11965
16925
20162
21356
20348
17173
12078
5526
-1827
-9185
-15695
-20553
-23111
-22980
-20099
-14756
-7561
632
8844
16108
21593
24718
25209
23119
18786
12774
5772
-1491
-8328
-14156
-18525
-21131
-21815
-20554
-17456
-12759
-6829
-157
6661
12962
18074
21393
22467
21073
17269
11407
4108
-3815
-11459
-17953
-22575
-24845
-24580
-21894
-17166
-10967
-3970
3141
9741
15316
19489
22014
22770
21741
19008
14749
9242
2876
-3856
-10372
-16048
-20279
-22562
-22571
-20219
-15695
-9452
-2160
5382
12349
18005
21791
23390
22743
20034
15633
10027
3752
-2675
-8791
-14203
-18591
-21694
-23307
-23278
-21529
-18082
-13090
-6866
124
7279
13920
19371
23050
24552
23716
20646
15704
9452
2566
-4252
-10371
-15295
-18702
-20448
-20539
-19094
-16300
-12377
-7562
-2112
3683
9486
14901
19489
22805
24451
24142
21768
17438
11484
4439
-3027
-10196
-16398
-21097
-23949
-24833
-23833
-21195
-17269
-12441
-7082
-1521
3964
9127
13732
17535
20273
21685
21548
19726
16225
11226
5098
-1631
-8328
-14339
-19077
-22108
-23198
-22340
-19731
-15719
-10741
-5241
379
5798
10778
15145
18756
21466
23111
23512
22505
19986
15959
10586
4196
-2727
-9595
-15790
-20750
-24052
-25465
-24976
-22770
-19180
-14624
-9523
-4248
917
5776
10197
14077
17297
19700
21088
21249
20007
17276
13115
7755
1596
-4831
-10938
-16157
-20031
-22272
-22793
-21697
-19237
-15748
-11578
-7027
-2319
2403
7049
11537
15747
19489
22499
24467
25085
24121
21478
17245
11701
5294
-1425
-7882
-13568
-18106
-21295
-23105
-23647
-23111
-21701
-19579
-16838
-13498
-9548
-4992
89
5505
10937
15966
20131
23004
24269
23789
21632
18059
13479
8369
3188
-1692
-6031
-9732
-12810
-15333
-17361
-18889
-19825
-19992
-19174
-17181
-13920
-9452
-4016
1983
8031
13586
18168
21437
23239
23614
22759
20961
18517
15660
12521
9114
5374
1216
-3394
-8381
-13521
-18461
-22755
-25952
-27680
-27728
-26088
-22961
-18716
-13812
-8707
-3772
764
4831
8490
11867
15078
18157
21005
23396
25007
25498
24600
22191
18354
13373
7699
1865
-3613
-8328
-12050
-14744
-16547
-17693
-18431
-18934
-19241
-19243
-18710
-17367
-14982
-11457
-6883
-1553
4073
9452
14062
17506
19582
20313
19919
18745
17163
15467
13805
12147
10313
8037
5073
1287
-3267
-8328
-13456
-18116
-21785
-24065
-24768
-23951
-21896
-19028
-15815
-12647
-9751
-7146
-4666
-2023
1077
4831
9250
14115
19011
23395
26721
28561
28704
27204
24367
20675
16664
12802
9378
6445
3833
1216
-1772
-5409
-9781
-14721
-19828
-24540
-28256
-30482
-30944
-29657
-26921
-23245
-19226
-15398
-12111
-9452
-7239
-5094
-2565
728
4965
10045
15584
20986
25578
28767
30179
29755
27760
24720
21282
18059
15470
13644
12393
11282
9753
7294
3603
-1312
-7104
-13150
-18690
-23005
-25590
-26278
-25276
-23111
-20490
-18120
-16519
-15885
-16045
-16506
-16589
-15621
-13129
-8982
-3453
2828
9013
14239
17836
19489
19316
17833
15814
14091
13329
13846
15527
17844
19995
21112
20496
17815
13207
7266
912
-4831
-9088
-11343
-11577
-10263
-8243
-6510
-5936
-7044
-9852
-13860
-18163
-21681
-23433
-22803
-19704
-14624
-8515
-2563
2101
4690
4961
3277
517
-2150
-3571
-2915
95
5096
11155
16996
21313
23111
21957
18111
12473
6364
1202
-1858
-2218
0
3978
8403
11804
12923
11061
6263
-661
-8328
-15110
-19547
-20709
-18446
-13439
-7038
-933
3268
4451
2288
-2670
-9109
-15281
-19436
-20270
-17269
-10860
-2323
6503
13675
17624
17552
13646
7044
-438
-6748
-10116
-9502
-4874
2766
11612
19489
24393
24992
20975
13146
3247
-6453
-13713
-16874
-15271
-9419
-894
8039
14981
17991
16075
9452
-484
-11483
-20977
-26708
-27284
-22529
-13547
-2464
8071
15531
18124
15240
7608
-2863
-13539
-21694
-25174
-22923
-15258
-3804
8879
19903
26744
27847
23008
13430
1444
-10040
-18230
-21115
-17953
-9452
2389
14751
24660
29696
28562
21402
9768
-3740
-16081
-24488
-27110
-23450
-14470
-2370
9933
19489
23995
22337
14836
3174
-10002
-21698
-29260
-30980
-26482
-16796
-4110
8737
18907
24204
23562
17269
6882
-5141
-16010
-23227
-25144
-21317
-12579
-836
11371
21439
27272
27724
22829
13764
2566
-8328
-16611
-20598
-19566
-13876
-4870
5444
14830
21300
23513
21037
14409
4991
-5321
-14505
-20812
-23111
-21086
-15278
-6950
2178
10279
15767
17601
15467
9822
1797
-7032
-14943
-20394
-22308
-20275
-14624
-6366
2997
11743
18255
21326
20385
15618
7946
-1143
-9863
-16470
-19603
-18552
-13416
-5102
4831
14468
21899
25605
24765
19436
10561
-202
-10793
-19159
-23661
-23411
-18457
-9790
852
11321
19489
23676
22989
17506
8259
-2970
-14002
-22701
-27390
-27185
-22159
-13316
-2383
8538
17386
22537
23111
19117
11435
1619
-8414
-16757
-21866
-22839
-19557
-12675
-3479
6373
15156
21389
24077
22861
18059
10579
1745
-6935
-14023
-18380
-19340
-16806
-11247
-3621
4785
12557
18379
21238
20593
16466
9452
634
-8577
-16669
-22278
-24419
-22671
-17266
-9070
547
9934
17446
21735
21998
18136
10784
1216
-8878
-17691
-23626
-25585
-23172
-16768
-7458
3158
13264
21146
25502
25659
21680
14337
4956
-4831
-13373
-19282
-21658
-20214
-15302
-7819
962
9610
16770
21364
22742
20752
15744
8489
60
-8328
-15489
-20425
-22454
-21302
-17139
-10562
-2517
5819
13200
18490
20833
19793
15444
8376
-370
-9452
-17427
-22985
-25167
-23534
-18256
-10098
-306
9595
18051
23738
25781
23899
18445
10342
916
-8328
-15950
-20809
-22233
-20100
-14836
-7317
1280
9676
16676
21335
23071
21720
17531
11107
3316
-4831
-12303
-18167
-21692
-22436
-20294
-15522
-8715
-749
7315
14367
19391
21614
20635
16499
9718
1216
-7793
-15984
-22118
-25243
-24846
-20941
-14071
-5225
4317
13185
20136
24233
24981
22385
16923
9452
1064
-7079
-13917
-18615
-20664
-19908
-16541
-11055
-4160
3299
10441
16433
20571
22346
21500
18059
12350
4978
-3219
-11256
-18121
-22898
-24907
-23810
-19683
-13021
-4692
4186
12397
18810
22546
23111
20461
15010
7549
-873
-9116
-16108
-20992
-23227
-22631
-19380
-13947
-7025
575
8021
14540
19489
22393
22979
21192
17198
11380
4318
-3252
-10500
-16581
-20738
-22403
-21287
-17441
-11278
-3530
4831
12726
19119
23164
24330
22475
17858
11093
3053
-5263
-12871
-18928
-22826
-24245
-23158
-19803
-14624
-8203
-1193
5740
11965
16925
20162
21356
20348
17173
12078
5526
-1827
-9185
-15695
-20553
-23111
-22980
-20099
-14756
-7561
632
8844
16108
21593
24718
25209
23119
18786
12774
5772
-1491
-8328
-14156
-18525
-21131
-21815
-20554
-17456
-12759
-6829
-157
6661
12962
18074
21393
22467
21073
17269
11407
4108
-3815
-11459
-17953
-22575
-24845
-24580
-21894
-17166
-10967
-3970
3141
9741
15316
19489
22014
22770
21741
19008
14749
9242
2876
-3856
-10372
-16048
-20279
-22562
-22571
-20219
-15695
-9452
-2160
5382
12349
18005
21791
23390
22743
20034
15633
10027
3752
-2675
-8791
-14203
-18591
-21694
-23307
-23278
-21529
-18082
-13090
-6866
124
7279
13920
19371
23050
24552
23716
20646
15704
9452
2566
-4252
-10371
-15295
-18702
-20448
-20539
-19094
-16300
-12377
-7562
-2112
3683
9486
14901
19489
22805
24451
24142
21768
17438
11484
4439
-3027
-10196
-16398
-21097
-23949
-24833
-23833
-21195
-17269
-12441
-7082
-1521
3964
9127
13732
17535
20273
21685
21548
19726
16225
11226
5098
-1631
-8328
-14339
-19077
-22108
-23198
-22340
-19731
-15719
-10741
-5241
379
5798
10778
15145
18756
21466
23111
23512
22505
19986
15959
10586
4196
-2727
-9595
-15790
-20750
-24052
-25465
-24976
-22770
-19180
-14624
-9523
-4248
917
5776
10197
14077
17297
19700
21088
21249
20007
17276
13115
7755
1596
-4831
-10938
-16157
-20031
-22272
-22793
-21697
-19237
-15748
-11578
-7027
-2319
2403
7049
11537
15747
19489
22499
24467
25085
24121
21478
17245
11701
5294
-1425
-7882
-13568
-18106
-21295
-23105
-23647
-23111
-21701
-19579
-16838
-13498
-9548
-4992
89
5505
10937
15966
20131
23004
24269
23789
21632
18059
13479
8369
3188
-1692
-6031
-9732
-12810
-15333
-17361
-18889
-19825
-19992
-19174
-17181
-13920
-9452
-4016
1983
8031
13586
18168
21437
23239
23614
22759
20961
18517
15660
12521
9114
5374
1216
-3394
-8381
-13521
-18461
-22755
-25952
-27680
-27728
-26088
-22961
-18716
-13812
-8707
-3772
764
4831
8490
11867
15078
18157
21005
23396
25007
25498
24600
22191
18354
13373
7699
1865
-3613
-8328
-12050
-14744
-16547
-17693
-18431
-18934
-19241
-19243
-18710
-17367
-14982
-11457
-6883
-1553
4073
9452
14062
17506
19582
20313
19919
18745
17163
15467
13805
12147
10313
8037
5073
1287
-3267
-8328
-13456
-18116
-21785
-24065
-24768
-23951
-21896
-19028
-15815
-12647
-9751
-7146
-4666
-2023
1077
4831
9250
14115
19011
23395
26721
28561
28704
27204
24367
20675
16664
12802
9378
6445
3833
1216
-1772
-5409
-9781
-14721
-19828
-24540
-28256
-30482
-30944
-29657
-26921
-23245
-19226
-15398
-12111
-9452
-7239
-5094
-2565
728
4965
10045
15584
20986
25578
28767
30179
29755
27760
24720
21282
18059
15470
13644
12393
11282
9753
7294
3603
-1312
-7104
-13150
-18690
-23005
-25590
-26278
-25276
-23111
-20490
-18120
-16519
-15885
-16045
-16506
-16589
-15621
-13129
-8982
-3453
2828
9013
14239
17836
19489
19316
17833
15814
14091
13329
13846
15527
17844
19995
21112
20496
17815
13207
7266
912
-4831
-9088
-11343
-11577
-10263
-8243
-6510
-5936
-7044
-9852
-13860
-18163
-21681
-23433
-22803
-19704
-14624
-8515
-2563
2101
4690
4961
3277
517
-2150
-3571
-2915
95
5096
11155
16996
21313
23111
21957
18111
12473
6364
1202
-1858
-2218
0
3978
8403
11804
12923
11061
6263
-661
-8328
-15110
-19547
-20709
-18446
-13439
-7038
-933
3268
4451
2288
-2670
-9109
-15281
-19436
-20270
-17269
-10860
-2323
6503
13675
17624
17552
13646
7044
-438
-6748
-10116
-9502
-4874
2766
11612
19489
24393
24992
20975
13146
3247
-6453
-13713
-16874
-15271
-9419
-894
8039
14981
17991
16075
9452
-484
-11483
-20977
-26708
-27284
-22529
-13547
-2464
8071
15531
18124
15240
7608
-2863
-13539
-21694
-25174
-22923
-15258
-3804
8879
19903
26744
27847
23008
13430
1444
-10040
-18230
-21115
-17953
-9452
2389
14751
24660
29696
28562
21402
9768
-3740
-16081
-24488
-27110
-23450
-14470
-2370
9933
19489
23995
22337
14836
3174
-10002
-21698
-29260
-30980
-26482
-16796
-4110
8737
18907
24204
23562
17269
6882
-5141
-16010
-23227
-25144
-21317
-12579
-836
11371
21439
27272
27724
22829
13764
2566
-8328
-16611
-20598
-19566
-13876
-4870
5444
14830
21300
23513
21037
14409
4991
-5321
-14505
-20812
-23111
-21086
-15278
-6950
2178
10279
15767
17601
15467
9822
1797
-7032
-14943
-20394
-22308
-20275
-14624
-6366
2997
11743
18255
21326
20385
15618
7946
-1143
-9863
-16470
-19603
-18552
-13416
-5102
4831
14468
21899
25605
24765
19436
10561
-202
-10793
-19159
-23661
-23411
-18457
-9790
852
11321
19489
23676
22989
17506
8259
-2970
-14002
-22701
-27390
-27185
-22159
-13316
-2383
8538
17386
22537
23111
19117
11435
1619
-8414
-16757
-21866
-22839
-19557
-12675
-3479
6373
15156
21389
24077
22861
18059
10579
1745
-6935
-14023
-18380
-19340
-16806
-11247
-3621
4785
12557
18379
21238
20593
16466
9452
634
-8577
-16669
-22278
-24419
-22671
-17266
-9070
547
9934
17446
21735
21998
18136
10784
1216
-8878
-17691
-23626
-25585
-23172
-16768
-7458
3158
13264
21146
25502
25659
21680
14337
4956
-4831
-13373
-19282
-21658
-20214
-15302
-7819
962
9610
16770
21364
22742
20752
15744
8489
60
-8328
-15489
-20425
-22454
-21302
-17139
-10562
-2517
5819
13200
18490
20833
19793
15444
8376
-370
-9452
-17427
-22985
-25167
-23534
-18256
-10098
-306
9595
18051
23738
25781
23899
18445
10342
916
-8328
-15950
-20809
-22233
-20100
-14836
-7317
1280
9676
16676
21335
23071
21720
17531
11107
3316
-4831
-12303
-18167
-21692
-22436
-20294
-15522
-8715
-749
7315
14367
19391
21614
20635
16499
9718
1216
-7793
-15984
-22118
-25243
-24846
-20941
-14071
-5225
4317
13185
20136
24233
24981
22385
16923
9452
1064
-7079
-13917
-18615
-20664
-19908
-16541
-11055
-4160
3299
10441
16433
20571
22346
21500
18059
12350
4978
-3219
-11256
-18121
-22898
-24907
-23810
-19683
-13021
-4692
4186
12397
18810
22546
23111
20461
15010
7549
-873
-9116
-16108
-20992
-23227
-22631
-19380
-13947
-7025
575
8021
14540
19489
22393
22979
21192
17198
11380
4318
-3252
-10500
-16581
-20738
-22403
-21287
-17441
-11278
-3530
4831
12726
19119
23164
24330
22475
17858
11093
3053
-5263
-12871
-18928
-22826
-24245
-23158
-19803
-14624
-8203
-1193
5740
11965
16925
20162
21356
20348
17173
12078
5526
-1827
-9185
-15695
-20553
-23111
-22980
-20099
-14756
-7561
632
8844
16108
21593
24718
25209
23119
18786
12774
5772
-1491
-8328
-14156
-18525
-21131
-21815
-20554
-17456
-12759
-6829
-157
6661
12962
18074
21393
22467
21073
17269
11407
4108
-3815
-11459
-17953
-22575
-24845
-24580
-21894
-17166
-10967
-3970
3141
9741
15316
19489
22014
22770
21741
19008
14749
9242
2876
-3856
-10372
-16048
-20279
-22562
-22571
-20219
-15695
-9452
-2160
5382
12349
18005
21791
23390
22743
20034
15633
10027
3752
-2675
-8791
-14203
-18591
-21694
-23307
-23278
-21529
-18082
-13090
-6866
124
7279
13920
19371
23050
24552
23716
20646
15704
9452
2566
-4252
-10371
-15295
-18702
-20448
-20539
-19094
-16300
-12377
-7562
-2112
3683
9486
14901
19489
22805
24451
24142
21768
17438
11484
4439
-3027
-10196
-16398
-21097
-23949
-24833
-23833
-21195
-17269
-12441
-7082
-1521
3964
9127
13732
17535
20273
21685
21548
19726
16225
11226
5098
-1631
-8328
-14339
-19077
-22108
-23198
-22340
-19731
-15719
-10741
-5241
379
5798
10778
15145
18756
21466
23111
23512
22505
19986
15959
10586
4196
-2727
-9595
-15790
-20750
-24052
-25465
-24976
-22770
-19180
-14624
-9523
-4248
917
5776
10197
14077
17297
19700
21088
21249
20007
17276
13115
7755
1596
-4831
-10938
-16157
-20031
-22272
-22793
-21697
-19237
-15748
-11578
-7027
-2319
2403
7049
11537
15747
19489
22499
24467
25085
24121
21478
17245
11701
5294
-1425
-7882
-13568
-18106
-21295
-23105
-23647
-23111
-21701
-19579
-16838
-13498
-9548
-4992
89
5505
10937
15966
20131
23004
24269
23789
21632
18059
13479
8369
3188
-1692
-6031
-9732
-12810
-15333
-17361
-18889
-19825
-19992
-19174
-17181
-13920
-9452
-4016
1983
8031
13586
18168
21437
23239
23614
22759
20961
18517
15660
12521
9114
5374
1216
-3394
-8381
-13521
-18461
-22755
-25952
-27680
-27728
-26088
-22961
-18716
-13812
-8707
-3772
764
4831
8490
11867
15078
18157
21005
23396
25007
25498
24600
22191
18354
13373
7699
1865
-3613
-8328
-12050
-14744
-16547
-17693
-18431
-18934
-19241
-19243
-18710
-17367
-14982
-11457
-6883
-1553
4073
9452
14062
17506
19582
20313
19919
18745
17163
15467
13805
12147
10313
8037
5073
1287
-3267
-8328
-13456
-18116
-21785
-24065
-24768
-23951
-21896
-19028
-15815
-12647
-9751
-7146
-4666
-2023
1077
4831
9250
14115
19011
23395
26721
28561
28704
27204
24367
20675
16664
12802
9378
6445
3833
1216
-1772
-5409
-9781
-14721
-19828
-24540
-28256
-30482
-30944
-29657
-26921
-23245
-19226
-15398
-12111
-9452
-7239
-5094
-2565
728
4965
10045
15584
20986
25578
28767
30179
29755
27760
24720
21282
18059
15470
13644
12393
11282
9753
7294
3603
-1312
-7104
-13150
-18690
-23005
-25590
-26278
-25276
-23111
-20490
-18120
-16519
-15885
-16045
-16506
-16589
-15621
-13129
-8982
-3453
2828
9013
14239
17836
19489
19316
17833
15814
14091
13329
13846
15527
17844
19995
21112
20496
17815
13207
7266
912
-4831
-9088
-11343
-11577
-10263
-8243
-6510
-5936
-7044
-9852
-13860
-18163
-21681
-23433
-22803
-19704
-14624
-8515
-2563
2101
4690
4961
3277
517
-2150
-3571
-2915
95
5096
11155
16996
21313
23111
21957
18111
12473
6364
1202
-1858
-2218
0
3978
8403
11804
12923
11061
6263
-661
-8328
-15110
-19547
-20709
-18446
-13439
-7038
-933
3268
4451
2288
-2670
-9109
-15281
-19436
-20270
-17269
-10860
-2323
6503
13675
17624
17552
13646
7044
-438
-6748
-10116
-9502
-4874
2766
11612
19489
24393
24992
20975
13146
3247
-6453
-13713
-16874
-15271
-9419
-894
8039
14981
17991
16075
9452
-484
-11483
-20977
-26708
-27284
-22529
-13547
-2464
8071
15531
18124
15240
7608
-2863
-13539
-21694
-25174
-22923
-15258
-3804
8879
19903
26744
27847
23008
13430
1444
-10040
-18230
-21115
-17953
-9452
2389
14751
24660
29696
28562
21402
9768
-3740
-16081
-24488
-27110
-23450
-14470
-2370
9933
19489
23995
22337
14836
3174
-10002
-21698
-29260
-30980
-26482
-16796
-4110
8737
18907
24204
23562
17269
6882
-5141
-16010
-23227
-25144
-21317
-12579
-836
11371
21439
27272
27724
22829
13764
2566
-8328
-16611
-20598
-19566
-13876
-4870
5444
14830
21300
23513
21037
14409
4991
-5321
-14505
-20812
-23111
-21086
-15278
-6950
2178
10279
15767
17601
15467
9822
1797
-7032
-14943
-20394
-22308
-20275
-14624
-6366
2997
11743
18255
21326
20385
15618
7946
-1143
-9863
-16470
-19603
-18552
-13416
-5102
4831
14468
21899
25605
24765
19436
10561
-202
-10793
-19159
-23661
-23411
-18457
-9790
852
11321
19489
23676
22989
17506
8259
-2970
-14002
-22701
-27390
-27185
-22159
-13316
-2383
8538
17386
22537
23111
19117
11435
1619
-8414
-16757
-21866
-22839
-19557
-12675
-3479
6373
15156
21389
24077
22861
18059
10579
1745
-6935
-14023
-18380
-19340
-16806
-11247
-3621
4785
12557
18379
21238
20593
16466
9452
634
-8577
-16669
-22278
-24419
-22671
-17266
-9070
547
9934
17446
21735
21998
18136
10784
1216
-8878
-17691
-23626
-25585
-23172
-16768
-7458
3158
13264
21146
25502
25659
21680
14337
4956
-4831
-13373
-19282
-21658
-20214
-15302
-7819
962
9610
16770
21364
22742
20752
15744
8489
60
-8328
-15489
-20425
-22454
-21302
-17139
-10562
-2517
5819
13200
18490
20833
19793
15444
8376
-370
-9452
-17427
-22985
-25167
-23534
-18256
-10098
-306
9595
18051
23738
25781
23899
18445
10342
916
-8328
-15950
-20809
-22233
-20100
-14836
-7317
1280
9676
16676
21335
23071
21720
17531
11107
3316
-4831
-12303
-18167
-21692
-22436
-20294
-15522
-8715
-749
7315
14367
19391
21614
20635
16499
9718
1216
-7793
-15984
-22118
-25243
-24846
-20941
-14071
-5225
4317
13185
20136
24233
24981
22385
16923
9452
1064
-7079
-13917
-18615
-20664
-19908
-16541
-11055
-4160
3299
10441
16433
20571
22346
21500
18059
12350
4978
-3219
-11256
-18121
-22898
-24907
-23810
-19683
-13021
-4692
4186
12397
18810
22546
23111
20461
15010
7549
-873
-9116
-16108
-20992
-23227
-22631
-19380
-13947
-7025
575
8021
14540
19489
22393
22979
21192
17198
11380
4318
-3252
-10500
-16581
-20738
-22403
-21287
-17441
-11278
-3530
4831
12726
19119
23164
24330
22475
17858
11093
3053
-5263
-12871
-18928
-22826
-24245
-23158
-19803
-14624
-8203
-1193
5740
11965
16925
20162
21356
20348
17173
12078
5526
-1827
-9185
-15695
-20553
-23111
-22980
-20099
-14756
-7561
632
8844
16108
21593
24718
25209
23119
18786
12774
5772
-1491
-8328
-14156
-18525
-21131
-21815
-20554
-17456
-12759
-6829
-157
6661
12962
18074
21393
22467
21073
17269
11407
4108
-3815
-11459
-17953
-22575
-24845
-24580
-21894
-17166
-10967
-3970
3141
9741
15316
19489
22014
22770
21741
19008
14749
9242
2876
-3856
-10372
-16048
-20279
-22562
-22571
-20219
-15695
-9452
-2160
5382
12349
18005
21791
23390
22743
20034
15633
10027
3752
-2675
-8791
-14203
-18591
-21694
-23307
-23278
-21529
-18082
-13090
-6866
124
7279
13920
19371
23050
24552
23716
20646
15704
9452
2566
-4252
-10371
-15295
-18702
-20448
-20539
-19094
-16300
-12377
-7562
-2112
3683
9486
14901
19489
22805
24451
24142
21768
17438
11484
4439
-3027
-10196
-16398
-21097
-23949
-24833
-23833
-21195
-17269
-12441
-7082
-1521
3964
9127
13732
17535
20273
21685
21548
19726
16225
11226
5098
-1631
-8328
-14339
-19077
-22108
-23198
-22340
-19731
-15719
-10741
-5241
379
5798
10778
15145
18756
21466
23111
23512
22505
19986
15959
10586
4196
-2727
-9595
-15790
-20750
-24052
-25465
-24976
-22770
-19180
-14624
-9523
-4248
917
5776
10197
14077
17297
19700
21088
21249
20007
17276
13115
7755
1596
-4831
-10938
-16157
-20031
-22272
-22793
-21697
-19237
-15748
-11578
-7027
-2319
2403
7049
11537
15747
19489
22499
24467
25085
24121
21478
17245
11701
5294
-1425
-7882
-13568
-18106
-21295
-23105
-23647
-23111
-21701
-19579
-16838
-13498
-9548
-4992
89
5505
10937
15966
20131
23004
24269
23789
21632
18059
13479
8369
3188
-1692
-6031
-9732
-12810
-15333
-17361
-18889
-19825
-19992
-19174
-17181
-13920
-9452
-4016
1983
8031
13586
18168
21437
23239
23614
22759
20961
18517
15660
12521
9114
5374
1216
-3394
-8381
-13521
-18461
-22755
-25952
-27680
-27728
-26088
-22961
-18716
-13812
-8707
-3772
764
4831
8490
11867
15078
18157
21005
23396
25007
25498
24600
22191
18354
13373
7699
1865
-3613
-8328
-12050
-14744
-16547
-17693
-18431
-18934
-19241
-19243
-18710
-17367
-14982
-11457
-6883
-1553
4073
9452
14062
17506
19582
20313
19919
18745
17163
15467
13805
12147
10313
8037
5073
1287
-3267
-8328
-13456
-18116
-21785
-24065
-24768
-23951
-21896
-19028
-15815
-12647
-9751
-7146
-4666
-2023
1077
4831
9250
14115
19011
23395
26721
28561
28704
27204
24367
20675
16664
12802
9378
6445
3833
1216
-1772
-5409
-9781
-14721
-19828
-24540
-28256
-30482
-30944
-29657
-26921
-23245
-19226
-15398
-12111
-9452
-7239
-5094
-2565
728
4965
10045
15584
20986
25578
28767
30179
29755
27760
24720
21282
18059
15470
13644
12393
11282
9753
7294
3603
-1312
-7104
-13150
-18690
-23005
-25590
-26278
-25276
-23111
-20490
-18120
-16519
-15885
-16045
-16506
-16589
-15621
-13129
-8982
-3453
2828
9013
14239
17836
19489
19316
17833
15814
14091
13329
13846
15527
17844
19995
21112
20496
17815
13207
7266
912
-4831
-9088
-11343
-11577
-10263
-8243
-6510
-5936
-7044
-9852
-13860
-18163
-21681
-23433
-22803
-19704
-14624
-8515
-2563
2101
4690
4961
3277
517
-2150
-3571
-2915
95
5096
11155
16996
21313
23111
21957
18111
12473
6364
1202
-1858
-2218
0
3978
8403
11804
12923
11061
6263
-661
-8328
-15110
-19547
-20709
-18446
-13439
-7038
-933
3268
4451
2288
-2670
-9109
-15281
-19436
-20270
-17269
-10860
-2323
6503
13675
17624
17552
13646
7044
-438
-6748
-10116
-9502
-4874
2766
11612
19489
24393
24992
20975
13146
3247
-6453
-13713
-16874
-15271
-9419
-894
8039
14981
17991
16075
9452
-484
-11483
-20977
-26708
-27284
-22529
-13547
-2464
8071
15531
18124
15240
7608
-2863
-13539
-21694
-25174
-22923
-15258
-3804
8879
19903
26744
27847
23008
13430
1444
-10040
-18230
-21115
-17953
-9452
2389
14751
24660
29696
28562
21402
9768
-3740
-16081
-24488
-27110
-23450
-14470
-2370
9933
19489
23995
22337
14836
3174
-10002
-21698
-29260
-30980
-26482
-16796
-4110
8737
18907
24204
23562
17269
6882
-5141
-16010
-23227
-25144
-21317
-12579
-836
11371
21439
27272
27724
22829
13764
2566
-8328
-16611
-20598
-19566
-13876
-4870
5444
14830
21300
23513
21037
14409
4991
-5321
-14505
-20812
-23111
-21086
-15278
-6950
2178
10279
15767
17601
15467
9822
1797
-7032
-14943
-20394
-22308
-20275
-14624
-6366
2997
11743
18255
21326
20385
15618
7946
-1143
-9863
-16470
-19603
-18552
-13416
-5102
4831
14468
21899
25605
24765
19436
10561
-202
-10793
-19159
-23661
-23411
-18457
-9790
852
11321
19489
23676
22989
17506
8259
-2970
-14002
-22701
-27390
-27185
-22159
-13316
-2383
8538
17386
22537
23111
19117
11435
1619
-8414
-16757
-21866
-22839
-19557
-12675
-3479
6373
15156
21389
24077
22861
18059
10579
1745
-6935
-14023
-18380
-19340
-16806
-11247
-3621
4785
12557
18379
21238
20593
16466
9452
634
-8577
-16669
-22278
-24419
-22671
-17266
-9070
547
9934
17446
21735
21998
18136
10784
1216
-8878
-17691
-23626
-25585
-23172
-16768
-7458
3158
13264
21146
25502
25659
21680
14337
4956
-4831
-13373
-19282
-21658
-20214
-15302
-7819
962
9610
16770
21364
22742
20752
15744
8489
60
-8328
-15489
-20425
-22454
-21302
-17139
-10562
-2517
5819
13200
18490
20833
19793
15444
8376
-370
-9452
-17427
-22985
-25167
-23534
-18256
-10098
-306
9595
18051
23738
25781
23899
18445
10342
916
-8328
-15950
-20809
-22233
-20100
-14836
-7317
1280
9676
16676
21335
23071
21720
17531
11107
3316
-4831
-12303
-18167
-21692
-22436
-20294
-15522
-8715
-749
7315
14367
19391
21614
20635
16499
9718
1216
-7793
-15984
-22118
-25243
-24846
-20941
-14071
-5225
4317
13185
20136
24233
24981
22385
16923
9452
1064
-7079
-13917
-18615
-20664
-19908
-16541
-11055
-4160
3299
10441
16433
20571
22346
21500
18059
12350
4978
-3219
-11256
-18121
-22898
-24907
-23810
-19683
-13021
-4692
4186
12397
18810
22546
23111
20461
15010
7549
-873
-9116
-16108
-20992
-23227
-22631
-19380
-13947
-7025
575
8021
14540
19489
22393
22979
21192
17198
11380
4318
-3252
-10500
-16581
-20738
-22403
-21287
-17441
-11278
-3530
4831
12726
19119
23164
24330
22475
17858
11093
3053
-5263
-12871
-18928
-22826
-24245
-23158
-19803
-14624
-8203
-1193
5740
11965
16925
20162
21356
20348
17173
12078
5526
-1827
-9185
-15695
-20553
-23111
-22980
-20099
-14756
-7561
632
8844
16108
21593
24718
25209
23119
18786
12774
5772
-1491
-8328
-14156
-18525
-21131
-21815
-20554
-17456
-12759
-6829
-157
6661
12962
18074
21393
22467
21073
17269
11407
4108
-3815
-11459
-17953
-22575
-24845
-24580
-21894
-17166
-10967
-3970
3141
9741
15316
19489
22014
22770
21741
19008
14749
9242
2876
-3856
-10372
-16048
-20279
-22562
-22571
-20219
-15695
-9452
-2160
5382
12349
18005
21791
23390
22743
20034
15633
10027
3752
-2675
-8791
-14203
-18591
-21694
-23307
-23278
-21529
-18082
-13090
-6866
124
7279
13920
19371
23050
24552
23716
20646
15704
9452
2566
-4252
-10371
-15295
-18702
-20448
-20539
-19094
-16300
-12377
-7562
-2112
3683
9486
14901
19489
22805
24451
24142
21768
17438
11484
4439
-3027
-10196
-16398
-21097
-23949
-24833
-23833
-21195
-17269
-12441
-7082
-1521
3964
9127
13732
17535
20273
21685
21548
19726
16225
11226
5098
-1631
-8328
-14339
-19077
-22108
-23198
-22340
-19731
-15719
-10741
-5241
379
5798
10778
15145
18756
21466
23111
23512
22505
19986
15959
10586
4196
-2727
-9595
-15790
-20750
-24052
-25465
-24976
-22770
-19180
-14624
-9523
-4248
917
5776
10197
14077
17297
19700
21088
21249
20007
17276
13115
7755
1596
-4831
-10938
-16157
-20031
-22272
-22793
-21697
-19237
-15748
-11578
-7027
-2319
2403
7049
11537
15747
19489
22499
24467
25085
24121
21478
17245
11701
5294
-1425
-7882
-13568
-18106
-21295
-23105
-23647
-23111
-21701
-19579
-16838
-13498
-9548
-4992
89
5505
10937
15966
20131
23004
24269
23789
21632
18059
13479
8369
3188
-1692
-6031
-9732
-12810
-15333
-17361
-18889
-19825
-19992
-19174
-17181
-13920
-9452
-4016
1983
8031
13586
18168
21437
23239
23614
22759
20961
18517
15660
12521
9114
5374
1216
-3394
-8381
-13521
-18461
-22755
-25952
-27680
-27728
-26088
-22961
-18716
-13812
-8707
-3772
764
4831
8490
11867
15078
18157
21005
23396
25007
25498
24600
22191
18354
13373
7699
1865
-3613
-8328
-12050
-14744
-16547
-17693
-18431
-18934
-19241
-19243
-18710
-17367
-14982
-11457
-6883
-1553
4073
9452
14062
17506
19582
20313
19919
18745
17163
15467
13805
12147
10313
8037
5073
1287
-3267
-8328
-13456
-18116
-21785
-24065
-24768
-23951
-21896
-19028
-15815
-12647
-9751
-7146
-4666
-2023
1077
4831
9250
14115
19011
23395
26721
28561
28704
27204
24367
20675
16664
12802
9378
6445
3833
1216
-1772
-5409
-9781
-14721
-19828
-24540
-28256
-30482
-30944
-29657
-26921
-23245
-19226
-15398
-12111
-9452
-7239
-5094
-2565
728
4965
10045
15584
20986
25578
28767
30179
29755
27760
24720
21282
18059
15470
13644
12393
11282
9753
7294
3603
-1312
-7104
-13150
-18690
-23005
-25590
-26278
-25276
-23111
-20490
-18120
-16519
-15885
-16045
-16506
-16589
-15621
-13129
-8982
-3453
2828
9013
14239
17836
19489
19316
17833
15814
14091
13329
13846
15527
17844
19995
21112
20496
17815
13207
7266
912
-4831
-9088
-11343
-11577
-10263
-8243
-6510
-5936
-7044
-9852
-13860
-18163
-21681
-23433
-22803
-19704
-14624
-8515
-2563
2101
4690
4961
3277
517
-2150
-3571
-2915
95
5096
11155
16996
21313
23111
21957
18111
12473
6364
1202
-1858
-2218
0
3978
8403
11804
12923
11061
6263
-661
-8328
-15110
-19547
-20709
-18446
-13439
-7038
-933
3268
4451
2288
-2670
-9109
-15281
-19436
-20270
17269
10860
2323
-6503
-13675
-17624
-17552
-13646
-7044
438
6748
10116
9502
4874
-2766
-11612
-19489
-24393
-24992
-20975
-13146
-3247
6453
13713
16874
15271
9419
894
-8039
-14981
-17991
-16075
-9452
484
11483
20977
26708
27284
22529
13547
2464
-8071
-15531
-18124
-15240
-7608
2863
13539
21694
25174
22923
15258
3804
-8879
-19903
-26744
-27847
-23008
-13430
-1444
10040
18230
21115
17953
9452
-2389
-14751
-24660
-29696
-28562
-21402
-9768
3740
16081
24488
27110
23450
14470
2370
-9933
-19489
-23995
-22337
-14836
-3174
10002
21698
29260
30980
26482
16796
4110
-8737
-18907
-24204
-23562
-17269
-6882
5141
16010
23227
25144
21317
12579
836
-11371
-21439
-27272
-27724
-22829
-13764
-2566
8328
16611
20598
19566
13876
4870
-5444
-14830
-21300
-23513
-21037
-14409
-4991
5321
14505
20812
23111
21086
15278
6950
-2178
-10279
-15767
-17601
-15467
-9822
-1797
7032
14943
20394
22308
20275
14624
6366
-2997
-11743
-18255
-21326
-20385
-15618
-7946
1143
9863
16470
19603
18552
13416
5102
-4831
-14468
-21899
-25605
-24765
-19436
-10561
202
10793
19159
23661
23411
18457
9790
-852
-11321
-19489
-23676
-22989
-17506
-8259
2970
14002
22701
27390
27185
22159
13316
2383
-8538
-17386
-22537
-23111
-19117
-11435
-1619
8414
16757
21866
22839
19557
12675
3479
-6373
-15156
-21389
-24077
-22861
-18059
-10579
-1745
6935
14023
18380
19340
16806
11247
3621
-4785
-12557
-18379
-21238
-20593
-16466
-9452
-634
8577
16669
22278
24419
22671
17266
9070
-547
-9934
-17446
-21735
-21998
-18136
-10784
-1216
8878
17691
23626
25585
23172
16768
7458
-3158
-13264
-21146
-25502
-25659
-21680
-14337
-4956
4831
13373
19282
21658
20214
15302
7819
-962
-9610
-16770
-21364
-22742
-20752
-15744
-8489
-60
8328
15489
20425
22454
21302
17139
10562
2517
-5819
-13200
-18490
-20833
-19793
-15444
-8376
370
9452
17427
22985
25167
23534
18256
10098
306
-9595
-18051
-23738
-25781
-23899
-18445
-10342
-916
8328
15950
20809
22233
20100
14836
7317
-1280
-9676
-16676
-21335
-23071
-21720
-17531
-11107
-3316
4831
12303
18167
21692
22436
20294
15522
8715
749
-7315
-14367
-19391
-21614
-20635
-16499
-9718
-1216
7793
15984
22118
25243
24846
20941
14071
5225
-4317
-13185
-20136
-24233
-24981
-22385
-16923
-9452
-1064
7079
13917
18615
20664
19908
16541
11055
4160
-3299
-10441
-16433
-20571
-22346
-21500
-18059
-12350
-4978
3219
11256
18121
22898
24907
23810
19683
13021
4692
-4186
-12397
-18810
-22546
-23111
-20461
-15010
-7549
873
9116
16108
20992
23227
22631
19380
13947
7025
-575
-8021
-14540
-19489
-22393
-22979
-21192
-17198
-11380
-4318
3252
10500
16581
20738
22403
21287
17441
11278
3530
-4831
-12726
-19119
-23164
-24330
-22475
-17858
-11093
-3053
5263
12871
18928
22826
24245
23158
19803
14624
8203
1193
-5740
-11965
-16925
-20162
-21356
-20348
-17173
-12078
-5526
1827
9185
15695
20553
23111
22980
20099
14756
7561
-632
-8844
-16108
-21593
-24718
-25209
-23119
-18786
-12774
-5772
1491
8328
14156
18525
21131
21815
20554
17456
12759
6829
157
-6661
-12962
-18074
-21393
-22467
-21073
-17269
-11407
-4108
3815
11459
17953
22575
24845
24580
21894
17166
10967
3970
-3141
-9741
-15316
-19489
-22014
-22770
-21741
-19008
-14749
-9242
-2876
3856
10372
16048
20279
22562
22571
20219
15695
9452
2160
-5382
-12349
-18005
-21791
-23390
-22743
-20034
-15633
-10027
-3752
2675
8791
14203
18591
21694
23307
23278
21529
18082
13090
6866
-124
-7279
-13920
-19371
-23050
-24552
-23716
-20646
-15704
-9452
-2566
4252
10371
15295
18702
20448
20539
19094
16300
12377
7562
2112
-3683
-9486
-14901
-19489
-22805
-24451
-24142
-21768
-17438
-11484
-4439
3027
10196
16398
21097
23949
24833
23833
21195
17269
12441
7082
1521
-3964
-9127
-13732
-17535
-20273
-21685
-21548
-19726
-16225
-11226
-5098
1631
8328
14339
19077
22108
23198
22340
19731
15719
10741
5241
-379
-5798
-10778
-15145
-18756
-21466
-23111
-23512
-22505
-19986
-15959
-10586
-4196
2727
9595
15790
20750
24052
25465
24976
22770
19180
14624
9523
4248
-917
-5776
-10197
-14077
-17297
-19700
-21088
-21249
-20007
-17276
-13115
-7755
-1596
4831
10938
16157
20031
22272
22793
21697
19237
15748
11578
7027
2319
-2403
-7049
-11537
-15747
-19489
-22499
-24467
-25085
-24121
-21478
-17245
-11701
-5294
1425
7882
13568
18106
21295
23105
23647
23111
21701
19579
16838
13498
9548
4992
-89
-5505
-10937
-15966
-20131
-23004
-24269
-23789
-21632
-18059
-13479
-8369
-3188
1692
6031
9732
12810
15333
17361
18889
19825
19992
19174
17181
13920
9452
4016
-1983
-8031
-13586
-18168
-21437
-23239
-23614
-22759
-20961
-18517
-15660
-12521
-9114
-5374
-1216
3394
8381
13521
18461
22755
25952
27680
27728
26088
22961
18716
13812
8707
3772
-764
-4831
-8490
-11867
-15078
-18157
-21005
-23396
-25007
-25498
-24600
-22191
-18354
-13373
-7699
-1865
3613
8328
12050
14744
16547
17693
18431
18934
19241
19243
18710
17367
14982
11457
6883
1553
-4073
-9452
-14062
-17506
-19582
-20313
-19919
-18745
-17163
-15467
-13805
-12147
-10313
-8037
-5073
-1287
3267
8328
13456
18116
21785
24065
24768
23951
21896
19028
15815
12647
9751
7146
4666
2023
-1077
-4831
-9250
-14115
-19011
-23395
-26721
-28561
-28704
-27204
-24367
-20675
-16664
-12802
-9378
-6445
-3833
-1216
1772
5409
9781
14721
19828
24540
28256
30482
30944
29657
26921
23245
19226
15398
12111
9452
7239
5094
2565
-728
-4965
-10045
-15584
-20986
-25578
-28767
-30179
-29755
-27760
-24720
-21282
-18059
-15470
-13644
-12393
-11282
-9753
-7294
-3603
1312
7104
13150
18690
23005
25590
26278
25276
23111
20490
18120
16519
15885
16045
16506
16589
15621
13129
8982
3453
-2828
-9013
-14239
-17836
-19489
-19316
-17833
-15814
-14091
-13329
-13846
-15527
-17844
-19995
-21112
-20496
-17815
-13207
-7266
-912
4831
9088
11343
11577
10263
8243
6510
5936
7044
9852
13860
18163
21681
23433
22803
19704
14624
8515
2563
-2101
-4690
-4961
-3277
-517
2150
3571
2915
-95
-5096
-11155
-16996
-21313
-23111
-21957
-18111
-12473
-6364
-1202
1858
2218
0
-3978
-8403
-11804
-12923
-11061
-6263
661
8328
15110
19547
20709
18446
13439
7038
933
-3268
-4451
-2288
2670
9109
15281
19436
20270
-17269
-10860
-2323
6503
13675
17624
17552
13646
7044
-438
-6748
-10116
-9502
-4874
2766
11612
19489
24393
24992
20975
13146
3247
-6453
-13713
-16874
-15271
-9419
-894
8039
14981
17991
16075
9452
-484
-11483
-20977
-26708
-27284
-22529
-13547
-2464
8071
15531
18124
15240
7608
-2863
-13539
-21694
-25174
-22923
-15258
-3804
8879
19903
26744
27847
23008
13430
1444
-10040
-18230
-21115
-17953
-9452
2389
14751
24660
29696
28562
21402
9768
-3740
-16081
-24488
-27110
-23450
-14470
-2370
9933
19489
23995
22337
14836
3174
-10002
-21698
-29260
-30980
-26482
-16796
-4110
8737
18907
24204
23562
17269
6882
-5141
-16010
-23227
-25144
-21317
-12579
-836
11371
21439
27272
27724
22829
13764
2566
-8328
-16611
-20598
-19566
-13876
-4870
5444
14830
21300
23513
21037
14409
4991
-5321
-14505
-20812
-23111
-21086
-15278
-6950
2178
10279
15767
17601
15467
9822
1797
-7032
-14943
-20394
-22308
-20275
-14624
-6366
2997
11743
18255
21326
20385
15618
7946
-1143
-9863
-16470
-19603
-18552
-13416
-5102
4831
14468
21899
25605
24765
19436
10561
-202
-10793
-19159
-23661
-23411
-18457
-9790
852
11321
19489
23676
22989
17506
8259
-2970
-14002
-22701
-27390
-27185
-22159
-13316
-2383
8538
17386
22537
23111
19117
11435
1619
-8414
-16757
-21866
-22839
-19557
-12675
-3479
6373
15156
21389
24077
22861
18059
10579
1745
-6935
-14023
-18380
-19340
-16806
-11247
-3621
4785
12557
18379
21238
20593
16466
9452
634
-8577
-16669
-22278
-24419
-22671
-17266
-9070
547
9934
17446
21735
21998
18136
10784
1216
-8878
-17691
-23626
-25585
-23172
-16768
-7458
3158
13264
21146
25502
25659
21680
14337
4956
-4831
-13373
-19282
-21658
-20214
-15302
-7819
962
9610
16770
21364
22742
20752
15744
8489
60
-8328
-15489
-20425
-22454
-21302
-17139
-10562
-2517
5819
13200
18490
20833
19793
15444
8376
-370
-9452
-17427
-22985
-25167
-23534
-18256
-10098
-306
9595
18051
23738
25781
23899
18445
10342
916
-8328
-15950
-20809
-22233
-20100
-14836
-7317
1280
9676
16676
21335
23071
21720
17531
11107
3316
-4831
-12303
-18167
-21692
-22436
-20294
-15522
-8715
-749
7315
14367
19391
21614
20635
16499
9718
1216
-7793
-15984
-22118
-25243
-24846
-20941
-14071
-5225
4317
13185
20136
24233
24981
22385
16923
9452
1064
-7079
-13917
-18615
-20664
-19908
-16541
-11055
-4160
3299
10441
16433
20571
22346
21500
18059
12350
4978
-3219
-11256
-18121
-22898
-24907
-23810
-19683
-13021
-4692
4186
12397
18810
22546
23111
20461
15010
7549
-873
-9116
-16108
-20992
-23227
-22631
-19380
-13947
-7025
575
8021
14540
19489
22393
22979
21192
17198
11380
4318
-3252
-10500
-16581
-20738
-22403
-21287
-17441
-11278
-3530
4831
12726
19119
23164
24330
22475
17858
11093
3053
-5263
-12871
-18928
-22826
-24245
-23158
-19803
-14624
-8203
-1193
5740
11965
16925
20162
21356
20348
17173
12078
5526
-1827
-9185
-15695
-20553
-23111
-22980
-20099
-14756
-7561
632
8844
16108
21593
24718
25209
23119
18786
12774
5772
-1491
-8328
-14156
-18525
-21131
-21815
-20554
-17456
-12759
-6829
-157
6661
12962
18074
21393
22467
21073
17269
11407
4108
-3815
-11459
-17953
-22575
-24845
-24580
-21894
-17166
-10967
-3970
3141
9741
15316
19489
22014
22770
21741
19008
14749
9242
2876
-3856
-10372
-16048
-20279
-22562
-22571
-20219
-15695
-9452
-2160
5382
12349
18005
21791
23390
22743
20034
15633
10027
3752
-2675
-8791
-14203
-18591
-21694
-23307
-23278
-21529
-18082
-13090
-6866
124
7279
13920
19371
23050
24552
23716
20646
15704
9452
2566
-4252
-10371
-15295
-18702
-20448
-20539
-19094
-16300
-12377
-7562
-2112
3683
9486
14901
19489
22805
24451
24142
21768
17438
11484
4439
-3027
-10196
-16398
-21097
-23949
-24833
-23833
-21195
-17269
-12441
-7082
-1521
3964
9127
13732
17535
20273
21685
21548
19726
16225
11226
5098
-1631
-8328
-14339
-19077
-22108
-23198
-22340
-19731
-15719
-10741
-5241
379
5798
10778
15145
18756
21466
23111
23512
22505
19986
15959
10586
4196
-2727
-9595
-15790
-20750
-24052
-25465
-24976
-22770
-19180
-14624
-9523
-4248
917
5776
10197
14077
17297
19700
21088
21249
20007
17276
13115
7755
1596
-4831
-10938
-16157
-20031
-22272
-22793
-21697
-19237
-15748
-11578
-7027
-2319
2403
7049
11537
15747
19489
22499
24467
25085
24121
21478
17245
11701
5294
-1425
-7882
-13568
-18106
-21295
-23105
-23647
-23111
-21701
-19579
-16838
-13498
-9548
-4992
89
5505
10937
15966
20131
23004
24269
23789
21632
18059
13479
8369
3188
-1692
-6031
-9732
-12810
-15333
-17361
-18889
-19825
-19992
-19174
-17181
-13920
-9452
-4016
1983
8031
13586
18168
21437
23239
23614
22759
20961
18517
15660
12521
9114
5374
1216
-3394
-8381
-13521
-18461
-22755
-25952
-27680
-27728
-26088
-22961
-18716
-13812
-8707
-3772
764
4831
8490
11867
15078
18157
21005
23396
25007
25498
24600
22191
18354
13373
7699
1865
-3613
-8328
-12050
-14744
-16547
-17693
-18431
-18934
-19241
-19243
-18710
-17367
-14982
-11457
-6883
-1553
4073
9452
14062
17506
19582
20313
19919
18745
17163
15467
13805
12147
10313
8037
5073
1287
-3267
-8328
-13456
-18116
-21785
-24065
-24768
-23951
-21896
-19028
-15815
-12647
-9751
-7146
-4666
-2023
1077
4831
9250
14115
19011
23395
26721
28561
28704
27204
24367
20675
16664
12802
9378
6445
3833
1216
-1772
-5409
-9781
-14721
-19828
-24540
-28256
-30482
-30944
-29657
-26921
-23245
-19226
-15398
-12111
-9452
-7239
-5094
-2565
728
4965
10045
15584
20986
25578
28767
30179
29755
27760
24720
21282
18059
15470
13644
12393
11282
9753
7294
3603
-1312
-7104
-13150
-18690
-23005
-25590
-26278
-25276
-23111
-20490
-18120
-16519
-15885
-16045
-16506
-16589
-15621
-13129
-8982
-3453
2828
9013
14239
17836
19489
19316
17833
15814
14091
13329
13846
15527
17844
19995
21112
20496
17815
13207
7266
912
-4831
-9088
-11343
-11577
-10263
-8243
-6510
-5936
-7044
-9852
-13860
-18163
-21681
-23433
-22803
-19704
-14624
-8515
-2563
2101
4690
4961
3277
517
-2150
-3571
-2915
95
5096
11155
16996
21313
23111
21957
18111
12473
6364
1202
-1858
-2218
0
3978
8403
11804
12923
11061
6263
-661
-8328
-15110
-19547
-20709
-18446
-13439
-7038
-933
3268
4451
2288
-2670
-9109
-15281
-19436
-20270
0
0
0
0
0
0
0
0
0
0
0
0
0
0
0
0
0
0
0
0
0
0
0
0
0
0
0
0
0
0
0
0
0
0
0
0
0
0
0
0
0
0
0
0
0
0
0
0
0
0
0
0
0
0
0
0
0
0
0
0
0
0
0
0
0
0
0
0
0
0
0
0
0
0
0
0
0
0
0
0
0
0
0
0
0
0
0
0
0
0
0
0
0
0
0
0
0
0
0
0
0
0
0
0
0
0
0
0
0
0
0
0
0
0
0
0
0
0
0
0
0
0
0
0
0
0
0
0
0
0
0
0
0
0
0
0
0
0
0
0
0
0
0
0
0
0
0
0
0
0
0
0
0
0
0
0
0
0
0
0
0
0
0
0
0
0
0
0
0
0
0
0
0
0
0
0
0
0
0
0
0
0
0
0
0
0
0
0
0
0
0
0
0
0
0
0
0
0
0
0
0
0
0
0
0
0
0
0
0
0
0
0
0
0
0
0
0
0
0
0
0
0
0
0
0
0
0
0
0
0
0
0
0
0
0
0
0
0
0
0
0
0
0
0
0
0
0
0
0
0
0
0
0
0
0
0
0
0
0
0
0
0
0
0
0
0
0
0
0
0
0
0
0
0
0
0
0
0
0
0
0
0
0
0
0
0
0
0
0
0
0
0
0
0
0
0
0
0
0
0
0
0
0
0
0
0
0
0
0
0
0
0
0
0
0
0
0
0
0
0
0
0
0
0
0
0
0
0
0
0
0
0
0
0
0
0
0
0
0
0
0
0
0
0
0
0
0
0
0
0
0
0
0
0
0
0
0
0
0
0
0
0
0
0
0
0
0
0
0
0
0
0
0
0
0
0
0
0
0
0
0
0
0
0
0
0
0
0
0
0
0
0
0
0
0
0
0
0
0
0
0
0
0
0
0
0
0
0
0
0
0
0
0
0
0
0
0
0
0
0
0
0
0
0
0
0
0
0
0
0
0
0
0
0
0
0
0
0
0
0
0
0
0
0
0
0
0
0
0
0
0
0
0
0
0
0
0
0
0
0
0
0
0
0
0
0
0
0
0
0
0
0
0
0
0
0
0
0
0
0
0
0
0
0
0
0
0
0
0
0
0
0
0
0
0
0
0
0
0
0
0
0
0
0
0
0
0
0
0
0
0
0
0
0
0
0
0
0
0
0
0
0
0
0
0
0
0
0
0
0
0
0
0
0
0
0
0
0
0
0
0
0
0
0
0
0
0
0
0
0
0
0
0
0
0
0
0
0
0
0
0
0
0
0
0
0
0
0
0
0
0
0
0
0
0
0
0
0
0
0
0
0
0
0
0
0
0
0
0
0
0
0
0
0
0
0
0
0
0
0
0
0
0
0
0
0
0
0
0
0
0
0
0
0
0
0
0
0
0
0
0
0
0
0
0
0
0
0
0
0
0
0
0
0
0
0
0
0
0
0
0
0
0
0
0
0
0
0
0
0
0
0
0
0
0
0
0
0
0
0
0
0
0
0
0
0
0
0
0
0
0
0
0
0
0
0
0
0
0
0
0
0
0
0
0
0
0
0
0
0
0
0
0
0
0
0
0
0
0
0
0
0
0
0
0
0
0
0
0
0
0
0
0
0
0
0
0
0
0
0
0
0
0
0
0
0
0
0
0
0
0
0
0
0
0
0
0
0
0
0
0
0
0
0
0
0
0
0
0
0
0
0
0
0
0
0
0
0
0
0
0
0
0
0
0
0
0
0
0
0
0
0
0
0
0
0
0
0
0
0
0
0
0
0
0
0
0
0
0
0
0
0
0
0
0
0
0
0
0
0
0
0
0
0
0
0
0
0
0
0
0
0
0
0
0
0
0
0
0
0
0
0
0
0
0
0
0
0
0
0
0
0
0
0
0
0
0
0
0
0
0
0
0
0
0
0
0
0
0
0
0
0
0
0
0
0
0
0
0
0
0
0
0
0
0
0
0
0
0
0
0
0
0
0
0
0
0
0
0
0
0
0
0
0
0
0
0
0
0
0
0
0
0
0
0
0
0
0
0
0
0
0
0
0
0
0
0
0
0
0
0
0
0
0
0
0
0
0
0
0
0
0
0
0
0
0
0
0
0
0
0
0
0
0
0
0
0
0
0
0
0
0
0
0
0
0
0
0
0
0
0
0
0
0
0
0
0
0
0
0
936
990
1145
1382
1669
1964
2223
2399
2449
2338
2043
1556
886
58
-884
-1885
-2876
-3788
-4549
-5097
-5382
-5372
-5058
-4454
-3597
-2546
-1374
-165
994
2025
2860
3450
3771
3823
3633
3246
2728
2150
1586
1100
745
549
520
639
865
1144
1407
1587
1624
1472
1109
537
-215
-1096
-2034
-2947
-3748
-4361
-4721
-4791
-4557
-4037
-3272
-2331
-1292
-241
736
1573
2218
2643
2848
2857
2711
2466
2181
1910
1698
1568
1523
1547
1603
1644
1616
1474
1180
720
105
-632
-1433
-2221
-2913
-3425
-3687
-3650
-3298
-2647
-1750
-690
426
1480
2354
2948
3186
3034
2497
1628
517
-712
-1922
-2969
-3727
-4096
-4020
-3489
-2545
-1278
185
1696
3094
4233
4993
5293
5104
4451
3409
2095
655
-753
-1979
-2895
-3412
-3491
-3145
-2436
-1471
-386
669
1553
2144
2357
2157
1559
629
-524
-1764
-2941
-3909
-4544
-4762
-4522
-3836
-2766
-1415
81
1578
2930
4011
4730
5039
4934
4459
3694
2748
1739
783
-22
-610
-948
-1047
-950
-730
-475
-278
-217
-347
-687
-1222
-1895
-2623
-3298
-3809
-4054
-3954
-3468
-2598
-1396
44
1592
3096
4400
5359
5861
5838
5273
4210
2743
1013
-811
-2550
-4030
-5107
-5676
-5689
-5154
-4137
-2753
-1149
505
2045
3324
4228
4691
4696
4280
3520
2528
1433
365
-560
-1257
-1675
-1807
-1685
-1375
-967
-560
-246
-100
-168
-459
-943
-1559
-2216
-2810
-3238
-3408
-3258
-2758
-1924
-810
491
1862
3170
4282
5083
5486
5443
4954
4060
2846
1428
-58
-1474
-2690
-3600
-4131
-4250
-3969
-3336
-2434
-1367
-249
807
1704
2367
2750
2838
2647
2220
1615
904
158
-558
-1191
-1708
-2089
-2333
-2453
-2469
-2403
-2276
-2104
-1892
-1639
-1335
-968
-525
-1
601
1271
1979
2687
3346
3903
4308
4516
4495
4230
3727
3012
2126
1130
87
-933
-1870
-2670
-3296
-3731
-3974
-4041
-3962
-3771
-3507
-3204
-2887
-2571
-2255
-1931
-1579
-1176
-702
-141
510
1240
2024
2821
3580
4242
4751
5055
5118
4920
4465
3775
2897
1891
829
-214
-1168
-1976
-2593
-3001
-3198
-3207
-3065
-2823
-2532
-2246
-2005
-1838
-1756
-1751
-1799
-1864
-1902
-1866
-1716
-1423
-973
-371
360
1182
2039
2872
3618
4217
4623
4801
4734
4427
3898
3183
2328
1386
412
-540
-1428
-2213
-2869
-3380
-3739
-3947
-4011
-3940
-3744
-3436
-3026
-2524
-1943
-1295
-597
131
867
1582
2244
2823
3287
3609
3768
3752
3556
3188
2668
2021
1283
494
-304
-1073
-1772
-2370
-2841
-3166
-3335
-3345
-3199
-2906
-2480
-1939
-1305
-604
136
883
1603
2258
2812
3229
3478
3535
3383
3020
2457
1719
849
-100
-1066
-1978
-2769
-3375
-3744
-3842
-3655
-3191
-2483
-1584
-563
496
1510
2395
3076
3498
3625
3447
2979
2261
1353
329
-723
-1722
-2584
-3240
-3640
-3753
-3570
-3105
-2396
-1493
-466
612
1665
2618
3405
3971
4278
4305
4050
3528
2775
1840
784
-321
-1404
-2390
-3213
-3817
-4161
-4224
-4004
-3523
-2820
-1956
-1003
-39
852
1600
2145
2444
2484
2273
1847
1264
600
-60
-635
-1047
-1240
-1181
-868
-330
374
1166
1948
2617
3081
3261
3109
2612
1793
713
-532
-1828
-3044
-4056
-4751
-5048
-4902
-4313
-3328
-2033
-550
978
2403
3584
4404
4783
4684
4121
3153
1885
447
-1009
-2336
-3397
-4087
-4340
-4136
-3502
-2511
-1270
89
1428
2611
3523
4080
4236
3987
3373
2467
1367
191
-945
-1934
-2687
-3145
-3281
-3101
-2641
-1962
-1142
-268
576
1317
1895
2269
2421
2354
2086
1651
1090
449
-226
-894
-1519
-2068
-2516
-2843
-3031
-3069
-2944
-2652
-2190
-1567
-799
87
1052
2043
2999
3852
4533
4979
5140
4982
4496
3699
2636
1378
13
-1352
-2614
-3673
-4443
-4868
-4919
-4606
-3968
-3079
-2033
-938
96
971
1605
1948
1980
1720
1215
543
-203
-923
-1520
-1914
-2045
-1886
-1441
-747
134
1120
2117
3030
3776
4285
4515
4446
4090
3478
2665
1716
701
-310
-1258
-2096
-2792
-3329
-3706
-3930
-4018
-3987
-3853
-3628
-3318
-2924
-2444
-1874
-1215
-473
335
1186
2041
2855
3574
4145
4521
4662
4544
4163
3534
2692
1694
607
-490
-1521
-2411
-3099
-3538
-3706
-3599
-3238
-2660
-1920
-1079
-206
633
1381
1987
2417
2649
2675
2503
2148
1637
1004
285
-476
-1240
-1964
-2606
-3128
-3494
-3672
-3639
-3383
-2900
-2203
-1320
-292
822
1956
3034
3976
4710
5172
5318
5125
4596
3762
2680
1427
99
-1203
-2381
-3344
-4023
-4375
-4387
-4078
-3493
-2706
-1804
-883
-34
660
1144
1382
1373
1141
738
233
-291
-756
-1087
-1228
-1147
-837
-321
354
1123
1905
2617
3182
3534
3629
3446
2993
2300
1419
420
-619
-1622
-2515
-3237
-3744
-4014
-4040
-3839
-3438
-2878
-2205
-1466
-706
38
735
1364
1912
2370
2734
3004
3178
3252
3223
3083
2827
2450
1953
1341
629
-160
-994
-1832
-2629
-3336
-3904
-4290
-4459
-4389
-4071
-3514
-2743
-1798
-731
393
1507
2541
3430
4117
4556
4721
4600
4203
3557
2710
1719
655
-405
-1388
-2224
-2855
-3239
-3354
-3200
-2798
-2194
-1447
-633
167
875
1420
1746
1819
1632
1202
576
-176
-974
-1723
-2332
-2722
-2834
-2635
-2125
-1340
-344
770
1897
2922
3734
4245
4392
4148
3527
2581
1399
95
-1200
-2357
-3257
-3807
-3951
-3676
-3015
-2041
-865
382
1560
2533
3188
3449
3278
2691
1747
546
-780
-2086
-3225
-4067
-4513
-4506
-4039
-3151
-1929
-496
1003
2417
3604
4443
4855
4803
4299
3403
2212
854
-529
-1799
-2831
-3529
-3834
-3731
-3246
-2444
-1419
-285
838
1841
2631
3140
3336
3220
2823
2204
1437
604
-211
-942
-1535
-1958
-2205
-2289
-2239
-2096
-1904
-1706
-1533
-1405
-1325
-1282
-1254
-1207
-1106
-919
-620
-199
342
986
1699
2434
3139
3758
4237
4531
4606
4444
4042
3415
2590
1609
522
-613
-1741
-2806
-3753
-4540
-5129
-5493
-5617
-5493
-5129
-4540
-3753
-2806
-1741
-613
522
1609
2590
3415
4042
4444
4606
4531
4237
3758
3139
2434
1699
986
342
-199
-620
-919
-1106
-1207
-1254
-1282
-1325
-1405
-1533
-1706
-1904
-2096
-2239
-2289
-2205
-1958
-1535
-942
-211
604
1437
2204
2823
3220
3336
3140
2631
1841
838
-285
-1419
-2444
-3246
-3731
-3834
-3529
-2831
-1799
-529
854
2212
3403
4299
4803
4855
4443
3604
2417
1003
-496
-1929
-3151
-4039
-4506
-4513
-4067
-3225
-2086
-780
546
1747
2691
3278
3449
3188
2533
1560
382
-865
-2041
-3015
-3676
-3951
-3807
-3257
-2357
-1200
95
1399
2581
3527
4148
4392
4245
3734
2922
1897
770
-344
-1340
-2125
-2635
-2834
-2722
-2332
-1723
-974
-176
576
1202
1632
1819
1746
1420
875
167
-633
-1447
-2194
-2798
-3200
-3354
-3239
-2855
-2224
-1388
-405
655
1719
2710
3557
4203
4600
4721
4556
4117
3430
2541
1507
393
-731
-1798
-2743
-3514
-4071
-4389
-4459
-4290
-3904
-3336
-2629
-1832
-994
-160
629
1341
1953
2450
2827
3083
3223
3252
3178
3004
2734
2370
1912
1364
735
38
-706
-1466
-2205
-2878
-3438
-3839
-4040
-4014
-3744
-3237
-2515
-1622
-619
420
1419
2300
2993
3446
3629
3534
3182
2617
1905
1123
354
-321
-837
-1147
-1228
-1087
-756
-291
233
738
1141
1373
1382
1144
660
-34
-883
-1804
-2706
-3493
-4078
-4387
-4375
-4023
-3344
-2381
-1203
99
1427
2680
3762
4596
5125
5318
5172
4710
3976
3034
1956
822
-292
-1320
-2203
-2900
-3383
-3639
-3672
-3494
-3128
-2606
-1964
-1240
-476
285
1004
1637
2148
2503
2675
2649
2417
1987
1381
633
-206
-1079
-1920
-2660
-3238
-3599
-3706
-3538
-3099
-2411
-1521
-490
607
1694
2692
3534
4163
4544
4662
4521
4145
3574
2855
2041
1186
335
-473
-1215
-1874
-2444
-2924
-3318
-3628
-3853
-3987
-4018
-3930
-3706
-3329
-2792
-2096
-1258
-310
701
1716
2665
3478
4090
4446
4515
4285
3776
3030
2117
1120
134
-747
-1441
-1886
-2045
-1914
-1520
-923
-203
543
1215
1720
1980
1948
1605
971
96
-938
-2033
-3079
-3968
-4606
-4919
-4868
-4443
-3673
-2614
-1352
13
1378
2636
3699
4496
4982
5140
4979
4533
3852
2999
2043
1052
87
-799
-1567
-2190
-2652
-2944
-3069
-3031
-2843
-2516
-2068
-1519
-894
-226
449
1090
1651
2086
2354
2421
2269
1895
1317
576
-268
-1142
-1962
-2641
-3101
-3281
-3145
-2687
-1934
-945
191
1367
2467
3373
3987
4236
4080
3523
2611
1428
89
-1270
-2511
-3502
-4136
-4340
-4087
-3397
-2336
-1009
447
1885
3153
4121
4684
4783
4404
3584
2403
978
-550
-2033
-3328
-4313
-4902
-5048
-4751
-4056
-3044
-1828
-532
713
1793
2612
3109
3261
3081
2617
1948
1166
374
-330
-868
-1181
-1240
-1047
-635
-60
600
1264
1847
2273
2484
2444
2145
1600
852
-39
-1003
-1956
-2820
-3523
-4004
-4224
-4161
-3817
-3213
-2390
-1404
-321
784
1840
2775
3528
4050
4305
4278
3971
3405
2618
1665
612
-466
-1493
-2396
-3105
-3570
-3753
-3640
-3240
-2584
-1722
-723
329
1353
2261
2979
3447
3625
3498
3076
2395
1510
496
-563
-1584
-2483
-3191
-3655
-3842
-3744
-3375
-2769
-1978
-1066
-100
849
1719
2457
3020
3383
3535
3478
3229
2812
2258
1603
883
136
-604
-1305
-1939
-2480
-2906
-3199
-3345
-3335
-3166
-2841
-2370
-1772
-1073
-304
494
1283
2021
2668
3188
3556
3752
3768
3609
3287
2823
2244
1582
867
131
-597
-1295
-1943
-2524
-3026
-3436
-3744
-3940
-4011
-3947
-3739
-3380
-2869
-2213
-1428
-540
412
1386
2328
3183
3898
4427
4734
4801
4623
4217
3618
2872
2039
1182
360
-371
-973
-1423
-1716
-1866
-1902
-1864
-1799
-1751
-1756
-1838
-2005
-2246
-2532
-2823
-3065
-3207
-3198
-3001
-2593
-1976
-1168
-214
829
1891
2897
3775
4465
4920
5118
5055
4751
4242
3580
2821
2024
1240
510
-141
-702
-1176
-1579
-1931
-2255
-2571
-2887
-3204
-3507
-3771
-3962
-4041
-3974
-3731
-3296
-2670
-1870
-933
87
1130
2126
3012
3727
4230
4495
4516
4308
3903
3346
2687
1979
1271
601
-1
-525
-968
-1335
-1639
-1892
-2104
-2276
-2403
-2469
-2453
-2333
-2089
-1708
-1191
-558
158
904
1615
2220
2647
2838
2750
2367
1704
807
-249
-1367
-2434
-3336
-3969
-4250
-4131
-3600
-2690
-1474
-58
1428
2846
4060
4954
5443
5486
5083
4282
3170
1862
491
-810
-1924
-2758
-3258
-3408
-3238
-2810
-2216
-1559
-943
-459
-168
-100
-246
-560
-967
-1375
-1685
-1807
-1675
-1257
-560
365
1433
2528
3520
4280
4696
4691
4228
3324
2045
505
-1149
-2753
-4137
-5154
-5689
-5676
-5107
-4030
-2550
-811
1013
2743
4210
5273
5838
5861
5359
4400
3096
1592
44
-1396
-2598
-3468
-3954
-4054
-3809
-3298
-2623
-1895
-1222
-687
-347
-217
-278
-475
-730
-950
-1047
-948
-610
-22
783
1739
2748
3694
4459
4934
5039
4730
4011
2930
1578
81
-1415
-2766
-3836
-4522
-4762
-4544
-3909
-2941
-1764
-524
629
1559
2157
2357
2144
1553
669
-386
-1471
-2436
-3145
-3491
-3412
-2895
-1979
-753
655
2095
3409
4451
5104
5293
4993
4233
3094
1696
185
-1278
-2545
-3489
-4020
-4096
-3727
-2969
-1922
-712
517
1628
2497
3034
3186
2948
2354
1480
426
-690
-1750
-2647
-3298
-3650
-3687
-3425
-2913
-2221
-1433
-632
105
720
1180
1474
1616
1644
1603
1547
1523
1568
1698
1910
2181
2466
2711
2857
2848
2643
2218
1573
736
-241
-1292
-2331
-3272
-4037
-4557
-4791
-4721
-4361
-3748
-2947
-2034
-1096
-215
537
1109
1472
1624
1587
1407
1144
865
639
520
549
745
1100
1586
2150
2728
3246
3633
3823
3771
3450
2860
2025
994
-165
-1374
-2546
-3597
-4454
-5058
-5372
-5382
-5097
-4549
-3788
-2876
-1885
-884
58
886
1556
2043
2338
2449
2399
2223
1964
1669
1382
1145
990
0
0
0
0
0
0
0
0
0
0
0
0
0
0
0
0
0
0
0
0
0
0
0
0
0
0
0
0
0
0
0
0
0
0
0
0
0
0
0
0
0
0
0
0
0
0
0
0
0
0
0
0
0
0
0
0
0
0
0
0
0
0
0
0
0
0
0
0
0
0
0
0
0
0
0
0
0
0
0
0
0
0
0
0
0
0
0
0
0
0
0
0
0
0
0
0
0
0
0
0
0
0
0
0
0
0
0
0
0
0
0
0
0
0
0
0
0
0
0
0
0
0
0
0
0
0
0
0
0
0
0
0
0
0
0
936
874
697
423
85
-275
-614
-885
-1045
-1060
-908
-585
-106
497
1172
1853
2465
2928
3172
3135
2780
2096
1105
-138
-1551
-3023
-4426
-5629
-6507
-6955
-6900
-6312
-5204
-3641
-1729
385
2537
4549
6252
7502
8194
8272
7736
6642
5095
3243
1256
-684
-2410
-3776
-4682
-5074
-4954
-4377
-3440
-2276
-1033
139
1109
1773
2069
1979
1532
797
-124
-1116
-2056
-2832
-3356
-3570
-3455
-3027
-2336
-1456
-475
512
1425
2194
2778
3157
3340
3356
3246
3058
2836
2612
2404
2210
2013
1783
1481
1074
537
-137
-935
-1816
-2720
-3572
-4288
-4785
-4996
-4878
-4418
-3639
-2599
-1389
-120
1086
2111
2854
3242
3243
2869
2175
1255
232
-757
-1578
-2112
-2272
-2015
-1346
-321
959
2362
3733
4914
5763
6166
6054
5410
4267
2713
872
-1098
-3031
-4765
-6156
-7099
-7529
-7433
-6843
-5835
-4517
-3019
-1475
-10
1268
2282
2988
3377
3473
3324
2998
2569
2112
1689
1348
1118
1005
998
1072
1190
1313
1403
1427
1364
1201
939
585
157
-323
-835
-1352
-1853
-2316
-2720
-3046
-3274
-3384
-3358
-3180
-2836
-2323
-1647
-825
107
1102
2096
3018
3792
4344
4612
4552
4146
3405
2373
1122
-249
-1625
-2885
-3912
-4609
-4903
-4763
-4195
-3246
-2003
-578
894
2283
3461
4327
4812
4887
4565
3897
2967
1878
743
-329
-1249
-1952
-2407
-2615
-2611
-2451
-2208
-1954
-1755
-1656
-1675
-1803
-2000
-2206
-2347
-2349
-2147
-1699
-994
-56
1052
2242
3401
4406
5145
5524
5482
5006
4126
2920
1505
25
-1366
-2523
-3324
-3688
-3584
-3037
-2126
-976
255
1399
2292
2798
2824
2333
1351
-33
-1682
-3417
-5041
-6361
-7209
-7462
-7054
-5989
-4337
-2230
153
2604
4908
6866
8314
9139
9291
8786
7698
6154
4315
2359
459
-1233
-2603
-3583
-4154
-4346
-4227
-3893
-3451
-3005
-2638
-2408
-2334
-2400
-2558
-2733
-2841
-2800
-2542
-2024
-1241
-223
962
2222
3442
4503
5296
5735
5768
5383
4610
3521
2218
825
-527
-1718
-2646
-3242
-3476
-3361
-2946
-2313
-1563
-805
-142
342
594
592
352
-75
-616
-1178
-1667
-1994
-2094
-1927
-1489
-810
50
1006
1958
2806
3456
3837
3902
3640
3073
2252
1256
176
-889
-1847
-2621
-3154
-3416
-3407
-3152
-2696
-2100
-1431
-754
-127
408
827
1123
1304
1392
1414
1400
1376
1357
1349
1347
1336
1291
1190
1010
738
373
-71
-571
-1086
-1568
-1967
-2235
-2335
-2244
-1959
-1497
-895
-207
499
1156
1694
2057
2208
2128
1826
1335
706
10
-679
-1287
-1747
-2012
-2055
-1877
-1503
-980
-373
244
799
1226
1476
1524
1370
1042
589
79
-408
-797
-1020
-1029
-799
-338
314
1094
1914
2671
3264
3599
3603
3234
2485
1388
15
-1531
-3124
-4624
-5894
-6808
-7270
-7220
-6641
-5564
-4062
-2246
-254
1759
3640
5248
6467
7219
7466
7218
6524
5470
4170
2748
1332
38
-1042
-1847
-2352
-2565
-2529
-2311
-1994
-1665
-1404
-1274
-1315
-1534
-1909
-2390
-2906
-3372
-3702
-3818
-3662
-3202
-2440
-1410
-178
1164
2509
3743
4760
5470
5809
5751
5302
4506
3441
2206
914
-319
-1390
-2212
-2729
-2918
-2792
-2394
-1797
-1090
-370
266
740
991
988
730
248
-402
-1146
-1896
-2564
-3070
-3351
-3366
-3103
-2576
-1826
-914
82
1082
2004
2777
3345
3675
3754
3594
3225
2695
2060
1381
717
119
-374
-739
-966
-1062
-1045
-945
-794
-628
-479
-376
-336
-369
-475
-645
-861
-1102
-1342
-1553
-1711
-1794
-1784
-1671
-1450
-1125
-706
-211
336
908
1472
1994
2438
2774
2975
3019
2896
2605
2158
1576
894
154
-595
-1303
-1921
-2403
-2717
-2840
-2766
-2506
-2084
-1540
-921
-281
324
848
1250
1502
1595
1534
1340
1047
698
338
14
-235
-384
-418
-340
-165
75
342
593
784
878
848
682
384
-26
-514
-1034
-1534
-1958
-2259
-2395
-2342
-2090
-1649
-1045
-323
464
1255
1986
2598
3042
3281
3296
3085
2664
2066
1336
531
-289
-1067
-1745
-2277
-2630
-2785
-2738
-2500
-2099
-1572
-966
-333
273
805
1220
1487
1587
1517
1287
922
460
-53
-566
-1027
-1388
-1610
-1665
-1541
-1243
-792
-225
408
1053
1648
2138
2474
2622
2565
2304
1862
1277
602
-100
-768
-1341
-1768
-2016
-2070
-1935
-1637
-1216
-729
-235
205
540
732
758
620
337
-53
-499
-941
-1320
-1583
-1689
-1616
-1361
-943
-398
221
856
1444
1929
2266
2428
2405
2210
1872
1434
949
469
43
-289
-507
-604
-594
-503
-370
-239
-152
-145
-239
-439
-734
-1093
-1473
-1822
-2088
-2221
-2185
-1962
-1553
-982
-292
456
1194
1850
2359
2667
2742
2575
2181
1601
894
132
-605
-1244
-1719
-1983
-2011
-1804
-1385
-800
-112
609
1290
1865
2280
2496
2497
2288
1890
1343
694
-1
-693
-1332
-1883
-2318
-2625
-2799
-2846
-2779
-2610
-2354
-2022
-1623
-1163
-646
-77
532
1168
1809
2424
2974
3417
3710
3814
3697
3344
2756
1955
985
-90
-1195
-2242
-3144
-3821
-4207
-4260
-3966
-3342
-2433
-1313
-78
1166
2309
3249
3901
4203
4128
3680
2896
1845
618
-679
-1937
-3049
-3925
-4495
-4717
-4580
-4103
-3330
-2329
-1182
20
1192
2252
3132
3784
4179
4309
4185
3832
3290
2606
1828
1006
186
-591
-1293
-1893
-2372
-2717
-2920
-2980
-2899
-2682
-2342
-1894
-1357
-759
-128
500
1092
1611
2023
2299
2418
2368
2150
1774
1265
657
-8
-685
-1322
-1875
-2303
-2574
-2668
-2578
-2309
-1880
-1318
-659
55
782
1480
2110
2639
3041
3298
3399
3340
3125
2762
2266
1656
953
183
-623
-1436
-2222
-2943
-3564
-4051
-4371
-4498
-4413
-4108
-3587
-2864
-1970
-946
153
1270
2339
3296
4082
4647
4955
4985
4737
4228
3491
2578
1548
470
-587
-1560
-2392
-3038
-3471
-3679
-3666
-3453
-3071
-2561
-1969
-1339
-715
-131
386
822
1170
1433
1620
1744
1820
1860
1872
1860
1820
1744
1620
1433
1170
822
386
-131
-715
-1339
-1969
-2561
-3071
-3453
-3666
-3679
-3471
-3038
-2392
-1560
-587
470
1548
2578
3491
4228
4737
4985
4955
4647
4082
3296
2339
1270
153
-946
-1970
-2864
-3587
-4108
-4413
-4498
-4371
-4051
-3564
-2943
-2222
-1436
-623
183
953
1656
2266
2762
3125
3340
3399
3298
3041
2639
2110
1480
782
55
-659
-1318
-1880
-2309
-2578
-2668
-2574
-2303
-1875
-1322
-685
-8
657
1265
1774
2150
2368
2418
2299
2023
1611
1092
500
-128
-759
-1357
-1894
-2342
-2682
-2899
-2980
-2920
-2717
-2372
-1893
-1293
-591
186
1006
1828
2606
3290
3832
4185
4309
4179
3784
3132
2252
1192
20
-1182
-2329
-3330
-4103
-4580
-4717
-4495
-3925
-3049
-1937
-679
618
1845
2896
3680
4128
4203
3901
3249
2309
1166
-78
-1313
-2433
-3342
-3966
-4260
-4207
-3821
-3144
-2242
-1195
-90
985
1955
2756
3344
3697
3814
3710
3417
2974
2424
1809
1168
532
-77
-646
-1163
-1623
-2022
-2354
-2610
-2779
-2846
-2799
-2625
-2318
-1883
-1332
-693
-1
694
1343
1890
2288
2497
2496
2280
1865
1290
609
-112
-800
-1385
-1804
-2011
-1983
-1719
-1244
-605
132
894
1601
2181
2575
2742
2667
2359
1850
1194
456
-292
-982
-1553
-1962
-2185
-2221
-2088
-1822
-1473
-1093
-734
-439
-239
-145
-152
-239
-370
-503
-594
-604
-507
-289
43
469
949
1434
1872
2210
2405
2428
2266
1929
1444
856
221
-398
-943
-1361
-1616
-1689
-1583
-1320
-941
-499
-53
337
620
758
732
540
205
-235
-729
-1216
-1637
-1935
-2070
-2016
-1768
-1341
-768
-100
602
1277
1862
2304
2565
2622
2474
2138
1648
1053
408
-225
-792
-1243
-1541
-1665
-1610
-1388
-1027
-566
-53
460
922
1287
1517
1587
1487
1220
805
273
-333
-966
-1572
-2099
-2500
-2738
-2785
-2630
-2277
-1745
-1067
-289
531
1336
2066
2664
3085
3296
3281
3042
2598
1986
1255
464
-323
-1045
-1649
-2090
-2342
-2395
-2259
-1958
-1534
-1034
-514
-26
384
682
848
878
784
593
342
75
-165
-340
-418
-384
-235
14
338
698
1047
1340
1534
1595
1502
1250
848
324
-281
-921
-1540
-2084
-2506
-2766
-2840
-2717
-2403
-1921
-1303
-595
154
894
1576
2158
2605
2896
3019
2975
2774
2438
1994
1472
908
336
-211
-706
-1125
-1450
-1671
-1784
-1794
-1711
-1553
-1342
-1102
-861
-645
-475
-369
-336
-376
-479
-628
-794
-945
-1045
-1062
-966
-739
-374
119
717
1381
2060
2695
3225
3594
3754
3675
3345
2777
2004
1082
82
-914
-1826
-2576
-3103
-3366
-3351
-3070
-2564
-1896
-1146
-402
248
730
988
991
740
266
-370
-1090
-1797
-2394
-2792
-2918
-2729
-2212
-1390
-319
914
2206
3441
4506
5302
5751
5809
5470
4760
3743
2509
1164
-178
-1410
-2440
-3202
-3662
-3818
-3702
-3372
-2906
-2390
-1909
-1534
-1315
-1274
-1404
-1665
-1994
-2311
-2529
-2565
-2352
-1847
-1042
38
1332
2748
4170
5470
6524
7218
7466
7219
6467
5248
3640
1759
-254
-2246
-4062
-5564
-6641
-7220
-7270
-6808
-5894
-4624
-3124
-1531
15
1388
2485
3234
3603
3599
3264
2671
1914
1094
314
-338
-799
-1029
-1020
-797
-408
79
589
1042
1370
1524
1476
1226
799
244
-373
-980
-1503
-1877
-2055
-2012
-1747
-1287
-679
10
706
1335
1826
2128
2208
2057
1694
1156
499
-207
-895
-1497
-1959
-2244
-2335
-2235
-1967
-1568
-1086
-571
-71
373
738
1010
1190
1291
1336
1347
1349
1357
1376
1400
1414
1392
1304
1123
827
408
-127
-754
-1431
-2100
-2696
-3152
-3407
-3416
-3154
-2621
-1847
-889
176
1256
2252
3073
3640
3902
3837
3456
2806
1958
1006
50
-810
-1489
-1927
-2094
-1994
-1667
-1178
-616
-75
352
592
594
342
-142
-805
-1563
-2313
-2946
-3361
-3476
-3242
-2646
-1718
-527
825
2218
3521
4610
5383
5768
5735
5296
4503
3442
2222
962
-223
-1241
-2024
-2542
-2800
-2841
-2733
-2558
-2400
-2334
-2408
-2638
-3005
-3451
-3893
-4227
-4346
-4154
-3583
-2603
-1233
459
2359
4315
6154
7698
8786
9291
9139
8314
6866
4908
2604
153
-2230
-4337
-5989
-7054
-7462
-7209
-6361
-5041
-3417
-1682
-33
1351
2333
2824
2798
2292
1399
255
-976
-2126
-3037
-3584
-3688
-3324
-2523
-1366
25
1505
2920
4126
5006
5482
5524
5145
4406
3401
2242
1052
-56
-994
-1699
-2147
-2349
-2347
-2206
-2000
-1803
-1675
-1656
-1755
-1954
-2208
-2451
-2611
-2615
-2407
-1952
-1249
-329
743
1878
2967
3897
4565
4887
4812
4327
3461
2283
894
-578
-2003
-3246
-4195
-4763
-4903
-4609
-3912
-2885
-1625
-249
1122
2373
3405
4146
4552
4612
4344
3792
3018
2096
1102
107
-825
-1647
-2323
-2836
-3180
-3358
-3384
-3274
-3046
-2720
-2316
-1853
-1352
-835
-323
157
585
939
1201
1364
1427
1403
1313
1190
1072
998
1005
1118
1348
1689
2112
2569
2998
3324
3473
3377
2988
2282
1268
-10
-1475
-3019
-4517
-5835
-6843
-7433
-7529
-7099
-6156
-4765
-3031
-1098
872
2713
4267
5410
6054
6166
5763
4914
3733
2362
959
-321
-1346
-2015
-2272
-2112
-1578
-757
232
1255
2175
2869
3243
3242
2854
2111
1086
-120
-1389
-2599
-3639
-4418
-4878
-4996
-4785
-4288
-3572
-2720
-1816
-935
-137
537
1074
1481
1783
2013
2210
2404
2612
2836
3058
3246
3356
3340
3157
2778
2194
1425
512
-475
-1456
-2336
-3027
-3455
-3570
-3356
-2832
-2056
-1116
-124
797
1532
1979
2069
1773
1109
139
-1033
-2276
-3440
-4377
-4954
-5074
-4682
-3776
-2410
-684
1256
3243
5095
6642
7736
8272
8194
7502
6252
4549
2537
385
-1729
-3641
-5204
-6312
-6900
-6955
-6507
-5629
-4426
-3023
-1551
-138
1105
2096
2780
3135
3172
2928
2465
1853
1172
497
-106
-585
-908
-1060
-1045
-885
-614
-275
85
423
697
874
0
0
0
0
0
0
0
0
0
0
0
0
0
0
0
0
0
0
0
0
0
0
0
0
0
0
0
0
0
0
0
0
0
0
0
0
0
0
0
0
0
0
0
0
0
0
0
0
0
0
0
0
0
0
0
0
0
0
0
0
0
0
0
0
0
0
0
0
0
0
0
0
0
0
0
0
0
0
0
0
0
0
0
0
0
0
0
0
0
0
0
0
0
0
0
0
0
0
0
0
0
0
0
0
0
0
0
0
0
0
0
0
0
0
0
0
0
0
0
0
0
0
0
0
0
0
0
0
0
0
0
0
0
0
0
