0
4278
8485
12550
16402
19973
23203
26035
28419
30314
31684
32507
32766
32456
31581
30156
28203
25758
22860
19561
15917
11991
7852
3573
-771
-5106
-9352
-13436
-17284
-20829
-24006
-26759
-29038
-30801
-32015
-32660
-32720
-32196
-31094
-29434
-27244
-24563
-21439
-17925
-14087
-9991
-5712
-1327
3083
7441
11667
15683
19415
22796
25762
28259
30239
31667
32514
32764
32412
31462
29931
27847
25247
22178
18696
14865
10755
6443
2009
-2465
-6896
-11201
-15299
-19113
-22570
-25606
-28162
-30190
-31650
-32514
-32764
-32394
-31411
-29832
-27686
-25012
-21861
-18292
-14372
-10175
-5781
-1274
3259
7733
12062
16161
19951
23359
26318
28771
30668
31973
32659
32711
32127
30919
29107
26727
23823
20452
16679
12577
8226
3711
-879
-5455
-9926
-14204
-18204
-21846
-25058
-27775
-29942
-31516
-32464
-32766
-32415
-31417
-29790
-27567
-24790
-21514
-17805
-13736
-9388
-4849
-209
4437
8997
13377
17489
21248
24578
27411
29687
31359
32393
32765
32468
31507
29899
27676
24884
21579
17828
13707
9301
4700
0
-4703
-9311
-13729
-17864
-21629
-24947
-27746
-29968
-31566
-32503
-32761
-32332
-31225
-29460
-27076
-24119
-20653
-16748
-12488
-7961
-3263
1506
6246
10856
15238
19298
22949
26112
28719
30713
32051
32702
32651
31900
30461
28366
25658
22395
18646
14492
10022
5332
524
-4298
-9029
-13567
-17811
-21669
-25055
-27896
-30127
-31699
-32577
-32739
-32182
-30916
-28967
-26379
-23206
-19519
-15397
-10932
-6222
-1372
3511
8320
12945
17284
21240
24723
27655
29968
31611
32545
32748
32214
30954
28995
26381
23169
19431
15252
10724
5950
1038
-3899
-8751
-13405
-17757
-21705
-25159
-28038
-30277
-31822
-32637
-32702
-32014
-30588
-28456
-25665
-22280
-18377
-14047
-9388
-4509
477
5455
10308
14924
19194
23018
26305
28979
30974
32243
32756
32498
31476
29711
27244
24133
20449
16280
11722
6884
1880
-3170
-8148
-12935
-17416
-21484
-25041
-28000
-30291
-31856
-32659
-32677
-31909
-30373
-28105
-25157
-21600
-17520
-13013
-8189
-3163
1941
7001
11893
16499
20705
24407
27516
29953
31659
32589
32721
32049
30590
28377
25463
21921
17836
13307
8448
3377
-1780
-6896
-11843
-16499
-20746
-24479
-27603
-30040
-31727
-32621
-32699
-31957
-30413
-28105
-25088
-21439
-17247
-12618
-7668
-2522
2689
7836
12787
17416
21605
25247
28248
30530
32035
32723
32574
31592
29801
27244
23987
20112
15718
10917
5832
595
-4660
-9798
-14685
-19194
-23208
-26622
-29345
-31307
-32455
-32757
-32206
-30813
-28614
-25665
-22043
-17841
-13169
-8148
-2911
2405
7661
12717
17440
21705
25397
28419
30689
32146
32750
32483
31352
29385
26633
23169
19084
14487
9500
4255
-1105
-6439
-11603
-16457
-20870
-24723
-27911
-30346
-31961
-32712
-32578
-31559
-29684
-27001
-23582
-19519
-14922
-9916
-4636
771
6162
11386
16301
20770
24671
27896
30354
31977
32719
32558
31498
29565
26813
23317
19172
14492
9407
4058
-1405
-6833
-12073
-16978
-21411
-25247
-28377
-30713
-32188
-32760
-32410
-31148
-29007
-26047
-22351
-18021
-13179
-7961
-2516
3003
8440
13640
18454
22745
26389
29282
31340
32503
32737
32033
30409
27913
24613
20604
16000
10932
5547
0
-5550
-10942
-16021
-20637
-24657
-27963
-30458
-32068
-32745
-32468
-31244
-29107
-26118
-22364
-17952
-13013
-7689
-2137
3479
8997
14252
19090
23367
26955
29748
31662
32640
32650
31691
29790
27003
23411
19119
14256
8965
3403
-2262
-7862
-13230
-18204
-22633
-26385
-29345
-31423
-32556
-32707
-31871
-30072
-27362
-23823
-19561
-14703
-9397
-3803
1908
7565
12994
18030
22517
26318
29316
31419
32559
32702
31841
30001
27238
23635
19302
14372
8996
3339
-2422
-8112
-13553
-18577
-23026
-26761
-29667
-31650
-32648
-32629
-31591
-29565
-26615
-22829
-18327
-13249
-7752
-2009
3799
9491
14886
19815
24120
27666
30338
32052
32751
32412
31044
28690
25423
21345
16586
11295
5642
-193
-6025
-11667
-16938
-21669
-25706
-28920
-31206
-32489
-32726
-31909
-30063
-27244
-23544
-19081
-13998
-8460
-2644
3259
9060
14569
19606
24006
27626
30346
32075
32756
32366
30916
28451
25051
20827
15917
10480
4696
-1244
-7147
-12817
-18065
-22719
-26622
-29644
-31684
-32674
-32578
-31398
-29173
-25975
-21909
-17110
-11737
-5969
0
5972
11747
17130
21941
26016
29217
31436
32596
32657
31615
29504
26395
22390
17625
12260
6476
470
-5554
-11392
-16845
-21726
-25867
-29127
-31393
-32585
-32662
-31619
-29491
-26349
-22301
-17483
-12062
-6222
-166
5898
11762
17222
22088
26191
29387
31566
32648
32597
31411
29131
25835
21636
16679
11138
5205
-912
-7001
-12847
-18244
-23003
-26955
-29960
-31912
-32739
-32412
-30940
-28374
-24803
-20353
-15179
-9465
-3413
2763
8843
14612
19863
24407
28083
30758
32334
32755
32003
30103
27124
23169
18381
12929
7010
836
-5370
-11386
-16993
-21989
-26191
-29446
-31636
-32680
-32538
-31214
-28754
-25247
-20819
-15630
-9868
-3744
2518
8692
14551
19879
24480
28184
30855
32393
32739
31880
29845
26709
22585
17625
12011
5950
-333
-6607
-12639
-18204
-23094
-27128
-30152
-32055
-32763
-32248
-30528
-27666
-23767
-18976
-13473
-7461
-1167
5173
11322
17047
22132
26385
29644
31785
32724
32427
30901
28203
24435
19738
14288
8294
1981
-4409
-10635
-16457
-21654
-26025
-29402
-31656
-32697
-32485
-31027
-28377
-24634
-19943
-14481
-8460
-2109
4324
10594
16457
21686
26077
29459
31699
32710
32451
30929
28203
24378
19601
14056
7961
1552
-4919
-11201
-17047
-22227
-26537
-29806
-31906
-32751
-32307
-30590
-27666
-23648
-18696
-13002
-6791
-309
6187
12441
18204
23246
27366
30398
32222
32762
31995
29951
26709
22398
17189
11289
4935
-1619
-8112
-14281
-19879
-24678
-28486
-31147
-32552
-32643
-31416
-28917
-25247
-20553
-15023
-8882
-2378
4225
10659
16662
21989
26421
29777
31918
32756
32254
30432
27362
23169
18024
12137
5748
-879
-7473
-13762
-19485
-24407
-28323
-31070
-32533
-32650
-31414
-28875
-25136
-20353
-14721
-8475
-1874
4807
11292
17307
22602
26955
30182
32146
32765
32010
29911
26556
22083
16679
10571
4016
-2711
-9326
-15551
-21121
-25799
-29387
-31732
-32732
-32344
-30582
-27520
-23286
-18060
-12062
-5547
1206
7911
14280
20041
24947
28786
31393
32653
32513
30975
28105
24024
18906
12972
6476
-301
-7069
-13534
-19415
-24458
-28443
-31196
-32596
-32580
-31148
-28360
-24336
-19250
-13322
-6811
0
6813
13332
19269
24364
28393
31178
32594
32578
31129
28309
24241
19103
13120
6555
-301
-7147
-13680
-19609
-24671
-28641
-31340
-32648
-32505
-30916
-27948
-23735
-18460
-12360
-5706
1206
8067
14569
20421
25359
29162
31656
32728
32328
30473
27244
22786
17298
11027
4255
-2711
-9557
-15974
-21669
-26383
-29901
-32062
-32766
-31979
-29736
-26137
-21345
-15577
-9095
-2195
4807
11593
17850
23291
27666
30771
32464
32665
31362
28614
24546
19345
13249
6538
-477
-7473
-14125
-20126
-25196
-29098
-31650
-32732
-32292
-30349
-26991
-22374
-16712
-10266
-3339
3746
10659
17076
22694
27251
30530
32377
32702
31489
28793
24740
19519
13375
6597
-494
-7565
-14281
-20323
-25404
-29282
-31772
-32753
-32178
-30072
-26533
-21729
-15887
-9285
-2238
4919
11843
18204
23695
28052
31066
32589
32548
30942
27847
23411
17845
11416
4435
-2763
-9830
-16425
-22227
-26955
-30378
-32330
-32713
-31507
-28769
-24631
-19293
-13013
-6096
1120
8285
15047
21076
26077
29802
32068
32763
31850
29372
25451
20276
14101
7230
0
-7232
-14111
-20295
-25478
-29402
-31872
-32764
-32033
-29711
-25913
-20827
-14703
-7845
-595
6688
13640
19914
25196
29220
31785
32759
32093
29819
26047
20967
14832
7950
664
-6656
-13645
-19948
-25247
-29273
-31822
-32763
-32046
-29706
-25861
-20703
-14492
-7543
-209
7138
14125
20396
25629
29557
31977
32766
31880
29363
25342
20022
13674
6622
-771
-8129
-15071
-21240
-26318
-30042
-32219
-32734
-31559
-28754
-24461
-18901
-12360
-5177
2276
9615
16457
22447
27271
30678
32489
32608
31026
27825
23169
17302
10527
3199
-4298
-11573
-18244
-23960
-28419
-31387
-32705
-32302
-30198
-26501
-21406
-15179
-8148
-684
6817
13962
20369
25700
29668
32064
32757
31710
28975
24698
19103
12488
5205
-2358
-9798
-16717
-22745
-27557
-30894
-32577
-32513
-30703
-27244
-22319
-16192
-9191
-1693
5898
13175
19743
25247
29388
31941
32765
31816
29141
24884
19276
12618
5272
-2362
-9871
-16845
-22903
-27714
-31014
-32621
-32445
-30495
-26875
-21781
-15492
-8351
-749
6896
14165
20658
26016
29942
32220
32721
31417
28377
23767
17841
10926
3403
-4310
-11787
-18613
-24407
-28847
-31684
-32759
-32010
-29476
-25298
-19707
-13013
-5590
2148
9769
16845
22980
27828
31116
32659
32366
30254
26438
21133
14635
7310
-430
-8148
-15409
-21801
-26962
-30598
-32502
-32563
-30778
-27244
-22162
-15818
-8572
-836
6950
14343
20920
26305
30190
32350
32661
31103
27762
22829
16586
9388
1649
-6187
-13670
-20369
-25898
-29936
-32249
-32702
-31267
-28024
-23161
-16955
-9766
-2009
5867
13405
20168
25762
29860
32222
32709
31291
28049
23169
16936
9711
1916
-5992
-13553
-20323
-25904
-29968
-32275
-32687
-31179
-27837
-22855
-16527
-9222
-1372
6562
14111
20829
26318
30252
32397
32623
30916
27374
22206
15718
8294
373
-7571
-15067
-21669
-26980
-30683
-32556
-32483
-30469
-26631
-21197
-14492
-6916
1077
9009
16402
22811
27851
31216
32702
32218
29790
25564
19793
12824
5078
-2978
-10856
-18080
-24210
-28873
-31785
-32766
-31757
-28816
-24119
-17952
-10689
-2772
5316
13083
20053
25799
29968
32304
32662
31017
27469
22233
15630
8064
0
-8067
-15639
-22251
-27492
-31038
-32669
-32282
-29899
-25665
-19840
-12785
-4935
3223
11185
18454
24578
29176
31960
32754
31507
28295
23317
16881
9388
1306
-6859
-14599
-21426
-26913
-30713
-32587
-32415
-30206
-26096
-20343
-13307
-5431
2789
10837
18204
24423
29100
31937
32755
31498
28244
23199
16679
9099
938
-7285
-15047
-21854
-27271
-30951
-32659
-32282
-29844
-25497
-19519
-12290
-4271
4023
12062
19330
25359
29762
32252
32670
30984
27303
21861
15008
7184
-1105
-9326
-16947
-23474
-28484
-31650
-32766
-31757
-28687
-23753
-17274
-9670
-1435
6896
14781
21705
27215
30951
32666
32248
29720
25247
19119
11737
3583
-4807
-12886
-20121
-26035
-30239
-32455
-32534
-30469
-26395
-20578
-13400
-5336
3083
11302
18775
25007
29584
32200
32681
30992
27244
21684
14679
6695
-1736
-10055
-17706
-24178
-29038
-31959
-32744
-31340
-27837
-22468
-15592
-7668
771
9163
16942
23583
28641
31772
32764
31548
28203
22955
16155
8261
-193
-8637
-16499
-23246
-28419
-31667
-32766
-31641
-28366
-23161
-16378
-8479
0
8482
16388
23178
28387
31659
32766
31633
28334
23092
16267
8323
-193
-8699
-16610
-23382
-28547
-31748
-32764
-31521
-28105
-22748
-15818
-7793
771
9287
17161
23850
28887
31923
32744
31292
27666
22114
15023
6884
-1736
-10238
-18030
-24565
-29387
-32158
-32681
-30919
-26991
-21173
-13868
-5590
3083
11543
19194
25499
30012
32414
32534
30361
26047
19895
12336
3903
-4807
-13181
-20625
-26610
-30711
-32637
-32248
-29569
-24790
-18247
-10405
-1820
6896
15124
22277
27843
31423
32760
31757
28483
23169
16196
8060
-655
-9326
-17331
-24094
-29127
-32068
-32703
-30984
-27033
-21133
-13707
-5289
3511
12062
19743
25999
30374
32552
32371
29844
25150
18630
10754
2094
-6719
-15047
-22282
-27896
-31478
-32765
-31661
-28244
-22763
-15616
-7324
1506
10228
18204
24847
29668
32313
32585
30461
26096
19809
12062
3423
-5469
-13962
-21426
-27310
-31178
-32740
-31881
-28661
-23317
-16242
-7961
912
9721
17811
24578
29519
32265
32608
30520
26157
19840
12041
3339
-5613
-14150
-21629
-27492
-31296
-32755
-31758
-28377
-22863
-15630
-7219
1736
10564
18599
25234
29968
32443
32468
30041
25342
18725
10689
1842
-7147
-15598
-22868
-28404
-31785
-32751
-31227
-27327
-21345
-13736
-5078
3969
12717
20496
26712
30887
32702
32014
28875
23522
16364
7950
-1077
-10024
-18204
-24986
-29848
-32414
-32483
-30050
-25298
-18593
-10451
-1499
7571
16058
23305
28750
31969
32711
30916
26720
20449
12587
3744
-5391
-14111
-21734
-27666
-31442
-32766
-31533
-27837
-21964
-14372
-5653
3510
12401
20323
26654
30894
32710
31957
28692
23169
15822
7226
-1941
-10958
-19113
-25762
-30378
-32596
-32237
-29328
-24096
-16955
-8469
691
9799
18132
25028
29936
32465
32412
29778
24772
17791
9388
234
-8940
-17404
-24479
-29598
-32350
-32513
-30072
-25219
-18342
-9991
-836
8388
16942
24135
29387
32275
32563
30226
25451
18620
10283
1113
-8148
-16754
-24006
-29316
-32252
-32574
-30254
-25477
-18630
-10266
-1066
8222
16845
24098
29390
32286
32549
30156
25298
18372
9941
695
-8610
-17213
-24407
-29603
-32371
-32482
-29925
-24908
-17841
-9305
0
9307
17850
24924
29942
32491
32356
29546
24293
17028
8351
-1019
-10308
-18745
-25629
-30386
-32621
-32145
-28995
-23432
-15917
-7073
2362
11603
19879
26497
30903
32728
31816
28241
22301
14491
5464
-4023
-13175
-21224
-27492
-31451
-32766
-31324
-27244
-20868
-12732
-3519
5992
15001
22745
28568
31977
32682
30619
25962
19103
10622
1238
-8253
-17047
-24394
-29668
-32420
-32412
-29643
-24347
-16973
-8148
1373
10781
19269
26112
30723
32705
31886
28334
22351
14449
5304
-4298
-13534
-21608
-27826
-31650
-32749
-31026
-26627
-19930
-11510
-2094
7504
16457
23989
29446
32355
32460
29752
24461
17046
8148
-1459
-10942
-19477
-26318
-30870
-32732
-31742
-27983
-21780
-13674
-4371
5316
14541
22496
28484
31977
32669
30495
25645
18541
9807
209
-9410
-18204
-25397
-30356
-32640
-32046
-28625
-22675
-14721
-5464
4278
13645
21806
28038
31787
32719
30748
26047
19032
10324
695
-8997
-17892
-25196
-30256
-32621
-32077
-28669
-22701
-14703
-5389
4409
13816
21989
28193
31872
32694
30582
25725
18555
9715
0
-9718
-18563
-25739
-30598
-32699
-31850
-28126
-21861
-13619
-4144
5708
15047
23026
28920
32194
32549
29951
24631
17073
7961
-1876
-11547
-20168
-26955
-31287
-32766
-31257
-26894
-20073
-11416
-1713
8148
17267
24807
30076
32589
32113
28690
22632
14492
5018
-4919
-14407
-22570
-28657
-32104
-32591
-30072
-24775
-17189
-8012
1907
11653
20323
27113
31393
32763
31094
26539
19519
10683
852
-9060
-18132
-25519
-30530
-32697
-31816
-27965
-21503
-13031
-3339
6667
16052
23938
29584
32459
32292
29097
23169
15065
5543
-4501
-14125
-22423
-28612
-32108
-32578
-29977
-24546
-16798
-7461
2582
12385
21019
27666
31694
32721
30647
25665
18247
9095
-923
-10856
-19760
-26786
-31264
-32766
-31146
-26556
-19431
-10451
-470
9557
18675
26008
30855
32749
31507
27244
20368
11537
1595
-8501
-17784
-25359
-30497
-32702
-31758
-27754
-21074
-12360
-2451
7696
17103
24860
30215
32648
31922
28105
21563
12929
3039
-7147
-16643
-24525
-30025
-32607
-32016
-28309
-21844
-13249
-3359
6859
16412
24364
29939
32588
32050
28377
21924
13322
3413
-6833
-16412
-24382
-29960
-32596
-32028
-28309
-21804
-13150
-3199
7069
16643
24578
30089
32630
31946
28105
21482
12732
2719
-7565
-17103
-24947
-30318
-32680
-31797
-27754
-20951
-12062
-1970
8320
17784
25478
30633
32732
31565
27244
20200
11134
952
-9326
-18675
-26154
-31014
-32765
-31228
-26556
-19215
-9941
333
10578
19760
26955
31436
32749
30759
25665
17979
8475
-1887
-12062
-21019
-27851
-31864
-32650
-30126
-24546
-16475
-6728
3703
13762
22423
28806
32258
32427
29291
23169
14683
4696
-5772
-15653
-23938
-29777
-32571
-32033
-28214
-21503
-12587
-2378
8077
17706
25519
30711
32748
31416
26850
19519
10175
-219
-10594
-19879
-27113
-31549
-32726
-30520
-25157
-17189
-7439
3083
13289
22119
28657
32222
32441
29289
23092
14492
4381
-6187
-16114
-24364
-30076
-32652
-31820
-27666
-20619
-11416
-1017
9491
19008
26537
31287
32757
30792
25595
17709
7961
-2625
-12939
-21894
-28547
-32194
-32451
-29286
-23032
-14346
-4144
6498
16457
24678
30291
32699
31644
27238
19943
10531
0
-10533
-19951
-27251
-31656
-32694
-30254
-24592
-16309
-6286
4409
14637
23305
29487
32519
32077
28203
21312
12137
1660
-8997
-18692
-26385
-31248
-32757
-30748
-25434
-17383
-7461
3266
13645
22556
29038
32390
32248
28625
21909
12824
2351
-8378
-18204
-26061
-31098
-32765
-30880
-25645
-17625
-7689
3083
13524
22496
29023
32393
32235
28565
21780
12618
2077
-8692
-18516
-26318
-31245
-32755
-30681
-25247
-17046
-6975
3863
14280
23132
29446
32527
32033
28015
20915
11510
836
-9932
-19609
-27125
-31650
-32682
-30103
-24198
-15616
-5304
5596
15880
24407
30232
32705
31550
26894
19250
9465
-1373
-12062
-21411
-28379
-32188
-32412
-29022
-22395
-13267
-2656
8253
18244
26197
31222
32754
30619
25054
16679
6433
-4537
-15001
-23783
-29895
-32648
-31731
-27244
-19690
-9916
976
11762
21224
28293
32170
32415
28997
22301
13080
2378
-8595
-18599
-26497
-31393
-32729
-30352
-24528
-15917
-5494
5554
15974
24578
30386
32734
31352
26395
18425
8351
-2679
-13405
-22602
-29217
-32491
-32046
-27932
-20616
-10936
0
10939
20625
27944
32055
32482
29173
22507
13249
2462
-8610
-18692
-26622
-31481
-32707
-30156
-24119
-15293
-4696
6446
16845
25296
30817
32766
30916
25477
17079
6695
-4468
-15115
-24006
-30106
-32702
-31489
-26606
-18620
-8460
2689
13528
22788
29387
32552
31909
27532
19930
9991
-1120
-12103
-21669
-28693
-32350
-32208
-28280
-21025
-11295
-234
10856
20671
28052
32127
32412
28871
21921
12379
1372
-9799
-19815
-27487
-31906
-32545
-29328
-22632
-13249
-2291
8940
19113
27016
31708
32629
29666
23169
13911
2992
-8285
-18577
-26654
-31549
-32677
-29899
-23544
-14372
-3477
7836
18214
26411
31442
32702
30037
23764
14635
3744
-7598
-18030
-26293
-31393
-32711
-30086
-23833
-14703
-3796
7571
18026
26305
31405
32707
30050
23753
14577
3632
-7754
-18204
-26446
-31479
-32688
-29925
-23522
-14256
-3253
8148
18560
26712
31608
32650
29706
23135
13736
2656
-8751
-19090
-27095
-31785
-32581
-29385
-22585
-13013
-1842
9557
19786
27585
31994
32468
28947
21861
12081
809
-10564
-20637
-28166
-32219
-32293
-28377
-20951
-10932
440
11762
21629
28819
32437
32033
27653
19840
9561
-1907
-13142
-22745
-29519
-32621
-31661
-26755
-18514
-7961
3586
14689
23960
30239
32740
31148
25658
16955
6128
-5469
-16384
-25247
-30944
-32759
-30461
-24336
-15151
-4058
7546
18204
26572
31595
32638
29565
22763
13087
1756
-9798
-20118
-27896
-32148
-32332
-28424
-20915
-10754
771
12203
22088
29171
32552
31797
27001
18769
8148
-3511
-14727
-24069
-30346
-32754
-30984
-25260
-16309
-5272
6439
17331
26008
31359
32696
29845
23169
13521
2137
-9523
-19964
-27843
-32146
-32318
-28334
-20703
-10405
1234
12717
22564
29503
32637
31559
26407
17841
6968
-4807
-15965
-25058
-30909
-32757
-30361
-24028
-14577
-3233
8533
19194
27364
31977
32433
28669
21173
10917
-762
-12345
-22321
-29387
-32619
-31592
-26438
-17828
-6884
4961
16161
25247
31028
32744
30168
23635
13998
2522
-9287
-19879
-27860
-32179
-32265
-28105
-20242
-9711
2101
13640
23382
30040
32733
31103
25362
16267
5018
-6896
-17901
-26537
-31659
-32585
-29190
-21921
-11741
0
11743
21929
29201
32589
31641
26480
17791
6728
-5233
-16499
-25566
-31222
-32709
-29826
-22955
-13013
-1327
10537
20994
28641
32450
31909
27088
18630
7668
-4324
-15739
-25041
-30976
-32744
-30105
-23411
-13561
-1880
10055
20637
28436
32397
31982
27244
18822
7852
-4182
-15653
-25007
-30974
-32743
-30072
-23319
-13400
-1660
10308
20879
28612
32455
31881
26966
18377
7282
-4807
-16245
-25468
-31216
-32702
-29720
-22675
-12528
-664
11292
21705
29147
32596
31576
26225
17274
5950
-6193
-17489
-26383
-31650
-32564
-28995
-21433
-10917
1105
12978
23064
29968
32737
30984
24950
15465
3839
-8320
-19330
-27666
-32170
-32217
-27796
-19519
-8531
3643
15314
24860
30951
32739
29972
23032
12884
938
-11141
-21669
-29176
-32613
-31498
-25982
-16835
-5332
6918
18204
26944
31912
32410
28366
20343
9465
-2743
-14569
-24351
-30713
-32759
-30198
-23387
-13283
-1306
10856
21492
29100
32604
31507
25962
16748
5166
-7147
-18454
-27152
-32008
-32332
-28076
-19840
-8789
3510
15314
24947
31038
32720
29752
22551
12140
0
-12143
-22559
-29762
-32723
-31017
-24884
-15198
-3339
8998
20053
28242
32393
31908
26854
17952
6476
-5930
-17489
-26541
-31785
-32465
-28481
-20402
-9388
2978
14918
24714
30951
32730
29790
22554
12062
-172
-12385
-22811
-29942
-32746
-30813
-24421
-14492
-2462
9926
20879
28806
32556
31581
26021
16679
4912
-7571
-18956
-27585
-32200
-32127
-27374
-18630
-7167
5342
17076
26318
31719
32485
28504
20353
9222
-3259
-15267
-25041
-31147
-32687
-29434
-21861
-11077
1334
13553
23783
30517
32764
30189
23169
12736
423
-11953
-22570
-29860
-32743
-30792
-24293
-14202
-2009
10483
21426
29201
32652
31267
25247
15482
3419
-9153
-20369
-28563
-32514
-31633
-26047
-16586
-4654
7973
19415
27967
32350
31910
26709
17520
5712
-6950
-18577
-27428
-32179
-32116
-27244
-18292
-6597
6088
17864
26962
32015
32263
27666
18910
7310
-5391
-17284
-26579
-31872
-32366
-27983
-19380
-7852
4862
16845
26287
31760
32433
28203
19707
8226
-4501
-16550
-26094
-31684
-32472
-28334
-19895
-8434
4310
16402
26003
31651
32486
28377
19946
8475
-4288
-16402
-26016
-31662
-32478
-28334
-19861
-8351
4437
16550
26133
31717
32445
28203
19638
8060
-4756
-16845
-26351
-31812
-32386
-27983
-19276
-7602
5243
17284
26666
31941
32293
27666
18769
6975
-5898
-17864
-27071
-32095
-32157
-27244
-18113
-6176
6719
18577
27557
32265
31968
26709
17302
5205
-7702
-19415
-28111
-32434
-31710
-26047
-16326
-4058
8843
20369
28719
32588
31368
25247
15179
2736
-10137
-21426
-29364
-32705
-30922
-24293
-13853
-1238
11573
22570
30025
32764
30353
23169
12339
-434
-13142
-23783
-30678
-32739
-29638
-21861
-10632
2276
14829
25041
31296
32604
28754
20353
8727
-4282
-16616
-26318
-31849
-32328
-27676
-18630
-6622
6439
18480
27585
32302
31880
26381
16679
4318
-8734
-20396
-28806
-32620
-31227
-24845
-14492
-1820
11144
22329
29942
32763
30335
23047
12062
-859
-13645
-24243
-30951
-32688
-29173
-20967
-9388
3703
16202
26094
31785
32354
27709
18593
6476
-6688
-18775
-27832
-32393
-31718
-25913
-15915
-3339
9779
21317
29402
32723
30737
23764
12933
0
-12935
-23772
-30745
-32720
-29372
-21243
-9654
3510
16105
26077
31798
32332
27590
18342
6096
-7147
-19226
-28162
-32493
-31507
-25362
-15061
-2291
10856
22227
29953
32765
30198
22670
11416
-1716
-14569
-25028
-31370
-32548
-28366
-19509
-7435
5867
18204
27539
32330
31782
25982
15887
3163
-10086
-21669
-29667
-32753
-30413
-23032
-11831
1334
14281
24860
31312
32563
28403
19519
7387
-5976
-18347
-27666
-32377
-31693
-25725
-15465
-2622
10659
22164
29968
32766
30086
22374
10917
-2369
-15261
-25599
-31650
-32396
-27709
-18372
-5950
7473
19643
28516
32596
31195
24546
13765
664
-12550
-23653
-30771
-32702
-29116
-20616
-8634
4807
17440
27128
32230
31881
26137
15968
3092
-10308
-21966
-29901
-32766
-30072
-22272
-10689
2711
15653
25937
31812
32275
27244
17574
4908
-8595
-20637
-29162
-32712
-30681
-23411
-12140
1206
14349
25041
31451
32480
27948
18630
6117
-7445
-19735
-28641
-32634
-31026
-24089
-13013
301
13567
24501
31222
32570
28309
19172
6728
-6876
-19298
-28393
-32589
-31159
-24347
-13326
0
13328
24354
31166
32585
28360
19220
6748
-6896
-19347
-28443
-32604
-31103
-24198
-13087
301
13640
24608
31294
32533
28105
18778
6176
-7504
-19879
-28786
-32669
-30847
-23635
-12290
1206
14493
25247
31583
32389
27520
17828
5008
-8692
-20870
-29387
-32745
-30352
-22624
-10917
2711
15865
26229
31977
32094
26556
16335
3233
-10442
-22277
-30182
-32757
-29546
-21112
-8944
4807
17712
27483
32390
31559
25136
14256
845
-12717
-24026
-31070
-32598
-28334
-19032
-6345
7473
19964
28903
32697
30666
23169
11540
-2148
-15456
-26008
-31918
-32127
-26596
-16309
-3103
10659
22517
30346
32741
29270
20553
8148
-5719
-18563
-28078
-32552
-31179
-24202
-12874
771
14281
25223
31625
32332
27214
17189
4062
-9798
-21894
-30040
-32762
-29565
-21025
-8682
5233
18204
27882
32514
31257
24336
13002
-691
-14262
-25247
-31650
-32307
-27094
-16955
-3732
10171
22227
30239
32747
29289
20494
7961
-6025
-18915
-28356
-32621
-30929
-23586
-11931
1907
15400
26077
31982
32033
26215
15592
2109
-11762
-23479
-30889
-32629
-28377
-18910
-5966
8077
20637
29402
32756
30080
21861
9613
-4409
-17621
-27585
-32459
-31342
-24435
-13013
816
14497
25499
31785
32188
26631
16140
2656
-11322
-23203
-30782
-32650
-28456
-18976
-5969
8148
20755
29503
32763
29925
21514
9095
-5021
-18204
-27995
-32564
-31058
-23753
-12011
1977
15598
26305
32095
31880
25698
14703
952
-12978
-24480
-31393
-32418
-27360
-17165
-3744
10381
22559
30497
32702
28754
19394
6380
-7836
-20580
-29446
-32762
-29899
-21393
-8847
5370
18577
28275
32630
30814
23169
11138
-3003
-16579
-27016
-32334
-31523
-24733
-13249
751
14612
25700
31906
32048
26096
15179
1372
-12698
-24354
-31371
-32412
-27273
-16932
-3359
10856
23003
30758
32638
28280
18514
5205
-9101
-21669
-30089
-32747
-29131
-19930
-6905
7445
20371
29387
32762
29844
21189
8460
-5898
-19125
-28673
-32702
-30433
-22301
-9868
4468
17946
27963
32585
30916
23274
11134
-3159
-16845
-27275
-32428
-31305
-24119
-12260
1977
15833
26622
32247
31615
24845
13249
-923
-14918
-26016
-32055
-31858
-25461
-14105
0
14107
25468
31864
32046
25975
14832
792
-13405
-24986
-31684
-32188
-26395
-15435
-1452
12817
24578
31525
32292
26727
15917
1981
-12345
-24250
-31393
-32366
-26976
-16280
-2378
11993
24006
31293
32415
27148
16527
2644
-11762
-23850
-31230
-32442
-27244
-16660
-2779
11653
23783
31206
32451
27267
16679
2783
-11667
-23806
-31222
-32441
-27217
-16586
-2656
11803
23919
31277
32412
27094
16378
2398
-12062
-24120
-31370
-32361
-26894
-16056
-2009
12441
24407
31496
32285
26615
15616
1488
-12939
-24777
-31650
-32178
-26251
-15055
-836
13553
25223
31826
32033
25797
14372
52
-14280
-25739
-32015
-31841
-25247
-13561
863
15115
26318
32208
31592
24592
12618
-1908
-16052
-26950
-32393
-31276
-23823
-11540
3083
17085
27622
32556
30880
22932
10324
-4384
-18204
-28323
-32682
-30389
-21909
-8965
5807
19399
29038
32755
29790
20744
7461
-7347
-20658
-29748
-32757
-29067
-19428
-5811
8997
21966
30436
32669
28203
17952
4016
-10746
-23305
-31079
-32468
-27184
-16309
-2077
12583
24657
31656
32135
25992
14491
0
-14493
-25999
-32139
-31644
-24613
-12494
2208
16457
27304
32503
30975
23032
10317
-4537
-18454
-28547
-32719
-30103
-21238
-7961
6971
20458
29694
32757
29007
19220
5431
-9491
-22439
-30713
-32587
-27666
-16973
-2736
12073
24364
31568
32177
26060
14492
-108
-14689
-26197
-32222
-31498
-24174
-11781
3083
17304
27896
32634
30520
21996
8847
-6162
-19879
-29416
-32766
-29219
-19519
-5706
9311
22368
30711
32578
27570
16743
2378
-12491
-24723
-31732
-32033
-25558
-13674
1105
15653
26888
32428
31095
23169
10328
-4707
-18745
-28806
-32750
-29736
-20402
-6728
8378
21705
30414
32650
27932
17262
2911
-12062
-24465
-31651
-32083
-25665
-13765
1077
15692
26955
32455
31012
22932
9941
-5180
-19194
-29098
-32765
-29406
-19738
-5832
9326
22486
30817
32526
27244
16102
1495
-13436
-25478
-32035
-31693
-24521
-12062
2999
17416
28078
32680
30226
21243
7668
-7565
-21167
-30192
-32685
-28105
-17438
-2992
12103
24578
31727
31995
25321
13150
-1876
-16499
-27539
-32596
-30567
-21889
-8448
6833
20630
29936
32722
28377
17845
3419
-11753
-24364
-31659
-32040
-25423
-13249
1823
16499
27568
32607
30508
21729
8189
-7147
-20920
-30108
-32693
-28105
-17347
-2779
12401
24860
31856
31850
24838
12360
-2839
-17416
-28160
-32702
-30037
-20749
-6884
8501
22013
30668
32552
27244
15915
1066
-14020
-26008
-32243
-31342
-23500
-10451
4915
19194
29220
32766
29042
18871
4509
-10856
-23813
-31479
-32147
-25665
-13473
1720
16533
27666
32637
30335
21271
7461
-8015
-21705
-30552
-32578
-27327
-15968
-1038
14125
26133
32294
31228
23169
9920
-5554
-19786
-29584
-32748
-28565
-17970
-3339
12043
24723
31849
31816
24627
11897
-3511
-18132
-28673
-32755
-29458
-19519
-5177
10334
23516
31393
32182
25702
13414
-1907
-16800
-27896
-32682
-30072
-20653
-6555
9029
22570
30997
32395
26445
14492
-751
-15827
-27310
-32589
-30461
-21406
-7481
8148
21926
30713
32507
26894
15151
-48
-15238
-26955
-32522
-30664
-21804
-7961
7702
21608
30575
32549
27076
15403
202
-15047
-26852
-32503
-30703
-21861
-8002
7696
21629
30598
32538
27001
15255
0
-15257
-27007
-32541
-30582
-21579
-7602
8129
21989
30779
32468
26664
14703
-655
-15865
-27411
-32621
-30288
-20948
-6758
8997
22672
31098
32318
26047
13736
-1763
-16855
-28038
-32713
-29790
-19946
-5464
10289
23653
31516
32046
25116
12336
-3319
-18204
-28847
-32766
-29042
-18541
-3711
11987
24889
31977
31593
23823
10480
-5316
-19871
-29777
-32711
-27983
-16697
-1495
14059
26318
32404
30885
22114
8148
-7733
-21801
-30745
-32460
-26539
-14372
1180
16457
27860
32699
29832
19930
5325
-10537
-23916
-31650
-31910
-24631
-11530
4298
19113
29409
32747
28334
17210
2009
-13670
-26112
-32365
-30942
-22178
-8148
7817
21929
30833
32412
26285
13907
-1780
-17047
-28259
-32743
-29429
-19103
-4222
11667
24777
31977
31548
23586
9991
-5992
-20546
-30192
-32619
-27244
-15350
219
15739
27492
32660
30001
20149
5464
-10533
-24006
-31719
-31816
-24270
-10892
5106
19879
29873
32681
27625
15917
373
-15261
-27221
-32621
-30156
-20416
-5748
10308
23879
31684
31836
24293
10875
-5173
-19973
-29942
-32665
-27477
-15633
0
15636
27483
32666
29925
19920
5078
-10999
-24407
-31886
-31615
-23656
-9941
6193
20824
30386
32549
26782
14487
-1341
-16845
-28242
-32749
-29262
-18630
-3445
12583
25539
32252
31078
22301
8064
-8148
-22368
-31111
-32231
-25451
-12429
3643
18824
29387
32737
28047
16465
836
-15001
-27152
-32625
-30072
-20115
-5205
10989
24479
31937
31523
23335
9388
-6876
-21447
-30723
-32412
-26092
-13322
2743
18132
29038
32759
28371
16955
1338
-14612
-26944
-32596
-30164
-20247
-5304
10958
24501
31960
31477
23169
9099
-7236
-21774
-30894
-32323
-25702
-12676
3510
18824
29446
32724
27837
16000
166
-15711
-27666
-32707
-29572
-19041
-3744
12491
25602
32304
30916
21780
7184
-9215
-23305
-31551
-31880
-24205
-10451
5930
20824
30486
32483
26311
13518
-2679
-18204
-29147
-32749
-28098
-16364
-502
15488
27574
32702
29574
18976
3583
-12717
-25806
-32371
-30748
-21345
-6538
9926
23879
31785
31636
23467
9346
-7147
-21830
-30974
-32254
-25342
-11991
4409
19692
29968
32623
26976
14462
-1736
-17495
-28798
-32764
-28377
-16752
-852
15267
27492
32699
29554
18857
3339
-13034
-26077
-32450
-30520
-20777
-5712
10817
24578
32042
31291
22515
7961
-8637
-23021
-31496
-31881
-24075
-10079
6509
21426
30833
32307
25463
12062
-4448
-19815
-30076
-32585
-26689
-13907
2465
18204
29244
32732
27762
15616
-569
-16610
-28356
-32765
-28692
-17189
-1231
15047
27428
32699
29490
18630
2932
-13528
-26478
-32552
-30168
-19943
-4530
12062
25519
32337
30737
21133
6022
-10659
-24565
-32068
-31208
-22206
-7407
9326
23628
31760
31593
23169
8686
-8070
-22719
-31423
-31903
-24028
-9858
6896
21846
31070
32147
24790
10926
-5807
-21019
-30711
-32336
-25461
-11891
4807
20244
30356
32478
26047
12755
-3899
-19528
-30012
-32581
-26556
-13521
3083
18877
29687
32654
26991
14192
-2362
-18294
-29387
-32703
-27360
-14769
1736
17784
29119
32734
27666
15255
-1206
-17349
-28887
-32752
-27913
-15652
771
16993
28695
32761
28105
15962
-434
-16717
-28547
-32765
-28244
-16186
193
16523
28443
32766
28334
16326
-48
-16412
-28387
-32766
-28374
-16382
0
0
0
0
0
0
0
0
0
0
0
0
0
0
0
0
0
0
0
0
0
0
0
0
0
0
0
0
0
0
0
0
0
0
0
0
0
0
0
0
0
0
0
0
0
0
0
0
0
0
0
0
0
0
0
0
0
0
0
0
0
0
0
0
0
0
0
0
0
0
0
0
0
0
0
0
0
0
0
0
0
0
0
0
0
0
0
0
0
0
0
0
0
0
0
0
0
0
0
0
0
0
0
0
0
0
0
0
0
0
0
0
0
0
0
0
0
0
0
0
0
0
0
0
0
0
0
0
0
0
0
0
0
0
0
0
0
0
0
0
0
0
0
0
0
0
0
0
0
0
0
0
0
0
0
0
0
0
0
0
0
0
0
0
0
0
0
0
0
0
0
0
0
0
0
0
0
0
0
0
0
0
0
0
0
0
0
0
0
0
0
0
0
0
0
0
0
0
0
0
0
0
0
0
0
0
0
0
0
0
0
0
0
0
0
0
0
0
0
0
0
0
0
0
0
0
0
0
0
0
0
0
0
0
0
0
0
0
0
0
0
0
0
0
0
0
0
0
0
0
0
0
0
0
0
0
0
0
0
0
0
0
0
0
0
0
0
0
0
0
0
0
0
0
0
0
0
0
0
0
0
0
0
0
0
0
0
0
0
0
0
0
0
0
0
0
0
0
0
0
0
0
0
0
0
0
0
0
0
0
0
0
0
0
0
0
0
0
0
0
0
0
0
0
0
0
0
0
0
0
0
0
0
0
0
0
0
0
0
0
0
0
0
0
0
0
0
0
0
0
0
0
0
0
0
0
0
0
0
0
0
0
0
0
0
0
0
0
0
0
0
0
0
0
0
0
0
0
0
0
0
0
0
0
0
0
0
0
0
0
0
0
0
0
0
0
0
0
0
0
0
0
0
0
0
0
0
0
0
0
0
0
0
0
0
0
0
0
0
0
0
0
0
0
0
0
0
0
0
0
0
0
0
0
0
0
0
0
0
0
0
0
0
0
0
0
0
0
0
0
0
0
0
0
0
0
0
0
0
0
0
0
0
0
0
0
0
0
0
0
0
0
0
0
0
0
0
0
0
0
0
0
0
0
0
0
0
0
0
0
0
0
0
0
0
0
0
0
0
0
0
0
0
0
0
0
0
0
0
0
0
0
0
0
0
0
0
0
0
0
0
0
0
0
0
0
0
0
0
0
0
0
0
0
0
0
0
0
0
0
0
0
0
0
0
0
0
0
0
0
0
0
0
0
0
0
0
0
0
0
0
0
0
0
0
0
0
0
0
0
0
0
0
0
0
0
0
0
0
0
0
0
0
0
0
0
0
0
0
0
0
0
0
0
0
0
0
0
0
0
0
0
0
0
0
0
0
0
0
0
0
0
0
0
0
0
0
0
0
0
0
0
0
0
0
0
0
0
0
0
0
0
0
0
0
0
0
0
0
0
0
0
0
0
0
0
0
0
0
0
0
0
0
0
0
0
0
0
0
0
0
0
0
0
0
0
0
0
0
0
0
0
0
0
0
0
0
0
0
0
0
0
0
0
0
0
0
0
0
0
0
0
0
0
0
0
0
0
0
0
0
0
0
0
0
0
0
0
0
0
0
0
0
0
0
0
0
0
0
0
0
0
0
0
0
0
0
0
0
0
0
0
0
0
0
0
0
0
0
0
0
0
0
0
0
0
0
0
0
0
0
0
0
0
0
0
0
0
0
0
0
0
0
0
0
0
0
0
0
0
0
0
0
0
0
0
0
0
0
0
0
0
0
0
0
0
0
0
0
0
0
0
0
0
0
0
0
0
0
0
0
0
0
0
0
0
0
0
0
0
0
0
0
0
0
0
0
0
0
0
0
0
0
0
0
0
0
0
0
0
0
0
0
0
0
0
0
0
0
0
0
0
0
0
0
0
0
0
0
0
0
0
0
0
0
0
0
0
0
0
0
0
0
0
0
0
0
0
0
0
0
0
0
0
0
0
0
0
0
0
0
0
0
0
0
0
0
0
0
0
0
0
0
0
0
0
0
0
0
0
0
0
0
0
0
0
0
0
0
0
0
0
0
0
0
0
0
0
0
0
0
0
0
0
0
0
0
0
0
0
0
0
0
0
0
0
0
0
0
0
0
0
0
0
0
0
0
0
0
0
0
0
0
0
0
0
0
0
0
0
6553
6409
5970
5226
4163
2783
1110
-793
-2827
-4849
-6687
-8151
-9060
-9265
-8672
-7263
-5109
-2366
727
3880
6775
9105
10611
11115
10545
8946
6478
3399
38
-3246
-6108
-8256
-9482
-9695
-8918
-7293
-5053
-2490
79
2363
4123
5206
5560
5234
4364
3151
1823
604
-321
-838
-912
-590
5
702
1311
1654
1597
1079
119
-1179
-2646
-4062
-5196
-5838
-5835
-5116
-3707
-1730
604
3029
5249
6985
8011
8182
7461
5919
3733
1160
-1497
-3927
-5851
-7056
-7427
-6956
-5740
-3968
-1891
212
2076
3479
4278
4418
3943
2979
1718
381
-810
-1669
-2073
-1975
-1412
-497
600
1682
2553
3048
3061
2562
1597
287
-1193
-2642
-3856
-4662
-4944
-4655
-3829
-2568
-1034
580
2078
3284
4071
4375
4201
3620
2754
1754
777
-41
-611
-891
-906
-730
-476
-274
-243
-469
-985
-1759
-2697
-3649
-4436
-4870
-4792
-4097
-2758
-838
1505
4037
6469
8493
9821
10227
9578
7859
5182
1781
-2012
-5802
-9174
-11746
-13208
-13369
-12177
-9728
-6261
-2128
2240
6387
9880
12357
13571
13411
11919
9278
5789
1840
-2148
-5761
-8642
-10524
-11261
-10834
-9352
-7028
-4155
-1066
1902
4451
6344
7435
7672
7103
5855
4121
2129
113
-1707
-3159
-4123
-4544
-4432
-3854
-2920
-1766
-539
622
1604
2320
2723
2803
2583
2114
1465
714
-60
-787
-1407
-1875
-2165
-2265
-2179
-1922
-1520
-1005
-413
214
836
1410
1899
2266
2481
2525
2385
2064
1576
949
224
-547
-1310
-2003
-2568
-2956
-3129
-3065
-2761
-2233
-1520
-672
243
1153
1983
2663
3135
3357
3310
2994
2437
1686
808
-119
-1013
-1794
-2391
-2754
-2852
-2685
-2279
-1684
-971
-224
470
1035
1407
1548
1452
1142
673
122
-416
-851
-1099
-1101
-830
-301
432
1278
2120
2828
3275
3357
3009
2214
1016
-488
-2149
-3785
-5198
-6200
-6636
-6404
-5476
-3900
-1803
621
3131
5462
7356
8595
9023
8569
7257
5205
2613
-257
-3111
-5655
-7631
-8841
-9174
-8615
-7246
-5233
-2810
-243
2194
4260
5763
6590
6709
6172
5104
3680
2100
563
-759
-1743
-2328
-2516
-2366
-1986
-1503
-1050
-735
-631
-759
-1086
-1534
-1989
-2324
-2418
-2181
-1568
-596
659
2070
3467
4665
5485
5785
5478
4548
3058
1145
-992
-3121
-4996
-6392
-7135
-7123
-6339
-4859
-2841
-510
1870
4031
5724
6758
7016
6476
5206
3363
1168
-1119
-3229
-4918
-5993
-6336
-5918
-4799
-3121
-1090
1050
3048
4671
5732
6116
5784
4781
3229
1309
-759
-2743
-4425
-5621
-6208
-6129
-5403
-4117
-2415
-484
1472
3252
4678
5612
5975
5748
4971
3741
2196
503
-1165
-2646
-3801
-4533
-4791
-4577
-3941
-2974
-1799
-551
630
1625
2339
2715
2739
2441
1888
1176
416
-276
-802
-1084
-1085
-807
-292
376
1092
1735
2185
2345
2149
1578
660
-523
-1848
-3162
-4297
-5093
-5418
-5185
-4365
-2998
-1189
898
3059
5068
6701
7766
8121
7696
6502
4630
2250
-413
-3100
-5540
-7487
-8741
-9174
-8741
-7487
-5540
-3100
-413
2250
4630
6502
7696
8121
7766
6701
5068
3059
898
-1189
-2998
-4365
-5185
-5418
-5093
-4297
-3162
-1848
-523
660
1578
2149
2345
2185
1735
1092
376
-292
-807
-1085
-1084
-802
-276
416
1176
1888
2441
2739
2715
2339
1625
630
-551
-1799
-2974
-3941
-4577
-4791
-4533
-3801
-2646
-1165
503
2196
3741
4971
5748
5975
5612
4678
3252
1472
-484
-2415
-4117
-5403
-6129
-6208
-5621
-4425
-2743
-759
1309
3229
4781
5784
6116
5732
4671
3048
1050
-1090
-3121
-4799
-5918
-6336
-5993
-4918
-3229
-1119
1168
3363
5206
6476
7016
6758
5724
4031
1870
-510
-2841
-4859
-6339
-7123
-7135
-6392
-4996
-3121
-992
1145
3058
4548
5478
5785
5485
4665
3467
2070
659
-596
-1568
-2181
-2418
-2324
-1989
-1534
-1086
-759
-631
-735
-1050
-1503
-1986
-2366
-2516
-2328
-1743
-759
563
2100
3680
5104
6172
6709
6590
5763
4260
2194
-243
-2810
-5233
-7246
-8615
-9174
-8841
-7631
-5655
-3111
-257
2613
5205
7257
8569
9023
8595
7356
5462
3131
621
-1803
-3900
-5476
-6404
-6636
-6200
-5198
-3785
-2149
-488
1016
2214
3009
3357
3275
2828
2120
1278
432
-301
-830
-1101
-1099
-851
-416
122
673
1142
1452
1548
1407
1035
470
-224
-971
-1684
-2279
-2685
-2852
-2754
-2391
-1794
-1013
-119
808
1686
2437
2994
3310
3357
3135
2663
1983
1153
243
-672
-1520
-2233
-2761
-3065
-3129
-2956
-2568
-2003
-1310
-547
224
949
1576
2064
2385
2525
2481
2266
1899
1410
836
214
-413
-1005
-1520
-1922
-2179
-2265
-2165
-1875
-1407
-787
-60
714
1465
2114
2583
2803
2723
2320
1604
622
-539
-1766
-2920
-3854
-4432
-4544
-4123
-3159
-1707
113
2129
4121
5855
7103
7672
7435
6344
4451
1902
-1066
-4155
-7028
-9352
-10834
-11261
-10524
-8642
-5761
-2148
1840
5789
9278
11919
13411
13571
12357
9880
6387
2240
-2128
-6261
-9728
-12177
-13369
-13208
-11746
-9174
-5802
-2012
1781
5182
7859
9578
10227
9821
8493
6469
4037
1505
-838
-2758
-4097
-4792
-4870
-4436
-3649
-2697
-1759
-985
-469
-243
-274
-476
-730
-906
-891
-611
-41
777
1754
2754
3620
4201
4375
4071
3284
2078
580
-1034
-2568
-3829
-4655
-4944
-4662
-3856
-2642
-1193
287
1597
2562
3061
3048
2553
1682
600
-497
-1412
-1975
-2073
-1669
-810
381
1718
2979
3943
4418
4278
3479
2076
212
-1891
-3968
-5740
-6956
-7427
-7056
-5851
-3927
-1497
1160
3733
5919
7461
8182
8011
6985
5249
3029
604
-1730
-3707
-5116
-5835
-5838
-5196
-4062
-2646
-1179
119
1079
1597
1654
1311
702
5
-590
-912
-838
-321
604
1823
3151
4364
5234
5560
5206
4123
2363
79
-2490
-5053
-7293
-8918
-9695
-9482
-8256
-6108
-3246
38
3399
6478
8946
10545
11115
10611
9105
6775
3880
727
-2366
-5109
-7263
-8672
-9265
-9060
-8151
-6687
-4849
-2827
-793
1110
2783
4163
5226
5970
6409
0
0
0
0
0
0
0
0
0
0
0
0
0
0
0
0
0
0
0
0
0
0
0
0
0
0
0
0
0
0
0
0
0
0
0
0
0
0
0
0
0
0
0
0
0
0
0
0
0
0
0
0
0
0
0
0
0
0
0
0
0
0
0
0
0
0
0
-6553
-6283
-5497
-4267
-2704
-946
854
2548
3997
5096
5770
5988
5754
5109
4123
2882
1485
32
-1382
-2675
-3774
-4621
-5174
-5403
-5292
-4839
-4058
-2981
-1659
-164
1413
2963
4366
5501
6255
6535
6284
5487
4181
2453
440
-1684
-3725
-5484
-6780
-7474
-7479
-6781
-5435
-3566
-1356
976
3198
5087
6456
7177
7189
6510
5229
3498
1510
-522
-2393
-3922
-4978
-5490
-5450
-4910
-3972
-2771
-1455
-170
963
1858
2468
2786
2842
2692
2402
2040
1661
1302
976
677
384
69
-290
-707
-1173
-1660
-2121
-2494
-2715
-2730
-2501
-2019
-1310
-431
534
1482
2305
2909
3221
3205
2867
2255
1451
561
-297
-1019
-1522
-1759
-1728
-1470
-1062
-605
-203
45
79
-125
-542
-1100
-1688
-2174
-2426
-2335
-1836
-920
353
1863
3433
4857
5925
6450
6298
5414
3827
1662
-876
-3522
-5981
-7962
-9218
-9574
-8955
-7394
-5036
-2117
1057
4153
6842
8844
9955
10075
9215
7494
5121
2367
-465
-3086
-5242
-6753
-7522
-7545
-6898
-5728
-4221
-2577
-983
411
1511
2278
2729
2925
2951
2898
2843
2831
2868
2922
2928
2804
2468
1859
952
-226
-1600
-3046
-4404
-5504
-6187
-6328
-5861
-4788
-3189
-1212
940
3036
4844
6159
6834
6797
6061
4726
2961
986
-961
-2651
-3899
-4583
-4659
-4168
-3224
-1999
-691
498
1399
1895
1937
1551
832
-71
-986
-1734
-2168
-2190
-1768
-943
177
1434
2642
3615
4197
4283
3838
2900
1579
40
-1520
-2902
-3932
-4484
-4501
-4002
-3077
-1872
-571
638
1589
2161
2299
2020
1412
616
-193
-838
-1169
-1088
-566
344
1517
2767
3876
4626
4833
4378
3227
1446
-802
-3276
-5681
-7708
-9070
-9547
-9015
-7464
-5008
-1876
1616
5098
8191
10548
11900
12087
11076
8969
5983
2433
-1310
-4864
-7872
-10050
-11209
-11276
-10298
-8428
-5901
-3008
-54
2672
4935
6564
7476
7668
7214
6240
4910
3396
1858
426
-806
-1794
-2526
-3024
-3326
-3474
-3504
-3437
-3277
-3012
-2621
-2085
-1395
-561
379
1366
2316
3134
3724
4006
3930
3482
2695
1646
448
-761
-1839
-2656
-3112
-3156
-2789
-2071
-1110
-50
949
1734
2180
2212
1813
1031
-23
-1196
-2305
-3168
-3628
-3579
-2980
-1866
-348
1401
3164
4708
5817
6316
6100
5152
3542
1430
-955
-3347
-5463
-7048
-7901
-7904
-7040
-5391
-3135
-524
2145
4567
6465
7620
7904
7291
5861
3792
1338
-1204
-3529
-5359
-6480
-6764
-6191
-4843
-2899
-612
1722
3805
5366
6203
6202
5353
3754
1600
-843
-3270
-5371
-6868
-7556
-7320
-6157
-4178
-1592
1314
4206
6746
8626
9608
9553
8436
6353
3511
206
-3210
-6367
-8918
-10579
-11161
-10590
-8920
-6320
-3065
502
4007
7081
9405
10743
10970
10078
8183
5504
2342
-958
-4045
-6602
-8375
-9209
-9053
-7967
-6113
-3728
-1101
1470
3706
5381
6345
6539
5997
4835
3237
1423
-371
-1934
-3097
-3752
-3865
-3476
-2686
-1640
-509
539
1364
1866
2002
1786
1287
613
-103
-731
-1159
-1310
-1159
-731
-103
613
1287
1786
2002
1866
1364
539
-509
-1640
-2686
-3476
-3865
-3752
-3097
-1934
-371
1423
3237
4835
5997
6539
6345
5381
3706
1470
-1101
-3728
-6113
-7967
-9053
-9209
-8375
-6602
-4045
-958
2342
5504
8183
10078
10970
10743
9405
7081
4007
502
-3065
-6320
-8920
-10590
-11161
-10579
-8918
-6367
-3210
206
3511
6353
8436
9553
9608
8626
6746
4206
1314
-1592
-4178
-6157
-7320
-7556
-6868
-5371
-3270
-843
1600
3754
5353
6202
6203
5366
3805
1722
-612
-2899
-4843
-6191
-6764
-6480
-5359
-3529
-1204
1338
3792
5861
7291
7904
7620
6465
4567
2145
-524
-3135
-5391
-7040
-7904
-7901
-7048
-5463
-3347
-955
1430
3542
5152
6100
6316
5817
4708
3164
1401
-348
-1866
-2980
-3579
-3628
-3168
-2305
-1196
-23
1031
1813
2212
2180
1734
949
-50
-1110
-2071
-2789
-3156
-3112
-2656
-1839
-761
448
1646
2695
3482
3930
4006
3724
3134
2316
1366
379
-561
-1395
-2085
-2621
-3012
-3277
-3437
-3504
-3474
-3326
-3024
-2526
-1794
-806
426
1858
3396
4910
6240
7214
7668
7476
6564
4935
2672
-54
-3008
-5901
-8428
-10298
-11276
-11209
-10050
-7872
-4864
-1310
2433
5983
8969
11076
12087
11900
10548
8191
5098
1616
-1876
-5008
-7464
-9015
-9547
-9070
-7708
-5681
-3276
-802
1446
3227
4378
4833
4626
3876
2767
1517
344
-566
-1088
-1169
-838
-193
616
1412
2020
2299
2161
1589
638
-571
-1872
-3077
-4002
-4501
-4484
-3932
-2902
-1520
40
1579
2900
3838
4283
4197
3615
2642
1434
177
-943
-1768
-2190
-2168
-1734
-986
-71
832
1551
1937
1895
1399
498
-691
-1999
-3224
-4168
-4659
-4583
-3899
-2651
-961
986
2961
4726
6061
6797
6834
6159
4844
3036
940
-1212
-3189
-4788
-5861
-6328
-6187
-5504
-4404
-3046
-1600
-226
952
1859
2468
2804
2928
2922
2868
2831
2843
2898
2951
2925
2729
2278
1511
411
-983
-2577
-4221
-5728
-6898
-7545
-7522
-6753
-5242
-3086
-465
2367
5121
7494
9215
10075
9955
8844
6842
4153
1057
-2117
-5036
-7394
-8955
-9574
-9218
-7962
-5981
-3522
-876
1662
3827
5414
6298
6450
5925
4857
3433
1863
353
-920
-1836
-2335
-2426
-2174
-1688
-1100
-542
-125
79
45
-203
-605
-1062
-1470
-1728
-1759
-1522
-1019
-297
561
1451
2255
2867
3205
3221
2909
2305
1482
534
-431
-1310
-2019
-2501
-2730
-2715
-2494
-2121
-1660
-1173
-707
-290
69
384
677
976
1302
1661
2040
2402
2692
2842
2786
2468
1858
963
-170
-1455
-2771
-3972
-4910
-5450
-5490
-4978
-3922
-2393
-522
1510
3498
5229
6510
7189
7177
6456
5087
3198
976
-1356
-3566
-5435
-6781
-7479
-7474
-6780
-5484
-3725
-1684
440
2453
4181
5487
6284
6535
6255
5501
4366
2963
1413
-164
-1659
-2981
-4058
-4839
-5292
-5403
-5174
-4621
-3774
-2675
-1382
32
1485
2882
4123
5109
5754
5988
5770
5096
3997
2548
854
-946
-2704
-4267
-5497
-6283
0
0
0
0
0
0
0
0
0
0
0
0
0
0
0
0
0
0
0
0
0
0
0
0
0
0
0
0
0
0
0
0
0
0
0
0
0
0
0
0
0
0
0
0
0
0
0
0
0
0
0
0
0
0
0
0
0
0
0
0
0
0
0
0
0
0
0
1310
1369
1525
1726
1894
1942
1788
1374
682
-263
-1389
-2581
-3696
-4580
-5092
-5124
-4618
-3580
-2084
-265
1688
3563
5143
6234
6694
6452
5516
3981
2013
-166
-2308
-4162
-5515
-6212
-6180
-5435
-4081
-2300
-323
1594
3210
4322
4799
4594
3756
2415
772
-932
-2450
-3561
-4101
-3984
-3219
-1909
-233
1571
3244
4537
5246
5245
4500
3079
1145
-1065
-3271
-5184
-6545
-7157
-6919
-5833
-4009
-1654
955
3509
5700
7261
8003
7837
6784
4972
2621
12
-2545
-4756
-6372
-7223
-7237
-6445
-4975
-3030
-862
1261
3093
4439
5174
5259
4742
3739
2423
989
-366
-1482
-2244
-2601
-2568
-2216
-1655
-1019
-433
-1
217
212
23
-269
-562
-745
-729
-460
64
794
1628
2430
3049
3342
3203
2582
1498
45
-1617
-3280
-4713
-5697
-6052
-5671
-4540
-2742
-457
2058
4502
6559
7950
8463
7986
6530
4226
1320
-1861
-4942
-7550
-9357
-10124
-9735
-8209
-5706
-2503
1031
4487
7459
9596
10646
10485
9132
6747
3611
93
-3398
-6462
-8752
-10017
-10131
-9104
-7078
-4308
-1128
2088
4976
7220
8587
8955
8318
6788
4571
1942
-787
-3314
-5369
-6750
-7342
-7121
-6157
-4593
-2630
-500
1564
3353
4699
5496
5698
5326
4457
3210
1733
182
-1288
-2550
-3500
-4072
-4242
-4019
-3448
-2601
-1567
-446
656
1646
2439
2970
3198
3113
2728
2090
1267
347
-570
-1386
-2010
-2370
-2425
-2168
-1632
-883
-18
845
1589
2102
2301
2142
1627
808
-215
-1310
-2324
-3105
-3522
-3484
-2959
-1976
-629
933
2523
3938
4986
5510
5412
4670
3340
1556
-486
-2552
-4398
-5797
-6577
-6637
-5961
-4628
-2794
-679
1462
3377
4842
5693
5850
5322
4208
2681
963
-705
-2098
-3037
-3415
-3210
-2488
-1392
-124
1090
2033
2526
2459
1811
650
-867
-2522
-4057
-5217
-5782
-5603
-4627
-2903
-587
2075
4782
7204
9029
10005
9968
8865
6767
3860
426
-3187
-6608
-9480
-11505
-12471
-12277
-10946
-8611
-5506
-1936
1760
5242
8204
10404
11680
11966
11286
9748
7523
4826
1892
-1047
-3781
-6135
-7975
-9217
-9819
-9779
-9130
-7933
-6271
-4243
-1966
432
2818
5047
6978
8477
9429
9747
9381
8333
6655
4455
1889
-846
-3533
-5950
-7890
-9189
-9737
-9492
-8486
-6820
-4655
-2197
327
2698
4716
6228
7137
7414
7090
6250
5021
3551
1993
485
-858
-1964
-2792
-3340
-3633
-3715
-3632
-3431
-3144
-2788
-2367
-1872
-1292
-622
132
947
1778
2561
3224
3689
3890
3783
3353
2621
1646
518
-646
-1725
-2603
-3184
-3408
-3261
-2772
-2015
-1098
-147
711
1366
1739
1791
1535
1028
363
-343
-969
-1405
-1572
-1432
-994
-314
512
1365
2117
2652
2882
2760
2287
1516
538
-526
-1545
-2392
-2968
-3210
-3103
-2677
-2006
-1190
-347
414
1004
1366
1485
1387
1134
811
510
315
285
442
767
1201
1654
2018
2187
2073
1627
846
-217
-1463
-2750
-3914
-4791
-5242
-5168
-4534
-3371
-1779
84
2022
3820
5277
6224
6553
6224
5277
3820
2022
84
-1779
-3371
-4534
-5168
-5242
-4791
-3914
-2750
-1463
-217
846
1627
2073
2187
2018
1654
1201
767
442
285
315
510
811
1134
1387
1485
1366
1004
414
-347
-1190
-2006
-2677
-3103
-3210
-2968
-2392
-1545
-526
538
1516
2287
2760
2882
2652
2117
1365
512
-314
-994
-1432
-1572
-1405
-969
-343
363
1028
1535
1791
1739
1366
711
-147
-1098
-2015
-2772
-3261
-3408
-3184
-2603
-1725
-646
518
1646
2621
3353
3783
3890
3689
3224
2561
1778
947
132
-622
-1292
-1872
-2367
-2788
-3144
-3431
-3632
-3715
-3633
-3340
-2792
-1964
-858
485
1993
3551
5021
6250
7090
7414
7137
6228
4716
2698
327
-2197
-4655
-6820
-8486
-9492
-9737
-9189
-7890
-5950
-3533
-846
1889
4455
6655
8333
9381
9747
9429
8477
6978
5047
2818
432
-1966
-4243
-6271
-7933
-9130
-9779
-9819
-9217
-7975
-6135
-3781
-1047
1892
4826
7523
9748
11286
11966
11680
10404
8204
5242
1760
-1936
-5506
-8611
-10946
-12277
-12471
-11505
-9480
-6608
-3187
426
3860
6767
8865
9968
10005
9029
7204
4782
2075
-587
-2903
-4627
-5603
-5782
-5217
-4057
-2522
-867
650
1811
2459
2526
2033
1090
-124
-1392
-2488
-3210
-3415
-3037
-2098
-705
963
2681
4208
5322
5850
5693
4842
3377
1462
-679
-2794
-4628
-5961
-6637
-6577
-5797
-4398
-2552
-486
1556
3340
4670
5412
5510
4986
3938
2523
933
-629
-1976
-2959
-3484
-3522
-3105
-2324
-1310
-215
808
1627
2142
2301
2102
1589
845
-18
-883
-1632
-2168
-2425
-2370
-2010
-1386
-570
347
1267
2090
2728
3113
3198
2970
2439
1646
656
-446
-1567
-2601
-3448
-4019
-4242
-4072
-3500
-2550
-1288
182
1733
3210
4457
5326
5698
5496
4699
3353
1564
-500
-2630
-4593
-6157
-7121
-7342
-6750
-5369
-3314
-787
1942
4571
6788
8318
8955
8587
7220
4976
2088
-1128
-4308
-7078
-9104
-10131
-10017
-8752
-6462
-3398
93
3611
6747
9132
10485
10646
9596
7459
4487
1031
-2503
-5706
-8209
-9735
-10124
-9357
-7550
-4942
-1861
1320
4226
6530
7986
8463
7950
6559
4502
2058
-457
-2742
-4540
-5671
-6052
-5697
-4713
-3280
-1617
45
1498
2582
3203
3342
3049
2430
1628
794
64
-460
-729
-745
-562
-269
23
212
217
-1
-433
-1019
-1655
-2216
-2568
-2601
-2244
-1482
-366
989
2423
3739
4742
5259
5174
4439
3093
1261
-862
-3030
-4975
-6445
-7237
-7223
-6372
-4756
-2545
12
2621
4972
6784
7837
8003
7261
5700
3509
955
-1654
-4009
-5833
-6919
-7157
-6545
-5184
-3271
-1065
1145
3079
4500
5245
5246
4537
3244
1571
-233
-1909
-3219
-3984
-4101
-3561
-2450
-932
772
2415
3756
4594
4799
4322
3210
1594
-323
-2300
-4081
-5435
-6180
-6212
-5515
-4162
-2308
-166
2013
3981
5516
6452
6694
6234
5143
3563
1688
-265
-2084
-3580
-4618
-5124
-5092
-4580
-3696
-2581
-1389
-263
682
1374
1788
1942
1894
1726
1525
1369
0
0
0
0
0
0
0
0
0
0
0
0
0
0
0
0
0
0
0
0
0
0
0
0
0
0
0
0
0
0
0
0
0
0
0
0
0
0
0
0
0
0
0
0
0
0
0
0
0
0
0
0
0
0
0
0
0
0
0
0
0
0
0
0
0
0
0
