86.99409621312421
87.01076599477184
87.52784914901135
90.5216148618026
84.05787989975138
97.05615415664015
87.83563770173039
94.83424658104119
103.14394730631187
101.28897915142983
91.01695985203273
97.81246240305761
96.48232740926616
81.38680256952733
90.17296261026596
97.48356453404726
90.84822533650654
80.57569602034616
94.81214259344603
96.86424053336009
89.82576424209793
79.85162730236763
96.9165510418365
96.13110185705756
91.71198488754646
99.04097553684167
94.89655609553166
105.37271057954769
96.16523072368227
81.3775967360988
91.33072792537814
84.59420485788706
85.20259496004441
82.94253468619146
72.9336099651933
82.28287687085583
87.3279744498217
88.85606030443343
85.32100950707785
85.59333198290177
84.0763008674945
85.2052323346801
84.63228282590768
90.51360995655658
76.76001149557474
91.242940802672
85.28405106498708
87.28078131260817
82.56019860132335
75.14943430809241
83.03129341671874
83.10850489657847
78.0245214487729
80.87035193467452
82.70066344617493
77.9393256064114
83.10977735176016
84.02191979064912
89.12833186336007
81.45644098063391
81.14668923259636
80.4214960773062
84.81988283604696
60.264665851157545
71.0175457198224
79.00458684785626
83.96489979550672
76.55492488378735
73.93044024999256
80.67335605898487
73.44818980947905
79.85958600735239
73.77766841504112
81.57316375711632
78.38060601456051
73.26968776169646
71.33931687040982
87.77166965623238
82.95541880566782
77.00876761858973
67.11827395973673
86.46844613539757
80.28978873337346
58.586603943568804
73.60127187518732
83.0489443363769
75.8369075131313
89.65748850760897
83.25943013692387
80.58059990947706
70.61924766290892
80.10886631304517
91.39099143849506
92.63150056726718
83.24908233804179
83.41446842526794
85.03807180089655
83.50554427246152
92.4079006969692
89.39215657673623
86.35583545051405
79.44610915122253
88.00935648384393
91.31737129459724
84.5868145527303
87.06448374238474
83.25657711666479
91.85013927407456
93.55934741310152
86.42337565320474
93.89511590842211
96.49555455426992
88.84700436118267
79.61431150824808
86.99268098095402
95.85172596236535
97.51574781680029
85.03512100493901
89.63828586127867
88.84467567938357
89.32645538294858
69.71376437630494
90.40442640212605
95.16587246928763
91.3445230496953
83.00275244170442
90.54130665299796
91.11511755858685
94.27288809466239
85.38300778915072
89.64174216835487
88.52405689529932
91.97882209418836
99.71387148972724
97.56786259148737
88.2522328777024
94.72144076252171
99.58991170822019
101.21322414327324
95.31673879042489
98.83555142449508
94.00531616388527
100.15566807867096
95.11282976366807
83.80147610621663
96.41089835635026
89.20231881157716
98.17753921405071
84.33879390191015
86.48874299976755
90.9821793872753
79.65176463175955
98.65978172884304
93.91028279381062
80.1220360743628
89.52905098839061
89.75159811930766
86.5282110014666
91.76483430673586
78.90856543240884
90.56634813087946
77.23941162227734
95.76249677936192
90.55370449728835
88.63453268948922
89.91428419155889
91.6833854262663
85.90370670159415
83.62910080259138
87.18717109322101
93.12366059603791
91.64147771293953
68.26605961185172
92.59877087580963
95.573154968187
80.74183855081479
97.28270846922888
91.33384235299211
91.31163111796312
86.16259867717268
96.13244599005505
98.23022095812503
101.06299306497597
101.75905764502566
98.53719080638612
89.36781800395286
98.33053135247054
96.77507734043496
94.44154815712156
94.80916639991563
91.55818311754587
95.12515855915746
91.96267281548674
101.57359360230652
95.38772240750248
97.12947731357792
94.21104911644395
103.53582267945463
87.25378110996503
94.71308275748902
97.55021392580127
90.54842962937583
96.04728562962558
98.91238460707152
90.61888488169987
93.43796312968513
83.7974979862863
92.36809809355648
96.89778565531412
91.51509591186854
100.13259296501812
93.93874723228186
98.63502074597541
101.24985544208427
99.08793092320643
92.52085858502248
97.90723938876798
95.27167731214215
93.24993645698868
89.02375107890296
97.65243410412035
98.05364637189788
95.13976949885547
96.45031088599032
95.49938333378948
103.69434995756811
102.84747919000174
120.15063614886934
113.53077874589324
112.32536577275468
106.89927742270714
109.53104550847365
107.82012639750027
112.7827508232215
105.47402473763036
111.47227892821132
125.55705002118971
108.48907367412662
113.11864144526322
112.9083501503336
105.51065504926312
105.04961425534034
93.40691047967209
102.8287692337432
97.85153376569892
103.96284485747645
96.91198557491597
94.45847403872423
99.4343262651625
89.59781516543161
94.16937469097246
96.67342730166877
98.77501393789707
96.40271039814508
86.47158850112491
77.15837345910715
95.98023526247306
99.02985592543935
97.52483274595265
96.99562282500057
102.88086842396518
96.19767879515865
101.45687608336368
98.17025429932245
82.81776928505022
88.9773986643267
97.89963668616804
102.74156970020032
92.27866419931935
91.83200420098613
95.87214543499327
96.25146629280542
101.02885096769135
98.9865424524467
93.01761384154317
87.36575153534345
94.76275724167016
98.9030267232173
97.12113855922505
96.49031355403082
99.96445581137783
90.6434923010784
101.83206913117702
101.9318972965711
100.64432379784364
101.86094654440986
89.21951362646234
97.87777590327042
103.92146182738045
99.68263501737665
94.52037835382069
98.70219708877056
104.14866390975664
107.02558355129992
102.32573980074031
101.68051046278292
101.9614156806916
92.44323184253537
101.50619579950495
99.94139956372385
104.8188897619255
100.5270543760997
101.71816490769996
104.62898981275849
91.90117950476755
98.37976413163587
100.47065132318383
98.22609042554407
95.52859109665947
98.62991617076358
99.45294123168631
92.42190123576106
105.213406381353
93.5553404965199
88.39729686487755
96.52110196908352
97.0107106378027
96.2249829464167
99.46580020756471
98.1806925344599
90.63014668970808
92.20637923616707
103.05386001625516
99.751252397254
94.81692428248996
94.33721981459236
98.70724915622965
95.31423410615703
103.13834964580955
92.57751535760349
85.9735916610265
96.11144802073979
102.0261852131604
98.70572572887944
91.1417823401145
78.30584619919394
90.63045124945171
85.38309535779086
85.93042722074179
80.14308543198256
84.7902898679567
86.49782177369173
90.66612668928947
77.44057206338782
72.30872895296902
85.4426251640914
77.49300484670053
91.33881612286768
91.8739134827389
90.53226221773232
86.71606847061
87.79661858316788
84.85131519935173
86.95555907639303
87.51438458594146
87.22791886607766
87.67831396516036
93.00646048388742
94.85527860700246
83.109822017124
87.37376215963151
84.58378924174708
93.63727543242219
92.53743813134078
86.97237234837638
90.3225044096832
81.54155854281856
84.65688816215179
91.33405044282364
86.46836285289115
85.69889694210504
84.27004185922553
84.85489409573944
86.63823067144376
88.7427430517974
86.71818516845234
80.59867535517121
78.63080137436569
85.30358496162594
78.09150357438493
85.5546385602486
82.09587251206915
80.13390095309342
81.503973113395
84.49998456892159
86.00674933195384
80.96623140600285
82.80959699149926
82.70098324181333
74.03927504309321
86.89118350048079
82.95098674266106
82.66691990230575
79.2351663019926
84.62165027095317
86.89429259003015
91.5792378377394
90.04889406172273
84.66299950943352
85.03564982667748
78.58309097450318
82.7868944393148
91.5276993088626
92.73353856074046
82.75586263316438
74.18871785588492
74.63429111947335
76.93611134858159
80.86537776759558
79.57850179269104
72.57282080611802
80.91342775270554
77.87919643518566
71.61416848142949
77.16710294407412
76.59486527590516
72.73858699184683
80.21107439161094
76.40221003990683
67.22622666944501
66.55686520336042
68.911985863763
63.67718387227952
74.82790824122647
70.1791492008852
60.209807165212226
49.92907734355755
68.3698483843971
78.3673296738773
72.21591092937773
75.57676858071567
68.60085099276174
74.60182952551955
76.30872997709149
71.80627620066922
66.99064375197212
69.729902962923
78.92361676734228
81.89569316605548
77.11917290435785
75.27420762073393
77.28863001711643
81.72888650604365
80.20037947508925
75.8658072343413
72.48435527864855
74.60187275463328
75.67090210143239
78.47323389228707
71.66866161692593
63.19617226243896
42.05326373944872
74.07860081373231
77.47755571661946
78.72803807803466
77.61524846875801
73.67484257770522
73.15321070502078
61.50375717247097
68.10933742142308
67.10365832770596
77.35002552059609
71.04462560293014
80.64238370985458
81.33982624136578
76.97429301479544
73.31988556370032
68.8350420986033
69.69225088213533
76.70062308845507
69.2672334782837
65.40518399163629
84.58778046823362
75.13444070852272
71.36061597315202
69.32881954441416
69.17271526016415
70.26102433441241
71.57044310314204
66.66237607897469
55.9641572726802
58.068498874633875
67.19870343638927
73.23135246631213
66.6285214595064
72.31094522145138
67.54566198927132
68.6349853645897
73.92177236616193
67.11537785494639
72.81954042989851
73.23727236194429
66.56397412246017
73.71806233021486
70.58387712007759
70.61587943503542
65.69793763471823
59.30730212243708
63.19446252582139
70.1205206536804
64.39830927260577
71.20342080463739
75.24158189121077
72.53916161081948
70.8880132961306
69.44941124665323
65.3706768594149
71.25638507155819
73.83873320552331
70.91653094230733
72.25636265189992
74.27578341242989
73.20289190967077
72.54746471971191
61.37239030974157
69.80289587924355
70.45534138840249
67.80585836160209
72.59911952510356
69.70483106706367
76.45065611249112
70.61700054386768
62.303611832947645
68.68998369576671
67.21758903424303
75.2519499643409
70.6999993960795
63.83146657079432
71.50792695639464
65.54583782345142
71.04036814820448
65.18795559706898
68.41211831776594
61.54655108193269
63.620534889376266
55.143383882348274
56.06724032083844
71.24027608362903
66.63753697482484
64.55417547581212
68.30758322831872
66.26690784866544
62.31880600709914
66.32133396337974
60.46411434629821
64.71702477962326
65.34675964615604
63.23019187514081
61.88197029508257
56.74446869642203
72.37240587640908
69.12647648803565
71.497454397337
71.76034277305672
72.14192052350269
71.83430308965362
69.3956202886925
66.75329970388339
68.80214988582856
73.04392518591465
74.0928172122034
67.2908884851112
69.3252703980224
68.36336796183018
70.48312201335935
55.16343175707667
62.27517747256841
71.23480272079978
67.32077601727745
71.24220999104762
79.92082737730436
61.27917188307169
72.13876506063671
67.34145018813575
70.06119377319922
70.9778667824108
68.84724715977026
75.04443720055752
66.11444952988651
69.30246771018194
72.12161793700557
63.881609133960005
67.65741970921061
65.30739445213754
61.21686649994042
74.16702533800346
74.57684553640556
70.2924520509344
64.10626700308677
65.84465192204215
74.48386473442616
72.21464782848408
63.680335850926646
65.61378467722899
71.0589021359466
71.68628149101343
70.24743527878654
51.998022326488076
64.2026449870828
67.16626238873194
71.9287350661896
68.60189559657813
65.99221235878706
67.66237105396998
67.58208083236717
73.85488372856159
69.16988099856671
58.922597546750396
65.74495606239071
74.9405493047223
74.61407595628225
63.3819285504089
61.92148656740464
60.984061923054796
72.22803797877069
73.01735717939864
64.92526954290737
64.62742450904186
67.95671695002153
73.21797792725548
74.13933655861106
67.71224997851941
68.35622973270006
57.759589019437875
53.3333554391574
59.694279303962475
68.77813757411985
66.71078729079801
63.98502740339492
71.7966209172237
58.856653389074935
71.40144380899883
60.7882268994957
67.61978047583953
69.7327141176163
70.02419692996395
61.33343629719265
62.827779815066776
69.29336129913105
73.0794892559014
69.38398426892743
68.6651317531397
66.8350087475242
61.9791220922354
62.54541754107983
69.67525057948917
68.36254085680343
60.90668237940882
55.684172950802804
57.40179077224432
63.43265007232239
63.46461165969528
58.07284507845019
63.69072768361572
54.80947020224848
66.13711424209403
55.769878465838254
60.895532712773345
64.97778580422762
68.21469901656828
67.21911539713625
50.85975531253206
62.55425492906141
50.74682208640782
66.33417932903826
69.22136784147068
68.28609095733802
60.65382402347292
62.18282497772539
65.0827019941815
62.11699938989873
57.182108548465145
69.38909990869054
51.17517892720166
58.217312443233375
62.27522120933048
64.25557657779706
62.134718589802375
57.977776528771045
50.407943517251034
54.51176435257065
67.81295241189991
58.63737135267468
58.08044831873726
44.92935129033369
65.51052474028249
65.06598587934673
62.002994398693126
55.893898375336576
69.27376935546752
84.42229234640789
69.42439429509038
69.47358207424007
67.8432368855912
67.12957458185804
67.42393358787423
58.213050868591985
64.16613604119263
67.96488985053423
72.36285616451383
68.67166298158968
64.19785570137968
53.90932727874094
64.89861536159029
61.31114915188613
59.34686567176822
54.90181337835024
45.725486752472776
67.05448951411165
64.1749581155561
61.59871450052275
64.75762653522473
59.54592695844801
59.721044531705985
63.61608836595672
62.78568504611603
42.02234604018824
67.03274185078813
57.612265917768596
48.814097064727484
61.8893181764887
61.82654880644471
60.643088043554116
58.03963231160723
55.55087248316604
56.56247818367832
60.75588961167624
59.89183711473576
62.84573584809085
63.92888908788501
62.23150223706213
57.10660794203564
51.819954759539925
55.37573489785931
61.995913373205795
59.63504374444682
53.31024984089764
61.90867897292745
49.776695613023996
56.96333345712041
58.92906921948004
57.54331636001281
53.04699990131678
64.41717293991113
57.69723634877184
62.367437693896974
61.751893625785385
63.52649395715254
57.898303703188965
55.46458155820018
51.05350371325482
58.435789923231965
55.8672458908576
61.892592505584254
65.82209237093349
64.16775650857555
60.06204973488443
58.939635257975375
59.519255388297616
64.29816471493832
65.29936184250047
59.67530216984418
64.8582633494328
62.7030138498982
67.80621835462556
65.69372666948082
55.488848025519616
55.952071453510015
43.68066998666411
54.01179280886567
61.104599446657
59.70394328135524
65.99165669229349
52.41742657365573
60.65091071976462
63.75601377120173
65.6659053292577
56.899345957745695
54.25969086580992
56.050124585628424
61.69544177362215
48.80761109205004
54.159128198425456
54.82669788706593
62.60760753192195
53.55720436991984
62.65072764665944
66.24109758018166
55.70671834465433
61.99518099333119
58.289014114506
54.486335490781016
57.08751247795745
55.95627339796919
53.73415463341972
58.47362314238953
60.99719589352776
61.0363700809836
64.01144773642868
63.01693807832936
58.88550704765447
59.5095782248669
65.30610090488722
60.52354963240806
58.78232046311759
61.732412236695694
63.7745116297274
59.3210369557876
61.18532888185256
58.10664719720245
66.09953159331135
62.57287011452995
49.23026746367856
56.893604181525326
63.581426028256416
65.96099438561389
64.00389535608029
63.864514919174155
60.64242854296491
52.37728371317062
48.13404932787304
57.78643632618606
62.93295801133504
65.77798786687771
61.59555733013315
61.422634298491694
53.850722681582035
52.01009376967469
68.02308418981102
65.93848706873759
65.22894733561473
59.45759210766117
57.18807424062661
61.33245691620494
65.39454662638212
62.56653981228284
61.54395141038258
51.24830429353558
55.41661237255717
59.870597714151245
60.94413028807149
61.45120205093541
53.43993733869603
62.48636649451538
58.782376059716285
67.07917855037779
62.68502710051227
63.82871050686471
62.12711176487364
61.77326845277925
59.63040685403682
54.54144711434748
61.237194489088445
59.87589582521601
55.902922783826014
61.65267500492334
61.50256990419871
62.01983897243225
59.661604711419045
47.223483822426225
56.82724665612174
55.98008706087861
58.28649097009016
53.87333722423157
61.791954252791584
57.8283704354575
57.62957206968623
48.53474232393587
52.577677685603035
54.03980251301257
59.72922889654047
58.17639579245537
56.25268944587022
51.82814295013991
51.357576174554936
50.558882655775975
59.108852295587866
60.19521845633274
60.298273838506404
61.30952081503799
59.711604836467764
56.09162913818771
59.42083566631829
56.48270746671499
59.2378331691753
51.328789505514735
48.403186936293
57.95789370341577
45.40387000860778
55.3431373945559
49.14883786271345
47.16199549076531
63.62287946168378
54.1902201221409
46.16148286854382
56.10800167342089
56.58291615361348
63.69131104701743
51.690252024366885
58.31423971790401
59.80274980655584
53.31528886967439
58.211241173154775
58.71525317119496
52.3286728894589
57.13065924719583
40.68141356556396
63.55836607122867
59.82165544136485
54.961515151494666
56.976784893709016
58.10739093316769
51.15657550410188
53.25478376053261
55.973998642826494
46.72969579073167
55.81996635085365
56.08011457129212
59.71909010025239
55.28344578319218
53.80110971474594
57.73764700781265
60.67847633922681
55.388359905427876
57.717808704955544
62.70216361625896
60.74578934038399
55.672814995952834
50.880154638273964
48.45391017572212
59.694803957508014
55.705667895346565
52.99765964394014
60.277896238110316
59.00822841082206
37.11832104880019
56.28941427909087
60.63316368547441
58.352304599915605
51.64310169931318
57.30814209328472
57.427790997157324
53.452979433443545
61.84119506834684
60.332427802232786
58.25420334995744
58.71672101744193
52.66165077208245
57.555291500964145
52.491568645961884
54.29563049797183
58.89465345188154
56.040943844293935
52.2564959109604
42.797866425818604
52.85770957967788
57.828198678470315
59.19886529860162
61.28799532779833
59.46119260493422
57.02602977878001
61.40160997040772
62.07328009002916
58.291099628578145
47.96236160480488
44.69614445092247
56.96732436501495
59.098400638640726
60.64821426697325
50.73647921604647
55.51864043523995
44.27672567731207
61.29712048683427
53.99935849445573
49.87239058721293
57.00309663810551
49.72455972297133
46.52762905483992
55.61310169252088
59.69809828089229
55.6903010735014
61.764380226913794
47.70138633968057
55.44199144677929
57.16885899107402
61.306816672651124
52.31573535593313
42.3196350761322
60.373623446986684
42.92098171264065
53.601669756829324
56.197343242419244
62.49156024054115
50.75067771433424
58.814095161183396
56.29247709745236
45.705391149522285
58.611266493458245
53.75272223664506
56.733023429623024
52.40837711185242
53.138395404774386
57.88279782121905
45.19118903004723
51.89708062749261
57.85737279963925
57.09528429523295
54.5287584327083
44.04787397331272
54.01114143291619
52.1301757964587
49.71310903008968
49.2955047932748
58.20510123786054
52.19911952356421
58.62129755918269
57.10233280759095
56.82722748763538
51.82342218223994
56.46457094917959
50.7024447110515
56.858423247154725
55.79491264702388
57.954521374136704
54.273746120406784
55.43634614762776
47.834754100664526
54.13784284437259
53.52125980005084
57.371665339897895
55.30280227165768
52.38283603642742
59.737580576996486
57.31755933760204
51.92861588794507
53.074603310659924
52.33709011082688
52.995977046663334
59.47249535736777
60.33278982539667
59.419846047231594
59.32728434043732
52.36336115871346
59.63881013241202
52.92792687252842
57.50816893685783
53.18601062022835
58.340165430720276
57.936820980663725
59.15394458227552
53.64977892464175
57.20109787409531
58.0066521000283
60.155576182386014
52.574400981242384
50.07391452849354
53.850279259660255
52.06922729871094
58.28460104605376
53.58924546701944
60.357217291215655
54.10377213141739
62.793729459479536
57.2010239528014
57.60884330040754
54.014212979206434
47.97727658107601
56.40878520250489
54.996177057231854
58.28131134822164
49.11148878793382
49.93740315909182
47.12712910205427
59.991822405438064
58.67514373721843
58.16685017037599
55.07379628781668
52.187057677546434
43.14322580531392
47.729717181746594
47.733499663667814
46.419003960557816
55.72464422851045
58.00103760826046
58.989214867809594
57.49256423507076
56.453719921806865
58.727357793119104
58.86474614483711
63.22742721020822
54.79550318986409
51.053520387177386
52.104612999943186
51.33298446958349
59.14948605536037
53.17953400222122
54.395956324553794
51.24875073897056
50.93896013918909
47.813178481673745
57.58357209400011
52.6801908850661
50.95815599500177
54.74592425906352
54.781025131655355
52.985791735319026
59.594960186648464
56.22562674281495
55.218584102787034
50.36356116574406
50.15216048184578
57.3921673443618
43.828585796893194
50.52418888654828
60.63769365167249
54.17777065599665
53.49923934034406
47.42429476059132
42.403604433844976
57.92049778271823
60.55192871754127
38.907458318813866
64.41072957152875
49.81779486540877
59.793516735323806
51.27594673283429
51.66586628268682
52.878053729575456
61.856574559996524
53.79430776434234
55.584863179936896
40.893658169963714
61.62671242591487
58.96515150590182
44.03442201194789
64.10724634056965
61.23842020541338
59.35739460315098
54.639352888767895
57.25071955400448
63.26180528930262
53.418336218919904
56.493575040106904
62.106803499999074
62.51213374141876
64.0518660819388
58.372833583068484
58.483580816101295
62.155359800826275
58.76850857408545
58.10669585791344
61.73193799643491
65.55588246785246
74.22813080418804
66.935833120998
65.5531735318616
53.64808657990735
47.998013157879726
52.69871838749814
53.53790459212189
57.478929696216525
59.85567306730491
59.54943470461829
64.2020305743418
57.81369692897343
56.089094147703726
57.91589339785464
55.571818555958245
59.40100181172686
53.228429069065896
49.8849265959803
62.637765644090145
54.4219682218087
53.84815839164469
50.372797809287874
53.03780724992285
44.01604717064126
56.80901312871847
58.20096893628295
55.589799401447316
48.44733344370907
54.92123955229462
60.2807905061423
47.45232106564457
52.48257138016016
58.95598654449735
47.9073761120317
58.471200201854224
62.140805008548
59.22195994883812
53.40727712798392
55.86367104852259
58.49598840975207
57.12241305186374
54.50420662777954
47.798460579394295
42.773903666145195
54.280145973469224
59.26329629965969
50.826573843623564
59.210045922240596
52.21179724802071
47.79928775765661
59.48167670575285
59.30582840015126
53.37353755689135
52.98916455397155
56.56186143429463
58.94370294720997
56.6389889288796
53.4899240740305
48.434440935888944
60.26006822445429
45.58494381460305
59.61968732195817
57.485354223674435
49.52755171607733
46.62878927862561
60.49135084216934
60.05169164796578
55.721519389699296
56.54353825527768
54.07804196949478
57.316936308178995
56.89921478711458
48.25642800904432
39.84971684349423
55.836851620396004
56.689127899053545
55.42942578339772
60.11611213878143
54.442724836284135
59.45756091800041
60.68058981003415
49.278361986756025
57.47265108122896
55.567597043522035
56.37290728274899
55.12644696260764
43.61194738921689
46.76914637493198
51.28141454603663
51.78891703409719
59.243430340280845
54.164231689713745
53.67257156164861
56.519755473305295
57.67792574922814
56.24380868757168
60.8486385039113
48.33434102432291
60.479567749100184
60.810775498661904
58.116165855410166
38.68005532867153
43.08477649622989
57.96445569372432
46.873488596207395
59.941202425832074
53.78403813407799
47.990078627732714
57.22210161924402
44.677716073425636
58.140668493967894
45.93242376561432
53.748299434402284
50.10981540822509
47.745880574875166
51.270094497752964
51.67146287076158
51.50806843091991
57.773966382086066
60.80439616502232
46.32489515800991
57.14058277270739
57.9203378757635
51.17116196424696
56.250297447197
52.12603309699653
55.61119555330059
50.35131177240047
61.255927539078044
48.592753550439326
53.76485533340453
61.2883696214748
54.97939647507032
54.985674240601234
51.99947777236284
58.34262096009783
59.55734245503747
51.52634728645931
61.592518928648005
56.522898007402766
55.48135553018474
57.68199286633623
59.17372148280806
57.98105183212952
55.616854300769454
51.06485335042998
52.39921618562144
53.76612001542896
52.74610082704827
51.071528649415995
55.41418173133198
51.06671494969479
57.87073943182684
56.40612829506948
54.76116107687227
52.243591217048845
54.567646067623166
49.85564003808885
41.541432453720084
50.27590365048021
55.32507979495915
55.079920297097175
53.97109978923147
61.81016912270054
57.00897471528946
58.774886809631695
52.9999238985675
54.52534554308721
57.17530986258018
49.03910423494817
54.78633096952458
54.3994188399043
60.289212045489364
54.89425202354337
53.97075255867303
57.46409723105052
53.56748516614633
55.78116174845611
58.6118611980751
52.03232622166596
56.313058787520085
55.42806190428048
53.735925156122455
51.64501561737704
57.66773604928373
49.13609653147152
55.97421372046955
51.892688999067886
58.51505577750246
42.364692173110825
58.35923713820597
52.72507328641175
60.31151023366906
55.95612415567804
51.18496038991229
56.75991598995992
49.601713613380255
56.08560254072092
50.89189898319439
51.494342663650755
54.85263372552609
55.19556347853856
57.38877905672907
55.19224507653884
53.10211543637662
58.06509210299184
50.771549567915606
57.45721997052925
58.32849308721819
58.2555887760217
58.405048240365915
54.76619883921569
50.855093225493164
48.61340398665283
49.51908464006536
42.14093423815038
55.29701587652434
58.611218331916234
58.906541942483734
54.930394451851484
44.89582129260502
56.99533692197762
53.722080517776135
61.67331555815699
43.03333735180377
46.286279016775524
56.045131093168564
53.771015095139
56.06901327767432
54.71162383170395
44.68946962738102
60.148733212515836
50.82206499623214
46.88948137820085
53.12108771844501
49.65258279976346
58.80465248510569
53.266998745569516
47.840546222313485
57.42207606842574
58.557142193594544
52.950874443324345
55.22794926641196
56.425653859475915
59.39621234440747
56.41725699215053
49.06660196123489
42.926335466024724
49.27184416800514
53.74029923886137
51.64807528353586
49.70515628195435
54.49574771435529
47.55535325593867
51.49817252813784
58.01060544683253
46.40394762587296
56.75972640107149
58.40441484925057
51.24069815043278
57.16105900234602
49.84617750372876
45.007936584842
56.71854752834871
56.74892317816928
37.59241675035359
58.76741182857944
55.33742412721245
45.62924903367233
54.503707428645825
48.46907396350667
46.46293513298411
54.84484519314843
60.92769075158444
50.734950889117236
41.761846620659
48.26272388024642
52.752350679940534
51.75193203432707
57.75211903379108
50.596548278049056
57.18440999867511
53.136436565982336
52.96027584234261
51.51345328445948
56.04625881918001
59.54609630412911
52.62740342464723
47.02061272230089
54.80368789270098
52.18480968978103
48.61785444346498
57.121383681157326
52.134441646332476
41.650681517834954
37.876587800100914
53.92861228175606
55.541230110498205
51.36048863197401
55.55552099196976
57.241858896566676
52.55713863611716
57.246842981517
50.58313521679412
56.04504463188111
53.46189495737179
57.231187010175724
59.657376236839774
56.01592476222554
54.567109140123264
50.540284868318935
56.76815710608036
41.09179265676859
49.98544783290469
54.17144022543474
51.35129515463571
55.79433958856397
48.21578821577317
37.52285035230614
59.22855795094393
49.99555234940499
48.47153984366514
53.52056721406096
49.14996736446863
45.96426623971447
50.870382117500355
57.96814369007868
58.26613421990878
50.23473661459799
42.253980358823725
57.439556350518544
58.630443829102774
49.69378643915839
46.08699514833419
52.097916727107844
37.047276720352606
57.99842844445916
57.10182178292136
53.29340636015337
55.58179765607888
55.938193806144184
50.493848120707135
57.19056055496635
40.65264726213726
55.4295655876841
51.91275232908116
53.62999313965959
51.528957295110246
51.00041096835792
51.895658453804984
54.44693774033476
50.724422992100784
51.97114832478235
53.23860591984725
51.27457620554023
51.23624098281618
50.175508271441565
47.16117728757645
45.91661925672031
49.48644030556294
54.91702893839859
51.798176318164515
45.26232986991814
56.090070345683515
55.39807062165049
59.7166728946775
46.49815293805412
59.430536435916046
49.862409875343445
56.03985653233279
45.565723781310304
56.271005115713734
52.89768925353262
55.55690228723898
43.21972787658648
60.4547678546234
54.632562697013924
55.38125518339753
56.799623620589266
47.797393738915815
60.861105182976885
53.68679094365977
52.8664698755247
55.27815823954065
50.41581572083245
51.509927269972835
59.88669957731639
33.83775169279502
53.08881892655185
44.48394893239296
54.15132765295223
50.14868053610154
55.66808508130482
43.77261206694072
57.84110826149135
55.501542662662786
53.60491970569072
53.97235000089454
54.42934586723074
52.50542273424244
53.712011140899286
50.892129402203906
46.35302150408218
40.62676060992985
46.58260516134857
51.11580825841906
55.78503494449426
50.88714579103281
42.08066612073662
36.95370470031812
51.882246319270784
52.5192799942461
52.567025421854225
53.46208473248134
61.14195729507047
51.149136059886914
54.10230262363431
54.66124587710884
59.75243142672798
52.05407575366735
60.85375624841995
58.765777486091075
52.052439261353875
49.86076572909289
59.99231167139959
56.01501143787292
54.958006587082274
58.494282036865755
58.92218555221439
58.797431620713915
58.2541223654567
58.49632294474269
55.77195627252337
58.985126222653435
55.30596713715607
60.44703821712649
58.40891874923103
60.488292476301034
58.08330019683446
51.58314446641907
57.2187339488481
52.5189605590532
50.10266910246891
56.938461405600265
54.97899873675216
50.70517257591419
54.11006529646699
58.150202452770486
46.94042992297958
56.563697626952596
48.69607029473035
51.296656623313794
54.77591636578695
54.77704027409918
59.109339767439224
60.851068291414464
47.07140361789716
54.810308277963145
50.86872466286036
51.256568636070135
36.23818928144053
56.90792933178627
50.6434431944397
59.46210985271692
50.88831988445598
44.379290634745985
57.168086903445605
40.3684623949742
55.532598114655016
56.871973855383644
56.6637442753047
61.425886412629104
62.340438572466994
49.94256348857775
47.91175881790895
41.48373063092406
53.504672615680036
54.742807647011276
51.8820920825261
57.62788645204776
49.86507521261334
63.21008091663876
53.93292998954229
56.54304486503382
46.556895514137594
58.95006933452613
58.66639361099894
52.8056045875794
58.28397629258262
55.92960747958662
51.62415116119515
62.22573984174525
43.67695617429425
53.43742201336954
54.81601292831946
59.27452478830772
58.84066879998703
54.60906308682243
56.72192973136252
53.775178430766005
50.9198350501085
37.18460191717463
57.277534738138336
59.0156748645899
44.81503619963577
50.80555241271057
54.45424121782644
55.54878918410974
55.361921366149325
50.45510790059269
38.41667160661072
56.99574750222706
56.2068945360338
56.500319350702796
61.23773727203314
57.575614966822826
57.45104600203043
60.8247734376793
50.543730005675926
55.68111535010846
55.19938480967609
58.308972918677284
49.816740926222074
51.97858293401517
51.65681403489273
59.435329815723605
53.65366135695919
45.50577566041064
59.53425481353361
54.69450572263195
46.30545301720581
53.88675604718869
58.66604550785208
53.54484951224991
42.67249347748408
57.886319528127416
62.62500095535066
60.98951372769399
49.05252085955642
28.17072907228684
56.005431807331696
54.86257286744777
55.61748331968722
58.19428926172613
56.169732469225615
52.138327824147225
50.09251714370505
59.48833784840957
56.35412612098207
57.148313888589556
60.139583523743035
55.768544112458116
55.738296798812506
55.70279099163889
45.29201236633292
53.45346927688809
59.18289405961854
59.3138745956211
60.77272682411436
54.91061652778404
59.641290023675836
53.30717272655033
45.01611399618533
61.94512892958001
58.08612522149551
55.725635647285905
50.82778943332919
58.55951527063631
42.342425604784246
59.59859719596075
55.42494469764993
56.99773019913032
55.35657924609946
47.31426883953334
59.38528809768788
59.97450170874248
42.47620220505637
56.542037835942374
58.85431005360392
58.149141674649314
42.76171996268885
59.708389210001116
44.494331120902224
41.195785151034826
56.35151858808
53.464063212242266
54.900947011354035
59.04488722568604
56.279675099553835
56.9794851816285
61.072876542526004
51.98682337433166
56.78380419282212
37.86873086468762
60.128803411568235
56.71102492180266
61.83847934696356
47.85787973216217
48.47673076978324
53.4567240637006
58.15755287171921
53.395485982487365
50.146478756973224
46.72348272586335
57.2248380058968
56.38931134401205
46.499088352315496
50.33992946706789
54.021162136122946
52.93886789232374
52.07635613183177
54.69610815569615
58.17333936490985
56.60343303836801
60.48851282091771
56.45103688100328
54.63933449193245
51.17413307717999
38.169564600907606
56.302193158383254
42.99433374411008
54.26678885806416
57.79739652624122
61.24646780944588
56.65102609987861
53.58013319590082
53.305449952999396
47.670949896178485
59.95240138332031
60.67259722336502
54.2942155588453
49.76663676705206
45.33777858217804
47.43026190064786
53.79274440483243
58.40391775399209
49.653849461748706
50.962350677302375
56.160164481132014
44.80066311874292
56.63730320416178
62.0010307703358
57.415396503954874
57.27866253012025
59.94871488065976
61.83767967108979
56.790060412063724
46.566413588766984
56.66864346883781
62.790210707067345
55.40720017319424
54.31878338190519
59.41396257137686
60.070356602977746
54.87201482938584
47.58432832246445
56.796886981019
58.87424162014994
56.91465190173791
45.394787612819414
36.18226153160669
55.166086028688326
58.384200796646006
58.665898265650384
53.18384177572912
53.687748551124514
58.19771585985126
45.7362612782716
47.147391768869426
53.071076247404704
51.98075847957428
53.68401907734733
52.578740687386556
55.626374835181835
56.415816343181184
56.73963333813177
53.923850300173434
54.7390542317245
49.30630336427168
47.772226461872904
52.14670242533968
55.32435605304137
46.77993661056101
52.26830046527923
46.878922747826536
59.301354907161645
52.0491712815955
54.30100094309576
49.77394039031309
49.14089068184309
59.7142822289397
59.893248158123185
44.250990032454645
34.54277525696068
54.794300506354865
53.598205261387136
53.856067637971414
40.71761936147069
57.43693160293467
59.91851200628077
50.22899710448394
57.40001852954862
60.64596488097394
62.59821276315463
58.27087810377074
58.236302398649904
49.48427463969392
55.62839721330821
46.353814146360605
56.1763273454304
46.158254471174196
42.37102092424423
57.24434125104854
52.87587734607118
52.65198448317491
58.8145420581985
55.43431696947071
55.48645413930178
52.18721560768715
54.788267556321635
49.82198162873357
56.0223482677781
47.288047826579216
54.899150084041395
49.051424598572325
53.27712828884624
54.22923641329385
50.75630416572306
57.70753562839727
56.61316516785846
53.16872846500793
60.181272146839106
50.21577007923523
44.164815842440206
57.74493454700912
52.13184450267144
57.4224609100129
64.25044565145468
52.68246343768567
56.13318661338121
55.71035320147257
53.76234336884834
48.6128690478128
57.81717886004976
58.83519033740393
53.51078619665976
49.40798699313839
49.52035699922915
58.90750783125462
59.684188788973486
53.22721570746402
60.310771866326604
53.98948117452786
60.88018920124837
53.78349054365419
56.34118261469623
45.11815334206196
58.19987061026219
52.839853825413414
50.93343117189555
58.3935994357282
45.11946952755321
56.541157236631186
57.68128529120004
62.845227425394
59.54379367985638
53.63830547878262
54.46277447008883
47.12343078441905
55.310914248439474
56.48034991363815
53.953214372557866
54.143037003773046
56.28784037537837
53.999168214632
42.63870101160204
54.909037068425135
54.62314388290936
55.51387025064976
59.414230775088754
55.09727065793725
57.42631260417199
60.23731153628022
43.885815276291574
54.32185894470883
56.10695652757754
47.27050651319236
63.314405089841074
54.3021848375526
57.593319499479776
47.477909169963
50.948891715364056
50.19543349477091
46.5115218289221
52.655332167823175
50.593713823900345
56.499736914230056
59.93442926902009
54.91936382471625
52.85322815807933
44.107778622423986
59.16003900246207
62.556071538309695
57.91918257686389
59.55745009700269
59.23934093718871
57.22208523790692
58.17878494620631
57.579090282511686
56.54229474487438
59.780402856543816
55.42032719256752
58.1285776573753
55.46496572817666
58.027879036231454
43.31111903491626
57.39153001630507
55.97210825518174
56.47071708716364
55.847991450514705
55.85856677196987
58.011968660519535
58.90589353733202
52.849722180285184
55.14135661482172
56.92659712969629
57.14255504658628
62.862024265474375
61.13452511423888
53.739184589421505
53.41442316727444
59.689044339335325
58.804773349046606
63.198534426651435
50.2437804544298
52.344841579440796
56.439525881510775
59.514282485623575
63.52214627243065
53.60177353192215
55.399324381887695
58.14993955237749
51.49995615511515
48.89314346844536
56.264489046231446
65.308455193194
56.958967389743435
45.71998915931077
56.44258842584222
55.65228447864968
61.48610113881105
59.41364831130844
59.88804705115107
43.72965643944194
24.938168944968105
57.26836916186276
35.83586921057115
55.160581701391635
61.44058421386521
56.78514299617642
62.085925460389355
51.843426536012515
59.571875635256845
58.17522171328257
63.10285151522664
55.579696614022744
62.139620540081786
60.35030532305751
51.16524422624002
57.26583589912095
59.139302589253575
56.51105081082947
61.09044528146959
54.68513261927634
56.613104786606286
57.73910286778565
57.15514072586859
61.61826713829895
50.81172995772566
59.00481405967139
54.04016845989296
54.883386767176034
62.73667945770483
61.70720702254236
56.72325722354777
55.2760044507186
43.25891076280431
59.82909750375921
52.4875258422511
56.81807593240031
54.45591810134956
42.64771114353695
53.349056298293796
55.56044714622445
57.15548707598764
63.32100717086949
61.67043898558096
51.07536602350923
53.07580444136096
56.04547259799628
58.944478567325255
60.21806943505315
52.61690626670915
57.59254242182862
58.70092717571928
65.52227561429109
55.40204464681504
43.68936073678554
57.6255015641949
48.99688392092112
47.8918767729631
67.3660181274286
57.4086004549974
61.294351633876715
58.58571090263239
59.30453038671732
59.41028640417897
59.124197680033255
48.00361029923266
47.875313748243656
60.99165719079468
58.771340641385606
46.5322900488283
51.798872053498854
49.3194029210121
54.8272268361628
48.795437747439905
57.804527913208844
54.15081940834611
57.27784458327223
57.218779726351215
61.71014651223946
34.218526809018776
58.19459190122663
50.912161268167566
61.68932731651963
60.84563073794656
47.86434036398738
54.06008230282655
61.87116616961772
52.55570866362913
56.85053831351581
60.377865367370276
52.058276996070234
58.526763432585305
61.645514937992274
34.1652596878992
58.85021532965005
52.29988142506364
53.32652424689986
59.404242109929854
52.00780563550395
58.51120838939106
53.850241969083925
56.984423507298
62.340491640762146
51.58587399670101
56.78086152293307
53.0665198699408
63.4446843091055
59.0653948187072
57.87737709905351
65.67711646066572
58.426488807064146
51.2973983535331
56.52905504388716
64.65830126772418
51.36555527711331
65.70974195401176
54.73848590606128
59.30968853524086
51.578212434194754
62.802433076069654
52.95535809178145
45.664178183283056
60.28231590514548
58.06045826916168
62.7868566099992
58.48399710140757
67.30682313571972
61.33916960342375
55.45025733217209
60.7511513669149
48.3997998018595
63.084925680768904
54.4732634344697
51.968545362132986
58.6991115564031
50.02651702207153
57.1514557350591
50.017257892657284
50.75058330849275
53.62102862342059
58.08924822062199
49.837235079049165
59.5011894658846
54.910920413982566
38.98709789797611
59.96869827787276
59.019998997358854
58.28250649658319
62.051295220494794
48.68891630654381
57.11366697259892
58.06577430557919
49.82506691805138
42.16066756718962
57.797676088091094
59.038122894583196
55.06933260289959
62.64879315552282
55.41161953109581
54.62258927267284
44.299260016431134
60.90197296364085
48.71889031160407
58.32463895309879
58.36397446095873
59.401865211911314
62.661568669776045
53.925991120191945
61.580406177122136
53.857075891978575
59.90996818902306
61.768991636467696
55.7979618091595
50.871080909858264
52.01334191793481
46.43278602399182
53.34868628350087
55.73524895122132
60.46373499279245
60.71666306129166
55.00819483626153
41.94191743638563
50.110555641871635
57.992445207602465
59.94433708071874
57.949965953465465
55.02995284315824
56.8747939329016
26.11083385162429
65.52139280434812
60.50028251963064
48.02946946431142
57.70291976947657
44.269814464252875
61.64939377716848
55.99018493078486
62.147102679216594
61.600966406581406
54.34981912121057
54.431216129065945
58.37918117199532
57.27048866349093
64.8065788812222
58.234738895874415
46.48154489060459
59.66479720943553
48.784433080737514
51.41161124555283
56.937083121602534
56.93739014509487
45.8508002457864
57.502318011270546
55.29174975804419
56.67916929774171
48.791154578878874
50.06945607487794
58.68930357078355
51.18621362952601
56.921266931510885
50.908988730590075
55.13547433384985
54.15919651922682
57.49443936784053
52.92959802342147
45.874950871809055
40.99274773973862
55.80894130858508
43.063750517573396
56.14535544008517
59.69134388674608
54.58355783322857
56.51850795026747
51.01197473881132
57.86926768258388
39.79785376819763
54.48804731101391
53.80875893964283
48.412301331864136
57.622496273567315
49.91036863439901
55.15874787116524
50.185370972993994
52.1175775623654
56.056439394533626
50.40332415119938
50.98049069806271
54.76972555127595
51.54424406275446
47.30166356649191
45.01350461520937
44.29802598812223
44.88768943120624
30.25473564012463
47.20093297205103
60.01605171657311
51.74490859722549
56.30743211674635
55.03886676822653
51.992579480926324
60.06348397983763
57.291791181334546
52.818853488551454
52.89307038157273
49.693793042355246
58.49202820618216
42.291438317858635
56.439698573606414
49.1638647822948
49.65641422274039
53.84041670225774
46.13316583933704
49.82279048744254
53.3793344261838
46.32732909340548
52.03218208558724
54.72424121271004
52.08769106063368
55.84299205643964
49.311929160959565
33.23830967802866
52.95188730647847
49.23287194016416
59.18536925564958
48.31567924138946
59.135150919989556
46.252550833946884
47.48562346803076
52.79956840234698
57.680762423775505
50.497458766519316
47.59588029414762
45.98197873743206
58.820759348511096
58.01290705661086
46.47648063244769
55.27739881898144
52.859212962010375
46.80369474242367
40.82972615699952
54.01923304997428
58.58631997709925
43.558666773282475
43.23249379177155
58.227267682315265
56.08865849789474
52.74411581763193
55.686546655056844
45.67202733243423
54.8636241966426
54.49067455136604
56.401473741852556
55.51686625662447
54.46354596944617
57.29499953165067
53.02585425953978
59.85734331143875
42.98984187165496
58.76475037446086
51.63806964576821
55.995344686871604
54.904914764480566
38.83520921758914
51.93617694856515
54.201954778321934
51.07860399168037
48.16440506215146
54.02377230813663
54.87527856662037
56.9189337153616
55.56707932159309
58.54256268669231
59.57163834573556
56.26756493191169
48.77975122875015
51.22777156084905
46.88885443445882
55.536153097606224
48.33376242832082
51.52723260118391
49.942028631535806
50.542362972766135
43.94880684187178
52.12933134720014
55.84022578015221
51.08628888098242
46.839579783439895
55.299533455810746
47.47637397750941
54.31319844046083
58.87160504175689
49.988644615847015
45.64297111214933
58.6621725729707
44.87322333090064
55.75630474018112
43.13334561853148
45.08566415710259
52.649511659382355
51.58618523239103
55.66041204139613
54.74657956071242
51.426748275114065
50.494294985278565
51.748402021535675
56.43582762487992
53.28246562515582
51.31877502882751
39.077223613876235
58.25739065942546
52.197180921530155
46.36609539087401
44.937061074359114
54.521884872725124
52.06929531921196
51.19076503624797
55.77897402395359
49.80503036670454
52.12926048310776
50.312421798799456
51.64694239067521
52.814887968204275
46.81538110077802
53.26961459160809
57.41338182655734
51.99767277246337
43.17851804151324
48.87892124766619
62.384944448422
56.804810820854954
57.28281860138048
52.87201152123001
54.06990565318101
55.95630471977506
59.43894557931454
67.36201703418702
59.43894557931461
55.956304719775034
54.069905653180996
52.87201152123008
57.282818601380406
56.80481082085486
62.38494444842203
48.878921247666284
43.17851804151416
51.99767277246329
57.41338182655735
53.269614591608146
46.81538110077837
52.81488796820422
51.64694239067533
50.31242179879924
52.12926048310756
49.80503036670464
55.77897402395372
51.19076503624779
52.06929531921172
54.52188487272509
44.937061074359114
46.366095390874435
52.1971809215302
58.25739065942546
39.07722361387652
51.31877502882744
53.28246562515591
56.43582762487984
51.74840202153558
50.49429498527854
51.42674827511401
54.7465795607124
55.66041204139596
51.586185232391045
52.64951165938267
45.08566415710246
43.13334561853094
55.75630474018125
44.8732233309003
58.662172572970746
45.64297111214921
49.988644615847605
58.87160504175693
54.31319844046068
47.47637397750957
55.299533455810696
46.839579783440286
51.08628888098244
55.84022578015224
52.12933134720181
43.948806841871274
50.54236297276631
49.94202863153575
51.527232601183314
48.3337624283205
55.53615309760617
46.888854434458
51.227771560849064
48.7797512287523
56.26756493191181
59.571638345735565
58.542562686692236
55.5670793215931
56.91893371536168
54.87527856662047
54.02377230813649
48.16440506215117
51.078603991680396
54.201954778321976
51.93617694856519
38.83520921758962
54.90491476448052
55.99534468687165
51.638069645768184
58.764750374460924
42.989841871655
59.8573433114388
53.02585425953977
57.2949995316507
54.46354596944615
55.51686625662444
56.40147374185246
54.49067455136593
54.86362419664267
45.67202733243423
55.68654665505677
52.74411581763169
56.088658497894805
58.22726768231525
43.23249379177249
43.55866677328264
58.586319977099244
54.01923304997426
40.8297261569995
46.8036947424237
52.859212962010346
55.27739881898148
46.476480632447576
58.01290705661088
58.820759348511075
45.98197873743189
47.59588029414816
50.497458766519046
57.68076242377548
52.79956840234722
47.485623468030774
46.25255083394653
59.13515091998953
48.31567924138969
59.18536925564954
49.23287194016427
52.951887306478504
33.23830967802982
49.31192916095917
55.84299205643961
52.08769106063362
54.72424121271004
52.0321820855873
46.32732909340545
53.379334426184016
49.82279048744285
46.13316583933623
53.840416702257784
49.65641422274032
49.163864782294915
56.439698573606584
42.291438317858436
58.492028206182084
49.69379304235561
52.89307038157244
52.818853488551845
57.291791181334524
60.06348397983763
51.99257948092629
55.03886676822659
56.307432116746405
51.744908597225596
60.01605171657313
47.20093297205104
30.254735640129724
44.88768943120712
44.29802598812218
45.01350461520882
47.30166356649193
51.54424406275406
54.769725551275826
50.9804906980629
50.403324151199385
56.05643939453376
52.11757756236577
50.185370972994065
55.15874787116539
49.910368634399035
57.622496273567265
48.41230133186439
53.80875893964269
54.488047311013915
39.79785376819785
57.86926768258376
51.011974738811254
56.51850795026739
54.58355783322874
59.69134388674604
56.145355440085176
43.06375051757361
55.808941308584885
40.99274773973881
45.87495087180956
52.929598023421754
57.49443936784039
54.159196519226775
55.135474333850105
50.908988730590245
56.921266931511035
51.18621362952637
58.68930357078348
50.06945607487797
48.79115457887876
56.67916929774181
55.29174975804395
57.50231801127053
45.850800245786665
56.93739014509494
56.937083121602434
51.41161124555356
48.78443308073811
59.66479720943559
46.48154489060481
58.234738895874266
64.80657888122215
57.270488663491015
58.37918117199537
54.43121612906598
54.34981912121087
61.600966406581406
62.14710267921663
55.99018493078496
61.649393777168484
44.26981446425312
57.702919769476566
48.029469464310964
60.50028251963069
65.52139280434807
26.110833851624577
56.87479393290154
55.029952843158384
57.94996595346535
59.94433708071878
57.99244520760236
50.11055564187153
41.94191743638641
55.008194836261524
60.71666306129159
60.46373499279241
55.73524895122121
53.34868628350074
46.43278602399211
52.01334191793413
50.87108090985809
55.797961809159496
61.768991636467725
59.9099681890231
53.85707589197851
61.58040617712211
53.92599112019187
62.661568669776045
59.40186521191153
58.36397446095876
58.32463895309881
48.71889031160429
60.901972963640844
44.29926001643126
54.622589272672705
55.411619531095006
62.64879315552284
55.06933260289941
59.03812289458307
57.7976760880911
42.16066756719165
49.82506691805202
58.065774305578934
57.11366697260135
48.688916306543064
62.05129522049488
58.28250649658332
59.019998997359
59.96869827787268
38.98709789797777
54.91092041398302
59.501189465884536
49.83723507905064
58.08924822062202
53.62102862342078
50.75058330849278
50.01725789265724
57.15145573505916
50.02651702207135
58.69911155640316
51.9685453621329
54.473263434469786
63.08492568076892
48.39979980185956
60.75115136691479
55.450257332172164
61.339169603423755
67.30682313571975
58.48399710140753
62.786856609999234
58.06045826916169
60.282315905145396
45.66417818328305
52.95535809178146
62.8024330760697
51.57821243419477
59.309688535240916
54.7384859060612
65.70974195401178
51.365555277113685
64.65830126772416
56.52905504388713
51.29739835353293
58.426488807064345
65.67711646066573
57.87737709905353
59.06539481870724
63.44468430910551
53.066519869940684
56.780861522932966
51.58587399670112
62.34049164076218
56.98442350729799
53.850241969083754
58.511208389391115
52.007805635504056
59.404242109929754
53.32652424690003
52.2998814250637
58.85021532965001
34.165259687899564
61.64551493799226
58.526763432585255
52.05827699607005
60.37786536737024
56.85053831351588
52.55570866362903
61.871166169617695
54.060082302826444
47.86434036398723
60.84563073794659
61.68932731651963
50.912161268167566
58.19459190122658
34.218526809019544
61.71014651223953
57.21877972635123
57.277844583272206
54.150819408346194
57.80452791320884
48.79543774744016
54.8272268361628
49.319402921012134
51.798872053498606
46.53229004882802
58.77134064138574
60.991657190794555
47.87531374824348
48.003610299232584
59.12419768003308
59.41028640417908
59.3045303867164
58.58571090263213
61.29435163387684
57.408600454997426
67.3660181274286
47.89187677296322
48.996883920921334
57.62550156419485
43.689360736785545
55.40204464681484
65.5222756142911
58.700927175719364
57.5925424218285
52.61690626670928
60.21806943505317
58.94447856732542
56.045472597996294
53.075804441360894
51.075366023509076
61.67043898558097
63.32100717086946
57.155487075987715
55.560447146224476
53.34905629829375
42.64771114353732
54.45591810134957
56.81807593240029
52.4875258422512
59.829097503759215
43.258910762804035
55.27600445071853
56.723257223547776
61.70720702254242
62.73667945770477
54.88338676717603
54.04016845989276
59.004814059671496
50.81172995772542
61.618267138298926
57.15514072586856
57.73910286778559
56.61310478660643
54.68513261927626
61.09044528146951
56.511050810829396
59.139302589253646
57.26583589912103
51.16524422624029
60.35030532305769
62.139620540081786
55.579696614022616
63.10285151522659
58.1752217132825
59.571875635256774
51.84342653601256
62.08592546038935
56.78514299617607
61.44058421386521
55.16058170139158
35.835869210570955
57.268369161862786
24.93816894496558
43.7296564394419
59.88804705115107
59.41364831130841
61.48610113881099
55.65228447864976
56.44258842584218
45.719989159310586
56.95896738974329
65.30845519319402
56.264489046231404
48.89314346844557
51.49995615511489
58.149939552377475
55.399324381887645
53.60177353192214
63.522146272430675
59.514282485623546
56.43952588151072
52.344841579440725
50.24378045442977
63.198534426651435
58.80477334904667
59.68904433933521
53.41442316727442
53.73918458942135
61.134525114238876
62.862024265474375
57.142555046586274
56.92659712969621
55.14135661482172
52.84972218028477
58.905893537332176
58.011968660519514
55.85856677196979
55.84799145051484
56.47071708716368
55.97210825518178
57.39153001630495
43.31111903491623
58.02787903623155
55.46496572817688
58.12857765737523
55.42032719256751
59.78040285654365
56.54229474487427
57.579090282511316
58.17878494620629
57.22208523790709
59.239340937188835
59.55745009700267
57.91918257686384
62.55607153830971
59.1600390024621
44.107778622424064
52.85322815807934
54.91936382471635
59.93442926902012
56.499736914230034
50.59371382390072
52.65533216782331
46.511521828921985
50.195433494770924
50.94889171536407
47.47790916996279
57.593319499479854
54.30218483755268
63.314405089841145
47.270506513192245
56.10695652757762
54.321858944708964
43.885815276291495
60.23731153628028
57.42631260417191
55.097270657937386
59.41423077508878
55.513870250649774
54.62314388290946
54.90903706842513
42.63870101160178
53.99916821463207
56.28784037537832
54.143037003772946
53.95321437255765
56.480349913638165
55.31091424843951
47.12343078441911
54.46277447008883
53.638305478782335
59.54379367985638
62.845227425394015
57.681285291200126
56.541157236631186
45.11946952755312
58.39359943572819
50.93343117189568
52.83985382541343
58.19987061026211
45.11815334206229
56.34118261469616
53.78349054365394
60.88018920124838
53.989481174527896
60.31077186632655
53.22721570746407
59.68418878897346
58.907507831254634
49.520356999228945
49.407986993138586
53.510786196659595
58.83519033740398
57.81717886004973
48.61286904781265
53.76234336884826
55.710353201472536
56.13318661338134
52.68246343768582
64.25044565145474
57.42246091001291
52.131844502671704
57.7449345470092
44.16481584244053
50.21577007923523
60.181272146839156
53.16872846500808
56.613165167858384
57.707535628397295
50.756304165723456
54.22923641329372
53.277128288846086
49.05142459857223
54.89915008404307
47.28804782657873
56.02234826777813
49.82198162873367
54.78826755632169
52.187215607687286
55.48645413930174
55.434316969470615
58.81454205819871
52.65198448317487
52.875877346071235
57.24434125104846
42.37102092424459
46.158254471174814
56.17632734543047
46.3538141463611
55.62839721330822
49.48427463969381
58.236302398649826
58.2708781037707
62.59821276315459
60.64596488097398
57.400018529548646
50.228997104483966
59.91851200628092
57.43693160293465
40.71761936147042
53.856067637971535
53.59820526138702
54.794300506354936
34.542775256960596
44.25099003245428
59.89324815812318
59.7142822289398
49.140890681843075
49.773940390313115
54.30100094309569
52.04917128159559
59.301354907161695
46.87892274782595
52.26830046527943
46.77993661056079
55.32435605304136
52.14670242533962
47.772226461873075
49.3063033642717
54.73905423172451
53.92385030017314
56.73963333813197
56.41581634318123
55.626374835181736
52.57874068738651
53.684019077347365
51.980758479574206
53.07107624740474
47.14739176886959
45.73626127827165
58.19771585985116
53.68774855112445
53.183841775729036
58.66589826565047
58.38420079664598
55.16608602868827
36.182261531607274
45.394787612819115
56.91465190173802
58.87424162014994
56.796886981019234
47.58432832246431
54.872014829385904
60.07035660297777
59.413962571376864
54.31878338190569
55.40720017319419
62.790210707067345
56.66864346883784
46.56641358876696
56.790060412063745
61.83767967108985
59.94871488065988
57.278662530120165
57.415396503954874
62.00103077033579
56.63730320416178
44.80066311874333
56.16016448113192
50.96235067730209
49.65384946174866
58.403917753992104
53.792744404832476
47.430261900648006
45.33777858217803
49.76663676705214
54.29421555884538
60.672597223365045
59.95240138332035
47.67094989617913
53.305449952999425
53.58013319590078
56.651026099878564
61.24646780944583
57.797396526241116
54.26678885806402
42.99433374410998
56.30219315838187
38.1695646009079
51.17413307718013
54.63933449193259
56.451036881003404
60.48851282091781
56.603433038368124
58.17333936490981
54.696108155696294
52.076356131831496
52.93886789232397
54.02116213612297
50.33992946706773
46.49908835231555
56.38931134401201
57.22483800589677
46.72348272586352
50.14647875697315
53.3954859824874
58.15755287171933
53.45672406370063
48.47673076978309
47.85787973216217
61.83847934696356
56.71102492180262
60.1288034115683
37.868730864688175
56.78380419282217
51.98682337433204
61.07287654252603
56.979485181628476
56.27967509955376
59.04488722568597
54.90094701135419
53.4640632122425
56.351518588080026
41.19578515103513
44.494331120902174
59.708389210001094
42.76171996268933
58.14914167464951
58.85431005360378
56.542037835942324
42.47620220505623
59.97450170874245
59.38528809768802
47.31426883953332
55.356579246099535
56.99773019913007
55.42494469765016
59.59859719596076
42.342425604784076
58.55951527063647
50.82778943332939
55.72563564728575
58.08612522149551
61.945128929579994
45.016113996185545
53.30717272655039
59.641290023675914
54.91061652778403
60.772726824114315
59.3138745956212
59.18289405961854
53.453469276888214
45.29201236633305
55.70279099163906
55.73829679881244
55.76854411245805
60.13958352374309
57.148313888589556
56.354126120982066
59.48833784840949
50.09251714370495
52.13832782414723
56.16973246922568
58.1942892617262
55.61748331968735
54.862572867447966
56.00543180733175
28.170729072278846
49.052520859556246
60.98951372769396
62.62500095535046
57.886319528127366
42.672493477482185
53.54484951224975
58.66604550785147
53.88675604719181
46.30545301720636
54.69450572263207
59.53425481353361
45.50577566041
53.65366135695909
59.43532981572358
51.656814034892435
51.97858293401433
49.816740926222025
58.30897291867736
55.19938480967619
55.68111535010828
50.543730005675975
60.8247734376794
57.45104600203034
57.57561496682282
61.237737272033016
56.50031935070282
56.20689453603379
56.995747502226976
38.41667160661072
50.455107900592594
55.36192136614932
55.54878918410992
54.45424121782631
50.80555241271071
44.81503619963622
59.01567486458993
57.27753473813824
37.18460191717412
50.91983505010895
53.77517843076624
56.72192973136263
54.60906308682263
58.840668799987
59.274524788307716
54.81601292831968
53.43742201336938
43.676956174294766
62.2257398417453
51.62415116119506
55.92960747958649
58.283976292582615
52.805604587579495
58.66639361099891
58.95006933452616
46.55689551413712
56.543044865034204
53.93292998954233
63.210080916638766
49.86507521261345
57.627886452047825
51.882092082526476
54.7428076470112
53.504672615679965
41.48373063092392
47.911758817909025
49.94256348857803
62.340438572467
61.425886412629055
56.663744275304744
56.871973855383416
55.53259811465499
40.368462394975765
57.168086903445534
44.37929063474619
50.88831988445621
59.462109852716935
50.64344319443964
56.907929331786335
36.23818928143879
51.256568636070284
50.8687246628603
54.810308277963486
47.071403617897005
60.851068291414464
59.1093397674392
54.77704027409921
54.775916365787026
51.2966566233134
48.696070294730454
56.56369762695246
46.94042992297962
58.150202452770415
54.11006529646703
50.705172575914744
54.97899873675257
56.938461405600336
50.10266910246875
52.51896055905264
57.21873394884825
51.58314446641892
58.08330019683435
60.488292476301055
58.40891874923101
60.44703821712663
55.30596713715607
58.985126222653435
55.771956272523326
58.496322944742616
58.254122365456844
58.79743162071372
58.922185552214415
58.494282036866366
54.95800658708216
56.015011437872964
59.9923116713995
49.860765729092876
52.05243926135403
58.76577748609109
60.853756248419835
52.05407575366735
59.75243142672798
54.661245877108755
54.10230262363434
51.14913605988721
61.14195729507046
53.462084732481394
52.56702542185411
52.51927999424606
51.882246319271
36.953704700319115
42.080666120736836
50.887145791032744
55.785034944494214
51.11580825841883
46.58260516134831
40.62676060993021
46.353021504082406
50.892129402203885
53.71201114089929
52.50542273424244
54.42934586723075
53.9723500008946
53.60491970569086
55.50154266266269
57.84110826149139
43.77261206694095
55.66808508130465
50.148680536101374
54.151327652952396
44.48394893239278
53.0888189265518
33.8377516927939
59.886699577316435
51.509927269972906
50.41581572083257
55.27815823954069
52.86646987552488
53.68679094365998
60.86110518297687
47.797393738916455
56.799623620589266
55.381255183397556
54.63256269701398
60.4547678546234
43.21972787658667
55.556902287238955
52.897689253532505
56.27100511571376
45.56572378131015
56.039856532332735
49.86240987534326
59.430536435916
46.49815293805403
59.71667289467756
55.398070621650504
56.09007034568343
45.26232986991804
51.79817631816454
54.91702893839849
49.48644030556296
45.916619256720416
47.16117728757669
50.175508271441494
51.236240982816234
51.27457620554019
53.23860591984726
51.971148324782284
50.72442299210067
54.44693774033489
51.89565845380497
51.00041096835756
51.528957295110125
53.62999313965933
51.91275232908129
55.429565587684124
40.65264726213751
57.19056055496622
50.49384812070706
55.93819380614397
55.581797656078535
53.29340636015313
57.10182178292156
57.998428444459265
37.0472767203538
52.09791672710757
46.08699514833418
49.69378643915842
58.63044382910254
57.439556350518515
42.253980358823824
50.23473661459803
58.26613421990867
57.96814369007868
50.87038211750033
45.96426623971416
49.14996736446863
53.520567214060875
48.471539843665
49.995552349405024
59.22855795094392
37.52285035230579
48.21578821577293
55.79433958856395
51.35129515463527
54.17144022543474
49.98544783290459
41.091792656769144
56.76815710608032
50.540284868318714
54.56710914012337
56.01592476222545
59.65737623683967
57.23118701017572
53.46189495737179
56.04504463188117
50.58313521679394
57.24684298151711
52.55713863611712
57.2418588965668
55.55552099196973
51.36048863197388
55.54123011049819
53.92861228175613
37.876587800100715
41.65068151783524
52.13444164633265
57.12138368115766
48.61785444346535
52.184809689781176
54.803687892701205
47.020612722300605
52.62740342464747
59.546096304129144
56.04625881917993
51.51345328445931
52.960275842343655
53.13643656598227
57.18440999867517
50.59654827804903
57.75211903379109
51.75193203432718
52.75235067994066
48.262723880246
41.761846620659206
50.73495088911742
60.92769075158442
54.84484519314861
46.46293513298437
48.4690739635066
54.50370742864592
45.62924903367225
55.33742412721225
58.76741182857933
37.59241675035398
56.7489231781693
56.71854752834869
45.00793658484192
49.84617750372884
57.161059002346015
51.24069815043291
58.40441484925056
56.75972640107154
46.40394762587334
58.01060544683252
51.498172528137815
47.55535325593861
54.49574771435571
49.705156281954416
51.64807528353585
53.740299238861425
49.27184416800523
42.926335466024874
49.06660196123495
56.41725699215041
59.3962123444074
56.42565385947603
55.22794926641201
52.95087444332446
58.55714219359443
57.42207606842571
47.84054622231338
53.26699874556957
58.804652485105684
49.65258279976122
53.12108771844494
46.88948137820073
50.822064996232086
60.14873321251586
44.689469627379836
54.71162383170383
56.06901327767424
53.7710150951391
56.045131093168365
46.28627901677535
43.03333735180361
61.67331555815708
53.72208051777618
56.99533692197762
44.895821292605106
54.93039445185143
58.906541942483784
58.61121833191622
55.29701587652433
42.14093423815042
49.519084640065465
48.6134039866525
50.85509322549313
54.766198839215576
58.4050482403659
58.25558877602173
58.32849308721822
57.45721997052934
50.771549567915656
58.06509210299186
53.10211543637661
55.19224507653888
57.38877905672907
55.19556347853859
54.852633725526196
51.49434266365107
50.89189898319432
56.08560254072102
49.60171361338009
56.75991598995979
51.18496038991229
55.95612415567793
60.311510233669026
52.72507328641176
58.359237138205785
42.3646921731106
58.51505577750249
51.8926889990681
55.97421372046967
49.13609653147149
57.66773604928369
51.6450156173766
53.73592515612249
55.42806190428044
56.313058787520134
52.03232622166594
58.611861198075026
55.78116174845611
53.567485166146405
57.46409723105049
53.97075255867303
54.89425202354327
60.289212045489435
54.39941883990421
54.786330969524634
49.03910423494834
57.175309862580114
54.52534554308721
52.99992389856755
58.77488680963174
57.008974715289334
61.810169122700444
53.9710997892316
55.079920297097125
55.32507979495908
50.27590365048014
41.54143245372035
49.855640038088694
54.56764606762289
52.24359121704892
54.76116107687218
56.40612829506936
57.87073943182697
51.066714949694855
55.414181731332135
51.07152864941575
52.746100827048245
53.766120015428804
52.39921618562137
51.064853350430056
55.61685430076909
57.981051832129566
59.17372148280813
57.68199286633616
55.48135553018455
56.522898007403185
61.59251892864796
51.5263472864592
59.55734245503755
58.34262096009784
51.999477772362894
54.985674240601206
54.97939647507021
61.28836962147483
53.76485533340441
48.59275355043903
61.255927539078066
50.35131177240051
55.61119555330052
52.12603309699678
56.25029744719691
51.171161964246906
57.92033787576352
57.140582772707404
46.32489515801016
60.80439616502233
57.77396638208601
51.50806843091974
51.67146287076149
51.270094497753064
47.745880574874946
50.10981540822526
53.74829943440231
45.93242376561516
58.14066849396773
44.677716073425756
57.22210161924433
47.990078627732295
53.784038134077996
59.94120242583201
46.87348859620751
57.96445569372425
43.08477649622938
38.68005532866925
58.11616585541009
60.810775498662004
60.47956774910014
48.33434102432271
60.84863850391124
56.243808687571686
57.67792574922821
56.5197554733053
53.67257156164854
54.16423168971413
59.243430340280995
51.78891703409736
51.281414546036586
46.76914637493154
43.61194738921657
55.12644696260778
56.3729072827492
55.56759704352203
57.47265108122904
49.278361986756
60.680589810034185
59.45756091800045
54.4427248362841
60.11611213878144
55.4294257833977
56.68912789905353
55.83685162039593
39.849716843493745
48.25642800904467
56.899214787114545
57.31693630817904
54.078041969494784
56.54353825527765
55.72151938969904
60.05169164796587
60.49135084216936
46.62878927862564
49.52755171607717
57.48535422367439
59.6196873219581
45.58494381460178
60.26006822445424
48.43444093588883
53.48992407403038
56.63898892887963
58.9437029472098
56.56186143429451
52.98916455397159
53.37353755689121
59.30582840015133
59.4816767057528
47.799287757656714
52.21179724802042
59.21004592224079
50.82657384362327
59.263296299659515
54.280145973469274
42.77390366614301
47.79846057939503
54.504206627779396
57.12241305186371
58.495988409751895
55.863671048522754
53.4072771279839
59.221959948838034
62.140805008547815
58.47120020185356
47.90737611203224
58.95598654449745
52.48257138016029
47.45232106564478
60.28079050614228
54.9212395522947
48.44733344370895
55.5897994014472
58.200968936282976
56.809013128718526
44.016047170641244
53.037807249922935
50.37279780928771
53.84815839164485
54.421968221809024
62.63776564409015
49.8849265959802
53.22842906906594
59.40100181172683
55.5718185559582
57.91589339785464
56.089094147704
57.81369692897347
64.20203057434185
59.54943470461819
59.85567306730492
57.47892969621644
53.537904592121905
52.698718387498246
47.99801315787967
53.64808657990808
65.5531735318616
66.935833120998
74.22813080418803
65.55588246785246
61.731937996434894
58.10669585791338
58.76850857408549
62.1553598008264
58.48358081610131
58.37283358306844
64.05186608193883
62.5121337414187
62.10680349999908
56.49357504010701
53.418336218919855
63.2618052893026
57.250719554004455
54.63935288876799
59.35739460315095
61.23842020541332
64.10724634056963
44.03442201194768
58.96515150590187
61.626712425914896
40.893658169963665
55.58486317993697
53.7943077643423
61.85657455999652
52.87805372957543
51.66586628268681
51.275946732834214
59.793516735323806
49.817794865409
64.41072957152875
38.90745831881452
60.55192871754134
57.92049778271824
42.40360443384561
47.424294760591856
53.499239340344346
54.17777065599691
60.63769365167255
50.5241888865483
43.828585796891915
57.39216734436159
50.152160481845904
50.36356116574413
55.21858410278781
56.225626742814796
59.594960186648365
52.985791735319516
54.78102513165535
54.7459242590635
50.95815599500155
52.68019088506627
57.583572093999955
47.81317848167359
50.93896013918888
51.248750738970756
54.39595632455394
53.179534002221345
59.14948605536034
51.33298446958338
52.10461299994317
51.053520387177386
54.795503189864135
63.22742721020823
58.864746144837056
58.727357793119154
56.453719921806965
57.49256423507072
58.989214867809494
58.00103760826049
55.72464422851052
46.41900396055795
47.73349966366797
47.72971718174673
43.143225805314096
52.18705767754652
55.07379628781692
58.16685017037605
58.675143737218455
59.99182240543809
47.12712910205419
49.93740315909187
49.11148878793368
58.281311348221564
54.99617705723185
56.408785202504916
47.977276581076055
54.01421297920638
57.6088433004074
57.20102395280149
62.79372945947954
54.103772131417365
60.35721729121579
53.5892454670197
58.28460104605375
52.069227298711034
53.850279259660255
50.07391452849329
52.574400981242334
60.15557618238602
58.00665210002825
57.201097874095424
53.649778924641765
59.153944582275514
57.936820980663555
58.34016543072031
53.186010620228565
57.508168936857885
52.92792687252848
59.638810132412026
52.36336115871345
59.32728434043724
59.41984604723157
60.33278982539673
59.47249535736775
52.9959770466634
52.3370901108266
53.07460331065972
51.928615887945014
57.31755933760201
59.737580576996514
52.382836036427484
55.302802271657626
57.371665339897916
53.521259800050856
54.137842844372614
47.834754100664476
55.43634614762788
54.273746120406685
57.954521374136704
55.794912647024006
56.85842324715473
50.702444711051314
56.4645709491797
51.823422182240016
56.82722748763539
57.10233280759104
58.62129755918255
52.19911952356406
58.2051012378605
49.29550479327459
49.71310903008947
52.1301757964587
54.011141432916084
44.047873973312775
54.528758432708614
57.095284295233085
57.857372799639435
51.89708062749094
45.19118903004632
57.882797821219
53.13839540477471
52.408377111852346
56.73302342962285
53.75272223664483
58.61126649345827
45.70539114952264
56.29247709745261
58.81409516118345
50.750677714334024
62.49156024054122
56.197343242419265
53.601669756829295
42.92098171264075
60.373623446986585
42.3196350761335
52.31573535593312
61.30681667265115
57.168858991073996
55.44199144677915
47.70138633968075
61.76438022691376
55.69030107350138
59.69809828089233
55.613101692520914
46.52762905483989
49.724559722971584
57.00309663810556
49.87239058721287
53.9993584944559
61.29712048683429
44.276725677312136
55.51864043523993
50.736479216046476
60.64821426697327
59.09840063864082
56.96732436501491
44.69614445092319
47.96236160480589
58.29109962857806
62.0732800900292
61.40160997040775
57.02602977878001
59.4611926049343
61.287995327798306
59.19886529860171
57.82819867847032
52.85770957967797
42.797866425818555
52.2564959109604
56.04094384429388
58.894653451881574
54.29563049797176
52.4915686459617
57.55529150096407
52.66165077208232
58.71672101744195
58.25420334995733
60.332427802232786
61.84119506834684
53.45297943344342
57.4277909971574
57.30814209328471
51.643101699313206
58.35230459991561
60.63316368547444
56.28941427909083
37.118321048798556
59.008228410822035
60.27789623811032
52.997659643939734
55.7056678953466
59.694803957508014
48.45391017572215
50.880154638273815
55.67281499595279
60.745789340383965
62.70216361625937
57.71780870495563
55.38835990542795
60.678476339226755
57.73764700781265
53.801109714745635
55.28344578319211
59.719090100252366
56.08011457129207
55.819966350853385
46.72969579073172
55.97399864282679
53.25478376053242
51.15657550410184
58.107390933167764
56.976784893709116
54.961515151494325
59.82165544136468
63.55836607122869
40.68141356556356
57.130659247195766
52.3286728894591
58.71525317119497
58.21124117315471
53.31528886967456
59.80274980655583
58.314239717903796
51.69025202436674
63.69131104701742
56.58291615361348
56.10800167342097
46.161482868543786
54.19022012214089
63.62287946168384
47.16199549076529
49.148837862713606
55.34313739455597
45.40387000860789
57.95789370341578
48.40318693629272
51.32878950551465
59.237833169175246
56.48270746671506
59.42083566631828
56.09162913818771
59.71160483646785
61.30952081503804
60.29827383850643
60.195218456332626
59.1088522955878
50.55888265577573
51.35757617455522
51.82814295014019
56.252689445870175
58.17639579245543
59.72922889654047
54.03980251301225
52.57767768560324
48.534742323935596
57.62957206968612
57.82837043545755
61.79195425279151
53.87333722423157
58.286490970090114
55.98008706087862
56.827246656121524
47.22348382242601
59.661604711419045
62.019838972432254
61.50256990419874
61.652675004923374
55.902922783826085
59.87589582521599
61.23719448908845
54.54144711434751
59.63040685403682
61.77326845277931
62.12711176487357
63.828710506864724
62.68502710051226
67.07917855037779
58.782376059716256
62.48636649451542
53.4399373386961
61.45120205093541
60.94413028807148
59.870597714151224
55.41661237255718
51.24830429353564
61.54395141038237
62.56653981228282
65.39454662638212
61.33245691620492
57.188074240626506
59.45759210766114
65.22894733561473
65.93848706873754
68.023084189811
52.010093769674974
53.85072268158218
61.422634298491744
61.59555733013315
65.77798786687768
62.93295801133504
57.78643632618605
48.134049327873
52.37728371317067
60.642428542964865
63.86451491917414
64.00389535608032
65.96099438561384
63.58142602825649
56.89360418152543
49.230267463677315
62.57287011452987
66.09953159331138
58.10664719720249
61.18532888185277
59.32103695578756
63.774511629727435
61.73241223669564
58.782320463117514
60.523549632407914
65.30610090488723
59.50957822486683
58.885507047654635
63.016938078329325
64.01144773642868
61.03637008098359
60.997195893527746
58.4736231423895
53.73415463341974
55.956273397969184
57.08751247795742
54.486335490780945
58.28901411450592
61.99518099333122
55.70671834465416
66.24109758018169
62.65072764665944
53.55720436991966
62.60760753192198
54.82669788706592
54.15912819842555
48.807611092049854
61.69544177362215
56.05012458562854
54.25969086581
56.89934595774572
65.6659053292577
63.7560137712017
60.650910719764624
52.41742657365536
65.99165669229342
59.703943281355194
61.104599446656955
54.01179280886563
43.68066998666408
55.95207145350998
55.4888480255197
65.69372666948082
67.80621835462551
62.70301384989824
64.8582633494328
59.6753021698442
65.29936184250049
64.29816471493828
59.51925538829764
58.939635257975425
60.062049734884475
64.16775650857561
65.82209237093348
61.892592505584254
55.867245890857696
58.43578992323195
51.053503713254926
55.46458155820015
57.898303703188816
63.52649395715244
61.751893625785414
62.36743769389699
57.69723634877175
64.41717293991115
53.04699990131677
57.54331636001289
58.929069219480176
56.96333345712048
49.776695613023946
61.90867897292742
53.310249840897555
59.635043744446875
61.99591337320575
55.3757348978593
51.819954759540295
57.106607942035595
62.23150223706219
63.92888908788496
62.84573584809091
59.891837114735544
60.755889611676224
56.562478183677925
55.5508724831664
58.03963231160716
60.64308804355365
61.82654880644496
61.889318176488686
48.81409706472724
57.61226591776865
67.03274185078817
42.02234604018948
62.785685046116065
63.61608836595675
59.72104453170605
59.54592695844808
64.75762653522474
61.598714500522746
64.17495811555611
67.05448951411168
45.7254867524733
54.90181337835024
59.34686567176819
61.311149151886106
64.89861536159023
53.90932727874108
64.19785570137967
68.67166298158963
72.36285616451384
67.96488985053423
64.16613604119262
58.21305086859192
67.42393358787419
67.12957458185801
67.84323688559124
69.47358207424004
69.42439429509034
84.4222923464079
69.27376935546752
55.89389837533681
62.00299439869308
65.06598587934674
65.51052474028246
44.92935129033317
58.08044831873729
58.63737135267471
67.81295241189989
54.511764352570495
50.407943517250935
57.97777652877103
62.13471858980227
64.25557657779694
62.27522120933056
58.21731244323334
51.1751789272018
69.38909990869057
57.18210854846505
62.11699938989875
65.0827019941815
62.18282497772539
60.65382402347296
68.28609095733798
69.22136784147068
66.3341793290383
50.74682208640791
62.55425492906138
50.85975531253216
67.21911539713624
68.21469901656829
64.97778580422764
60.895532712773424
55.76987846583844
66.13711424209407
54.80947020224845
63.690727683615705
58.07284507845012
63.464611659695265
63.4326500723223
57.40179077224434
55.68417295080285
60.90668237940875
68.36254085680342
69.67525057948917
62.54541754107979
61.979122092235386
66.83500874752417
68.6651317531397
69.3839842689274
73.0794892559014
69.29336129913102
62.827779815066805
61.33343629719267
70.02419692996396
69.73271411761633
67.61978047583955
60.78822689949567
71.40144380899886
58.85665338907495
71.79662091722372
63.985027403394994
66.71078729079801
68.77813757411985
59.69427930396257
53.33335543915741
57.75958901943767
68.35622973269994
67.71224997851941
74.1393365586113
73.21797792725543
67.95671695002152
64.62742450904184
64.92526954290733
73.01735717939864
72.22803797877067
60.9840619230546
61.92148656740479
63.38192855040887
74.61407595628225
74.94054930472228
65.7449560623907
58.922597546750374
69.16988099856674
73.8548837285616
67.58208083236718
67.66237105396999
65.99221235878704
68.60189559657815
71.9287350661896
67.16626238873192
64.2026449870828
51.99802232648791
70.24743527878658
71.68628149101342
71.05890213594661
65.61378467722899
63.680335850926696
72.21464782848409
74.48386473442616
65.84465192204222
64.1062670030868
70.29245205093439
74.57684553640554
74.16702533800346
61.216866499940245
65.30739445213754
67.65741970921064
63.88160913396004
72.12161793700564
69.30246771018193
66.11444952988651
75.04443720055755
68.84724715977026
70.9778667824108
70.06119377319922
67.34145018813577
72.13876506063666
61.27917188307176
79.92082737730436
71.2422099910476
67.32077601727747
71.23480272079979
62.27517747256843
55.163431757076715
70.48312201335936
68.36336796183019
69.3252703980224
67.2908884851112
74.09281721220337
73.04392518591465
68.80214988582857
66.75329970388336
69.39562028869251
71.83430308965362
72.14192052350269
71.76034277305675
71.497454397337
69.12647648803568
72.37240587640906
56.744468696421876
61.88197029508265
63.230191875140804
65.34675964615604
64.71702477962327
60.46411434629804
66.32133396337976
62.31880600709922
66.26690784866562
68.3075832283187
64.55417547581197
66.63753697482485
71.240276083629
56.06724032083853
55.143383882348246
63.62053488937625
61.54655108193269
68.41211831776562
65.18795559706899
71.04036814820448
65.54583782345141
71.50792695639466
63.83146657079437
70.6999993960795
75.2519499643409
67.21758903424308
68.68998369576673
62.30361183294761
70.61700054386765
76.45065611249113
69.70483106706367
72.59911952510356
67.80585836160212
70.45534138840249
69.80289587924352
61.37239030974145
72.54746471971193
73.20289190967075
74.27578341242989
72.25636265189993
70.91653094230729
73.83873320552331
71.25638507155819
65.37067685941496
69.44941124665324
70.88801329613058
72.53916161081946
75.24158189121077
71.2034208046374
64.39830927260574
70.12052065368043
63.194462525821365
59.307302122437065
65.69793763471833
70.61587943503542
70.58387712007759
73.71806233021485
66.5639741224602
73.23727236194428
72.81954042989852
67.11537785494637
73.92177236616192
68.63498536458967
67.54566198927134
72.31094522145135
66.62852145950636
73.23135246631213
67.19870343638927
58.06849887463393
55.964157272680175
66.66237607897475
71.57044310314205
70.26102433441244
69.17271526016421
69.32881954441419
71.36061597315201
75.13444070852275
84.58778046823362
65.40518399163629
69.2672334782837
76.7006230884551
69.6922508821353
68.83504209860331
73.31988556370034
76.97429301479544
81.33982624136577
80.64238370985458
71.04462560293014
77.35002552059609
67.10365832770589
68.10933742142308
61.503757172471055
73.15321070502078
73.67484257770523
77.61524846875803
78.72803807803466
77.47755571661948
74.0786008137323
42.05326373944853
63.196172262438964
71.66866161692593
78.47323389228706
75.6709021014324
74.60187275463325
72.4843552786486
75.86580723434132
80.20037947508925
81.72888650604365
77.28863001711645
75.27420762073396
77.11917290435785
81.89569316605545
78.92361676734227
69.72990296292296
66.99064375197216
71.80627620066919
76.30872997709149
74.60182952551955
68.60085099276175
75.57676858071562
72.21591092937774
78.36732967387736
68.36984838439716
49.929077343557694
60.20980716521211
70.17914920088516
74.82790824122648
63.677183872279585
68.911985863763
66.55686520336025
67.22622666944481
76.40221003990683
80.21107439161094
72.73858699184684
76.59486527590516
77.16710294407412
71.6141684814295
77.87919643518565
80.91342775270554
72.57282080611803
79.57850179269106
80.86537776759558
76.9361113485816
74.63429111947335
74.18871785588492
82.75586263316438
92.73353856074046
91.5276993088626
82.7868944393148
78.58309097450318
85.03564982667751
84.66299950943352
90.04889406172273
91.5792378377394
86.89429259003015
84.62165027095317
79.2351663019926
82.66691990230575
82.95098674266106
86.89118350048079
74.03927504309321
82.70098324181332
82.80959699149929
80.96623140600285
86.00674933195384
84.49998456892159
81.50397311339502
80.13390095309342
82.09587251206915
85.5546385602486
78.09150357438494
85.30358496162594
78.63080137436567
80.59867535517122
86.71818516845234
88.7427430517974
86.63823067144378
84.85489409573944
84.27004185922553
85.69889694210504
86.46836285289115
91.33405044282364
84.65688816215179
81.54155854281856
90.3225044096832
86.97237234837638
92.53743813134079
93.63727543242219
84.5837892417471
87.37376215963151
83.10982201712403
94.85527860700246
93.00646048388742
87.67831396516036
87.22791886607766
87.51438458594146
86.95555907639303
84.85131519935175
87.79661858316787
86.71606847061
90.53226221773235
91.8739134827389
91.33881612286768
77.4930048467005
85.4426251640914
72.30872895296902
77.44057206338779
90.66612668928947
86.49782177369173
84.79028986795672
80.14308543198256
85.93042722074179
85.38309535779086
90.63045124945171
78.30584619919391
91.1417823401145
98.70572572887944
102.0261852131604
96.11144802073979
85.9735916610265
92.57751535760349
103.13834964580955
95.31423410615703
98.70724915622965
94.33721981459234
94.81692428248996
99.751252397254
103.05386001625516
92.20637923616707
90.63014668970808
98.1806925344599
99.46580020756471
96.2249829464167
97.0107106378027
96.52110196908352
88.39729686487756
93.5553404965199
105.213406381353
92.42190123576106
99.45294123168631
98.62991617076358
95.52859109665947
98.22609042554407
100.47065132318383
98.37976413163587
91.90117950476755
104.62898981275849
101.71816490769996
100.5270543760997
104.8188897619255
99.94139956372385
101.50619579950495
92.44323184253537
101.9614156806916
101.68051046278292
102.32573980074031
107.02558355129992
104.14866390975664
98.70219708877056
94.52037835382069
99.68263501737665
103.92146182738045
97.87777590327042
89.21951362646237
101.86094654440986
100.64432379784364
101.9318972965711
101.83206913117702
90.6434923010784
99.96445581137783
96.49031355403082
97.12113855922505
98.9030267232173
94.76275724167016
87.36575153534345
93.01761384154317
98.9865424524467
101.02885096769135
96.25146629280542
95.87214543499327
91.83200420098612
92.27866419931935
102.74156970020032
97.89963668616804
88.9773986643267
82.81776928505022
98.17025429932245
101.45687608336368
96.19767879515865
102.88086842396518
96.99562282500057
97.52483274595265
99.02985592543935
95.98023526247306
77.15837345910717
86.47158850112491
96.40271039814508
98.77501393789707
96.67342730166874
94.16937469097246
89.59781516543163
99.4343262651625
94.45847403872423
96.91198557491597
103.96284485747645
97.85153376569892
102.8287692337432
93.40691047967209
105.04961425534034
105.51065504926312
112.9083501503336
113.11864144526322
108.48907367412662
125.55705002118971
111.47227892821132
105.47402473763036
112.7827508232215
107.82012639750027
109.53104550847365
106.89927742270714
112.32536577275468
113.53077874589324
120.15063614886934
102.84747919000174
103.69434995756811
95.49938333378948
96.45031088599033
95.13976949885547
98.05364637189788
97.65243410412037
89.02375107890295
93.24993645698868
95.27167731214215
97.90723938876798
92.52085858502248
99.08793092320643
101.24985544208427
98.63502074597542
93.93874723228186
100.13259296501812
91.51509591186854
96.89778565531412
92.36809809355648
83.7974979862863
93.43796312968513
90.61888488169987
98.91238460707152
96.04728562962558
90.54842962937583
97.55021392580127
94.71308275748902
87.25378110996502
103.53582267945463
94.21104911644395
97.12947731357792
95.38772240750248
101.57359360230654
91.96267281548674
95.12515855915746
91.55818311754587
94.80916639991563
94.44154815712156
96.77507734043496
98.33053135247054
89.36781800395286
98.53719080638612
101.75905764502566
101.06299306497597
98.23022095812503
96.13244599005505
86.1625986771727
91.3116311179631
91.33384235299211
97.28270846922888
80.74183855081479
95.573154968187
92.59877087580963
68.26605961185173
91.64147771293953
93.12366059603791
87.18717109322101
83.62910080259138
85.90370670159415
91.68338542626631
89.91428419155889
88.63453268948922
90.55370449728835
95.76249677936192
77.23941162227733
90.56634813087946
78.90856543240884
91.76483430673586
86.52821100146656
89.75159811930766
89.52905098839061
80.12203607436278
93.91028279381062
98.65978172884304
79.65176463175953
90.98217938727531
86.48874299976754
84.33879390191011
98.17753921405071
89.20231881157716
96.41089835635026
83.80147610621663
95.11282976366807
100.15566807867096
94.00531616388527
98.83555142449508
95.31673879042489
101.21322414327324
99.58991170822019
94.72144076252171
88.2522328777024
97.56786259148737
99.71387148972724
91.97882209418836
88.52405689529931
89.64174216835487
85.38300778915072
94.27288809466239
91.11511755858685
90.54130665299796
83.00275244170442
91.3445230496953
95.16587246928763
90.40442640212605
69.71376437630495
89.32645538294858
88.84467567938358
89.63828586127867
85.03512100493901
97.51574781680029
95.85172596236535
86.99268098095402
79.6143115082481
88.84700436118267
96.49555455426992
93.8951159084221
86.42337565320474
93.55934741310152
91.85013927407456
83.25657711666477
87.06448374238474
84.58681455273032
91.31737129459724
88.00935648384393
79.44610915122253
86.35583545051406
89.39215657673623
92.40790069696916
83.50554427246153
85.03807180089655
83.41446842526794
83.24908233804179
92.63150056726718
91.39099143849506
80.10886631304518
70.61924766290892
80.58059990947706
83.25943013692387
89.65748850760897
75.83690751313128
83.0489443363769
73.60127187518734
58.586603943568775
80.28978873337348
86.46844613539757
67.1182739597368
77.00876761858973
82.9554188056678
87.77166965623238
71.3393168704098
73.26968776169645
78.38060601456051
81.57316375711633
73.77766841504112
79.8595860073524
73.44818980947906
80.67335605898487
73.93044024999256
76.55492488378736
83.96489979550672
79.00458684785625
71.0175457198224
60.26466585115753
84.81988283604696
80.42149607730619
81.14668923259637
81.45644098063391
89.12833186336007
84.02191979064912
83.10977735176016
77.9393256064114
82.70066344617493
80.87035193467452
78.02452144877287
83.10850489657847
83.03129341671874
75.14943430809241
82.56019860132338
87.28078131260817
85.2840510649871
91.242940802672
76.76001149557477
90.51360995655658
84.6322828259077
85.20523233468012
84.0763008674945
85.59333198290177
85.32100950707786
88.85606030443341
87.3279744498217
82.28287687085583
72.93360996519328
82.94253468619146
85.20259496004441
84.59420485788706
91.33072792537814
81.3775967360988
96.16523072368227
105.37271057954769
94.89655609553166
99.04097553684167
91.71198488754646
96.13110185705756
96.9165510418365
79.85162730236763
89.82576424209793
96.86424053336009
94.81214259344603
80.57569602034616
90.84822533650654
97.48356453404728
90.17296261026596
81.38680256952736
96.48232740926616
97.81246240305762
91.01695985203273
101.28897915142983
103.14394730631186
94.83424658104119
87.83563770173039
97.05615415664015
84.05787989975138
90.5216148618026
87.52784914901135
87.01076599477184
