0
4278
8485
12550
16402
19973
23203
26035
28419
30314
31684
32507
32766
32456
31581
30156
28203
25758
22860
19561
15917
11991
7852
3573
-771
-5106
-9352
-13436
-17284
-20829
-24006
-26759
-29038
-30801
-32015
-32660
-32720
-32196
-31094
-29434
-27244
-24563
-21439
-17925
-14087
-9991
-5712
-1327
3083
7441
11667
15683
19415
22796
25762
28259
30239
31667
32514
32764
32412
31462
29931
27847
25247
22178
18696
14865
10755
6443
2009
-2465
-6896
-11201
-15299
-19113
-22570
-25606
-28162
-30190
-31650
-32514
-32764
-32394
-31411
-29832
-27686
-25012
-21861
-18292
-14372
-10175
-5781
-1274
3259
7733
12062
16161
19951
23359
26318
28771
30668
31973
32659
32711
32127
30919
29107
26727
23823
20452
16679
12577
8226
3711
-879
-5455
-9926
-14204
-18204
-21846
-25058
-27775
-29942
-31516
-32464
-32766
-32415
-31417
-29790
-27567
-24790
-21514
-17805
-13736
-9388
-4849
-209
4437
8997
13377
17489
21248
24578
27411
29687
31359
32393
32765
32468
31507
29899
27676
24884
21579
17828
13707
9301
4700
0
-4703
-9311
-13729
-17864
-21629
-24947
-27746
-29968
-31566
-32503
-32761
-32332
-31225
-29460
-27076
-24119
-20653
-16748
-12488
-7961
-3263
1506
6246
10856
15238
19298
22949
26112
28719
30713
32051
32702
32651
31900
30461
28366
25658
22395
18646
14492
10022
5332
524
-4298
-9029
-13567
-17811
-21669
-25055
-27896
-30127
-31699
-32577
-32739
-32182
-30916
-28967
-26379
-23206
-19519
-15397
-10932
-6222
-1372
3511
8320
12945
17284
21240
24723
27655
29968
31611
32545
32748
32214
30954
28995
26381
23169
19431
15252
10724
5950
1038
-3899
-8751
-13405
-17757
-21705
-25159
-28038
-30277
-31822
-32637
-32702
-32014
-30588
-28456
-25665
-22280
-18377
-14047
-9388
-4509
477
5455
10308
14924
19194
23018
26305
28979
30974
32243
32756
32498
31476
29711
27244
24133
20449
16280
11722
6884
1880
-3170
-8148
-12935
-17416
-21484
-25041
-28000
-30291
-31856
-32659
-32677
-31909
-30373
-28105
-25157
-21600
-17520
-13013
-8189
-3163
1941
7001
11893
16499
20705
24407
27516
29953
31659
32589
32721
32049
30590
28377
25463
21921
17836
13307
8448
3377
-1780
-6896
-11843
-16499
-20746
-24479
-27603
-30040
-31727
-32621
-32699
-31957
-30413
-28105
-25088
-21439
-17247
-12618
-7668
-2522
2689
7836
12787
17416
21605
25247
28248
30530
32035
32723
32574
31592
29801
27244
23987
20112
15718
10917
5832
595
-4660
-9798
-14685
-19194
-23208
-26622
-29345
-31307
-32455
-32757
-32206
-30813
-28614
-25665
-22043
-17841
-13169
-8148
-2911
2405
7661
12717
17440
21705
25397
28419
30689
32146
32750
32483
31352
29385
26633
23169
19084
14487
9500
4255
-1105
-6439
-11603
-16457
-20870
-24723
-27911
-30346
-31961
-32712
-32578
-31559
-29684
-27001
-23582
-19519
-14922
-9916
-4636
771
6162
11386
16301
20770
24671
27896
30354
31977
32719
32558
31498
29565
26813
23317
19172
14492
9407
4058
-1405
-6833
-12073
-16978
-21411
-25247
-28377
-30713
-32188
-32760
-32410
-31148
-29007
-26047
-22351
-18021
-13179
-7961
-2516
3003
8440
13640
18454
22745
26389
29282
31340
32503
32737
32033
30409
27913
24613
20604
16000
10932
5547
0
-5550
-10942
-16021
-20637
-24657
-27963
-30458
-32068
-32745
-32468
-31244
-29107
-26118
-22364
-17952
-13013
-7689
-2137
3479
8997
14252
19090
23367
26955
29748
31662
32640
32650
31691
29790
27003
23411
19119
14256
8965
3403
-2262
-7862
-13230
-18204
-22633
-26385
-29345
-31423
-32556
-32707
-31871
-30072
-27362
-23823
-19561
-14703
-9397
-3803
1908
7565
12994
18030
22517
26318
29316
31419
32559
32702
31841
30001
27238
23635
19302
14372
8996
3339
-2422
-8112
-13553
-18577
-23026
-26761
-29667
-31650
-32648
-32629
-31591
-29565
-26615
-22829
-18327
-13249
-7752
-2009
3799
9491
14886
19815
24120
27666
30338
32052
32751
32412
31044
28690
25423
21345
16586
11295
5642
-193
-6025
-11667
-16938
-21669
-25706
-28920
-31206
-32489
-32726
-31909
-30063
-27244
-23544
-19081
-13998
-8460
-2644
3259
9060
14569
19606
24006
27626
30346
32075
32756
32366
30916
28451
25051
20827
15917
10480
4696
-1244
-7147
-12817
-18065
-22719
-26622
-29644
-31684
-32674
-32578
-31398
-29173
-25975
-21909
-17110
-11737
-5969
0
5972
11747
17130
21941
26016
29217
31436
32596
32657
31615
29504
26395
22390
17625
12260
6476
470
-5554
-11392
-16845
-21726
-25867
-29127
-31393
-32585
-32662
-31619
-29491
-26349
-22301
-17483
-12062
-6222
-166
5898
11762
17222
22088
26191
29387
31566
32648
32597
31411
29131
25835
21636
16679
11138
5205
-912
-7001
-12847
-18244
-23003
-26955
-29960
-31912
-32739
-32412
-30940
-28374
-24803
-20353
-15179
-9465
-3413
2763
8843
14612
19863
24407
28083
30758
32334
32755
32003
30103
27124
23169
18381
12929
7010
836
-5370
-11386
-16993
-21989
-26191
-29446
-31636
-32680
-32538
-31214
-28754
-25247
-20819
-15630
-9868
-3744
2518
8692
14551
19879
24480
28184
30855
32393
32739
31880
29845
26709
22585
17625
12011
5950
-333
-6607
-12639
-18204
-23094
-27128
-30152
-32055
-32763
-32248
-30528
-27666
-23767
-18976
-13473
-7461
-1167
5173
11322
17047
22132
26385
29644
31785
32724
32427
30901
28203
24435
19738
14288
8294
1981
-4409
-10635
-16457
-21654
-26025
-29402
-31656
-32697
-32485
-31027
-28377
-24634
-19943
-14481
-8460
-2109
4324
10594
16457
21686
26077
29459
31699
32710
32451
30929
28203
24378
19601
14056
7961
1552
-4919
-11201
-17047
-22227
-26537
-29806
-31906
-32751
-32307
-30590
-27666
-23648
-18696
-13002
-6791
-309
6187
12441
18204
23246
27366
30398
32222
32762
31995
29951
26709
22398
17189
11289
4935
-1619
-8112
-14281
-19879
-24678
-28486
-31147
-32552
-32643
-31416
-28917
-25247
-20553
-15023
-8882
-2378
4225
10659
16662
21989
26421
29777
31918
32756
32254
30432
27362
23169
18024
12137
5748
-879
-7473
-13762
-19485
-24407
-28323
-31070
-32533
-32650
-31414
-28875
-25136
-20353
-14721
-8475
-1874
4807
11292
17307
22602
26955
30182
32146
32765
32010
29911
26556
22083
16679
10571
4016
-2711
-9326
-15551
-21121
-25799
-29387
-31732
-32732
-32344
-30582
-27520
-23286
-18060
-12062
-5547
1206
7911
14280
20041
24947
28786
31393
32653
32513
30975
28105
24024
18906
12972
6476
-301
-7069
-13534
-19415
-24458
-28443
-31196
-32596
-32580
-31148
-28360
-24336
-19250
-13322
-6811
0
6813
13332
19269
24364
28393
31178
32594
32578
31129
28309
24241
19103
13120
6555
-301
-7147
-13680
-19609
-24671
-28641
-31340
-32648
-32505
-30916
-27948
-23735
-18460
-12360
-5706
1206
8067
14569
20421
25359
29162
31656
32728
32328
30473
27244
22786
17298
11027
4255
-2711
-9557
-15974
-21669
-26383
-29901
-32062
-32766
-31979
-29736
-26137
-21345
-15577
-9095
-2195
4807
11593
17850
23291
27666
30771
32464
32665
31362
28614
24546
19345
13249
6538
-477
-7473
-14125
-20126
-25196
-29098
-31650
-32732
-32292
-30349
-26991
-22374
-16712
-10266
-3339
3746
10659
17076
22694
27251
30530
32377
32702
31489
28793
24740
19519
13375
6597
-494
-7565
-14281
-20323
-25404
-29282
-31772
-32753
-32178
-30072
-26533
-21729
-15887
-9285
-2238
4919
11843
18204
23695
28052
31066
32589
32548
30942
27847
23411
17845
11416
4435
-2763
-9830
-16425
-22227
-26955
-30378
-32330
-32713
-31507
-28769
-24631
-19293
-13013
-6096
1120
8285
15047
21076
26077
29802
32068
32763
31850
29372
25451
20276
14101
7230
0
-7232
-14111
-20295
-25478
-29402
-31872
-32764
-32033
-29711
-25913
-20827
-14703
-7845
-595
6688
13640
19914
25196
29220
31785
32759
32093
29819
26047
20967
14832
7950
664
-6656
-13645
-19948
-25247
-29273
-31822
-32763
-32046
-29706
-25861
-20703
-14492
-7543
-209
7138
14125
20396
25629
29557
31977
32766
31880
29363
25342
20022
13674
6622
-771
-8129
-15071
-21240
-26318
-30042
-32219
-32734
-31559
-28754
-24461
-18901
-12360
-5177
2276
9615
16457
22447
27271
30678
32489
32608
31026
27825
23169
17302
10527
3199
-4298
-11573
-18244
-23960
-28419
-31387
-32705
-32302
-30198
-26501
-21406
-15179
-8148
-684
6817
13962
20369
25700
29668
32064
32757
31710
28975
24698
19103
12488
5205
-2358
-9798
-16717
-22745
-27557
-30894
-32577
-32513
-30703
-27244
-22319
-16192
-9191
-1693
5898
13175
19743
25247
29388
31941
32765
31816
29141
24884
19276
12618
5272
-2362
-9871
-16845
-22903
-27714
-31014
-32621
-32445
-30495
-26875
-21781
-15492
-8351
-749
6896
14165
20658
26016
29942
32220
32721
31417
28377
23767
17841
10926
3403
-4310
-11787
-18613
-24407
-28847
-31684
-32759
-32010
-29476
-25298
-19707
-13013
-5590
2148
9769
16845
22980
27828
31116
32659
32366
30254
26438
21133
14635
7310
-430
-8148
-15409
-21801
-26962
-30598
-32502
-32563
-30778
-27244
-22162
-15818
-8572
-836
6950
14343
20920
26305
30190
32350
32661
31103
27762
22829
16586
9388
1649
-6187
-13670
-20369
-25898
-29936
-32249
-32702
-31267
-28024
-23161
-16955
-9766
-2009
5867
13405
20168
25762
29860
32222
32709
31291
28049
23169
16936
9711
1916
-5992
-13553
-20323
-25904
-29968
-32275
-32687
-31179
-27837
-22855
-16527
-9222
-1372
6562
14111
20829
26318
30252
32397
32623
30916
27374
22206
15718
8294
373
-7571
-15067
-21669
-26980
-30683
-32556
-32483
-30469
-26631
-21197
-14492
-6916
1077
9009
16402
22811
27851
31216
32702
32218
29790
25564
19793
12824
5078
-2978
-10856
-18080
-24210
-28873
-31785
-32766
-31757
-28816
-24119
-17952
-10689
-2772
5316
13083
20053
25799
29968
32304
32662
31017
27469
22233
15630
8064
0
-8067
-15639
-22251
-27492
-31038
-32669
-32282
-29899
-25665
-19840
-12785
-4935
3223
11185
18454
24578
29176
31960
32754
31507
28295
23317
16881
9388
1306
-6859
-14599
-21426
-26913
-30713
-32587
-32415
-30206
-26096
-20343
-13307
-5431
2789
10837
18204
24423
29100
31937
32755
31498
28244
23199
16679
9099
938
-7285
-15047
-21854
-27271
-30951
-32659
-32282
-29844
-25497
-19519
-12290
-4271
4023
12062
19330
25359
29762
32252
32670
30984
27303
21861
15008
7184
-1105
-9326
-16947
-23474
-28484
-31650
-32766
-31757
-28687
-23753
-17274
-9670
-1435
6896
14781
21705
27215
30951
32666
32248
29720
25247
19119
11737
3583
-4807
-12886
-20121
-26035
-30239
-32455
-32534
-30469
-26395
-20578
-13400
-5336
3083
11302
18775
25007
29584
32200
32681
30992
27244
21684
14679
6695
-1736
-10055
-17706
-24178
-29038
-31959
-32744
-31340
-27837
-22468
-15592
-7668
771
9163
16942
23583
28641
31772
32764
31548
28203
22955
16155
8261
-193
-8637
-16499
-23246
-28419
-31667
-32766
-31641
-28366
-23161
-16378
-8479
0
8482
16388
23178
28387
31659
32766
31633
28334
23092
16267
8323
-193
-8699
-16610
-23382
-28547
-31748
-32764
-31521
-28105
-22748
-15818
-7793
771
9287
17161
23850
28887
31923
32744
31292
27666
22114
15023
6884
-1736
-10238
-18030
-24565
-29387
-32158
-32681
-30919
-26991
-21173
-13868
-5590
3083
11543
19194
25499
30012
32414
32534
30361
26047
19895
12336
3903
-4807
-13181
-20625
-26610
-30711
-32637
-32248
-29569
-24790
-18247
-10405
-1820
6896
15124
22277
27843
31423
32760
31757
28483
23169
16196
8060
-655
-9326
-17331
-24094
-29127
-32068
-32703
-30984
-27033
-21133
-13707
-5289
3511
12062
19743
25999
30374
32552
32371
29844
25150
18630
10754
2094
-6719
-15047
-22282
-27896
-31478
-32765
-31661
-28244
-22763
-15616
-7324
1506
10228
18204
24847
29668
32313
32585
30461
26096
19809
12062
3423
-5469
-13962
-21426
-27310
-31178
-32740
-31881
-28661
-23317
-16242
-7961
912
9721
17811
24578
29519
32265
32608
30520
26157
19840
12041
3339
-5613
-14150
-21629
-27492
-31296
-32755
-31758
-28377
-22863
-15630
-7219
1736
10564
18599
25234
29968
32443
32468
30041
25342
18725
10689
1842
-7147
-15598
-22868
-28404
-31785
-32751
-31227
-27327
-21345
-13736
-5078
3969
12717
20496
26712
30887
32702
32014
28875
23522
16364
7950
-1077
-10024
-18204
-24986
-29848
-32414
-32483
-30050
-25298
-18593
-10451
-1499
7571
16058
23305
28750
31969
32711
30916
26720
20449
12587
3744
-5391
-14111
-21734
-27666
-31442
-32766
-31533
-27837
-21964
-14372
-5653
3510
12401
20323
26654
30894
32710
31957
28692
23169
15822
7226
-1941
-10958
-19113
-25762
-30378
-32596
-32237
-29328
-24096
-16955
-8469
691
9799
18132
25028
29936
32465
32412
29778
24772
17791
9388
234
-8940
-17404
-24479
-29598
-32350
-32513
-30072
-25219
-18342
-9991
-836
8388
16942
24135
29387
32275
32563
30226
25451
18620
10283
1113
-8148
-16754
-24006
-29316
-32252
-32574
-30254
-25477
-18630
-10266
-1066
8222
16845
24098
29390
32286
32549
30156
25298
18372
9941
695
-8610
-17213
-24407
-29603
-32371
-32482
-29925
-24908
-17841
-9305
0
9307
17850
24924
29942
32491
32356
29546
24293
17028
8351
-1019
-10308
-18745
-25629
-30386
-32621
-32145
-28995
-23432
-15917
-7073
2362
11603
19879
26497
30903
32728
31816
28241
22301
14491
5464
-4023
-13175
-21224
-27492
-31451
-32766
-31324
-27244
-20868
-12732
-3519
5992
15001
22745
28568
31977
32682
30619
25962
19103
10622
1238
-8253
-17047
-24394
-29668
-32420
-32412
-29643
-24347
-16973
-8148
1373
10781
19269
26112
30723
32705
31886
28334
22351
14449
5304
-4298
-13534
-21608
-27826
-31650
-32749
-31026
-26627
-19930
-11510
-2094
7504
16457
23989
29446
32355
32460
29752
24461
17046
8148
-1459
-10942
-19477
-26318
-30870
-32732
-31742
-27983
-21780
-13674
-4371
5316
14541
22496
28484
31977
32669
30495
25645
18541
9807
209
-9410
-18204
-25397
-30356
-32640
-32046
-28625
-22675
-14721
-5464
4278
13645
21806
28038
31787
32719
30748
26047
19032
10324
695
-8997
-17892
-25196
-30256
-32621
-32077
-28669
-22701
-14703
-5389
4409
13816
21989
28193
31872
32694
30582
25725
18555
9715
0
-9718
-18563
-25739
-30598
-32699
-31850
-28126
-21861
-13619
-4144
5708
15047
23026
28920
32194
32549
29951
24631
17073
7961
-1876
-11547
-20168
-26955
-31287
-32766
-31257
-26894
-20073
-11416
-1713
8148
17267
24807
30076
32589
32113
28690
22632
14492
5018
-4919
-14407
-22570
-28657
-32104
-32591
-30072
-24775
-17189
-8012
1907
11653
20323
27113
31393
32763
31094
26539
19519
10683
852
-9060
-18132
-25519
-30530
-32697
-31816
-27965
-21503
-13031
-3339
6667
16052
23938
29584
32459
32292
29097
23169
15065
5543
-4501
-14125
-22423
-28612
-32108
-32578
-29977
-24546
-16798
-7461
2582
12385
21019
27666
31694
32721
30647
25665
18247
9095
-923
-10856
-19760
-26786
-31264
-32766
-31146
-26556
-19431
-10451
-470
9557
18675
26008
30855
32749
31507
27244
20368
11537
1595
-8501
-17784
-25359
-30497
-32702
-31758
-27754
-21074
-12360
-2451
7696
17103
24860
30215
32648
31922
28105
21563
12929
3039
-7147
-16643
-24525
-30025
-32607
-32016
-28309
-21844
-13249
-3359
6859
16412
24364
29939
32588
32050
28377
21924
13322
3413
-6833
-16412
-24382
-29960
-32596
-32028
-28309
-21804
-13150
-3199
7069
16643
24578
30089
32630
31946
28105
21482
12732
2719
-7565
-17103
-24947
-30318
-32680
-31797
-27754
-20951
-12062
-1970
8320
17784
25478
30633
32732
31565
27244
20200
11134
952
-9326
-18675
-26154
-31014
-32765
-31228
-26556
-19215
-9941
333
10578
19760
26955
31436
32749
30759
25665
17979
8475
-1887
-12062
-21019
-27851
-31864
-32650
-30126
-24546
-16475
-6728
3703
13762
22423
28806
32258
32427
29291
23169
14683
4696
-5772
-15653
-23938
-29777
-32571
-32033
-28214
-21503
-12587
-2378
8077
17706
25519
30711
32748
31416
26850
19519
10175
-219
-10594
-19879
-27113
-31549
-32726
-30520
-25157
-17189
-7439
3083
13289
22119
28657
32222
32441
29289
23092
14492
4381
-6187
-16114
-24364
-30076
-32652
-31820
-27666
-20619
-11416
-1017
9491
19008
26537
31287
32757
30792
25595
17709
7961
-2625
-12939
-21894
-28547
-32194
-32451
-29286
-23032
-14346
-4144
6498
16457
24678
30291
32699
31644
27238
19943
10531
0
-10533
-19951
-27251
-31656
-32694
-30254
-24592
-16309
-6286
4409
14637
23305
29487
32519
32077
28203
21312
12137
1660
-8997
-18692
-26385
-31248
-32757
-30748
-25434
-17383
-7461
3266
13645
22556
29038
32390
32248
28625
21909
12824
2351
-8378
-18204
-26061
-31098
-32765
-30880
-25645
-17625
-7689
3083
13524
22496
29023
32393
32235
28565
21780
12618
2077
-8692
-18516
-26318
-31245
-32755
-30681
-25247
-17046
-6975
3863
14280
23132
29446
32527
32033
28015
20915
11510
836
-9932
-19609
-27125
-31650
-32682
-30103
-24198
-15616
-5304
5596
15880
24407
30232
32705
31550
26894
19250
9465
-1373
-12062
-21411
-28379
-32188
-32412
-29022
-22395
-13267
-2656
8253
18244
26197
31222
32754
30619
25054
16679
6433
-4537
-15001
-23783
-29895
-32648
-31731
-27244
-19690
-9916
976
11762
21224
28293
32170
32415
28997
22301
13080
2378
-8595
-18599
-26497
-31393
-32729
-30352
-24528
-15917
-5494
5554
15974
24578
30386
32734
31352
26395
18425
8351
-2679
-13405
-22602
-29217
-32491
-32046
-27932
-20616
-10936
0
10939
20625
27944
32055
32482
29173
22507
13249
2462
-8610
-18692
-26622
-31481
-32707
-30156
-24119
-15293
-4696
6446
16845
25296
30817
32766
30916
25477
17079
6695
-4468
-15115
-24006
-30106
-32702
-31489
-26606
-18620
-8460
2689
13528
22788
29387
32552
31909
27532
19930
9991
-1120
-12103
-21669
-28693
-32350
-32208
-28280
-21025
-11295
-234
10856
20671
28052
32127
32412
28871
21921
12379
1372
-9799
-19815
-27487
-31906
-32545
-29328
-22632
-13249
-2291
8940
19113
27016
31708
32629
29666
23169
13911
2992
-8285
-18577
-26654
-31549
-32677
-29899
-23544
-14372
-3477
7836
18214
26411
31442
32702
30037
23764
14635
3744
-7598
-18030
-26293
-31393
-32711
-30086
-23833
-14703
-3796
7571
18026
26305
31405
32707
30050
23753
14577
3632
-7754
-18204
-26446
-31479
-32688
-29925
-23522
-14256
-3253
8148
18560
26712
31608
32650
29706
23135
13736
2656
-8751
-19090
-27095
-31785
-32581
-29385
-22585
-13013
-1842
9557
19786
27585
31994
32468
28947
21861
12081
809
-10564
-20637
-28166
-32219
-32293
-28377
-20951
-10932
440
11762
21629
28819
32437
32033
27653
19840
9561
-1907
-13142
-22745
-29519
-32621
-31661
-26755
-18514
-7961
3586
14689
23960
30239
32740
31148
25658
16955
6128
-5469
-16384
-25247
-30944
-32759
-30461
-24336
-15151
-4058
7546
18204
26572
31595
32638
29565
22763
13087
1756
-9798
-20118
-27896
-32148
-32332
-28424
-20915
-10754
771
12203
22088
29171
32552
31797
27001
18769
8148
-3511
-14727
-24069
-30346
-32754
-30984
-25260
-16309
-5272
6439
17331
26008
31359
32696
29845
23169
13521
2137
-9523
-19964
-27843
-32146
-32318
-28334
-20703
-10405
1234
12717
22564
29503
32637
31559
26407
17841
6968
-4807
-15965
-25058
-30909
-32757
-30361
-24028
-14577
-3233
8533
19194
27364
31977
32433
28669
21173
10917
-762
-12345
-22321
-29387
-32619
-31592
-26438
-17828
-6884
4961
16161
25247
31028
32744
30168
23635
13998
2522
-9287
-19879
-27860
-32179
-32265
-28105
-20242
-9711
2101
13640
23382
30040
32733
31103
25362
16267
5018
-6896
-17901
-26537
-31659
-32585
-29190
-21921
-11741
0
11743
21929
29201
32589
31641
26480
17791
6728
-5233
-16499
-25566
-31222
-32709
-29826
-22955
-13013
-1327
10537
20994
28641
32450
31909
27088
18630
7668
-4324
-15739
-25041
-30976
-32744
-30105
-23411
-13561
-1880
10055
20637
28436
32397
31982
27244
18822
7852
-4182
-15653
-25007
-30974
-32743
-30072
-23319
-13400
-1660
10308
20879
28612
32455
31881
26966
18377
7282
-4807
-16245
-25468
-31216
-32702
-29720
-22675
-12528
-664
11292
21705
29147
32596
31576
26225
17274
5950
-6193
-17489
-26383
-31650
-32564
-28995
-21433
-10917
1105
12978
23064
29968
32737
30984
24950
15465
3839
-8320
-19330
-27666
-32170
-32217
-27796
-19519
-8531
3643
15314
24860
30951
32739
29972
23032
12884
938
-11141
-21669
-29176
-32613
-31498
-25982
-16835
-5332
6918
18204
26944
31912
32410
28366
20343
9465
-2743
-14569
-24351
-30713
-32759
-30198
-23387
-13283
-1306
10856
21492
29100
32604
31507
25962
16748
5166
-7147
-18454
-27152
-32008
-32332
-28076
-19840
-8789
3510
15314
24947
31038
32720
29752
22551
12140
0
-12143
-22559
-29762
-32723
-31017
-24884
-15198
-3339
8998
20053
28242
32393
31908
26854
17952
6476
-5930
-17489
-26541
-31785
-32465
-28481
-20402
-9388
2978
14918
24714
30951
32730
29790
22554
12062
-172
-12385
-22811
-29942
-32746
-30813
-24421
-14492
-2462
9926
20879
28806
32556
31581
26021
16679
4912
-7571
-18956
-27585
-32200
-32127
-27374
-18630
-7167
5342
17076
26318
31719
32485
28504
20353
9222
-3259
-15267
-25041
-31147
-32687
-29434
-21861
-11077
1334
13553
23783
30517
32764
30189
23169
12736
423
-11953
-22570
-29860
-32743
-30792
-24293
-14202
-2009
10483
21426
29201
32652
31267
25247
15482
3419
-9153
-20369
-28563
-32514
-31633
-26047
-16586
-4654
7973
19415
27967
32350
31910
26709
17520
5712
-6950
-18577
-27428
-32179
-32116
-27244
-18292
-6597
6088
17864
26962
32015
32263
27666
18910
7310
-5391
-17284
-26579
-31872
-32366
-27983
-19380
-7852
4862
16845
26287
31760
32433
28203
19707
8226
-4501
-16550
-26094
-31684
-32472
-28334
-19895
-8434
4310
16402
26003
31651
32486
28377
19946
8475
-4288
-16402
-26016
-31662
-32478
-28334
-19861
-8351
4437
16550
26133
31717
32445
28203
19638
8060
-4756
-16845
-26351
-31812
-32386
-27983
-19276
-7602
5243
17284
26666
31941
32293
27666
18769
6975
-5898
-17864
-27071
-32095
-32157
-27244
-18113
-6176
6719
18577
27557
32265
31968
26709
17302
5205
-7702
-19415
-28111
-32434
-31710
-26047
-16326
-4058
8843
20369
28719
32588
31368
25247
15179
2736
-10137
-21426
-29364
-32705
-30922
-24293
-13853
-1238
11573
22570
30025
32764
30353
23169
12339
-434
-13142
-23783
-30678
-32739
-29638
-21861
-10632
2276
14829
25041
31296
32604
28754
20353
8727
-4282
-16616
-26318
-31849
-32328
-27676
-18630
-6622
6439
18480
27585
32302
31880
26381
16679
4318
-8734
-20396
-28806
-32620
-31227
-24845
-14492
-1820
11144
22329
29942
32763
30335
23047
12062
-859
-13645
-24243
-30951
-32688
-29173
-20967
-9388
3703
16202
26094
31785
32354
27709
18593
6476
-6688
-18775
-27832
-32393
-31718
-25913
-15915
-3339
9779
21317
29402
32723
30737
23764
12933
0
-12935
-23772
-30745
-32720
-29372
-21243
-9654
3510
16105
26077
31798
32332
27590
18342
6096
-7147
-19226
-28162
-32493
-31507
-25362
-15061
-2291
10856
22227
29953
32765
30198
22670
11416
-1716
-14569
-25028
-31370
-32548
-28366
-19509
-7435
5867
18204
27539
32330
31782
25982
15887
3163
-10086
-21669
-29667
-32753
-30413
-23032
-11831
1334
14281
24860
31312
32563
28403
19519
7387
-5976
-18347
-27666
-32377
-31693
-25725
-15465
-2622
10659
22164
29968
32766
30086
22374
10917
-2369
-15261
-25599
-31650
-32396
-27709
-18372
-5950
7473
19643
28516
32596
31195
24546
13765
664
-12550
-23653
-30771
-32702
-29116
-20616
-8634
4807
17440
27128
32230
31881
26137
15968
3092
-10308
-21966
-29901
-32766
-30072
-22272
-10689
2711
15653
25937
31812
32275
27244
17574
4908
-8595
-20637
-29162
-32712
-30681
-23411
-12140
1206
14349
25041
31451
32480
27948
18630
6117
-7445
-19735
-28641
-32634
-31026
-24089
-13013
301
13567
24501
31222
32570
28309
19172
6728
-6876
-19298
-28393
-32589
-31159
-24347
-13326
0
13328
24354
31166
32585
28360
19220
6748
-6896
-19347
-28443
-32604
-31103
-24198
-13087
301
13640
24608
31294
32533
28105
18778
6176
-7504
-19879
-28786
-32669
-30847
-23635
-12290
1206
14493
25247
31583
32389
27520
17828
5008
-8692
-20870
-29387
-32745
-30352
-22624
-10917
2711
15865
26229
31977
32094
26556
16335
3233
-10442
-22277
-30182
-32757
-29546
-21112
-8944
4807
17712
27483
32390
31559
25136
14256
845
-12717
-24026
-31070
-32598
-28334
-19032
-6345
7473
19964
28903
32697
30666
23169
11540
-2148
-15456
-26008
-31918
-32127
-26596
-16309
-3103
10659
22517
30346
32741
29270
20553
8148
-5719
-18563
-28078
-32552
-31179
-24202
-12874
771
14281
25223
31625
32332
27214
17189
4062
-9798
-21894
-30040
-32762
-29565
-21025
-8682
5233
18204
27882
32514
31257
24336
13002
-691
-14262
-25247
-31650
-32307
-27094
-16955
-3732
10171
22227
30239
32747
29289
20494
7961
-6025
-18915
-28356
-32621
-30929
-23586
-11931
1907
15400
26077
31982
32033
26215
15592
2109
-11762
-23479
-30889
-32629
-28377
-18910
-5966
8077
20637
29402
32756
30080
21861
9613
-4409
-17621
-27585
-32459
-31342
-24435
-13013
816
14497
25499
31785
32188
26631
16140
2656
-11322
-23203
-30782
-32650
-28456
-18976
-5969
8148
20755
29503
32763
29925
21514
9095
-5021
-18204
-27995
-32564
-31058
-23753
-12011
1977
15598
26305
32095
31880
25698
14703
952
-12978
-24480
-31393
-32418
-27360
-17165
-3744
10381
22559
30497
32702
28754
19394
6380
-7836
-20580
-29446
-32762
-29899
-21393
-8847
5370
18577
28275
32630
30814
23169
11138
-3003
-16579
-27016
-32334
-31523
-24733
-13249
751
14612
25700
31906
32048
26096
15179
1372
-12698
-24354
-31371
-32412
-27273
-16932
-3359
10856
23003
30758
32638
28280
18514
5205
-9101
-21669
-30089
-32747
-29131
-19930
-6905
7445
20371
29387
32762
29844
21189
8460
-5898
-19125
-28673
-32702
-30433
-22301
-9868
4468
17946
27963
32585
30916
23274
11134
-3159
-16845
-27275
-32428
-31305
-24119
-12260
1977
15833
26622
32247
31615
24845
13249
-923
-14918
-26016
-32055
-31858
-25461
-14105
0
14107
25468
31864
32046
25975
14832
792
-13405
-24986
-31684
-32188
-26395
-15435
-1452
12817
24578
31525
32292
26727
15917
1981
-12345
-24250
-31393
-32366
-26976
-16280
-2378
11993
24006
31293
32415
27148
16527
2644
-11762
-23850
-31230
-32442
-27244
-16660
-2779
11653
23783
31206
32451
27267
16679
2783
-11667
-23806
-31222
-32441
-27217
-16586
-2656
11803
23919
31277
32412
27094
16378
2398
-12062
-24120
-31370
-32361
-26894
-16056
-2009
12441
24407
31496
32285
26615
15616
1488
-12939
-24777
-31650
-32178
-26251
-15055
-836
13553
25223
31826
32033
25797
14372
52
-14280
-25739
-32015
-31841
-25247
-13561
863
15115
26318
32208
31592
24592
12618
-1908
-16052
-26950
-32393
-31276
-23823
-11540
3083
17085
27622
32556
30880
22932
10324
-4384
-18204
-28323
-32682
-30389
-21909
-8965
5807
19399
29038
32755
29790
20744
7461
-7347
-20658
-29748
-32757
-29067
-19428
-5811
8997
21966
30436
32669
28203
17952
4016
-10746
-23305
-31079
-32468
-27184
-16309
-2077
12583
24657
31656
32135
25992
14491
0
-14493
-25999
-32139
-31644
-24613
-12494
2208
16457
27304
32503
30975
23032
10317
-4537
-18454
-28547
-32719
-30103
-21238
-7961
6971
20458
29694
32757
29007
19220
5431
-9491
-22439
-30713
-32587
-27666
-16973
-2736
12073
24364
31568
32177
26060
14492
-108
-14689
-26197
-32222
-31498
-24174
-11781
3083
17304
27896
32634
30520
21996
8847
-6162
-19879
-29416
-32766
-29219
-19519
-5706
9311
22368
30711
32578
27570
16743
2378
-12491
-24723
-31732
-32033
-25558
-13674
1105
15653
26888
32428
31095
23169
10328
-4707
-18745
-28806
-32750
-29736
-20402
-6728
8378
21705
30414
32650
27932
17262
2911
-12062
-24465
-31651
-32083
-25665
-13765
1077
15692
26955
32455
31012
22932
9941
-5180
-19194
-29098
-32765
-29406
-19738
-5832
9326
22486
30817
32526
27244
16102
1495
-13436
-25478
-32035
-31693
-24521
-12062
2999
17416
28078
32680
30226
21243
7668
-7565
-21167
-30192
-32685
-28105
-17438
-2992
12103
24578
31727
31995
25321
13150
-1876
-16499
-27539
-32596
-30567
-21889
-8448
6833
20630
29936
32722
28377
17845
3419
-11753
-24364
-31659
-32040
-25423
-13249
1823
16499
27568
32607
30508
21729
8189
-7147
-20920
-30108
-32693
-28105
-17347
-2779
12401
24860
31856
31850
24838
12360
-2839
-17416
-28160
-32702
-30037
-20749
-6884
8501
22013
30668
32552
27244
15915
1066
-14020
-26008
-32243
-31342
-23500
-10451
4915
19194
29220
32766
29042
18871
4509
-10856
-23813
-31479
-32147
-25665
-13473
1720
16533
27666
32637
30335
21271
7461
-8015
-21705
-30552
-32578
-27327
-15968
-1038
14125
26133
32294
31228
23169
9920
-5554
-19786
-29584
-32748
-28565
-17970
-3339
12043
24723
31849
31816
24627
11897
-3511
-18132
-28673
-32755
-29458
-19519
-5177
10334
23516
31393
32182
25702
13414
-1907
-16800
-27896
-32682
-30072
-20653
-6555
9029
22570
30997
32395
26445
14492
-751
-15827
-27310
-32589
-30461
-21406
-7481
8148
21926
30713
32507
26894
15151
-48
-15238
-26955
-32522
-30664
-21804
-7961
7702
21608
30575
32549
27076
15403
202
-15047
-26852
-32503
-30703
-21861
-8002
7696
21629
30598
32538
27001
15255
0
-15257
-27007
-32541
-30582
-21579
-7602
8129
21989
30779
32468
26664
14703
-655
-15865
-27411
-32621
-30288
-20948
-6758
8997
22672
31098
32318
26047
13736
-1763
-16855
-28038
-32713
-29790
-19946
-5464
10289
23653
31516
32046
25116
12336
-3319
-18204
-28847
-32766
-29042
-18541
-3711
11987
24889
31977
31593
23823
10480
-5316
-19871
-29777
-32711
-27983
-16697
-1495
14059
26318
32404
30885
22114
8148
-7733
-21801
-30745
-32460
-26539
-14372
1180
16457
27860
32699
29832
19930
5325
-10537
-23916
-31650
-31910
-24631
-11530
4298
19113
29409
32747
28334
17210
2009
-13670
-26112
-32365
-30942
-22178
-8148
7817
21929
30833
32412
26285
13907
-1780
-17047
-28259
-32743
-29429
-19103
-4222
11667
24777
31977
31548
23586
9991
-5992
-20546
-30192
-32619
-27244
-15350
219
15739
27492
32660
30001
20149
5464
-10533
-24006
-31719
-31816
-24270
-10892
5106
19879
29873
32681
27625
15917
373
-15261
-27221
-32621
-30156
-20416
-5748
10308
23879
31684
31836
24293
10875
-5173
-19973
-29942
-32665
-27477
-15633
0
15636
27483
32666
29925
19920
5078
-10999
-24407
-31886
-31615
-23656
-9941
6193
20824
30386
32549
26782
14487
-1341
-16845
-28242
-32749
-29262
-18630
-3445
12583
25539
32252
31078
22301
8064
-8148
-22368
-31111
-32231
-25451
-12429
3643
18824
29387
32737
28047
16465
836
-15001
-27152
-32625
-30072
-20115
-5205
10989
24479
31937
31523
23335
9388
-6876
-21447
-30723
-32412
-26092
-13322
2743
18132
29038
32759
28371
16955
1338
-14612
-26944
-32596
-30164
-20247
-5304
10958
24501
31960
31477
23169
9099
-7236
-21774
-30894
-32323
-25702
-12676
3510
18824
29446
32724
27837
16000
166
-15711
-27666
-32707
-29572
-19041
-3744
12491
25602
32304
30916
21780
7184
-9215
-23305
-31551
-31880
-24205
-10451
5930
20824
30486
32483
26311
13518
-2679
-18204
-29147
-32749
-28098
-16364
-502
15488
27574
32702
29574
18976
3583
-12717
-25806
-32371
-30748
-21345
-6538
9926
23879
31785
31636
23467
9346
-7147
-21830
-30974
-32254
-25342
-11991
4409
19692
29968
32623
26976
14462
-1736
-17495
-28798
-32764
-28377
-16752
-852
15267
27492
32699
29554
18857
3339
-13034
-26077
-32450
-30520
-20777
-5712
10817
24578
32042
31291
22515
7961
-8637
-23021
-31496
-31881
-24075
-10079
6509
21426
30833
32307
25463
12062
-4448
-19815
-30076
-32585
-26689
-13907
2465
18204
29244
32732
27762
15616
-569
-16610
-28356
-32765
-28692
-17189
-1231
15047
27428
32699
29490
18630
2932
-13528
-26478
-32552
-30168
-19943
-4530
12062
25519
32337
30737
21133
6022
-10659
-24565
-32068
-31208
-22206
-7407
9326
23628
31760
31593
23169
8686
-8070
-22719
-31423
-31903
-24028
-9858
6896
21846
31070
32147
24790
10926
-5807
-21019
-30711
-32336
-25461
-11891
4807
20244
30356
32478
26047
12755
-3899
-19528
-30012
-32581
-26556
-13521
3083
18877
29687
32654
26991
14192
-2362
-18294
-29387
-32703
-27360
-14769
1736
17784
29119
32734
27666
15255
-1206
-17349
-28887
-32752
-27913
-15652
771
16993
28695
32761
28105
15962
-434
-16717
-28547
-32765
-28244
-16186
193
16523
28443
32766
28334
16326
-48
-16412
-28387
-32766
-28374
-16382
0
0
0
0
0
0
0
0
0
0
0
0
0
0
0
0
0
0
0
0
0
0
0
0
0
0
0
0
0
0
0
0
0
0
0
0
0
0
0
0
0
0
0
0
0
0
0
0
0
0
0
0
0
0
0
0
0
0
0
0
0
0
0
0
0
0
0
0
0
0
0
0
0
0
0
0
0
0
0
0
0
0
0
0
0
0
0
0
0
0
0
0
0
0
0
0
0
0
0
0
0
0
0
0
0
0
0
0
0
0
0
0
0
0
0
0
0
0
0
0
0
0
0
0
0
0
0
0
0
0
0
0
0
0
0
0
0
0
0
0
0
0
0
0
0
0
0
0
0
0
0
0
0
0
0
0
0
0
0
0
0
0
0
0
0
0
0
0
0
0
0
0
0
0
0
0
0
0
0
0
0
0
0
0
0
0
0
0
0
0
0
0
0
0
0
0
0
0
0
0
0
0
0
0
0
0
0
0
0
0
0
0
0
0
0
0
0
0
0
0
0
0
0
0
0
0
0
0
0
0
0
0
0
0
0
0
0
0
0
0
0
0
0
0
0
0
0
0
0
0
0
0
0
0
0
0
0
0
0
0
0
0
0
0
0
0
0
0
0
0
0
0
0
0
0
0
0
0
0
0
0
0
0
0
0
0
0
0
0
0
0
0
0
0
0
0
0
0
0
0
0
0
0
0
0
0
0
0
0
0
0
0
0
0
0
0
0
0
0
0
0
0
0
0
0
0
0
0
0
0
0
0
0
0
0
0
0
0
0
0
0
0
0
0
0
0
0
0
0
0
0
0
0
0
0
0
0
0
0
0
0
0
0
0
0
0
0
0
0
0
0
0
0
0
0
0
0
0
0
0
0
0
0
0
0
0
0
0
0
0
0
0
0
0
0
0
0
0
0
0
0
0
0
0
0
0
0
0
0
0
0
0
0
0
0
0
0
0
0
0
0
0
0
0
0
0
0
0
0
0
0
0
0
0
0
0
0
0
0
0
0
0
0
0
0
0
0
0
0
0
0
0
0
0
0
0
0
0
0
0
0
0
0
0
0
0
0
0
0
0
0
0
0
0
0
0
0
0
0
0
0
0
0
0
0
0
0
0
0
0
0
0
0
0
0
0
0
0
0
0
0
0
0
0
0
0
0
0
0
0
0
0
0
0
0
0
0
0
0
0
0
0
0
0
0
0
0
0
0
0
0
0
0
0
0
0
0
0
0
0
0
0
0
0
0
0
0
0
0
0
0
0
0
0
0
0
0
0
0
0
0
0
0
0
0
0
0
0
0
0
0
0
0
0
0
0
0
0
0
0
0
0
0
0
0
0
0
0
0
0
0
0
0
0
0
0
0
0
0
0
0
0
0
0
0
0
0
0
0
0
0
0
0
0
0
0
0
0
0
0
0
0
0
0
0
0
0
0
0
0
0
0
0
0
0
0
0
0
0
0
0
0
0
0
0
0
0
0
0
0
0
0
0
0
0
0
0
0
0
0
0
0
0
0
0
0
0
0
0
0
0
0
0
0
0
0
0
0
0
0
0
0
0
0
0
0
0
0
0
0
0
0
0
0
0
0
0
0
0
0
0
0
0
0
0
0
0
0
0
0
0
0
0
0
0
0
0
0
0
0
0
0
0
0
0
0
0
0
0
0
0
0
0
0
0
0
0
0
0
0
0
0
0
0
0
0
0
0
0
0
0
0
0
0
0
0
0
0
0
0
0
0
0
0
0
0
0
0
0
0
0
0
0
0
0
0
0
0
0
0
0
0
0
0
0
0
0
0
0
0
0
0
0
0
0
0
0
0
0
0
0
0
0
0
0
0
0
0
0
0
0
0
0
0
0
0
0
0
0
0
0
0
0
0
0
0
0
0
0
0
0
0
0
0
0
0
0
0
0
0
0
0
0
0
0
0
0
0
0
0
0
0
0
0
0
0
0
0
0
0
0
0
0
0
0
0
0
0
0
0
0
0
0
0
0
0
0
0
0
0
0
0
0
0
0
0
0
0
0
0
0
0
0
0
0
0
0
0
0
0
0
0
0
0
0
0
0
0
0
0
0
0
0
0
0
0
0
0
0
0
0
0
0
0
0
0
0
0
0
0
0
0
0
0
0
0
0
0
0
0
0
0
0
0
0
0
0
0
0
0
0
0
0
0
0
0
0
0
0
0
21844
21282
19623
16955
13413
9180
4474
-462
-5375
-10013
-14136
-17532
-20027
-21492
-21852
-21088
-19241
-16404
-12723
-8388
-3622
1331
6217
10786
14802
18060
20393
21682
21860
20920
18909
15930
12137
7724
2916
-2039
-6891
-11391
-15309
-18447
-20644
-21790
-21827
-20754
-18627
-15556
-11697
-7247
-2434
2498
7299
11726
15556
18594
20689
21737
21687
20544
18368
15271
11412
6987
2221
-2644
-7366
-11707
-15449
-18407
-20435
-21435
-21361
-20221
-18075
-15037
-11261
-6940
-2292
2449
7047
11273
14920
17808
19799
20799
20764
19704
17676
14790
11192
7068
2624
-1917
-6331
-10400
-13928
-16743
-18715
-19754
-19817
-18910
-17088
-14449
-11131
-7304
-3160
1093
5247
9101
12469
15194
17149
18251
18456
17767
16228
13928
10988
7560
3818
-51
-3861
-7427
-10581
-13178
-15102
-16272
-16645
-16219
-15028
-13143
-10670
-7737
-4495
-1104
2269
5466
8337
10754
12611
13835
14381
14241
13438
12027
10091
7734
5079
2258
-590
-3333
-5846
-8018
-9757
-10998
-11698
-11842
-11443
-10537
-9183
-7460
-5461
-3286
-1041
1168
3244
5097
6654
7858
8669
9070
9061
8661
7906
6848
5546
4070
2492
885
-681
-2143
-3445
-4544
-5406
-6011
-6350
-6426
-6255
-5858
-5266
-4514
-3640
-2685
-1687
-683
292
1211
2048
2784
3404
3898
4261
4489
4583
4548
4387
4107
3716
3223
2638
1973
1243
462
-351
-1178
-1995
-2778
-3502
-4140
-4665
-5053
-5280
-5329
-5185
-4841
-4298
-3565
-2657
-1603
-435
802
2065
3298
4449
5463
6290
6884
7208
7236
6952
6356
5461
4294
2899
1327
-354
-2074
-3756
-5321
-6695
-7808
-8600
-9026
-9056
-8677
-7894
-6735
-5243
-3478
-1516
556
2646
4656
6491
8063
9294
10118
10492
10391
9810
8769
7311
5497
3406
1133
-1218
-3540
-5723
-7664
-9271
-10464
-11185
-11396
-11084
-10258
-8955
-7231
-5166
-2852
-398
2083
4477
6671
8563
10064
11105
11636
11632
11094
10047
8540
6644
4448
2054
-426
-2878
-5189
-7252
-8973
-10276
-11102
-11416
-11209
-10493
-9306
-7707
-5772
-3593
-1273
1079
3359
5461
7292
8772
9839
10450
10584
10242
9448
8243
6691
4865
2855
752
-1346
-3347
-5162
-6716
-7944
-8799
-9252
-9292
-8927
-8184
-7103
-5742
-4166
-2450
-673
1088
2757
4267
5556
6577
7296
7691
7757
7502
6947
6125
5080
3861
2525
1129
-267
-1611
-2851
-3941
-4846
-5539
-6000
-6222
-6205
-5959
-5502
-4857
-4055
-3129
-2115
-1051
24
1077
2071
2977
3767
4418
4912
5237
5383
5350
5138
4754
4212
3526
2718
1812
835
-181
-1207
-2207
-3148
-3997
-4722
-5294
-5688
-5885
-5870
-5636
-5184
-4523
-3670
-2651
-1499
-253
1039
2329
3566
4697
5671
6443
6974
7232
7199
6864
6232
5319
4157
2786
1259
-361
-2008
-3612
-5099
-6402
-7457
-8213
-8627
-8672
-8338
-7629
-6569
-5198
-3568
-1750
180
2138
4035
5785
7305
8523
9379
9827
9840
9412
8555
7301
5703
3829
1760
-410
-2585
-4665
-6554
-8164
-9418
-10256
-10636
-10537
-9960
-8928
-7486
-5697
-3641
-1411
890
3159
5291
7188
8764
9944
10674
10922
10674
9944
8764
7188
5291
3159
890
-1411
-3641
-5697
-7486
-8928
-9960
-10537
-10636
-10256
-9418
-8164
-6554
-4665
-2585
-410
1760
3829
5703
7301
8555
9412
9840
9827
9379
8523
7305
5785
4035
2138
180
-1750
-3568
-5198
-6569
-7629
-8338
-8672
-8627
-8213
-7457
-6402
-5099
-3612
-2008
-361
1259
2786
4157
5319
6232
6864
7199
7232
6974
6443
5671
4697
3566
2329
1039
-253
-1499
-2651
-3670
-4523
-5184
-5636
-5870
-5885
-5688
-5294
-4722
-3997
-3148
-2207
-1207
-181
835
1812
2718
3526
4212
4754
5138
5350
5383
5237
4912
4418
3767
2977
2071
1077
24
-1051
-2115
-3129
-4055
-4857
-5502
-5959
-6205
-6222
-6000
-5539
-4846
-3941
-2851
-1611
-267
1129
2525
3861
5080
6125
6947
7502
7757
7691
7296
6577
5556
4267
2757
1088
-673
-2450
-4166
-5742
-7103
-8184
-8927
-9292
-9252
-8799
-7944
-6716
-5162
-3347
-1346
752
2855
4865
6691
8243
9448
10242
10584
10450
9839
8772
7292
5461
3359
1079
-1273
-3593
-5772
-7707
-9306
-10493
-11209
-11416
-11102
-10276
-8973
-7252
-5189
-2878
-426
2054
4448
6644
8540
10047
11094
11632
11636
11105
10064
8563
6671
4477
2083
-398
-2852
-5166
-7231
-8955
-10258
-11084
-11396
-11185
-10464
-9271
-7664
-5723
-3540
-1218
1133
3406
5497
7311
8769
9810
10391
10492
10118
9294
8063
6491
4656
2646
556
-1516
-3478
-5243
-6735
-7894
-8677
-9056
-9026
-8600
-7808
-6695
-5321
-3756
-2074
-354
1327
2899
4294
5461
6356
6952
7236
7208
6884
6290
5463
4449
3298
2065
802
-435
-1603
-2657
-3565
-4298
-4841
-5185
-5329
-5280
-5053
-4665
-4140
-3502
-2778
-1995
-1178
-351
462
1243
1973
2638
3223
3716
4107
4387
4548
4583
4489
4261
3898
3404
2784
2048
1211
292
-683
-1687
-2685
-3640
-4514
-5266
-5858
-6255
-6426
-6350
-6011
-5406
-4544
-3445
-2143
-681
885
2492
4070
5546
6848
7906
8661
9061
9070
8669
7858
6654
5097
3244
1168
-1041
-3286
-5461
-7460
-9183
-10537
-11443
-11842
-11698
-10998
-9757
-8018
-5846
-3333
-590
2258
5079
7734
10091
12027
13438
14241
14381
13835
12611
10754
8337
5466
2269
-1104
-4495
-7737
-10670
-13143
-15028
-16219
-16645
-16272
-15102
-13178
-10581
-7427
-3861
-51
3818
7560
10988
13928
16228
17767
18456
18251
17149
15194
12469
9101
5247
1093
-3160
-7304
-11131
-14449
-17088
-18910
-19817
-19754
-18715
-16743
-13928
-10400
-6331
-1917
2624
7068
11192
14790
17676
19704
20764
20799
19799
17808
14920
11273
7047
2449
-2292
-6940
-11261
-15037
-18075
-20221
-21361
-21435
-20435
-18407
-15449
-11707
-7366
-2644
2221
6987
11412
15271
18368
20544
21687
21737
20689
18594
15556
11726
7299
2498
-2434
-7247
-11697
-15556
-18627
-20754
-21827
-21790
-20644
-18447
-15309
-11391
-6891
-2039
2916
7724
12137
15930
18909
20920
21860
21682
20393
18060
14802
10786
6217
1331
-3622
-8388
-12723
-16404
-19241
-21088
-21852
-21492
-20027
-17532
-14136
-10013
-5375
-462
4474
9180
13413
16955
19623
21282
0
0
0
0
0
0
0
0
0
0
0
0
0
0
0
0
0
0
0
0
0
0
0
0
0
0
0
0
0
0
0
0
0
0
0
0
0
0
0
0
0
0
0
0
0
0
0
0
0
0
0
0
0
0
0
0
0
0
0
0
0
0
0
0
0
0
0
-10922
-10628
-9762
-8370
-6529
-4338
-1914
609
3097
5415
7437
9056
10183
10759
10753
10166
9032
7412
5396
3093
630
-1860
-4242
-6386
-8177
-9517
-10335
-10588
-10263
-9379
-7986
-6162
-4007
-1639
808
3204
5416
7323
8820
9826
10287
10177
9505
8308
6654
4634
2360
-40
-2434
-4689
-6679
-8295
-9445
-10066
-10123
-9612
-8561
-7028
-5097
-2877
-490
1930
4248
6335
8072
9360
10126
10324
9941
8993
7533
5637
3410
973
-1536
-3981
-6223
-8136
-9609
-10557
-10922
-10678
-9833
-8427
-6534
-4252
-1705
968
3624
6113
8298
10053
11276
11895
11867
11185
9879
8011
5676
2996
110
-2825
-5653
-8220
-10381
-12015
-13027
-13353
-12967
-11879
-10137
-7826
-5061
-1983
1248
4464
7494
10174
12359
13925
14783
14878
14195
12758
10635
7925
4765
1311
-2258
-5761
-9014
-11845
-14104
-15667
-16444
-16388
-15491
-13790
-11364
-8329
-4833
-1051
2826
6605
10091
13104
15486
17111
17890
17777
16768
14909
12284
9020
5277
1238
-2895
-6918
-10628
-13837
-16383
-18134
-18997
-18926
-17919
-16019
-13319
-9946
-6065
-1866
2444
6656
10560
13962
16695
18622
19646
19714
18822
17011
14368
11021
7132
2890
-1496
-5817
-9861
-13430
-16354
-18489
-19734
-20028
-19360
-17762
-15313
-12133
-8377
-4227
116
4445
8551
12237
15330
17684
19189
19777
19425
18154
16030
13158
9679
5761
1593
-2625
-6695
-10425
-13642
-16197
-17976
-18901
-18936
-18087
-16401
-13966
-10901
-7357
-3503
478
4399
8080
11351
14065
16104
17380
17844
17484
16327
14437
11909
8868
5461
1847
-1805
-5329
-8565
-11372
-13627
-15238
-16141
-16306
-15738
-14473
-12580
-10153
-7311
-4186
-923
2330
5430
8243
10648
12547
13866
14557
14600
14007
12814
11085
8904
6374
3610
737
-2119
-4838
-7306
-9422
-11102
-12284
-12927
-13013
-12549
-11564
-10110
-8254
-6083
-3690
-1180
1342
3773
6014
7975
9582
10773
11507
11761
11530
10831
9698
8183
6350
4277
2050
-239
-2501
-4643
-6581
-8239
-9553
-10474
-10965
-11011
-10611
-9783
-8561
-6995
-5150
-3098
-924
1286
3443
5461
7256
8756
9899
10638
10941
10794
10202
9185
7785
6056
4068
1903
-351
-2601
-4753
-6716
-8405
-9749
-10687
-11177
-11194
-10735
-9815
-8470
-6755
-4740
-2511
-161
2208
4494
6598
8425
9894
10939
11511
11581
11144
10216
8835
7060
4967
2648
205
-2254
-4619
-6785
-8653
-10139
-11174
-11712
-11726
-11215
-10201
-8730
-6866
-4696
-2316
164
2633
4978
7092
8879
10258
11168
11568
11440
10794
9660
8093
6167
3972
1612
-805
-3166
-5364
-7298
-8880
-10041
-10731
-10922
-10610
-9815
-8579
-6965
-5052
-2932
-708
1516
3637
5557
7190
8465
9326
9743
9702
9214
8310
7041
5474
3689
1774
-178
-2075
-3828
-5359
-6601
-7503
-8032
-8173
-7930
-7326
-6402
-5210
-3817
-2295
-721
827
2278
3565
4633
5439
5956
6171
6086
5721
5106
4282
3301
2219
1094
-14
-1053
-1976
-2742
-3323
-3703
-3876
-3848
-3636
-3264
-2767
-2180
-1545
-901
-285
269
737
1099
1345
1473
1489
1407
1246
1031
788
544
324
150
38
0
38
150
324
544
788
1031
1246
1407
1489
1473
1345
1099
737
269
-285
-901
-1545
-2180
-2767
-3264
-3636
-3848
-3876
-3703
-3323
-2742
-1976
-1053
-14
1094
2219
3301
4282
5106
5721
6086
6171
5956
5439
4633
3565
2278
827
-721
-2295
-3817
-5210
-6402
-7326
-7930
-8173
-8032
-7503
-6601
-5359
-3828
-2075
-178
1774
3689
5474
7041
8310
9214
9702
9743
9326
8465
7190
5557
3637
1516
-708
-2932
-5052
-6965
-8579
-9815
-10610
-10922
-10731
-10041
-8880
-7298
-5364
-3166
-805
1612
3972
6167
8093
9660
10794
11440
11568
11168
10258
8879
7092
4978
2633
164
-2316
-4696
-6866
-8730
-10201
-11215
-11726
-11712
-11174
-10139
-8653
-6785
-4619
-2254
205
2648
4967
7060
8835
10216
11144
11581
11511
10939
9894
8425
6598
4494
2208
-161
-2511
-4740
-6755
-8470
-9815
-10735
-11194
-11177
-10687
-9749
-8405
-6716
-4753
-2601
-351
1903
4068
6056
7785
9185
10202
10794
10941
10638
9899
8756
7256
5461
3443
1286
-924
-3098
-5150
-6995
-8561
-9783
-10611
-11011
-10965
-10474
-9553
-8239
-6581
-4643
-2501
-239
2050
4277
6350
8183
9698
10831
11530
11761
11507
10773
9582
7975
6014
3773
1342
-1180
-3690
-6083
-8254
-10110
-11564
-12549
-13013
-12927
-12284
-11102
-9422
-7306
-4838
-2119
737
3610
6374
8904
11085
12814
14007
14600
14557
13866
12547
10648
8243
5430
2330
-923
-4186
-7311
-10153
-12580
-14473
-15738
-16306
-16141
-15238
-13627
-11372
-8565
-5329
-1805
1847
5461
8868
11909
14437
16327
17484
17844
17380
16104
14065
11351
8080
4399
478
-3503
-7357
-10901
-13966
-16401
-18087
-18936
-18901
-17976
-16197
-13642
-10425
-6695
-2625
1593
5761
9679
13158
16030
18154
19425
19777
19189
17684
15330
12237
8551
4445
116
-4227
-8377
-12133
-15313
-17762
-19360
-20028
-19734
-18489
-16354
-13430
-9861
-5817
-1496
2890
7132
11021
14368
17011
18822
19714
19646
18622
16695
13962
10560
6656
2444
-1866
-6065
-9946
-13319
-16019
-17919
-18926
-18997
-18134
-16383
-13837
-10628
-6918
-2895
1238
5277
9020
12284
14909
16768
17777
17890
17111
15486
13104
10091
6605
2826
-1051
-4833
-8329
-11364
-13790
-15491
-16388
-16444
-15667
-14104
-11845
-9014
-5761
-2258
1311
4765
7925
10635
12758
14195
14878
14783
13925
12359
10174
7494
4464
1248
-1983
-5061
-7826
-10137
-11879
-12967
-13353
-13027
-12015
-10381
-8220
-5653
-2825
110
2996
5676
8011
9879
11185
11867
11895
11276
10053
8298
6113
3624
968
-1705
-4252
-6534
-8427
-9833
-10678
-10922
-10557
-9609
-8136
-6223
-3981
-1536
973
3410
5637
7533
8993
9941
10324
10126
9360
8072
6335
4248
1930
-490
-2877
-5097
-7028
-8561
-9612
-10123
-10066
-9445
-8295
-6679
-4689
-2434
-40
2360
4634
6654
8308
9505
10177
10287
9826
8820
7323
5416
3204
808
-1639
-4007
-6162
-7986
-9379
-10263
-10588
-10335
-9517
-8177
-6386
-4242
-1860
630
3093
5396
7412
9032
10166
10753
10759
10183
9056
7437
5415
3097
609
-1914
-4338
-6529
-8370
-9762
-10628
0
0
0
0
0
0
0
0
0
0
0
0
0
0
0
0
0
0
0
0
0
0
0
0
0
0
0
0
0
0
0
0
0
0
0
0
0
0
0
0
0
0
0
0
0
0
0
0
0
0
0
0
0
0
0
0
0
0
0
0
0
0
0
0
0
0
0
0
-21
-85
-186
-315
-460
-609
-747
-858
-931
-951
-911
-803
-625
-380
-75
278
667
1071
1469
1838
2156
2400
2551
2590
2508
2297
1957
1494
923
263
-459
-1215
-1968
-2683
-3321
-3846
-4227
-4436
-4451
-4261
-3861
-3259
-2471
-1524
-454
694
1873
3026
4099
5037
5789
6309
6563
6526
6185
5542
4614
3431
2038
490
-1145
-2797
-4387
-5838
-7077
-8036
-8660
-8906
-8747
-8177
-7205
-5864
-4202
-2286
-198
1971
4121
6151
7961
9459
10563
11208
11351
10969
10063
8659
6810
4590
2091
-575
-3288
-5921
-8348
-10448
-12114
-13254
-13802
-13716
-12985
-11627
-9690
-7253
-4419
-1313
1924
5143
8191
10918
13189
14887
15919
16223
15768
14562
12647
10099
7029
3572
-114
-3861
-7490
-10827
-13709
-15990
-17553
-18312
-18217
-17261
-15475
-12932
-9742
-6046
-2015
2164
6297
10184
13638
16489
18593
19842
20166
19538
17979
15552
12364
8558
4310
-180
-4704
-9045
-12994
-16360
-18977
-20715
-21483
-21238
-19984
-17773
-14706
-10922
-6598
-1936
2840
7507
11840
15629
18693
20881
22085
22245
21349
19436
16595
12959
8700
4020
-857
-5700
-10277
-14368
-17778
-20343
-21940
-22494
-21978
-20418
-17888
-14512
-10451
-5902
-1084
3773
8437
12684
16313
19152
21067
21972
21827
20644
18484
15457
11711
7431
2825
-1883
-6470
-10714
-14416
-17402
-19534
-20717
-20903
-20091
-18330
-15714
-12375
-8482
-4227
180
4528
8609
12229
15221
17448
18813
19263
18788
17424
15249
12380
8966
5179
1206
-2756
-6519
-9905
-12757
-14947
-16383
-17009
-16810
-15813
-14082
-11715
-8840
-5606
-2178
1273
4583
7594
10167
12189
13576
14277
14276
13593
12278
10414
8107
5482
2675
-171
-2917
-5433
-7603
-9333
-10555
-11226
-11334
-10893
-9946
-8559
-6818
-4821
-2678
-500
1602
3531
5198
6532
7484
8024
8148
7870
7226
6268
5062
3685
2215
733
-682
-1965
-3057
-3915
-4512
-4835
-4889
-4692
-4277
-3685
-2964
-2169
-1350
-559
160
773
1253
1585
1767
1805
1717
1528
1267
970
670
399
184
47
0
46
182
392
655
943
1225
1468
1641
1714
1666
1484
1162
706
132
-532
-1255
-1992
-2699
-3327
-3831
-4169
-4306
-4219
-3894
-3335
-2555
-1583
-463
753
2005
3224
4344
5297
6025
6476
6613
6416
5879
5017
3861
2462
883
-798
-2500
-4132
-5608
-6845
-7772
-8332
-8484
-8210
-7511
-6413
-4962
-3224
-1281
769
2826
4783
6538
7996
9077
9718
9879
9542
8716
7436
5759
3767
1555
-764
-3076
-5260
-7204
-8805
-9976
-10654
-10797
-10394
-9459
-8034
-6190
-4016
-1621
872
3338
5650
7688
9344
10532
11188
11275
10786
9742
8196
6225
3928
1424
-1159
-3689
-6034
-8072
-9697
-10825
-11394
-11376
-10770
-9607
-7946
-5874
-3497
-940
1663
4178
6474
8430
9945
10938
11359
11185
10426
9123
7344
5182
2754
185
-2387
-4829
-7011
-8818
-10155
-10953
-11169
-10794
-9848
-8382
-6474
-4227
-1760
795
3303
5630
7652
9263
10376
10933
10905
10295
9134
7487
5440
3104
605
-1924
-4349
-6539
-8377
-9765
-10629
-10922
-10629
-9765
-8377
-6539
-4349
-1924
605
3104
5440
7487
9134
10295
10905
10933
10376
9263
7652
5630
3303
795
-1760
-4227
-6474
-8382
-9848
-10794
-11169
-10953
-10155
-8818
-7011
-4829
-2387
185
2754
5182
7344
9123
10426
11185
11359
10938
9945
8430
6474
4178
1663
-940
-3497
-5874
-7946
-9607
-10770
-11376
-11394
-10825
-9697
-8072
-6034
-3689
-1159
1424
3928
6225
8196
9742
10786
11275
11188
10532
9344
7688
5650
3338
872
-1621
-4016
-6190
-8034
-9459
-10394
-10797
-10654
-9976
-8805
-7204
-5260
-3076
-764
1555
3767
5759
7436
8716
9542
9879
9718
9077
7996
6538
4783
2826
769
-1281
-3224
-4962
-6413
-7511
-8210
-8484
-8332
-7772
-6845
-5608
-4132
-2500
-798
883
2462
3861
5017
5879
6416
6613
6476
6025
5297
4344
3224
2005
753
-463
-1583
-2555
-3335
-3894
-4219
-4306
-4169
-3831
-3327
-2699
-1992
-1255
-532
132
706
1162
1484
1666
1714
1641
1468
1225
943
655
392
182
46
0
47
184
399
670
970
1267
1528
1717
1805
1767
1585
1253
773
160
-559
-1350
-2169
-2964
-3685
-4277
-4692
-4889
-4835
-4512
-3915
-3057
-1965
-682
733
2215
3685
5062
6268
7226
7870
8148
8024
7484
6532
5198
3531
1602
-500
-2678
-4821
-6818
-8559
-9946
-10893
-11334
-11226
-10555
-9333
-7603
-5433
-2917
-171
2675
5482
8107
10414
12278
13593
14276
14277
13576
12189
10167
7594
4583
1273
-2178
-5606
-8840
-11715
-14082
-15813
-16810
-17009
-16383
-14947
-12757
-9905
-6519
-2756
1206
5179
8966
12380
15249
17424
18788
19263
18813
17448
15221
12229
8609
4528
180
-4227
-8482
-12375
-15714
-18330
-20091
-20903
-20717
-19534
-17402
-14416
-10714
-6470
-1883
2825
7431
11711
15457
18484
20644
21827
21972
21067
19152
16313
12684
8437
3773
-1084
-5902
-10451
-14512
-17888
-20418
-21978
-22494
-21940
-20343
-17778
-14368
-10277
-5700
-857
4020
8700
12959
16595
19436
21349
22245
22085
20881
18693
15629
11840
7507
2840
-1936
-6598
-10922
-14706
-17773
-19984
-21238
-21483
-20715
-18977
-16360
-12994
-9045
-4704
-180
4310
8558
12364
15552
17979
19538
20166
19842
18593
16489
13638
10184
6297
2164
-2015
-6046
-9742
-12932
-15475
-17261
-18217
-18312
-17553
-15990
-13709
-10827
-7490
-3861
-114
3572
7029
10099
12647
14562
15768
16223
15919
14887
13189
10918
8191
5143
1924
-1313
-4419
-7253
-9690
-11627
-12985
-13716
-13802
-13254
-12114
-10448
-8348
-5921
-3288
-575
2091
4590
6810
8659
10063
10969
11351
11208
10563
9459
7961
6151
4121
1971
-198
-2286
-4202
-5864
-7205
-8177
-8747
-8906
-8660
-8036
-7077
-5838
-4387
-2797
-1145
490
2038
3431
4614
5542
6185
6526
6563
6309
5789
5037
4099
3026
1873
694
-454
-1524
-2471
-3259
-3861
-4261
-4451
-4436
-4227
-3846
-3321
-2683
-1968
-1215
-459
263
923
1494
1957
2297
2508
2590
2551
2400
2156
1838
1469
1071
667
278
-75
-380
-625
-803
-911
-951
-931
-858
-747
-609
-460
-315
-186
-85
-21
0
0
0
0
0
0
0
0
0
0
0
0
0
0
0
0
0
0
0
0
0
0
0
0
0
0
0
0
0
0
0
0
0
0
0
0
0
0
0
0
0
0
0
0
0
0
0
0
0
0
0
0
0
0
0
0
0
0
0
0
0
0
0
0
0
0
0
21844
21359
19927
17610
14511
10768
6546
2032
-2572
-7064
-11243
-14925
-17944
-20167
-21495
-21867
-21267
-19720
-17294
-14097
-10271
-5984
-1429
3192
7674
11816
15433
18363
20474
21670
21898
21145
19446
16874
13545
9606
5235
627
-4010
-8469
-12549
-16064
-18857
-20800
-21806
-21828
-20865
-18959
-16197
-12703
-8635
-4178
466
5086
9472
13425
16765
19339
21031
21763
21503
20263
18101
15117
11447
7261
2752
-1873
-6402
-10626
-14352
-17410
-19659
-20998
-21367
-20753
-19185
-16739
-13531
-9712
-5461
-976
3532
7856
11794
15166
17817
19628
20516
20447
19428
17513
14795
11407
7512
3295
-1042
-5299
-9274
-12782
-15662
-17784
-19054
-19419
-18870
-17440
-15206
-12279
-8806
-4956
-916
3121
6964
10432
13364
15628
17122
17786
17597
16577
14783
12314
9295
5879
2236
-1455
-5018
-8282
-11094
-13327
-14882
-15695
-15740
-15027
-13604
-11553
-8987
-6038
-2859
391
3552
6471
9010
11052
12507
13317
13456
12932
11787
10092
7944
5462
2777
29
-2642
-5105
-7242
-8953
-10164
-10826
-10922
-10463
-9489
-8065
-6278
-4230
-2037
182
2313
4246
5885
7154
7998
8386
8313
7799
6886
5638
4134
2467
733
-967
-2541
-3905
-4989
-5741
-6129
-6143
-5795
-5118
-4162
-2993
-1687
-327
1001
2220
3256
4050
4558
4755
4633
4206
3506
2581
1494
315
-879
-2011
-3007
-3804
-4349
-4604
-4553
-4193
-3545
-2647
-1550
-322
962
2224
3384
4368
5110
5558
5679
5455
4891
4010
2858
1494
-7
-1562
-3082
-4478
-5665
-6570
-7133
-7314
-7090
-6465
-5461
-4124
-2521
-732
1148
3020
4782
6333
7587
8467
8918
8907
8424
7485
6131
4425
2451
308
-1894
-4041
-6018
-7720
-9052
-9940
-10330
-10194
-9532
-8370
-6764
-4788
-2542
-138
2302
4653
6794
8611
10009
10912
11270
11059
10287
8987
7225
5085
2676
118
-2458
-4922
-7148
-9022
-10447
-11349
-11682
-11427
-10596
-9231
-7400
-5198
-2734
-136
2465
4937
7156
9007
10400
11263
11555
11264
10407
9030
7205
5028
2613
83
-2431
-4803
-6911
-8650
-9935
-10704
-10922
-10583
-9710
-8354
-6589
-4511
-2230
134
2458
4624
6521
8054
9149
9756
9851
9435
8540
7218
5545
3616
1536
-583
-2630
-4497
-6090
-7328
-8153
-8528
-8442
-7909
-6966
-5673
-4105
-2354
-518
1300
3003
4500
5712
6579
7060
7137
6814
6117
5094
3808
2339
773
-797
-2284
-3603
-4680
-5458
-5898
-5979
-5703
-5091
-4186
-3045
-1739
-348
1042
2351
3499
4418
5054
5371
5352
4998
4332
3396
2246
953
-405
-1745
-2986
-4051
-4875
-5404
-5604
-5461
-4977
-4180
-3111
-1832
-417
1052
2490
3810
4932
5785
6316
6487
6281
5703
4779
3555
2096
480
-1202
-2858
-4392
-5716
-6750
-7430
-7712
-7572
-7009
-6046
-4729
-3123
-1311
610
2540
4371
6004
7346
8318
8864
8945
8551
7694
6414
4772
2851
748
-1425
-3558
-5534
-7249
-8608
-9535
-9976
-9903
-9314
-8234
-6715
-4832
-2680
-368
1983
4253
6323
8084
9441
10323
10681
10492
9764
8532
6856
4823
2534
108
-2329
-4656
-6749
-8501
-9822
-10643
-10922
-10643
-9822
-8501
-6749
-4656
-2329
108
2534
4823
6856
8532
9764
10492
10681
10323
9441
8084
6323
4253
1983
-368
-2680
-4832
-6715
-8234
-9314
-9903
-9976
-9535
-8608
-7249
-5534
-3558
-1425
748
2851
4772
6414
7694
8551
8945
8864
8318
7346
6004
4371
2540
610
-1311
-3123
-4729
-6046
-7009
-7572
-7712
-7430
-6750
-5716
-4392
-2858
-1202
480
2096
3555
4779
5703
6281
6487
6316
5785
4932
3810
2490
1052
-417
-1832
-3111
-4180
-4977
-5461
-5604
-5404
-4875
-4051
-2986
-1745
-405
953
2246
3396
4332
4998
5352
5371
5054
4418
3499
2351
1042
-348
-1739
-3045
-4186
-5091
-5703
-5979
-5898
-5458
-4680
-3603
-2284
-797
773
2339
3808
5094
6117
6814
7137
7060
6579
5712
4500
3003
1300
-518
-2354
-4105
-5673
-6966
-7909
-8442
-8528
-8153
-7328
-6090
-4497
-2630
-583
1536
3616
5545
7218
8540
9435
9851
9756
9149
8054
6521
4624
2458
134
-2230
-4511
-6589
-8354
-9710
-10583
-10922
-10704
-9935
-8650
-6911
-4803
-2431
83
2613
5028
7205
9030
10407
11264
11555
11263
10400
9007
7156
4937
2465
-136
-2734
-5198
-7400
-9231
-10596
-11427
-11682
-11349
-10447
-9022
-7148
-4922
-2458
118
2676
5085
7225
8987
10287
11059
11270
10912
10009
8611
6794
4653
2302
-138
-2542
-4788
-6764
-8370
-9532
-10194
-10330
-9940
-9052
-7720
-6018
-4041
-1894
308
2451
4425
6131
7485
8424
8907
8918
8467
7587
6333
4782
3020
1148
-732
-2521
-4124
-5461
-6465
-7090
-7314
-7133
-6570
-5665
-4478
-3082
-1562
-7
1494
2858
4010
4891
5455
5679
5558
5110
4368
3384
2224
962
-322
-1550
-2647
-3545
-4193
-4553
-4604
-4349
-3804
-3007
-2011
-879
315
1494
2581
3506
4206
4633
4755
4558
4050
3256
2220
1001
-327
-1687
-2993
-4162
-5118
-5795
-6143
-6129
-5741
-4989
-3905
-2541
-967
733
2467
4134
5638
6886
7799
8313
8386
7998
7154
5885
4246
2313
182
-2037
-4230
-6278
-8065
-9489
-10463
-10922
-10826
-10164
-8953
-7242
-5105
-2642
29
2777
5462
7944
10092
11787
12932
13456
13317
12507
11052
9010
6471
3552
391
-2859
-6038
-8987
-11553
-13604
-15027
-15740
-15695
-14882
-13327
-11094
-8282
-5018
-1455
2236
5879
9295
12314
14783
16577
17597
17786
17122
15628
13364
10432
6964
3121
-916
-4956
-8806
-12279
-15206
-17440
-18870
-19419
-19054
-17784
-15662
-12782
-9274
-5299
-1042
3295
7512
11407
14795
17513
19428
20447
20516
19628
17817
15166
11794
7856
3532
-976
-5461
-9712
-13531
-16739
-19185
-20753
-21367
-20998
-19659
-17410
-14352
-10626
-6402
-1873
2752
7261
11447
15117
18101
20263
21503
21763
21031
19339
16765
13425
9472
5086
466
-4178
-8635
-12703
-16197
-18959
-20865
-21828
-21806
-20800
-18857
-16064
-12549
-8469
-4010
627
5235
9606
13545
16874
19446
21145
21898
21670
20474
18363
15433
11816
7674
3192
-1429
-5984
-10271
-14097
-17294
-19720
-21267
-21867
-21495
-20167
-17944
-14925
-11243
-7064
-2572
2032
6546
10768
14511
17610
19927
21359
0
0
0
0
0
0
0
0
0
0
0
0
0
0
0
0
0
0
0
0
0
0
0
0
0
0
0
0
0
0
0
0
0
0
0
0
0
0
0
0
0
0
0
0
0
0
0
0
0
0
0
0
0
0
0
0
0
0
0
0
0
0
0
0
0
0
0
-10922
-10598
-9645
-8118
-6104
-3719
-1099
1604
4234
6638
8675
10223
11190
11514
11168
10166
8557
6426
3887
1080
-1838
-4706
-7359
-9644
-11427
-12599
-13084
-12845
-11882
-10236
-7986
-5247
-2159
1111
4391
7500
10266
12533
14168
15072
15183
14481
12990
10776
7944
4634
1013
-2730
-6402
-9806
-12760
-15102
-16697
-17452
-17314
-16276
-14379
-11708
-8390
-4588
-490
3695
7756
11481
14675
17168
18824
19549
19294
18060
15900
12912
9239
5059
578
-3981
-8391
-12427
-15883
-18582
-20381
-21183
-20940
-19657
-17389
-14242
-10368
-5953
-1214
3615
8298
12601
16309
19237
21236
22205
22090
20895
18675
15535
11627
7141
2295
-2673
-7523
-12015
-15931
-19079
-21306
-22502
-22611
-21626
-19598
-16625
-12853
-8467
-3680
1275
6159
10735
14783
18111
20559
22014
22410
21733
20020
17360
13886
9768
5209
429
-4340
-8873
-12952
-16388
-19021
-20732
-21448
-21143
-19842
-17616
-14580
-10886
-6716
-2273
2229
6577
10568
14017
16768
18701
19735
19834
19006
17303
14818
11678
8042
4085
0
-4022
-7795
-11146
-13927
-16019
-17338
-17836
-17506
-16379
-14522
-12036
-9048
-5706
-2171
1390
4815
7950
10659
12826
14368
15228
15384
14847
13658
11887
9630
6999
4124
1139
-1820
-4622
-7148
-9294
-10975
-12133
-12732
-12762
-12240
-11207
-9722
-7864
-5725
-3406
-1012
1353
3592
5613
7339
8709
9679
10221
10329
10014
9303
8239
6877
5281
3523
1678
-180
-1979
-3650
-5136
-6384
-7357
-8025
-8374
-8400
-8111
-7526
-6673
-5591
-4322
-2915
-1423
99
1599
3025
4327
5461
6388
7078
7508
7662
7535
7131
6463
5553
4432
3139
1718
220
-1300
-2788
-4186
-5440
-6499
-7320
-7865
-8107
-8031
-7633
-6922
-5918
-4657
-3184
-1554
167
1913
3610
5186
6571
7702
8526
9001
9098
8806
8129
7089
5724
4088
2247
280
-1728
-3690
-5517
-7125
-8437
-9391
-9938
-10046
-9705
-8923
-7730
-6174
-4323
-2258
-69
2142
4277
6234
7923
9262
10187
10650
10627
10115
9134
7726
5955
3900
1657
-671
-2976
-5150
-7090
-8704
-9916
-10667
-10922
-10667
-9914
-8697
-7075
-5123
-2934
-611
1734
3992
6056
7828
9225
10182
10655
10623
10091
9085
7657
5877
3831
1619
-652
-2874
-4941
-6755
-8232
-9304
-9924
-10066
-9728
-8931
-7719
-6154
-4316
-2296
-193
1889
3852
5603
7060
8158
8848
9104
8920
8312
7316
5988
4397
2625
761
-1102
-2876
-4475
-5825
-6866
-7554
-7862
-7784
-7333
-6538
-5446
-4119
-2625
-1042
548
2071
3452
4627
5545
6167
6471
6451
6117
5495
4625
3556
2348
1065
-226
-1463
-2585
-3541
-4289
-4798
-5052
-5047
-4793
-4312
-3637
-2809
-1875
-887
102
1045
1894
2611
3164
3534
3709
3689
3484
3113
2604
1988
1303
588
-118
-780
-1366
-1849
-2209
-2434
-2520
-2470
-2295
-2010
-1639
-1206
-738
-263
193
608
961
1237
1425
1523
1530
1454
1304
1094
842
565
281
6
-242
-453
-618
-731
-789
-795
-753
-671
-559
-426
-285
-145
-17
92
177
236
266
270
251
215
169
119
72
33
8
0
8
33
72
119
169
215
251
270
266
236
177
92
-17
-145
-285
-426
-559
-671
-753
-795
-789
-731
-618
-453
-242
6
281
565
842
1094
1304
1454
1530
1523
1425
1237
961
608
193
-263
-738
-1206
-1639
-2010
-2295
-2470
-2520
-2434
-2209
-1849
-1366
-780
-118
588
1303
1988
2604
3113
3484
3689
3709
3534
3164
2611
1894
1045
102
-887
-1875
-2809
-3637
-4312
-4793
-5047
-5052
-4798
-4289
-3541
-2585
-1463
-226
1065
2348
3556
4625
5495
6117
6451
6471
6167
5545
4627
3452
2071
548
-1042
-2625
-4119
-5446
-6538
-7333
-7784
-7862
-7554
-6866
-5825
-4475
-2876
-1102
761
2625
4397
5988
7316
8312
8920
9104
8848
8158
7060
5603
3852
1889
-193
-2296
-4316
-6154
-7719
-8931
-9728
-10066
-9924
-9304
-8232
-6755
-4941
-2874
-652
1619
3831
5877
7657
9085
10091
10623
10655
10182
9225
7828
6056
3992
1734
-611
-2934
-5123
-7075
-8697
-9914
-10667
-10922
-10667
-9916
-8704
-7090
-5150
-2976
-671
1657
3900
5955
7726
9134
10115
10627
10650
10187
9262
7923
6234
4277
2142
-69
-2258
-4323
-6174
-7730
-8923
-9705
-10046
-9938
-9391
-8437
-7125
-5517
-3690
-1728
280
2247
4088
5724
7089
8129
8806
9098
9001
8526
7702
6571
5186
3610
1913
167
-1554
-3184
-4657
-5918
-6922
-7633
-8031
-8107
-7865
-7320
-6499
-5440
-4186
-2788
-1300
220
1718
3139
4432
5553
6463
7131
7535
7662
7508
7078
6388
5461
4327
3025
1599
99
-1423
-2915
-4322
-5591
-6673
-7526
-8111
-8400
-8374
-8025
-7357
-6384
-5136
-3650
-1979
-180
1678
3523
5281
6877
8239
9303
10014
10329
10221
9679
8709
7339
5613
3592
1353
-1012
-3406
-5725
-7864
-9722
-11207
-12240
-12762
-12732
-12133
-10975
-9294
-7148
-4622
-1820
1139
4124
6999
9630
11887
13658
14847
15384
15228
14368
12826
10659
7950
4815
1390
-2171
-5706
-9048
-12036
-14522
-16379
-17506
-17836
-17338
-16019
-13927
-11146
-7795
-4022
0
4085
8042
11678
14818
17303
19006
19834
19735
18701
16768
14017
10568
6577
2229
-2273
-6716
-10886
-14580
-17616
-19842
-21143
-21448
-20732
-19021
-16388
-12952
-8873
-4340
429
5209
9768
13886
17360
20020
21733
22410
22014
20559
18111
14783
10735
6159
1275
-3680
-8467
-12853
-16625
-19598
-21626
-22611
-22502
-21306
-19079
-15931
-12015
-7523
-2673
2295
7141
11627
15535
18675
20895
22090
22205
21236
19237
16309
12601
8298
3615
-1214
-5953
-10368
-14242
-17389
-19657
-20940
-21183
-20381
-18582
-15883
-12427
-8391
-3981
578
5059
9239
12912
15900
18060
19294
19549
18824
17168
14675
11481
7756
3695
-490
-4588
-8390
-11708
-14379
-16276
-17314
-17452
-16697
-15102
-12760
-9806
-6402
-2730
1013
4634
7944
10776
12990
14481
15183
15072
14168
12533
10266
7500
4391
1111
-2159
-5247
-7986
-10236
-11882
-12845
-13084
-12599
-11427
-9644
-7359
-4706
-1838
1080
3887
6426
8557
10166
11168
11514
11190
10223
8675
6638
4234
1604
-1099
-3719
-6104
-8118
-9645
-10598
0
0
0
0
0
0
0
0
0
0
0
0
0
0
0
0
0
0
0
0
0
0
0
0
0
0
0
0
0
0
0
0
0
0
0
0
0
0
0
0
0
0
0
0
0
0
0
0
0
0
0
0
0
0
0
0
0
0
0
0
0
0
0
0
0
0
0
-10922
-10706
-10069
-9032
-7637
-5937
-3996
-1889
301
2491
4594
6527
8212
9581
10576
11155
11289
10968
10201
9012
7444
5556
3419
1119
-1254
-3605
-5835
-7851
-9566
-10906
-11807
-12226
-12137
-11537
-10442
-8892
-6943
-4674
-2175
449
3090
5633
7968
9991
11609
12747
13346
13375
12822
11703
10060
7958
5482
2737
-160
-3083
-5902
-8492
-10735
-12526
-13780
-14435
-14455
-13833
-12589
-10772
-8459
-5748
-2758
379
3523
6533
9271
11611
13445
14684
15270
15171
14388
12951
10922
8390
5469
2288
-1006
-4267
-7345
-10098
-12399
-14143
-15249
-15663
-15367
-14372
-12724
-10497
-7793
-4735
-1465
1868
5112
8118
10749
12884
14428
15309
15491
14968
13765
11940
9581
6797
3719
488
-2744
-5832
-8634
-11024
-12895
-14166
-14783
-14724
-13997
-12641
-10724
-8340
-5602
-2639
411
3408
6217
8711
10781
12338
13318
13684
13429
12573
11164
9274
6997
4442
1728
-1017
-3671
-6116
-8244
-9968
-11216
-11942
-12124
-11766
-10894
-9559
-7830
-5793
-3545
-1191
1162
3412
5461
7224
8632
9632
10192
10299
9960
9204
8074
6630
4943
3092
1161
-765
-2607
-4288
-5744
-6921
-7780
-8295
-8457
-8270
-7754
-6940
-5872
-4601
-3183
-1680
-153
1338
2736
3992
5062
5912
6516
6861
6940
6758
6329
5675
4825
3814
2679
1465
214
-1029
-2223
-3325
-4300
-5115
-5741
-6159
-6354
-6318
-6052
-5564
-4869
-3988
-2952
-1795
-557
717
1983
3192
4298
5257
6027
6575
6873
6903
6656
6135
5353
4335
3115
1739
260
-1263
-2767
-4187
-5461
-6528
-7337
-7845
-8022
-7851
-7331
-6476
-5316
-3894
-2269
-510
1307
3100
4786
6286
7526
8443
8987
9126
8845
8149
7062
5628
3910
1982
-66
-2141
-4143
-5975
-7548
-8781
-9610
-9990
-9896
-9325
-8300
-6865
-5083
-3039
-827
1443
3663
5723
7520
8963
9976
10507
10523
10022
9021
7569
5733
3603
1283
-1111
-3461
-5648
-7560
-9100
-10188
-10766
-10802
-10291
-9258
-7752
-5849
-3643
-1247
1217
3623
5847
7774
9303
10354
10871
10825
10218
9078
7465
5461
3169
709
-1789
-4197
-6387
-8242
-9663
-10575
-10928
-10700
-9903
-8578
-6792
-4639
-2234
296
2817
5193
7297
9013
10249
10935
11033
10532
9459
7867
5839
3483
925
-1698
-4245
-6577
-8566
-10101
-11096
-11491
-11262
-10414
-8990
-7060
-4726
-2112
644
3394
5987
8280
10147
11481
12203
12268
11664
10417
8587
6265
3572
649
-2348
-5259
-7926
-10201
-11956
-13090
-13534
-13254
-12256
-10583
-8317
-5570
-2483
783
4057
7163
9934
12218
13885
14839
15019
14405
13019
10922
8216
5036
1544
-2081
-5650
-8975
-11877
-14198
-15808
-16614
-16564
-15648
-13903
-11410
-8290
-4697
-812
3165
7030
10581
13629
16011
17596
18293
18055
16885
14833
11995
8509
4549
312
-3985
-8124
-11890
-15086
-17542
-19128
-19752
-19376
-18010
-15715
-12600
-8819
-4559
-34
4527
8895
12843
16169
18699
20299
20883
20415
18913
16446
13135
9144
4670
-59
-4810
-9339
-13417
-16835
-19420
-21036
-21599
-21078
-19496
-16929
-13505
-9395
-4805
33
4879
9486
13623
17079
19681
21296
21844
21296
19681
17079
13623
9486
4879
33
-4805
-9395
-13505
-16929
-19496
-21078
-21599
-21036
-19420
-16835
-13417
-9339
-4810
-59
4670
9144
13135
16446
18913
20415
20883
20299
18699
16169
12843
8895
4527
-34
-4559
-8819
-12600
-15715
-18010
-19376
-19752
-19128
-17542
-15086
-11890
-8124
-3985
312
4549
8509
11995
14833
16885
18055
18293
17596
16011
13629
10581
7030
3165
-812
-4697
-8290
-11410
-13903
-15648
-16564
-16614
-15808
-14198
-11877
-8975
-5650
-2081
1544
5036
8216
10922
13019
14405
15019
14839
13885
12218
9934
7163
4057
783
-2483
-5570
-8317
-10583
-12256
-13254
-13534
-13090
-11956
-10201
-7926
-5259
-2348
649
3572
6265
8587
10417
11664
12268
12203
11481
10147
8280
5987
3394
644
-2112
-4726
-7060
-8990
-10414
-11262
-11491
-11096
-10101
-8566
-6577
-4245
-1698
925
3483
5839
7867
9459
10532
11033
10935
10249
9013
7297
5193
2817
296
-2234
-4639
-6792
-8578
-9903
-10700
-10928
-10575
-9663
-8242
-6387
-4197
-1789
709
3169
5461
7465
9078
10218
10825
10871
10354
9303
7774
5847
3623
1217
-1247
-3643
-5849
-7752
-9258
-10291
-10802
-10766
-10188
-9100
-7560
-5648
-3461
-1111
1283
3603
5733
7569
9021
10022
10523
10507
9976
8963
7520
5723
3663
1443
-827
-3039
-5083
-6865
-8300
-9325
-9896
-9990
-9610
-8781
-7548
-5975
-4143
-2141
-66
1982
3910
5628
7062
8149
8845
9126
8987
8443
7526
6286
4786
3100
1307
-510
-2269
-3894
-5316
-6476
-7331
-7851
-8022
-7845
-7337
-6528
-5461
-4187
-2767
-1263
260
1739
3115
4335
5353
6135
6656
6903
6873
6575
6027
5257
4298
3192
1983
717
-557
-1795
-2952
-3988
-4869
-5564
-6052
-6318
-6354
-6159
-5741
-5115
-4300
-3325
-2223
-1029
214
1465
2679
3814
4825
5675
6329
6758
6940
6861
6516
5912
5062
3992
2736
1338
-153
-1680
-3183
-4601
-5872
-6940
-7754
-8270
-8457
-8295
-7780
-6921
-5744
-4288
-2607
-765
1161
3092
4943
6630
8074
9204
9960
10299
10192
9632
8632
7224
5461
3412
1162
-1191
-3545
-5793
-7830
-9559
-10894
-11766
-12124
-11942
-11216
-9968
-8244
-6116
-3671
-1017
1728
4442
6997
9274
11164
12573
13429
13684
13318
12338
10781
8711
6217
3408
411
-2639
-5602
-8340
-10724
-12641
-13997
-14724
-14783
-14166
-12895
-11024
-8634
-5832
-2744
488
3719
6797
9581
11940
13765
14968
15491
15309
14428
12884
10749
8118
5112
1868
-1465
-4735
-7793
-10497
-12724
-14372
-15367
-15663
-15249
-14143
-12399
-10098
-7345
-4267
-1006
2288
5469
8390
10922
12951
14388
15171
15270
14684
13445
11611
9271
6533
3523
379
-2758
-5748
-8459
-10772
-12589
-13833
-14455
-14435
-13780
-12526
-10735
-8492
-5902
-3083
-160
2737
5482
7958
10060
11703
12822
13375
13346
12747
11609
9991
7968
5633
3090
449
-2175
-4674
-6943
-8892
-10442
-11537
-12137
-12226
-11807
-10906
-9566
-7851
-5835
-3605
-1254
1119
3419
5556
7444
9012
10201
10968
11289
11155
10576
9581
8212
6527
4594
2491
301
-1889
-3996
-5937
-7637
-9032
-10069
-10706
0
0
0
0
0
0
0
0
0
0
0
0
0
0
0
0
0
0
0
0
0
0
0
0
0
0
0
0
0
0
0
0
0
0
0
0
0
0
0
0
0
0
0
0
0
0
0
0
0
0
0
0
0
0
0
0
0
0
0
0
0
0
0
0
0
0
0
-10922
-10629
-9765
-8377
-6539
-4349
-1924
605
3104
5440
7487
9134
10295
10905
10933
10376
9263
7652
5630
3303
795
-1760
-4227
-6474
-8382
-9848
-10794
-11169
-10953
-10155
-8818
-7011
-4829
-2387
185
2754
5182
7344
9123
10426
11185
11359
10938
9945
8430
6474
4178
1663
-940
-3497
-5874
-7946
-9607
-10770
-11376
-11394
-10825
-9697
-8072
-6034
-3689
-1159
1424
3928
6225
8196
9742
10786
11275
11188
10532
9344
7688
5650
3338
872
-1621
-4016
-6190
-8034
-9459
-10394
-10797
-10654
-9976
-8805
-7204
-5260
-3076
-764
1555
3767
5759
7436
8716
9542
9879
9718
9077
7996
6538
4783
2826
769
-1281
-3224
-4962
-6413
-7511
-8210
-8484
-8332
-7772
-6845
-5608
-4132
-2500
-798
883
2462
3861
5017
5879
6416
6613
6476
6025
5297
4344
3224
2005
753
-463
-1583
-2555
-3335
-3894
-4219
-4306
-4169
-3831
-3327
-2699
-1992
-1255
-532
132
706
1162
1484
1666
1714
1641
1468
1225
943
655
392
182
46
0
47
184
399
670
970
1267
1528
1717
1805
1767
1585
1253
773
160
-559
-1350
-2169
-2964
-3685
-4277
-4692
-4889
-4835
-4512
-3915
-3057
-1965
-682
733
2215
3685
5062
6268
7226
7870
8148
8024
7484
6532
5198
3531
1602
-500
-2678
-4821
-6818
-8559
-9946
-10893
-11334
-11226
-10555
-9333
-7603
-5433
-2917
-171
2675
5482
8107
10414
12278
13593
14276
14277
13576
12189
10167
7594
4583
1273
-2178
-5606
-8840
-11715
-14082
-15813
-16810
-17009
-16383
-14947
-12757
-9905
-6519
-2756
1206
5179
8966
12380
15249
17424
18788
19263
18813
17448
15221
12229
8609
4528
180
-4227
-8482
-12375
-15714
-18330
-20091
-20903
-20717
-19534
-17402
-14416
-10714
-6470
-1883
2825
7431
11711
15457
18484
20644
21827
21972
21067
19152
16313
12684
8437
3773
-1084
-5902
-10451
-14512
-17888
-20418
-21978
-22494
-21940
-20343
-17778
-14368
-10277
-5700
-857
4020
8700
12959
16595
19436
21349
22245
22085
20881
18693
15629
11840
7507
2840
-1936
-6598
-10922
-14706
-17773
-19984
-21238
-21483
-20715
-18977
-16360
-12994
-9045
-4704
-180
4310
8558
12364
15552
17979
19538
20166
19842
18593
16489
13638
10184
6297
2164
-2015
-6046
-9742
-12932
-15475
-17261
-18217
-18312
-17553
-15990
-13709
-10827
-7490
-3861
-114
3572
7029
10099
12647
14562
15768
16223
15919
14887
13189
10918
8191
5143
1924
-1313
-4419
-7253
-9690
-11627
-12985
-13716
-13802
-13254
-12114
-10448
-8348
-5921
-3288
-575
2091
4590
6810
8659
10063
10969
11351
11208
10563
9459
7961
6151
4121
1971
-198
-2286
-4202
-5864
-7205
-8177
-8747
-8906
-8660
-8036
-7077
-5838
-4387
-2797
-1145
490
2038
3431
4614
5542
6185
6526
6563
6309
5789
5037
4099
3026
1873
694
-454
-1524
-2471
-3259
-3861
-4261
-4451
-4436
-4227
-3846
-3321
-2683
-1968
-1215
-459
263
923
1494
1957
2297
2508
2590
2551
2400
2156
1838
1469
1071
667
278
-75
-380
-625
-803
-911
-951
-931
-858
-747
-609
-460
-315
-186
-85
-21
0
-21
-85
-186
-315
-460
-609
-747
-858
-931
-951
-911
-803
-625
-380
-75
278
667
1071
1469
1838
2156
2400
2551
2590
2508
2297
1957
1494
923
263
-459
-1215
-1968
-2683
-3321
-3846
-4227
-4436
-4451
-4261
-3861
-3259
-2471
-1524
-454
694
1873
3026
4099
5037
5789
6309
6563
6526
6185
5542
4614
3431
2038
490
-1145
-2797
-4387
-5838
-7077
-8036
-8660
-8906
-8747
-8177
-7205
-5864
-4202
-2286
-198
1971
4121
6151
7961
9459
10563
11208
11351
10969
10063
8659
6810
4590
2091
-575
-3288
-5921
-8348
-10448
-12114
-13254
-13802
-13716
-12985
-11627
-9690
-7253
-4419
-1313
1924
5143
8191
10918
13189
14887
15919
16223
15768
14562
12647
10099
7029
3572
-114
-3861
-7490
-10827
-13709
-15990
-17553
-18312
-18217
-17261
-15475
-12932
-9742
-6046
-2015
2164
6297
10184
13638
16489
18593
19842
20166
19538
17979
15552
12364
8558
4310
-180
-4704
-9045
-12994
-16360
-18977
-20715
-21483
-21238
-19984
-17773
-14706
-10922
-6598
-1936
2840
7507
11840
15629
18693
20881
22085
22245
21349
19436
16595
12959
8700
4020
-857
-5700
-10277
-14368
-17778
-20343
-21940
-22494
-21978
-20418
-17888
-14512
-10451
-5902
-1084
3773
8437
12684
16313
19152
21067
21972
21827
20644
18484
15457
11711
7431
2825
-1883
-6470
-10714
-14416
-17402
-19534
-20717
-20903
-20091
-18330
-15714
-12375
-8482
-4227
180
4528
8609
12229
15221
17448
18813
19263
18788
17424
15249
12380
8966
5179
1206
-2756
-6519
-9905
-12757
-14947
-16383
-17009
-16810
-15813
-14082
-11715
-8840
-5606
-2178
1273
4583
7594
10167
12189
13576
14277
14276
13593
12278
10414
8107
5482
2675
-171
-2917
-5433
-7603
-9333
-10555
-11226
-11334
-10893
-9946
-8559
-6818
-4821
-2678
-500
1602
3531
5198
6532
7484
8024
8148
7870
7226
6268
5062
3685
2215
733
-682
-1965
-3057
-3915
-4512
-4835
-4889
-4692
-4277
-3685
-2964
-2169
-1350
-559
160
773
1253
1585
1767
1805
1717
1528
1267
970
670
399
184
47
0
46
182
392
655
943
1225
1468
1641
1714
1666
1484
1162
706
132
-532
-1255
-1992
-2699
-3327
-3831
-4169
-4306
-4219
-3894
-3335
-2555
-1583
-463
753
2005
3224
4344
5297
6025
6476
6613
6416
5879
5017
3861
2462
883
-798
-2500
-4132
-5608
-6845
-7772
-8332
-8484
-8210
-7511
-6413
-4962
-3224
-1281
769
2826
4783
6538
7996
9077
9718
9879
9542
8716
7436
5759
3767
1555
-764
-3076
-5260
-7204
-8805
-9976
-10654
-10797
-10394
-9459
-8034
-6190
-4016
-1621
872
3338
5650
7688
9344
10532
11188
11275
10786
9742
8196
6225
3928
1424
-1159
-3689
-6034
-8072
-9697
-10825
-11394
-11376
-10770
-9607
-7946
-5874
-3497
-940
1663
4178
6474
8430
9945
10938
11359
11185
10426
9123
7344
5182
2754
185
-2387
-4829
-7011
-8818
-10155
-10953
-11169
-10794
-9848
-8382
-6474
-4227
-1760
795
3303
5630
7652
9263
10376
10933
10905
10295
9134
7487
5440
3104
605
-1924
-4349
-6539
-8377
-9765
-10629
0
0
0
0
0
0
0
0
0
0
0
0
0
0
0
0
0
0
0
0
0
0
0
0
0
0
0
0
0
0
0
0
0
0
0
0
0
0
0
0
0
0
0
0
0
0
0
0
0
0
0
0
0
0
0
0
0
0
0
0
0
0
0
0
0
0
0
-10922
-10598
-9645
-8118
-6104
-3719
-1099
1604
4234
6638
8675
10223
11190
11514
11168
10166
8557
6426
3887
1080
-1838
-4706
-7359
-9644
-11427
-12599
-13084
-12845
-11882
-10236
-7986
-5247
-2159
1111
4391
7500
10266
12533
14168
15072
15183
14481
12990
10776
7944
4634
1013
-2730
-6402
-9806
-12760
-15102
-16697
-17452
-17314
-16276
-14379
-11708
-8390
-4588
-490
3695
7756
11481
14675
17168
18824
19549
19294
18060
15900
12912
9239
5059
578
-3981
-8391
-12427
-15883
-18582
-20381
-21183
-20940
-19657
-17389
-14242
-10368
-5953
-1214
3615
8298
12601
16309
19237
21236
22205
22090
20895
18675
15535
11627
7141
2295
-2673
-7523
-12015
-15931
-19079
-21306
-22502
-22611
-21626
-19598
-16625
-12853
-8467
-3680
1275
6159
10735
14783
18111
20559
22014
22410
21733
20020
17360
13886
9768
5209
429
-4340
-8873
-12952
-16388
-19021
-20732
-21448
-21143
-19842
-17616
-14580
-10886
-6716
-2273
2229
6577
10568
14017
16768
18701
19735
19834
19006
17303
14818
11678
8042
4085
0
-4022
-7795
-11146
-13927
-16019
-17338
-17836
-17506
-16379
-14522
-12036
-9048
-5706
-2171
1390
4815
7950
10659
12826
14368
15228
15384
14847
13658
11887
9630
6999
4124
1139
-1820
-4622
-7148
-9294
-10975
-12133
-12732
-12762
-12240
-11207
-9722
-7864
-5725
-3406
-1012
1353
3592
5613
7339
8709
9679
10221
10329
10014
9303
8239
6877
5281
3523
1678
-180
-1979
-3650
-5136
-6384
-7357
-8025
-8374
-8400
-8111
-7526
-6673
-5591
-4322
-2915
-1423
99
1599
3025
4327
5461
6388
7078
7508
7662
7535
7131
6463
5553
4432
3139
1718
220
-1300
-2788
-4186
-5440
-6499
-7320
-7865
-8107
-8031
-7633
-6922
-5918
-4657
-3184
-1554
167
1913
3610
5186
6571
7702
8526
9001
9098
8806
8129
7089
5724
4088
2247
280
-1728
-3690
-5517
-7125
-8437
-9391
-9938
-10046
-9705
-8923
-7730
-6174
-4323
-2258
-69
2142
4277
6234
7923
9262
10187
10650
10627
10115
9134
7726
5955
3900
1657
-671
-2976
-5150
-7090
-8704
-9916
-10667
-10922
-10667
-9914
-8697
-7075
-5123
-2934
-611
1734
3992
6056
7828
9225
10182
10655
10623
10091
9085
7657
5877
3831
1619
-652
-2874
-4941
-6755
-8232
-9304
-9924
-10066
-9728
-8931
-7719
-6154
-4316
-2296
-193
1889
3852
5603
7060
8158
8848
9104
8920
8312
7316
5988
4397
2625
761
-1102
-2876
-4475
-5825
-6866
-7554
-7862
-7784
-7333
-6538
-5446
-4119
-2625
-1042
548
2071
3452
4627
5545
6167
6471
6451
6117
5495
4625
3556
2348
1065
-226
-1463
-2585
-3541
-4289
-4798
-5052
-5047
-4793
-4312
-3637
-2809
-1875
-887
102
1045
1894
2611
3164
3534
3709
3689
3484
3113
2604
1988
1303
588
-118
-780
-1366
-1849
-2209
-2434
-2520
-2470
-2295
-2010
-1639
-1206
-738
-263
193
608
961
1237
1425
1523
1530
1454
1304
1094
842
565
281
6
-242
-453
-618
-731
-789
-795
-753
-671
-559
-426
-285
-145
-17
92
177
236
266
270
251
215
169
119
72
33
8
0
8
33
72
119
169
215
251
270
266
236
177
92
-17
-145
-285
-426
-559
-671
-753
-795
-789
-731
-618
-453
-242
6
281
565
842
1094
1304
1454
1530
1523
1425
1237
961
608
193
-263
-738
-1206
-1639
-2010
-2295
-2470
-2520
-2434
-2209
-1849
-1366
-780
-118
588
1303
1988
2604
3113
3484
3689
3709
3534
3164
2611
1894
1045
102
-887
-1875
-2809
-3637
-4312
-4793
-5047
-5052
-4798
-4289
-3541
-2585
-1463
-226
1065
2348
3556
4625
5495
6117
6451
6471
6167
5545
4627
3452
2071
548
-1042
-2625
-4119
-5446
-6538
-7333
-7784
-7862
-7554
-6866
-5825
-4475
-2876
-1102
761
2625
4397
5988
7316
8312
8920
9104
8848
8158
7060
5603
3852
1889
-193
-2296
-4316
-6154
-7719
-8931
-9728
-10066
-9924
-9304
-8232
-6755
-4941
-2874
-652
1619
3831
5877
7657
9085
10091
10623
10655
10182
9225
7828
6056
3992
1734
-611
-2934
-5123
-7075
-8697
-9914
-10667
-10922
-10667
-9916
-8704
-7090
-5150
-2976
-671
1657
3900
5955
7726
9134
10115
10627
10650
10187
9262
7923
6234
4277
2142
-69
-2258
-4323
-6174
-7730
-8923
-9705
-10046
-9938
-9391
-8437
-7125
-5517
-3690
-1728
280
2247
4088
5724
7089
8129
8806
9098
9001
8526
7702
6571
5186
3610
1913
167
-1554
-3184
-4657
-5918
-6922
-7633
-8031
-8107
-7865
-7320
-6499
-5440
-4186
-2788
-1300
220
1718
3139
4432
5553
6463
7131
7535
7662
7508
7078
6388
5461
4327
3025
1599
99
-1423
-2915
-4322
-5591
-6673
-7526
-8111
-8400
-8374
-8025
-7357
-6384
-5136
-3650
-1979
-180
1678
3523
5281
6877
8239
9303
10014
10329
10221
9679
8709
7339
5613
3592
1353
-1012
-3406
-5725
-7864
-9722
-11207
-12240
-12762
-12732
-12133
-10975
-9294
-7148
-4622
-1820
1139
4124
6999
9630
11887
13658
14847
15384
15228
14368
12826
10659
7950
4815
1390
-2171
-5706
-9048
-12036
-14522
-16379
-17506
-17836
-17338
-16019
-13927
-11146
-7795
-4022
0
4085
8042
11678
14818
17303
19006
19834
19735
18701
16768
14017
10568
6577
2229
-2273
-6716
-10886
-14580
-17616
-19842
-21143
-21448
-20732
-19021
-16388
-12952
-8873
-4340
429
5209
9768
13886
17360
20020
21733
22410
22014
20559
18111
14783
10735
6159
1275
-3680
-8467
-12853
-16625
-19598
-21626
-22611
-22502
-21306
-19079
-15931
-12015
-7523
-2673
2295
7141
11627
15535
18675
20895
22090
22205
21236
19237
16309
12601
8298
3615
-1214
-5953
-10368
-14242
-17389
-19657
-20940
-21183
-20381
-18582
-15883
-12427
-8391
-3981
578
5059
9239
12912
15900
18060
19294
19549
18824
17168
14675
11481
7756
3695
-490
-4588
-8390
-11708
-14379
-16276
-17314
-17452
-16697
-15102
-12760
-9806
-6402
-2730
1013
4634
7944
10776
12990
14481
15183
15072
14168
12533
10266
7500
4391
1111
-2159
-5247
-7986
-10236
-11882
-12845
-13084
-12599
-11427
-9644
-7359
-4706
-1838
1080
3887
6426
8557
10166
11168
11514
11190
10223
8675
6638
4234
1604
-1099
-3719
-6104
-8118
-9645
-10598
0
0
0
0
0
0
0
0
0
0
0
0
0
0
0
0
0
0
0
0
0
0
0
0
0
0
0
0
0
0
0
0
0
0
0
0
0
0
0
0
0
0
0
0
0
0
0
0
0
0
0
0
0
0
0
0
0
0
0
0
0
0
0
0
0
0
0
-10922
-10690
-10005
-8895
-7408
-5609
-3574
-1390
849
3049
5116
6962
8509
9693
10465
10794
10666
10090
9091
7714
6018
4076
1972
-206
-2367
-4420
-6280
-7870
-9125
-9996
-10449
-10466
-10051
-9223
-8019
-6491
-4703
-2731
-655
1437
3462
5337
6988
8348
9364
9997
10224
10037
9446
8477
7168
5574
3760
1797
-235
-2257
-4189
-5953
-7482
-8713
-9600
-10106
-10211
-9910
-9214
-8148
-6753
-5082
-3199
-1177
904
2965
4923
6700
8225
9434
10276
10713
10724
10302
9459
8222
6636
4759
2663
430
-1852
-4092
-6197
-8079
-9656
-10858
-11628
-11927
-11732
-11043
-9879
-8279
-6302
-4024
-1536
1061
3660
6148
8418
10367
11905
12957
13468
13404
12756
11542
9803
7603
5032
2195
-788
-3789
-6674
-9313
-11584
-13379
-14608
-15205
-15133
-14383
-12975
-10962
-8425
-5468
-2220
1178
4573
7811
10742
13226
15143
16396
16918
16673
15662
13921
11518
8556
5164
1494
-2287
-6008
-9493
-12578
-15113
-16975
-18069
-18334
-17750
-16334
-14144
-11275
-7854
-4037
0
4070
7982
11549
14601
16988
18594
19336
19172
18105
16177
13475
10123
6275
2112
-2169
-6367
-10280
-13720
-16522
-18548
-19698
-19914
-19183
-17536
-15049
-11840
-8061
-3891
468
4809
8922
12609
15692
18021
19483
20009
19571
18192
15939
12921
9285
5210
892
-3456
-7626
-11413
-14634
-17134
-18793
-19533
-19319
-18167
-16136
-13329
-9887
-5982
-1806
2431
6524
10271
13489
16023
17752
18596
18518
17529
15684
13081
9854
6168
2209
-1821
-5724
-9305
-12388
-14824
-16497
-17330
-17288
-16383
-14668
-12238
-9221
-5777
-2082
1671
5296
8609
11445
13665
15164
15874
15768
14860
13206
10901
8070
4864
1454
-1983
-5270
-8238
-10739
-12649
-13876
-14365
-14100
-13105
-11441
-9203
-6516
-3526
-395
2711
5630
8210
10318
11849
12730
12921
12420
11264
9521
7291
4699
1889
-986
-3773
-6321
-8497
-10186
-11303
-11792
-11635
-10845
-9471
-7593
-5318
-2772
-97
2560
5055
7253
9036
10310
11006
11092
10566
9459
7835
5786
3426
885
-1696
-4178
-6423
-8309
-9734
-10621
-10922
-10621
-9736
-8316
-6438
-4205
-1738
825
3349
5695
7734
9357
10474
11025
10978
10336
9132
7430
5321
2917
348
-2248
-4735
-6976
-8853
-10264
-11132
-11411
-11083
-10166
-8707
-6782
-4491
-1957
688
3305
5756
7912
9659
10905
11584
11661
11130
10020
8388
6319
3921
1318
-1352
-3955
-6353
-8424
-10061
-11179
-11723
-11667
-11013
-9799
-8087
-5968
-3552
-964
1663
4195
6504
8471
10000
11014
11466
11337
10637
9406
7711
5642
3307
827
-1671
-4062
-6225
-8053
-9459
-10375
-10763
-10608
-9927
-8760
-7173
-5252
-3099
-826
1451
3618
5568
7207
8458
9267
9600
9451
8838
7801
6401
4717
2841
870
-1093
-2951
-4614
-6004
-7057
-7732
-8004
-7874
-7360
-6501
-5350
-3977
-2457
-874
691
2160
3462
4538
5342
5847
6039
5924
5522
4867
4007
2995
1894
764
-332
-1342
-2217
-2919
-3423
-3716
-3798
-3680
-3384
-2942
-2390
-1770
-1124
-493
87
586
982
1261
1418
1459
1396
1248
1040
799
554
330
153
39
0
39
153
330
554
799
1040
1248
1396
1459
1418
1261
982
586
87
-493
-1124
-1770
-2390
-2942
-3384
-3680
-3798
-3716
-3423
-2919
-2217
-1342
-332
764
1894
2995
4007
4867
5522
5924
6039
5847
5342
4538
3462
2160
691
-874
-2457
-3977
-5350
-6501
-7360
-7874
-8004
-7732
-7057
-6004
-4614
-2951
-1093
870
2841
4717
6401
7801
8838
9451
9600
9267
8458
7207
5568
3618
1451
-826
-3099
-5252
-7173
-8760
-9927
-10608
-10763
-10375
-9459
-8053
-6225
-4062
-1671
827
3307
5642
7711
9406
10637
11337
11466
11014
10000
8471
6504
4195
1663
-964
-3552
-5968
-8087
-9799
-11013
-11667
-11723
-11179
-10061
-8424
-6353
-3955
-1352
1318
3921
6319
8388
10020
11130
11661
11584
10905
9659
7912
5756
3305
688
-1957
-4491
-6782
-8707
-10166
-11083
-11411
-11132
-10264
-8853
-6976
-4735
-2248
348
2917
5321
7430
9132
10336
10978
11025
10474
9357
7734
5695
3349
825
-1738
-4205
-6438
-8316
-9736
-10621
-10922
-10621
-9734
-8309
-6423
-4178
-1696
885
3426
5786
7835
9459
10566
11092
11006
10310
9036
7253
5055
2560
-97
-2772
-5318
-7593
-9471
-10845
-11635
-11792
-11303
-10186
-8497
-6321
-3773
-986
1889
4699
7291
9521
11264
12420
12921
12730
11849
10318
8210
5630
2711
-395
-3526
-6516
-9203
-11441
-13105
-14100
-14365
-13876
-12649
-10739
-8238
-5270
-1983
1454
4864
8070
10901
13206
14860
15768
15874
15164
13665
11445
8609
5296
1671
-2082
-5777
-9221
-12238
-14668
-16383
-17288
-17330
-16497
-14824
-12388
-9305
-5724
-1821
2209
6168
9854
13081
15684
17529
18518
18596
17752
16023
13489
10271
6524
2431
-1806
-5982
-9887
-13329
-16136
-18167
-19319
-19533
-18793
-17134
-14634
-11413
-7626
-3456
892
5210
9285
12921
15939
18192
19571
20009
19483
18021
15692
12609
8922
4809
468
-3891
-8061
-11840
-15049
-17536
-19183
-19914
-19698
-18548
-16522
-13720
-10280
-6367
-2169
2112
6275
10123
13475
16177
18105
19172
19336
18594
16988
14601
11549
7982
4070
0
-4037
-7854
-11275
-14144
-16334
-17750
-18334
-18069
-16975
-15113
-12578
-9493
-6008
-2287
1494
5164
8556
11518
13921
15662
16673
16918
16396
15143
13226
10742
7811
4573
1178
-2220
-5468
-8425
-10962
-12975
-14383
-15133
-15205
-14608
-13379
-11584
-9313
-6674
-3789
-788
2195
5032
7603
9803
11542
12756
13404
13468
12957
11905
10367
8418
6148
3660
1061
-1536
-4024
-6302
-8279
-9879
-11043
-11732
-11927
-11628
-10858
-9656
-8079
-6197
-4092
-1852
430
2663
4759
6636
8222
9459
10302
10724
10713
10276
9434
8225
6700
4923
2965
904
-1177
-3199
-5082
-6753
-8148
-9214
-9910
-10211
-10106
-9600
-8713
-7482
-5953
-4189
-2257
-235
1797
3760
5574
7168
8477
9446
10037
10224
9997
9364
8348
6988
5337
3462
1437
-655
-2731
-4703
-6491
-8019
-9223
-10051
-10466
-10449
-9996
-9125
-7870
-6280
-4420
-2367
-206
1972
4076
6018
7714
9091
10090
10666
10794
10465
9693
8509
6962
5116
3049
849
-1390
-3574
-5609
-7408
-8895
-10005
-10690
0
0
0
0
0
0
0
0
0
0
0
0
0
0
0
0
0
0
0
0
0
0
0
0
0
0
0
0
0
0
0
0
0
0
0
0
0
0
0
0
0
0
0
0
0
0
0
0
0
0
0
0
0
0
0
0
0
0
0
0
0
0
0
0
0
0
0
