71.90771961618283
70.8648610780423
63.941427506730506
78.29977061151814
88.05023290309693
95.58245578118698
89.59323946741598
91.07047787841351
87.73339521179281
87.82260135462208
67.65724429042862
92.77760342290088
113.86778582046705
98.47474452355175
101.89461213439259
97.89924467871087
92.90407414302734
96.6992711202735
92.58469330707513
77.003862597396
89.29259455752367
84.04363021740073
83.62083053644547
86.71984380646826
98.81436097924409
80.12090238289011
86.73877662921385
76.89188577978697
85.43531175887232
71.33370546184211
90.82321380783405
88.81437621273537
81.95561653649725
74.53698283561565
87.24629449558435
83.05233204818688
86.09990939332556
79.52076297308577
83.8656287505779
83.1575961958417
78.37621255424457
75.17208314502233
82.61442819447991
87.38736733863006
79.22310646668419
68.19322900649456
83.31883400057401
73.08804949427875
81.30240680767065
77.76838177591732
78.90336332958897
79.57518332124484
82.61282041673816
85.07114560112983
83.49757667843961
71.8905362246051
76.35361544924152
79.62006689528272
86.16893200406467
80.0154033156454
80.69049325048626
82.0937746379467
83.74175079139368
75.81615112033725
82.40795624017444
78.97494389371434
81.90853545418716
84.45176097010446
84.46049392354497
81.6837521106736
82.07899036132619
83.93387101648948
82.58966013399545
75.83413615692854
76.63458373847315
77.5014892587855
79.18091585915877
71.39517183506042
86.27492535056575
84.38931737178679
82.61699957052313
84.12347291634917
83.34586541273606
80.16364010347212
82.83706326861886
82.93283599282339
87.53739617107988
80.46273676290267
81.72215475796618
86.26986845970202
87.14119134285171
89.26452302398653
91.03837677419037
90.26639155498319
76.14850895682797
85.00346292004453
87.64486368672502
92.6810797235573
100.96659979212927
86.53003918384444
92.36554033164558
88.36095287415782
73.34885766477831
79.63079837578684
85.33497166374059
89.99023854369196
92.29684342778069
98.26004069030222
97.00459138071265
91.63678610208504
90.81842681989801
83.50359682064082
97.53254029480323
101.3395815440008
93.08869567496723
98.17233972835527
96.20223285136893
95.79778941332079
97.54585196409819
92.82860114244613
98.21026734613835
91.86884141437878
89.58465785431521
98.08943330172035
91.42260018529457
91.28420780866014
94.87715040602055
98.80201295374366
101.6893441763198
98.42493397964303
84.7730088595302
86.50360318908135
98.12455902930985
91.01438507170934
89.16489229341634
93.53300090331899
91.01595147215261
97.11259113839068
97.21059034197636
90.87778499154606
90.14083093723458
94.20548010699886
95.94888917939943
100.0776186087071
93.28777207490049
91.78160692836734
92.99414444575027
85.87049430714248
92.95805639241195
94.52019371189643
98.89912169873723
94.90197068864886
99.34263680996145
88.85165358803181
97.46025378034453
93.65510383918891
86.58236403476607
89.72279252318825
103.51416422255427
89.28851885571868
95.2812698867473
96.67957581682167
92.72701379669311
100.60656094103736
85.7868209730929
89.61792142763996
91.79877475347706
75.09077045676881
93.05620876684388
92.1883345279611
93.22559140606131
94.56195449662565
90.98233743375334
95.05544173475413
91.23152054293175
92.54923480207161
93.77886895566567
99.2401378066192
95.98671505711664
95.56661676429464
85.88281750243209
88.70654223136884
82.38000866786977
92.69790738169904
90.68843480080614
87.64391848795418
93.50898508100539
94.4155728784373
90.95860749110781
89.72617419280368
89.84002973241755
93.76784720052775
95.49117354758621
97.54666815885756
84.09463899014882
95.30306756738186
82.5087267030706
97.10837954059868
96.22977518842367
88.49826489099848
97.09171297312592
97.62180772956484
97.15832962029859
84.80639999654413
96.27690230429194
98.89497598839272
83.13109982519916
92.44824764307714
96.74784566727432
89.7086514156201
94.43861525822284
96.10380904384246
94.53227207405749
102.68352915497792
86.16961579031751
86.13530517102637
99.25115140553068
91.90417611706684
94.79736081875822
103.52117889209738
93.4683500711189
97.47585337730904
100.86676851506712
98.18517015623465
91.80992622680344
97.09876875706769
94.00685985645465
102.69142592254285
96.68766205774246
98.47551355445303
91.87947762707657
103.15487175848018
99.78450171656593
106.2086043154986
95.79544882825692
97.32347614592767
100.30978786192233
97.2644792459599
96.82708158540399
87.75732464517132
105.10934793943937
98.50255576616532
97.6152725427899
90.99853982377873
92.64025974991553
103.28188030810091
99.3860436461476
94.0366918686589
102.3839256377753
84.87136020031912
78.44673410839947
90.89458930049433
98.3309243649132
97.8587026320539
87.14472949569057
97.15715194790663
98.45431042456619
99.4740949044158
105.7899105313721
81.628217529511
101.75693757508967
90.73731273166584
98.27939342054458
87.0906473690556
91.61108296951704
103.38815753133667
91.89642695202596
87.15857106873702
98.0362928323924
102.74733130840286
101.42389524002564
87.68530479155059
106.92072319539338
102.27354598632377
98.01249496872343
94.63004334302033
98.35792068930448
95.6138339245359
103.00210846852181
101.36446667578907
100.44662464925516
98.96264272990159
103.54544750359354
95.31778214399304
87.4256921257066
98.60737813602269
97.53636950663747
89.2121202490321
101.01287345247192
101.13119974398658
100.21298729895007
92.592344963305
102.26619785697473
98.5463234328081
100.12016139642566
97.17868052156598
97.92453499228566
106.37618117378804
98.24397381089932
84.29011492573979
99.38923607954632
94.35377727275585
103.05139368564882
107.77057949372447
90.34329073795398
97.76574446722172
96.93637308298878
99.06932560732527
97.66644006278476
91.05721245747526
105.19525720606198
94.03654201970078
102.29878630456007
105.39987519604892
93.42456271203169
99.44716235983628
103.13994849366605
104.267501710736
89.39169195853316
98.72790945652802
100.8959035012554
100.39618266056974
92.75916690356547
88.88318984608198
93.17020883079391
96.46548993683268
95.19231734253063
91.98788908738717
102.54801313576044
98.05134277596322
97.87375453708691
102.31068144655454
99.69692994527517
93.2638512940843
95.27845599349321
93.88064667921755
88.96476498423296
84.24259575003191
87.85647135778142
85.44312234160046
86.47526731440814
90.23954383151548
87.42317793703415
92.55211543493571
94.5986934505905
81.37052728447856
92.4700858084865
74.44747326529793
90.86991172663929
84.73802292836226
91.94555796729183
94.6868679454255
92.30262360766665
92.00715346453336
86.57141720887914
95.63090413226804
86.6207896496742
90.1010436950809
85.26869316193194
73.49680816491016
89.80627413797865
81.60436722460568
90.8942645939396
93.87289237881302
85.08605858420773
90.99644722892646
96.35717376520824
79.01345368627344
97.06674409894474
83.35938034886745
88.79600004883866
98.31133455330551
92.87949634617603
83.68090643960761
87.57507043825505
86.72982599321826
89.49061657596488
91.33064208177873
92.85925578689725
95.86349993374797
90.28011702409407
96.92332210472314
90.79831510644716
85.33917514633669
107.80362851697859
116.75348388422769
101.05125732827665
101.88049330451582
77.914654074649
73.50471222847142
87.93598709380899
90.33533797757573
94.54791569973194
99.1488915580723
95.15787764711179
116.44203323229442
104.32268348712759
83.56575406601934
97.47460234420177
97.3835871425693
88.42046038867761
85.76846850282186
86.66191202778788
84.15640832505443
88.60147470828636
89.08802288075637
83.35905510725331
85.99709647110811
87.09848818104867
87.19231660544146
85.4717031395436
78.66708352753078
93.12045972895923
84.96728485563997
79.51488516903662
76.57598725109625
85.35954863953363
87.5546114682558
88.6298144601547
90.06933707044493
86.58712925696383
77.40336633599729
80.0608782923992
84.14348963431031
73.66204406003806
79.7617539982249
73.29143783587377
80.61492752113507
82.46860116766078
77.96694134401463
83.00784000663216
72.56406221030355
81.98503726588092
89.00181843578041
77.86963739446419
80.21391611181582
77.45464378147817
80.84562095787473
79.66389956366346
78.44062615783453
77.68850275698288
80.1057911319697
84.66809280393423
79.98386902682029
72.13259125702727
82.30225470938856
80.3197464223885
65.3055861463608
68.18481179243182
77.10995656615177
75.84994474433725
72.83532899450502
80.06225741822635
83.06400347720927
69.09244353243236
74.00861659853214
71.91508133019708
76.22956089412794
78.61587830025596
74.04506035564694
76.41294394490365
82.32737147649388
71.95598593005872
80.49208601554017
75.95993520831081
81.75877492477242
78.22403603703151
76.66125678474448
80.58363495124996
58.40092012974944
76.1153175668664
75.47816462979699
74.58562093312271
72.86749004005783
60.76261599889217
74.99229622922668
72.69360879705893
76.89954503506128
55.66687449388035
75.02665710613427
73.05893179004416
72.20246005786043
76.82528725922711
71.118148906925
68.53781335658203
70.57551509017809
69.1263447967213
72.54042300939192
68.63197103745493
77.09997965209617
70.62083114658324
67.81451555903905
76.6744759464631
78.4529210571093
60.45890414595678
60.41948216851203
74.93790336499687
79.79723502829769
77.41762872034047
59.836121718808606
71.04086302530914
68.55881801482164
75.19354934154538
68.62707670526763
63.564911242714544
60.611384659146836
72.64208641108911
74.79636666672098
67.61300953709281
59.57811208999981
70.85375030371692
64.99131241830005
77.43051245661148
75.8339915572742
66.02501384838914
78.71965507174873
75.24004602604552
75.98035478253296
77.56704262988245
70.50375747310005
79.88915139347606
63.7396825525674
74.63086822568488
72.98725686803539
72.91866039597434
71.62037029664789
68.54829064720305
71.37243903728246
69.30361691698106
65.8636650703638
74.65738345395063
65.6211039640276
58.29800039979954
67.79601862421352
63.756175901117196
72.49479262926353
59.37692024003212
73.16567633802896
74.43890030952461
73.98733593976853
82.6383079519371
77.32184497158906
76.6041246101926
73.98243556541189
74.50343923246878
68.43512448687936
73.82075915770918
70.83145243796443
74.73122021379066
75.59891746425916
79.94590235270488
67.29283700762815
80.34135017099166
76.4867789153743
79.25716126564075
77.31692738765135
75.86533903025745
74.27244752495103
72.47046762428388
73.88682244317137
77.72498726098961
67.52263447963409
68.47624810477511
73.93184469282677
73.71707705388656
70.95730717383287
65.59435353593156
54.954289304024385
72.71950694754722
69.53809726083901
83.48881574346699
67.63895724749963
65.03140016478612
72.95075964577296
72.24543482063258
84.31912950098337
75.41949952879177
73.64479487910485
77.06413666696939
67.37379258828904
73.89941161619845
77.11005901562666
70.24932234622038
61.06244249208734
72.56404603306592
85.12652630127613
76.15069653867687
76.59683540028544
61.762909565069435
70.61969030528002
87.55394361581051
79.33320857124836
80.08718563443514
61.75636859903876
72.76995489241946
80.3931559865034
47.47271793690261
59.1613149174863
67.74463087138598
76.38007689097178
77.86240725259088
70.28530025647538
72.47500371587047
78.99623924816262
79.62103567842475
81.00556864433631
70.0226032525978
74.34718438052585
78.19833941564116
81.05890253331766
81.7429774500815
74.36325977557817
76.82030921754132
77.73148372288925
80.36161949735396
76.03492458081243
65.07506391176594
66.57687757592079
74.4632998225398
77.856552160355
81.73507260360444
72.75888399255417
75.33558214891727
80.35175124685048
76.32172441936548
79.31915918282492
75.21208046295042
76.11181756172687
67.96793655822252
77.58296498335308
79.5557781653635
75.63966667431325
64.48238748874323
63.24390001830177
78.35070442292228
79.82296216487069
72.75812661222477
71.48766902177213
71.47826295565109
72.88668249166373
62.37041349229921
77.83692874971808
69.77124422098618
71.67486696878997
72.97120213534504
74.9594753831058
68.30218929418295
63.845974830651485
65.52146630293865
69.12881865587649
75.46737114749818
72.64216823380194
70.31289451142777
68.75608281360468
69.59717209474572
77.56839738297185
69.43519247692309
60.42407063754341
70.05999661133173
72.02918336199775
55.392248734453176
63.379040935429884
68.01267715803914
73.64899407441087
65.14265094677654
70.63565164471393
66.82107349576057
62.35648246358509
68.41941945172724
60.40356526700773
64.55025157970024
66.10680393681398
65.50738509278753
68.83046165903853
65.63732175704068
59.80982272309549
64.68807385789421
66.42886582371843
69.94846558805045
66.60831222451604
73.35019481700532
66.94927426862353
68.14887018537698
62.03063786438854
64.16238400963654
67.50314351430029
55.09618932779102
59.100099731826774
71.8988651246985
70.47484656300806
71.70124496277764
64.05125092875528
67.06232446293728
66.65193293343394
64.17839915347406
68.17620278647199
66.98650937931437
62.38894532596013
54.53938149491938
71.65620366924374
64.77635728867268
66.5463687799551
64.13770833200583
64.62860550897213
66.76421361319386
74.62924327800289
70.22635226577444
70.18605122770657
59.05169748894562
70.44382267912627
80.89232977247407
74.50943493160689
65.33227199969022
67.31184485046664
64.99281674857954
68.90364887393008
60.97273516630502
58.55163771947293
71.63284698756908
66.04617550896526
66.17426193464314
58.895735816884375
66.63397475249337
67.3766730970354
73.01430812622195
70.93145065795754
73.58651332980209
65.41553452547643
59.583048683715504
65.63374314825103
73.59910837503375
63.888401244156974
68.29454664420186
64.40990435088457
68.27205201174311
72.75986637138968
66.01310854515582
61.7434443475917
59.25986405274856
68.56812687489094
73.13558037776758
62.818112197844556
56.15053111077771
65.77315722737394
63.158741233671606
71.06269445099613
71.79084393604111
63.0404211223569
70.46057179947614
70.53228126239776
77.86795454151107
71.28667503344808
73.53531703968159
72.02599504787503
76.81800306270931
69.27911041735463
67.57026646274765
72.03472619570955
69.59129045297553
60.66994081155667
79.18022472167604
77.12020842106772
77.48810732681576
72.35356443425776
72.02662579354163
81.03849177496619
80.23974494600155
72.4258793507087
85.14035899764269
79.92412504934818
95.24704099646047
80.13255401712074
71.98917959030909
77.75702407127952
77.80364992343104
74.83879861219636
66.55778114907365
83.55851022972075
79.61164852897936
82.72692637362056
90.40178211277055
79.45754901322371
79.6367368710147
74.70554056241043
72.33230000696864
68.7487723630622
71.3864937612553
59.94607208336065
70.92801030157608
67.9527845022358
76.82824417960612
48.565813473028605
67.482182272206
47.632735814307665
53.637022533877676
61.96199189815517
48.75939998837218
67.42880628894038
70.64900401228154
69.46370661415418
67.20685184353117
66.788853430324
61.03982693260995
57.677246319069525
63.17517522618466
63.43130814560289
64.18947459532733
63.64464772438807
64.22858493831686
57.210582708846374
63.26710948611479
53.93380457058754
67.84567865653463
62.04650928565275
68.94656426381196
71.1764868425435
70.19347950392846
54.22612444013535
68.87065061117816
67.9078137075874
67.77854171034721
69.66292285734039
65.93894338170762
68.95101981954461
64.29973567358226
69.57952628799232
72.33121330692742
67.37524246717435
61.5073017187688
60.91040500310359
56.380425792258535
67.49954681735481
62.59837908306495
59.8416219467774
63.28948398367902
67.23065762679003
58.820731128296075
69.5167429978973
69.86902101642218
69.72434354077778
70.00501533955413
71.61536654208629
67.29818492267074
54.75703164650244
66.81312295405506
65.70919918978336
63.29721910571585
64.99836570997381
66.62905371505192
62.39057416204233
66.41343235732452
63.778544985378986
62.84618866260458
69.58640671855791
61.336041205344046
63.17081681071421
59.788044910171564
59.81636049305608
64.18089943179962
63.151305105038055
59.640655043152684
66.93369731984684
60.65262781546178
56.305759549956875
68.50286082954865
60.76587920698027
69.64544296306477
64.6472556171781
55.87740795555398
55.9067739574808
64.50957920328464
61.94824869367189
57.862408916400625
57.140107178079035
50.8623341768389
54.569068724111354
61.96368542030601
66.44183070951536
56.84317358968917
64.02269591849164
52.51257468526194
61.98753306470215
60.96242964127805
64.9448657078501
61.617139707271775
56.61182209862676
61.047952573017824
50.95717905127083
61.74281953677979
62.37968581305674
62.72277875003137
63.98771269337491
59.778183133031504
62.84511715413498
56.15862247752123
62.45461718831531
65.6309562552675
68.58887756037986
65.63424538553932
56.93244426385181
51.50442802934585
60.46366643741911
64.40135702490718
65.71711574056675
61.590886299229396
56.221335086233466
62.134096703522616
68.20923075606626
64.07589170084935
43.89379177948925
54.084329913596896
55.6912871653345
62.72988587852643
55.30425018546676
54.738548616408835
52.0815294129025
56.241852508134045
62.947850727090554
58.48988859006912
49.71169885070627
59.800266424058684
65.02684271174915
60.448036237572325
60.3413248339639
62.03836259427859
61.58287306317774
58.11149237023575
62.89642629968061
62.29440901670166
51.85491534332834
58.165612700988696
59.20930618882187
63.171712586388026
59.229671829582394
57.52723901539184
50.32140443179423
47.524060099438245
60.24426794107793
54.673454549878755
58.0166763287287
54.84361651203753
45.45659113905088
55.06419053135949
61.530352784931935
55.3706927468768
59.548699830630945
62.222367030979164
58.43126906794475
60.55175248687169
62.604703491451815
60.73332361822828
55.0541927819058
59.49418375469149
40.48931549921398
58.5137886858616
52.86505618431325
55.831081046643604
63.19219177075902
61.509408180433994
58.82542885085229
60.0950251660278
54.989843322415446
60.19576288258683
57.03279718889591
59.43540453462238
60.07952578134948
63.192728146764026
65.22117603647328
64.06812273622802
54.000873754508206
59.30121592781244
55.93737266724329
43.678145888364064
54.852746205366365
46.384801062527444
60.43513275778122
55.72551219989323
45.99750306839194
60.35210109076007
54.443257022595404
44.68503248138742
57.88243705901539
63.177274914069045
55.45573511599117
49.84319910132668
58.183700760395055
55.04890533021747
61.52633424792309
56.82351798366368
55.02735968813135
60.852796770087096
57.895389724036754
59.14442488832914
60.76401925988891
52.207767311960815
45.36365210689239
46.525374982017695
60.67989729321417
62.840691559341266
55.361830832785806
46.85986440949204
57.00399879781241
59.29499367286529
52.727144448174755
55.40781530827878
58.888085294628276
51.22969995057104
60.25174418782656
64.732298771667
57.50228477941682
58.39802112579868
46.53725982788749
59.86772778943977
46.28576290191088
51.506969679964115
57.74465361346535
52.64301925419439
52.99773033497247
61.088794507746194
54.06332066275014
55.643286429757445
59.21145812475395
51.488255643163214
56.90379696039281
56.596809815844615
54.50909779676558
39.924108039335636
54.92323519722351
53.55676455221419
55.399492649211986
49.79994168213474
60.82459375014614
60.15505208692599
53.21977006311889
56.60996581158011
54.98356638955787
58.84072733901631
60.7929631527402
53.449309737497586
57.264628043979044
54.98701068071774
56.105413377761046
62.5962587484709
56.76942646362335
56.25545477327003
57.7211232873118
59.49891493574465
58.58389611059714
52.37036962426551
49.62224253470143
56.65342146584847
49.23281420316631
59.50112175622942
66.99546537949206
62.31461092381005
64.48447690044794
54.13625363481408
62.120507560266475
51.77341390214642
54.24629053596413
55.95737662113025
38.06840672771126
60.47465852875682
62.42392241725115
60.140390663148025
49.22495318502894
57.64378148176967
63.61983101540049
64.96287696289319
60.507157110923345
57.14839105734485
48.902478382603036
56.272040286929894
61.1375684495874
37.86952944382057
59.05105293733794
31.86314902964703
47.4178852232555
60.127196613176295
58.91294399355338
54.82452174734229
63.61037508685881
69.06752162793312
60.24594771988464
59.407432192589496
54.5833967140534
57.28301207045506
59.65887824837352
56.404978556992006
62.76330483921935
62.81962829339391
55.554015824831176
63.445509627872234
71.628046759096
60.599470321995625
62.07693305842965
62.64456520212099
57.645866834823174
64.15654113880811
55.89548608233494
51.26043842623508
62.833043051581924
59.59224533037721
62.09449461798516
58.074166931698045
61.90397589924309
61.52634967137102
61.86933220571579
62.473907044625214
63.03625727125231
61.02464814725393
58.31132625389709
62.73539676209245
59.1083679238292
60.03508058595294
58.40642691268311
67.54189998456462
64.0133178972541
65.52316777687588
61.17755096057085
63.18982680349847
59.62107439008242
37.265503457924524
64.04363212131831
50.85524893652288
62.60127908176946
62.39069280371141
63.27427262769472
64.61978774403113
53.83913653680025
64.9823972268826
51.857258601688514
64.98824150036954
67.77057429333217
63.35198701606679
60.83849998046879
56.67211446275955
60.70411991471285
57.39927959004951
63.65934257180798
63.350678181086195
64.48265254490016
59.05491826897303
65.85169763138047
66.97801279831299
65.35897053251803
61.03806884557821
53.37449796256438
65.6772167475963
60.566569386214354
66.5570503909361
70.49699081195178
69.87511274626571
62.23323543046676
59.24035898780777
65.85072292279469
57.13433566283243
65.37795917115194
60.84765032087601
60.04567807160168
57.70867937833902
61.72517778961356
62.15825993897788
57.0603380995259
62.23969794435831
69.56117537405707
65.84203530233792
59.73489946816266
63.12444934299921
57.349922436314316
59.05537346220899
60.920886628112996
37.29647924218717
55.75025081391823
56.121307302931946
75.2241754857277
59.79679851412761
60.231645722811194
60.77924782851695
67.0766444403797
60.77677245300385
57.90398185712842
58.84428457233949
59.957664359435256
55.975649776486506
71.1709075154051
59.564044841678054
24.907457174055963
61.195229725198885
63.03280090681132
38.53369541609546
58.29910917716668
57.963313079433256
52.08801965471292
56.189736287301855
66.13143598737335
49.79153381389032
58.05840760570162
50.978584312502676
58.144051147583646
56.84490782389693
57.94907805452085
58.75857704841287
54.06076963059143
61.68940264075168
56.98186915372486
47.82042314624672
58.15766776413418
58.91773614227791
50.66009536850697
58.250901658398604
62.99465508032612
57.97037667210426
55.965945900978724
60.050352416813965
53.55355835486721
62.3741229589705
61.63792469268033
54.99173147942245
59.87133762939071
36.12465874005026
62.76283622211993
60.81349984297339
49.14730570079128
55.53127862160082
49.06046096408414
57.55918534708563
60.249218147996814
62.17364888119761
53.21644057663464
60.83542313959904
57.104626097948994
56.90662584919341
57.82577117180813
57.47539835341814
55.00318890075589
63.56828881666676
51.78674896603225
60.61090961865587
48.778564376699414
56.55994050940681
58.98465728492529
57.290431640310274
52.825496272490106
59.092004590654824
60.01200847602337
47.93652996050078
63.1399940521866
51.67155559142088
53.42151290456492
51.92977217536779
55.88010946592445
62.69898129648108
53.4410322560199
47.77641973816039
55.90863394449649
59.06466632099455
56.969606811936096
54.95557492900833
55.74002882339446
56.5055957615686
58.64043951269125
61.48590629403026
51.600258860402015
59.08917739792265
54.2998581397235
51.45738682226061
57.46047145297561
50.749750408816006
48.31057014004932
57.98670734997799
48.954350124647064
58.727284507484505
58.12804913159547
59.21177318424328
58.2944470402074
53.53852547093548
62.46239348441199
59.303072628647406
60.30365708381553
54.23369393228395
51.581725687777464
59.65676353595615
54.230814791153044
48.51685795870115
57.432196346363675
59.48839341652516
56.24134623884291
57.279632762113444
58.92195013890657
54.365128689805175
50.68214629227821
51.79931356017821
52.78710232053119
57.64374076321743
55.41881281262499
55.45927615017719
57.737915072209134
50.12648121208488
55.54844527793864
45.36677120139329
56.36493888196169
58.86355475445001
64.26326508487527
39.0951602150659
53.92645504215207
52.84375740256921
49.484289422808494
52.86729561862109
55.780832610290844
57.78155884938193
46.208432179170046
41.943872940176945
50.832417108129405
57.52136945302664
49.63215517472126
51.56836867005799
60.02513878913958
55.8350321498922
53.75515172708131
57.87593017922493
57.849470586430144
55.49572089551235
59.59047216535506
53.12240258649402
52.20569118310573
53.5108248343503
60.879254231280584
53.38018969377507
55.25166009863561
46.50132757766219
57.306960773316234
56.81992739723378
27.463245387788255
49.83173883107075
52.39696841087142
52.873082863959254
54.928617609289105
57.04773555451549
42.48911044109949
46.79980256020848
47.760354217922654
53.95950852677947
47.74035472861017
44.4038584967946
45.24183090578269
54.372173896437126
57.74342757311202
49.060768877915606
48.627495364545936
51.383004222620585
50.99059156259689
54.95246736839089
57.82503865830002
56.528721658045704
53.47235360862976
56.47358162912255
56.84125467956406
53.44399268130651
54.49952649081199
51.83461913366554
44.78226843786469
40.87875670510889
43.08203764036594
44.580751625681
57.83840636312757
54.62170608078607
59.79102605103673
53.701738341804116
53.22946381035115
51.218498385213536
40.54281892828456
45.903471680815436
49.73712905857107
58.542520031097276
61.89549451689065
57.52436515312173
49.73384506124444
51.95441236568051
34.961520751037355
59.92366899180701
53.47143337338639
56.293191183291555
53.35030153099447
46.860141973215335
51.55183642042609
44.787809837386064
42.196339435000674
57.23701587900085
58.87743672435249
58.00692025598153
49.54317618214415
49.217197244709006
54.84378768762194
60.2196500942283
50.19406238409018
55.693793013689785
58.62562816727022
55.89400778632404
44.840144887209945
58.562413674668
45.62965127648205
42.78055585855748
50.44837299750314
49.83645998166121
52.18248656132385
50.778289051138174
40.123072267930446
45.68350861479886
54.263735510120526
49.71858782114901
50.20041570628437
38.667997858930946
55.0023453618639
51.69226738306197
50.83598535870833
44.10618348386159
52.462236577191675
55.35878182580745
55.1370966515038
51.77076751958269
41.7703025771149
56.09919308824444
54.67138714580143
37.65497332718684
48.19811087460096
54.612109752052035
49.94622202893779
52.8364683008398
50.41268181886774
56.27402109652921
56.99622419994817
55.042597953463705
44.28212907519516
55.63972062250039
50.23186275234832
53.19417962775375
55.761174859514064
53.903554678227586
43.534971540588366
44.703150496803616
53.19737429190934
49.755935307784036
53.55785415321356
57.841665548421176
43.752092647964595
56.26336840476797
57.790295640076394
57.068212285387546
45.58892951486448
48.6676152247313
52.15156767485531
50.50099965181707
52.699003367161914
56.07742427919856
54.79138594865348
53.35021587235916
55.19489179216332
53.62554932515961
54.25529129753404
54.75688061257195
51.55876790142762
54.94093287519762
43.94685041036099
45.100977593585874
57.58757089915989
53.53734560246333
49.486297175543854
52.96217427896521
46.31075950883762
57.970573119065314
56.25528460529827
46.5975670631579
56.79682128455031
51.64709713535522
59.0675773145265
55.42057499662995
57.860280788561965
38.659174346371834
46.87164495168087
41.909679527757206
57.80658878152663
57.72531535490547
42.77067181608773
48.719884467971895
51.351828708793306
52.99752439198899
49.39922268079464
45.812787713264804
53.50875438315904
52.46953568758596
51.181174027468394
57.290016559848695
52.902403161545635
48.75205341051554
56.84309940022877
36.424523194151824
53.12441528451832
53.785278383347226
57.38250583667829
56.48738443294219
53.80278630109736
49.749571130662524
52.75226556406581
50.442569108468504
45.272355080825676
49.17717482044835
54.49615814780014
50.830075873179936
53.0798639940425
57.356100208333956
50.46711836067827
52.301371090515374
51.493039672559284
50.96134526611288
49.6859975427502
55.843131544340714
55.298361646157055
54.29134408001084
40.052778637705515
52.38091718421132
56.43174472226704
55.932262327238114
56.76000421837061
59.47770684610829
55.62555014792615
55.22425328342494
47.513349683515514
49.17601204535599
55.200937760207594
52.52225265018467
55.86003551594907
54.57303250830315
54.15359636446142
54.43676607363546
51.98302547290356
53.36905947664785
46.796021211795406
49.539336867540925
50.29209405233965
50.74466924734999
50.92189182312286
59.82203209735392
52.37232049088239
57.9892847796694
51.62771568666209
54.00840894387511
53.16127622647401
59.369044746048196
51.10895946917392
54.14380583185352
56.406187223534374
52.75604490140681
46.38191085542797
48.48272246464809
52.072726093897955
55.25124201043435
54.27032512255121
47.96561811975201
45.44541282357887
55.38842978687172
50.19332236901751
56.79165256070906
50.07494473082775
54.49569525080186
52.07867233107092
44.54205026888921
55.416494920512676
54.6331045379212
51.1586450191216
58.50838489040635
55.34278734491173
46.84011982047355
49.011346270372414
50.797448318701505
57.98128562036163
53.413571723135895
45.77702949879491
58.67735617244282
47.177668876133026
56.457689844569714
53.5667964411278
45.71268708772188
44.97990330833473
47.00499703435298
54.03662525838574
53.781048241614144
55.94688434515025
55.33468731518896
57.544737336526765
50.82842868624922
51.22134693473271
45.66064740629294
49.232101770007326
50.87012057299157
42.2850730220198
55.13726803494488
55.425124192946654
47.312929196999285
51.03346591325117
52.587545790635616
54.07501444812243
54.66582044305194
53.943268864830785
55.913086820109605
47.704045168550884
56.61871041012179
56.64380819611758
59.28007715337225
52.89940890888492
52.132086004398516
54.51600198927099
55.63345517557722
59.73411673042566
51.06298038985301
56.49084120555709
56.66543158989076
57.04311012021037
55.88858797147122
52.007808434724005
43.60185570535269
39.81545983011025
53.26627647448137
59.432638829385205
59.65806803576493
60.72217106367094
39.1533329934069
53.93708940489627
57.48022735167549
56.22016735716555
58.478986703626845
54.96589293072476
38.3597658251495
50.49214007123883
52.1807570562311
54.54779987972988
47.76750460085387
56.77538802621305
48.15663834186263
55.89792698874655
61.2905463393927
47.05885396386472
57.25985982363974
55.058510836289315
53.84855982009347
56.880110989731136
56.3865481103004
45.54097413606809
54.447622328279586
60.93884195281533
55.698226930143434
51.6824719555765
51.46527537747473
46.367879629827904
49.85749569167528
48.642035619118296
44.74617493928862
55.6557059605531
54.40833019814481
52.54472056322665
51.92324196920833
54.853309631311696
50.58300413528776
59.29670160200156
57.095679476415086
50.14352264930633
53.92920309785233
42.4743258956697
55.65348187499409
42.84070647997703
54.472467326046505
54.3722204180264
31.259627311964763
58.39594838811279
56.447343690913556
58.79671714858743
57.84056091874553
40.77857367140432
47.00284734177874
62.19664661467162
52.31380834978811
57.52247138384207
57.202738069513835
57.422022082543826
54.07013471638055
55.40841265346912
45.79161321473361
48.19000920056895
52.5926862302883
54.54233342181563
53.86722243627333
55.26740868842077
49.44647513416393
54.38229750881221
51.82262220647502
58.0270250385219
58.88931380792279
46.48525626820045
56.55093152735434
52.43687604907127
58.6854742617711
59.9418579064562
54.48079077931827
47.86722715293096
58.49464144067141
56.18509224588053
59.43831762038747
56.50320630648042
57.35140670124025
58.99056685419043
54.86711969597799
58.12488337292773
57.978450328930435
58.99918295671182
54.80866264110883
56.480784480678004
57.255300539438956
58.2679460355821
57.17932390283803
58.30270319825865
40.74426042762626
49.79152830910999
59.69311557364549
40.44409469216895
49.06515337276234
54.57925725326179
54.83086101997925
55.5195351018311
56.43800529618156
43.76786795872996
46.772366038199486
59.3957340209366
50.87073261869012
42.89477818501205
61.07691591438301
49.38037072987362
48.58476206127495
53.715154847021026
49.170690346873755
44.990479035743014
54.126967788030555
55.11098279416466
53.683290602784396
56.09135187217809
26.906855316355816
54.85894621607539
55.016659729733526
60.32466903204092
54.55294051140223
59.29579148407633
56.79090761561099
46.46979427918812
50.89443792958478
51.80325638106474
54.99655853164928
55.918994857876
44.19051683470486
61.65927632532288
61.55897827475327
46.26186504572226
62.43369557320614
58.4979835142467
55.44410615341698
56.52960698079422
56.445188043967995
58.35652921079489
54.64409679607193
54.68421744627427
61.43499598461759
55.22537472452822
49.086136001519066
59.68151270856839
53.15434819553323
57.931613691721076
53.37549351970858
51.86718457422951
56.015872825151895
56.6797882442455
52.743533827854904
55.56401104899849
58.86262467091051
49.955070975870285
50.61305464030781
49.91943595393
53.38897387874046
47.8127888169176
58.08173586918102
54.649396452002065
48.87653781041613
51.153563700282724
44.4516069376791
55.70237671598391
54.57705114092661
55.05584505775389
52.9220930109723
48.788403321284015
53.27401132391139
58.3681174882109
59.64838948384309
52.55224698616901
49.15474724603449
57.017897752729425
48.152146015195356
49.686969979544145
47.44737562959514
50.862442133364596
60.7304876248487
56.89101128160856
53.064808084161015
57.18058797064344
52.0186402963708
54.879445404429646
52.74052717129835
52.735216794761286
56.200985640856814
50.944294336132415
50.45991553699483
55.15983229493684
43.987195554312606
50.69431515172552
54.56744250435285
54.07610090026145
45.46774556017424
56.50395077697325
55.648264773644726
59.100065213626856
51.75923890485017
53.69446811598191
35.75411609904153
52.12542987598156
42.88955697644056
54.027793496043515
56.331375221681846
53.699841301821614
53.26284818732908
59.944778206072385
51.6050950079961
50.812640763766396
46.20121074169365
57.574595315037314
49.98501518356933
56.104998091158755
53.04179548452759
46.05240804467422
51.911847716035815
51.621164103203014
53.92515459201168
56.4259195148199
57.89123133621078
53.684561240574666
55.30814142964638
59.63077356763408
53.61981171849864
51.398506978261416
51.63673864559469
40.93167631009784
54.980117324657805
46.96446853156493
59.027654242748156
59.00340611130885
52.835091275719634
55.910190319893786
42.859852976309455
53.70382526827703
52.004411161094865
56.88140698425272
44.819280279133366
56.58935925182472
53.3398616608465
52.4217142957736
59.32539837899006
59.14974335061488
52.47235524068917
43.03297236576245
51.30776413300283
52.195498624187366
50.45092609219857
58.41328651235243
54.51514780112169
56.504772603358866
57.5228702244916
57.3580116892707
54.92796923180525
46.38286161611645
52.065454137514294
53.29203746040357
44.26787294481106
55.51909224803226
55.66647323919021
46.39687063188455
36.09216460363581
41.57070456420592
58.71732317420233
56.94324286541129
50.17274263061299
41.432718982397994
54.28231959351491
49.122792816137675
51.65750686904424
56.76203341039107
50.27981787775399
58.57723009429398
52.702759500482216
46.11478864774946
50.258560082167385
57.460135151235264
42.733898024595966
49.85371676118312
48.85391699435489
52.72372938194137
28.058702088459917
51.44890163116338
59.0242048251593
57.22570161767194
51.90045996881993
48.848209508137884
57.33717242792779
60.20388409222123
48.46859977119767
54.22815517703256
55.64240456088635
37.89228258331609
49.61435985367395
60.09295709983991
49.682521651389
46.886445111061036
50.58770335913473
43.725546074406765
51.47125842375398
42.02010934290999
56.16180756460388
50.95504396990247
55.846162394119325
48.96270839292232
59.50711559800726
50.51720376559244
57.66940776295452
60.96887807302184
57.97554956993481
58.073986317439676
50.39340136531999
49.75466694102876
42.92540024701461
58.35998298815483
49.08255812989129
50.0024985921328
49.431048685868966
49.817373933518795
49.762841971779686
59.79257236748338
50.612957434583535
54.43120515785545
51.86618191414566
49.45890386568956
58.37670737402191
60.009885120798884
46.15523193157826
53.742396946931464
52.25978751926566
51.993762167167496
54.78787074083053
56.6251335708187
59.60327883083969
44.21110507551443
50.87784735218382
54.5212268313545
49.00816323766203
55.05853524313015
58.93976829221213
62.1707895970374
56.10828933689078
48.5197513776997
58.09553984065139
58.458864979052336
57.602852262887616
56.56963844253934
52.91730385266476
53.41194914974697
59.23314553354178
53.6266666004616
60.50240855320456
51.07431624840693
54.193799413704355
57.014906184277166
28.468423971357918
58.05502835387101
48.65691582131702
54.2175726332109
56.477247449432106
59.93834090505074
56.699757966218264
51.2659312841678
52.301154208688125
60.288319721557315
51.964726725533474
54.122342793844716
56.063116281649414
50.40233632339397
53.47313365933333
52.738493853315134
50.57613173651894
53.57514279489568
60.233910652768856
48.5946418643105
57.79747987759705
51.87848378295024
47.82636220785023
64.78305680322
54.69072138580919
41.53180783233191
56.75333805767258
58.303743677746674
50.50021289874711
61.29226458291464
59.207644958879044
57.41803713320024
50.29691522391474
55.92782877038951
53.306077961568974
51.54496503612495
52.958676693220845
54.989901236988615
56.311439910515745
52.76089740513722
53.40852252434062
56.5609931344641
52.0329744300342
55.308767830255974
42.007656519806396
57.675084111036824
57.3652909304095
48.27547180926782
54.44383627995326
52.399038778690056
54.49259847924936
57.88149848365827
53.16248100135738
56.67795367131059
54.736469483690286
47.94711080931894
60.941904083812624
58.281471789038626
56.10982916032671
59.7528454566718
49.97850734694241
46.50099813751395
55.92948077328181
43.803766115845455
42.910772215014525
61.959078424914395
56.16886737210771
51.481676527565114
59.48848575127154
47.75203241450372
57.760107823443505
58.264826781760846
50.68414577647501
58.76139232490119
53.42312385613263
61.26262719528469
47.45012372720392
45.308481213583036
55.786525753460204
52.64296917973698
59.99024929731401
58.98171036362292
47.33580719219398
48.67150711429737
56.16161854483873
53.143714708590544
56.209631867751796
57.617169583210035
53.43580027708135
44.19588239813084
49.91259290598957
55.516307442760166
54.2407698263965
53.73543583743984
56.69767301728537
54.292008966941054
47.2512323766353
41.35850056071082
57.76220901345497
47.48043215789594
51.56057411924203
58.24218957848657
42.7456061536448
54.188313925946865
49.79791598844577
58.27912217241064
59.482415142188074
50.25570352698948
46.26797487020149
47.359015577846286
60.02471172519192
60.15154632250627
54.14423894946877
43.755294348002536
54.38283331496343
50.008699997860184
53.8042335671695
58.30712553447607
54.94515810054671
57.80381885571586
49.360275951018394
59.4652216586761
58.476551524874274
59.16158667932009
46.856282295962004
57.9136634009566
52.660579095544065
50.4194100655139
55.01964753319287
58.69945978390628
52.25646481390106
57.880302232936984
50.74915617554716
44.75337616219527
51.081692446240474
57.47163817253127
58.04013518066273
49.80157597867229
46.07814631253155
55.19303624983037
57.99777653631046
53.95777305153126
58.856514891013774
58.47628012928176
51.91564509024119
49.088944013256615
52.53071705921252
54.64781677981303
49.23579116292415
50.80462891794835
53.842768891264335
59.663754950601906
44.2394911337836
58.35054374369363
53.14888869288985
46.770155138275705
58.77476592921412
57.956540560792085
54.564855420076704
57.08090200213985
56.172463398312516
57.56113930004859
44.13221878297377
56.316693411490434
56.43250002755789
50.893004765519734
52.732769874405285
39.31243446542277
54.84792363738367
48.67568640149538
51.88266861628945
45.21175831719975
50.240521726185506
53.17267225067144
55.02623375155059
53.57577427794247
49.9232670483282
61.485170711199146
53.84664720099497
54.648900594953
53.845803622920734
57.163683703295966
51.662333362121664
57.22062290940383
57.27499725509148
48.906128915183764
58.85060048159655
39.49712574370877
54.45407649446966
43.284239385024975
53.53771491684161
43.903673724743
58.810735096817965
53.14603334753112
56.495681647531775
57.103270833292285
39.7453582697273
49.27056230482446
55.79808682811948
52.63097706951446
58.156527950167145
52.91494945116944
45.21470438313582
48.90770738901806
48.03415657355674
39.690844992476165
57.44925516033079
40.022604183432236
56.85923758575352
55.99515731023898
49.22460744261639
59.997911345477455
42.835223015337846
50.199424379798344
42.49362820465657
51.04107519591629
53.58422960309837
44.75121333069859
55.20826987603211
48.645368368201304
53.908981900492066
55.808795704779854
56.70726203143998
54.41975433966914
53.45503898462869
44.000659884720065
51.743083055082614
55.006020763921974
52.46470481593579
55.783044587769936
55.52105958109645
48.14469258342271
53.03661618156692
56.925588904112004
55.601846283657395
54.8829628108951
37.51764316897991
51.65789523364006
55.35096232830949
50.08515701955969
52.04408412124267
57.77506569659173
58.907186038949675
50.17842367894012
52.6949733847919
45.9749587761643
49.12464541667846
39.6183617783006
49.916623292504724
55.53044610512484
47.850154912987634
42.695420006733464
52.386239964712395
55.58275897993492
42.61537176913311
49.39699973705288
47.00657079439874
45.95068050939241
54.087421874011866
52.77197943771527
52.41254367244278
49.42222391240729
47.708599993001506
47.26637871584877
48.12214355416011
52.95879956943474
53.9446551018336
48.776571679435826
47.97308411797506
50.54901716872977
48.541893886076295
48.15477840997316
45.840133514004236
51.48134738923645
49.35329366271211
52.66147646663419
48.55583546704261
28.197892951453134
35.001181219513924
54.27285053655105
45.43956990072761
49.85782381013723
54.409316387091486
51.94368185226239
57.77808819725252
57.29770925282554
48.49924814493326
55.18987898711009
41.69603914109047
55.600565294574444
39.70399676466683
48.24310116561001
43.05637354887604
45.776486569581145
47.675564459192415
52.94449435089863
52.921328112653555
39.770247566834044
51.31193911726441
54.28250286282473
53.27165456181875
46.28241617573121
48.62124750163139
43.993933309872126
52.23277347554375
47.99591394555435
54.40612821093712
37.79966733367904
55.47467782645299
42.279084993450276
45.60392636706923
50.582407328848085
41.03144631035321
47.74063534128032
56.08314637031492
53.40987258640338
46.93324552971691
51.40226265089791
55.89800976485482
45.14277626673138
52.80261948355323
52.158607637527325
55.72840836204365
55.23267815569493
52.44638347058921
36.8208003137332
53.37039088143186
47.468669234637304
47.18181842467496
41.387402921250704
54.4842024445868
51.63771190648546
43.69071605822427
54.05339054707396
53.44871006143619
51.63209818470361
51.20654308676758
51.72063989320869
52.08689607389165
45.853298258250575
45.570001786918006
49.25370490697232
55.93651171122093
51.787275505448946
46.476279532653145
48.15489701581498
53.23960298149294
44.336987822346046
55.4545213544274
53.32066603675546
47.39261090274888
49.87371192882133
53.78102902589325
56.874163802762546
52.83540887087546
52.0204980939652
57.02239096422636
48.78762661131763
56.68216553065904
51.70848556784888
46.50075295174179
39.58248273588227
55.859088290901795
51.76811779305417
49.6471988227649
47.95172845233715
46.14730406910191
34.6065770637975
49.00441404859268
49.76746910478265
47.821471446340496
49.565558995382695
49.461853920985675
46.75362221049555
48.675020096295995
48.77454393220199
52.12245689247608
52.453290586089935
53.931223659651764
52.37196564603413
47.38022027062594
56.24858769775677
24.1452113949407
45.42024427880496
53.87823986391301
47.58813454676948
48.9903416453167
51.257001409912746
52.47037625584306
51.838342447773336
49.108060838052275
50.85493530862913
44.980720218347805
44.32787894428991
47.9172668220152
44.51015125361515
44.032680197732105
47.9010288096425
45.591873239560094
44.82718514209754
44.346266407662036
45.39495941333425
42.7320892106888
49.42520634539163
48.73326790521435
49.40230787522626
41.74636219518771
54.26242377693881
51.79959430242464
47.12433851192273
53.021445665107905
51.58102917821716
48.57896859542359
56.253498861340255
56.54344827031949
51.926229510755434
63.37584040628365
51.92622951075536
56.54344827031949
56.253498861340276
48.57896859542369
51.58102917821718
53.02144566510796
47.12433851192315
51.79959430242464
54.26242377693876
41.74636219518752
49.402307875226334
48.73326790521433
49.425206345391494
42.73208921068837
45.394959413334036
44.346266407661965
44.827185142097925
45.59187323955989
47.901028809642135
44.03268019773147
44.51015125361511
47.917266822015286
44.32787894429053
44.98072021834773
50.854935308628995
49.10806083805247
51.83834244777338
52.470376255843036
51.25700140991241
48.99034164531672
47.588134546769695
53.87823986391325
45.42024427880457
24.145211394942137
56.24858769775681
47.38022027062591
52.37196564603405
53.93122365965184
52.45329058609003
52.12245689247605
48.77454393220197
48.67502009629596
46.75362221049588
49.46185392098562
49.56555899538276
47.82147144634048
49.767469104782464
49.00441404859271
34.606577063799314
46.1473040691017
47.95172845233714
49.64719882276488
51.7681177930541
55.85908829090176
39.582482735882685
46.50075295174175
51.7084855678489
56.68216553065895
48.78762661131759
57.02239096422635
52.02049809396534
52.83540887087543
56.8741638027625
53.78102902589313
49.87371192882129
47.39261090274894
53.320666036755384
55.454521354427456
44.336987822345804
53.239602981493036
48.15489701581498
46.476279532652754
51.78727550544888
55.93651171122096
49.25370490697212
45.57000178691819
45.853298258250675
52.0868960738916
51.72063989320889
51.20654308676761
51.63209818470357
53.4487100614362
54.05339054707392
43.690716058223735
51.63771190648684
54.4842024445868
41.387402921250576
47.181818424675335
47.46866923463702
53.370390881431646
36.820800313733045
52.44638347058917
55.23267815569482
55.728408362043844
52.15860763752762
52.8026194835535
45.14277626673084
55.898009764854926
51.40226265089804
46.93324552971687
53.40987258640332
56.083146370315006
47.74063534128043
41.0314463103534
50.58240732884819
45.60392636706943
42.27908499344976
55.47467782645278
37.79966733367975
54.40612821093704
47.99591394555464
52.23277347554405
43.9939333098721
48.62124750163172
46.28241617573138
53.27165456181868
54.28250286282476
51.31193911726426
39.77024756683265
52.92132811265343
52.94449435089871
47.67556445919247
45.776486569581174
43.056373548875754
48.243101165610355
39.703996764666336
55.600565294574416
41.69603914109032
55.18987898711011
48.49924814493324
57.2977092528254
57.77808819725254
51.9436818522623
54.40931638709145
49.85782381013723
45.43956990072779
54.27285053655103
35.00118121951347
28.19789295145469
48.55583546704249
52.66147646663414
49.35329366271194
51.48134738923644
45.840133514004506
48.15477840997262
48.54189388607625
50.54901716873
47.97308411797519
48.776571679435826
53.94465510183358
52.95879956943496
48.12214355416002
47.26637871584883
47.708599993001684
49.42222391240732
52.41254367244278
52.771979437715224
54.087421874011994
45.950680509392086
47.006570794398634
49.396999737052965
42.61537176913258
55.58275897993486
52.386239964712445
42.695420006733144
47.85015491298761
55.53044610512464
49.91662329250489
39.61836177830004
49.12464541667848
45.97495877616457
52.694973384791844
50.178423678940206
58.90718603894973
57.775065696591625
52.04408412124281
50.0851570195595
55.350962328309535
51.65789523364006
37.51764316897929
54.882962810895144
55.60184628365739
56.925588904112054
53.03661618156685
48.14469258342253
55.521059581096736
55.783044587769915
52.464704815935484
55.006020763921946
51.74308305508282
44.00065988471938
53.45503898462879
54.419754339668884
56.70726203143997
55.80879570477986
53.90898190049202
48.64536836820121
55.20826987603202
44.75121333069916
53.58422960309824
51.04107519591578
42.493628204656176
50.19942437979857
42.83522301533808
59.99791134547734
49.22460744261598
55.99515731023893
56.85923758575342
40.02260418343277
57.44925516033075
39.69084499247575
48.034156573556544
48.90770738901803
45.21470438313575
52.914949451169385
58.156527950167096
52.63097706951459
55.7980868281195
49.27056230482415
39.745358269727056
57.10327083329226
56.49568164753183
53.14603334753122
58.81073509681795
43.90367372474308
53.53771491684171
43.28423938502524
54.45407649446962
39.497125743708075
58.85060048159657
48.906128915183814
57.27499725509145
57.22062290940377
51.662333362121686
57.16368370329604
53.8458036229206
54.64890059495293
53.84664720099501
61.4851707111991
49.92326704832798
53.575774277942365
55.02623375155064
53.172672250671525
50.2405217261855
45.21175831719945
51.8826686162894
48.675686401495774
54.847923637383644
39.31243446542203
52.73276987440533
50.893004765519656
56.43250002755801
56.31669341149036
44.13221878297417
57.56113930004854
56.17246339831263
57.08090200213984
54.56485542007666
57.956540560792064
58.77476592921405
46.770155138274994
53.14888869288992
58.35054374369365
44.239491133783616
59.66375495060195
53.842768891264335
50.80462891794853
49.23579116292431
54.647816779813056
52.53071705921244
49.088944013256594
51.91564509024107
58.476280129281804
58.85651489101373
53.95777305153139
57.997776536310624
55.19303624982986
46.078146312531494
49.80157597867215
58.04013518066266
57.47163817253126
51.08169244624051
44.753376162195096
50.74915617554724
57.880302232937
52.25646481390115
58.6994597839065
55.01964753319286
50.41941006551344
52.66057909554412
57.91366340095658
46.85628229596197
59.16158667932016
58.476551524874225
59.465221658676114
49.36027595101838
57.80381885571594
54.94515810054664
58.30712553447613
53.804233567169604
50.008699997860155
54.382833314963335
43.75529434800245
54.14423894946894
60.15154632250627
60.02471172519192
47.35901557784631
46.26797487020131
50.255703526989386
59.48241514218807
58.27912217241057
49.797915988445645
54.18831392594704
42.74560615364465
58.2421895784866
51.56057411924202
47.48043215789569
57.7622090134551
41.3585005607107
47.2512323766354
54.29200896694087
56.697673017285275
53.73543583743987
54.24076982639649
55.516307442760166
49.91259290598954
44.19588239813108
53.43580027708142
57.61716958321014
56.209631867751824
53.143714708590515
56.1616185448387
48.671507114297484
47.33580719219403
58.98171036362304
59.990249297314016
52.64296917973671
55.78652575346018
45.30848121358276
47.45012372720382
61.262627195284665
53.42312385613251
58.76139232490115
50.6841457764751
58.264826781760874
57.76010782344353
47.75203241450372
59.488485751271575
51.48167652756498
56.16886737210774
61.95907842491445
42.910772215014816
43.803766115845434
55.92948077328185
46.50099813751374
49.978507346942465
59.75284545667182
56.109829160326655
58.28147178903849
60.94190408381273
47.94711080931897
54.736469483690335
56.677953671310505
53.16248100135735
57.88149848365833
54.49259847924929
52.399038778689956
54.44383627995337
48.275471809267785
57.365290930409465
57.675084111036824
42.00765651980607
55.30876783025633
52.03297443003426
56.56099313446411
53.40852252434058
52.76089740513719
56.311439910515794
54.98990123698871
52.95867669322084
51.54496503612502
53.30607796156887
55.927828770389596
50.29691522391482
57.41803713320032
59.20764495887902
61.29226458291464
50.50021289874687
58.30374367774671
56.753338057672636
41.53180783233193
54.690721385809205
64.78305680322
47.82636220785007
51.8784837829502
57.797479877597
48.5946418643105
60.23391065276881
53.575142794895754
50.57613173651896
52.73849385331505
53.47313365933334
50.40233632339387
56.06311628164933
54.1223427938447
51.964726725533524
60.28831972155729
52.301154208688004
51.265931284167856
56.69975796621828
59.93834090505072
56.47724744943219
54.21757263321065
48.65691582131709
58.05502835387095
28.468423971358135
57.01490618427705
54.193799413704326
51.07431624840675
60.502408553204546
53.62666660046163
59.23314553354185
53.41194914974709
52.9173038526648
56.56963844253943
57.602852262887595
58.45886497905233
58.09553984065137
48.51975137769984
56.10828933689077
62.17078959703737
58.93976829221213
55.05853524313001
49.008163237661975
54.52122683135448
50.8778473521841
44.211105075514645
59.60327883083967
56.62513357081872
54.787870740830556
51.99376216716759
52.25978751926564
53.74239694693151
46.155231931578236
60.009885120798884
58.376707374021926
49.45890386568949
51.866181914145685
54.431205157855544
50.612957434583535
59.79257236748333
49.76284197177969
49.817373933518645
49.431048685869044
50.002498592132795
49.08255812989135
58.359982988154755
42.925400247015034
49.75466694102852
50.39340136531992
58.073986317439655
57.97554956993486
60.96887807302178
57.66940776295443
50.51720376559292
59.5071155980072
48.96270839292258
55.84616239411889
50.955043969901645
56.16180756460398
42.02010934291025
51.471258423753945
43.72554607440663
50.587703359134785
46.88644511106094
49.68252165138892
60.092957099839886
49.614359853673655
37.892282583314866
55.64240456088635
54.22815517703284
48.468599771197624
60.20388409222121
57.33717242792782
48.84820950813804
51.90045996881996
57.225701617672
59.0242048251593
51.44890163116344
28.058702088459775
52.723729381941496
48.853916994354904
49.853716761182824
42.733898024595184
57.460135151235306
50.25856008216746
46.1147886477491
52.70275950048229
58.57723009429395
50.279817877753985
56.7620334103911
51.657506869044155
49.12279281613777
54.28231959351497
41.43271898239766
50.172742630613016
56.94324286541135
58.717323174202356
41.57070456420559
36.09216460363635
46.39687063188469
55.66647323919014
55.519092248032266
44.267872944810634
53.29203746040375
52.06545413751438
46.38286161611674
54.927969231805285
57.35801168927074
57.522870224491534
56.504772603358916
54.51514780112171
58.413286512352485
50.45092609219877
52.19549862418734
51.307764133002884
43.03297236576241
52.47235524068914
59.14974335061488
59.325398378990045
52.421714295773576
53.33986166084667
56.58935925182459
44.819280279133594
56.881406984252806
52.0044111610948
53.70382526827711
42.85985297630893
55.91019031989376
52.83509127571956
59.00340611130894
59.02765424274817
46.96446853156493
54.98011732465785
40.9316763100982
51.6367386455947
51.39850697826142
53.61981171849868
59.6307735676341
55.308141429646376
53.68456124057452
57.89123133621079
56.42591951481982
53.925154592011644
51.62116410320298
51.91184771603596
46.052408044674095
53.041795484527626
56.10499809115886
49.98501518356943
57.5745953150372
46.20121074169351
50.81264076376642
51.60509500799614
59.94477820607241
53.26284818732902
53.69984130182167
56.33137522168184
54.02779349604352
42.88955697644091
52.12542987598162
35.754116099041745
53.69446811598185
51.75923890485034
59.10006521362679
55.64826477364473
56.503950776973156
45.467745560173924
54.07610090026143
54.56744250435278
50.69431515172572
43.98719555431253
55.15983229493692
50.459915536994735
50.9442943361325
56.20098564085674
52.73521679476132
52.74052717129838
54.87944540442968
52.01864029637076
57.18058797064337
53.064808084160894
56.891011281608556
60.73048762484867
50.86244213336454
47.44737562959487
49.68696997954433
48.152146015195214
57.01789775272932
49.154747246034304
52.55224698616878
59.64838948384312
58.36811748821084
53.27401132391153
48.788403321284015
52.922093010972134
55.05584505775395
54.57705114092644
55.70237671598412
44.45160693767909
51.15356370028255
48.87653781041598
54.64939645200205
58.08173586918096
47.81278881691752
53.388973878740345
49.91943595393006
50.61305464030771
49.95507097587019
58.86262467091049
55.564011048998566
52.74353382785499
56.679788244245586
56.015872825151796
51.86718457422963
53.37549351970854
57.931613691721026
53.15434819553323
59.6815127085684
49.086136001519236
55.22537472452825
61.43499598461755
54.68421744627419
54.644096796072034
58.35652921079496
56.44518804396796
56.52960698079424
55.44410615341748
58.4979835142467
62.4336955732062
46.26186504572199
61.5589782747533
61.659276325322836
44.19051683470465
55.91899485787607
54.99655853164928
51.80325638106482
50.89443792958478
46.46979427918786
56.79090761561098
59.29579148407644
54.55294051140231
60.32466903204088
55.016659729733526
54.85894621607539
26.906855316353123
56.09135187217805
53.68329060278427
55.11098279416458
54.1269677880304
44.9904790357424
49.17069034687364
53.71515484702101
48.58476206127497
49.3803707298736
61.07691591438305
42.894778185012015
50.870732618690006
59.39573402093657
46.77236603819968
43.76786795872938
56.43800529618151
55.51953510183122
54.83086101997915
54.57925725326177
49.06515337276248
40.44409469216963
59.69311557364549
49.79152830911004
40.74426042762633
58.302703198258655
57.17932390283796
58.26794603558188
57.255300539439055
56.48078448067804
54.80866264110879
58.99918295671181
57.97845032893037
58.12488337292773
54.86711969597796
58.99056685419038
57.351406701240144
56.503206306480465
59.43831762038749
56.18509224588058
58.4946414406713
47.86722715293105
54.4807907793181
59.94185790645612
58.685474261771105
52.43687604907129
56.55093152735433
46.48525626820028
58.88931380792273
58.02702503852196
51.82262220647495
54.382297508812165
49.446475134163975
55.26740868842069
53.86722243627341
54.54233342181568
52.59268623028845
48.19000920056854
45.79161321473383
55.40841265346904
54.07013471638091
57.42202208254386
57.20273806951376
57.522471383842095
52.31380834978853
62.196646614671536
47.00284734177866
40.77857367140454
57.8405609187455
58.796717148587526
56.44734369091354
58.39594838811273
31.259627311965748
54.37222041802642
54.472467326046505
42.84070647997701
55.65348187499403
42.47432589566999
53.92920309785226
50.14352264930654
57.09567947641506
59.29670160200166
50.583004135287695
54.85330963131191
51.923241969208355
52.54472056322677
54.40833019814481
55.6557059605532
44.746174939288785
48.64203561911825
49.85749569167504
46.36787962982788
51.46527537747512
51.68247195557647
55.69822693014366
60.93884195281532
54.447622328279664
45.54097413606786
56.38654811030047
56.8801109897311
53.848559820093584
55.05851083628922
57.25985982363974
47.05885396386506
61.290546339392726
55.89792698874669
48.156638341862205
56.775388026213164
47.767504600853634
54.547799879729844
52.180757056231016
50.492140071238566
38.359765825150504
54.96589293072485
58.478986703626894
56.22016735716558
57.48022735167538
53.93708940489623
39.15333299340747
60.72217106367103
59.65806803576498
59.432638829385176
53.26627647448148
39.81545983011101
43.60185570535261
52.00780843472393
55.88858797147115
57.04311012021008
56.6654315898908
56.49084120555698
51.062980389852925
59.73411673042577
55.63345517557724
54.516001989270926
52.1320860043984
52.89940890888502
59.28007715337222
56.643808196117675
56.618710410121935
47.704045168550905
55.91308682010984
53.94326886483084
54.66582044305221
54.075014448122474
52.58754579063577
51.03346591325118
47.312929196999306
55.42512419294653
55.13726803494488
42.28507302201997
50.870120572991596
49.232101770007255
45.66064740629255
51.22134693473267
50.8284286862494
57.544737336526765
55.33468731518904
55.94688434515027
53.78104824161415
54.03662525838567
47.00499703435299
44.97990330833532
45.71268708772186
53.566796441127885
56.45768984456965
47.17766887613301
58.67735617244279
45.77702949879496
53.413571723135945
57.98128562036165
50.7974483187016
49.011346270372485
46.84011982047348
55.342787344911784
58.50838489040633
51.15864501912158
54.63310453792118
55.41649492051281
44.5420502688893
52.078672331071154
54.49569525080197
50.074944730827994
56.79165256070909
50.1933223690175
55.38842978687167
45.44541282357862
47.96561811975196
54.27032512255139
55.25124201043435
52.072726093897884
48.48272246464815
46.381910855428146
52.75604490140697
56.40618722353449
54.14380583185349
51.10895946917347
59.36904474604838
53.16127622647373
54.00840894387504
51.62771568666204
57.9892847796694
52.372320490882444
59.82203209735385
50.921891823122905
50.74466924734965
50.29209405233932
49.53933686754098
46.79602121179596
53.369059476647784
51.98302547290211
54.43676607363546
54.15359636446125
54.573032508303086
55.86003551594914
52.52225265018471
55.200937760207594
49.176012045355925
47.51334968351539
55.2242532834249
55.62555014792694
59.477706846108006
56.76000421837061
55.93226232723822
56.431744722267155
52.38091718421139
40.052778637705906
54.29134408001083
55.298361646157154
55.84313154434077
49.68599754274998
50.96134526611303
51.4930396725594
52.30137109051537
50.46711836067818
57.35610020833388
53.07986399404234
50.830075873179766
54.49615814780006
49.177174820448286
45.27235508082572
50.44256910846848
52.75226556406574
49.749571130662595
53.80278630109736
56.487384432942214
57.3825058366782
53.785278383347155
53.12441528451835
36.424523194152044
56.843099400228745
48.752053410515394
52.90240316154558
57.29001655984874
51.181174027468394
52.46953568758606
53.50875438315921
45.81278771326534
49.39922268079474
52.99752439198905
51.35182870879327
48.719884467971816
42.77067181608772
57.72531535490543
57.80658878152664
41.90967952775768
46.87164495168095
38.65917434637216
57.860280788562086
55.42057499662994
59.0675773145265
51.64709713535525
56.79682128455033
46.597567063157385
56.25528460529826
57.970573119065335
46.31075950883796
52.962174278965264
49.48629717554388
53.537345602463475
57.58757089915996
45.1009775935856
43.946850410361115
54.94093287519738
51.558767901427615
54.75688061257182
54.25529129753397
53.62554932515988
55.194891792163205
53.35021587235915
54.791385948653314
56.077424279198674
52.69900336716182
50.500999651817075
52.15156767485502
48.66761522473125
45.58892951486433
57.068212285387574
57.79029564007635
56.26336840476796
43.75209264796428
57.84166554842125
53.557854153213555
49.75593530778391
53.19737429190915
44.703150496803715
43.53497154058812
53.90355467822759
55.76117485951399
53.19417962775379
50.23186275234826
55.639720622500406
44.28212907519507
55.042597953463634
56.99622419994811
56.27402109652918
50.41268181886775
52.83646830083978
49.946222028937925
54.61210975205199
48.19811087460103
37.65497332718827
54.67138714580145
56.09919308824425
41.77030257711549
51.77076751958262
55.137096651503896
55.3587818258075
52.46223657719176
44.10618348386136
50.835985358708385
51.6922673830621
55.00234536186394
38.667997858932004
50.20041570628414
49.718587821148915
54.26373551012056
45.68350861479905
40.12307226793005
50.77828905113815
52.182486561323856
49.836459981661186
50.448372997503164
42.78055585855813
45.62965127648202
58.562413674668036
44.84014488720974
55.894007786323954
58.62562816727018
55.69379301368969
50.19406238409023
60.219650094228314
54.84378768762212
49.21719724470912
49.54317618214393
58.00692025598153
58.87743672435252
57.23701587900087
42.196339435001164
44.78780983738612
51.551836420425985
46.86014197321523
53.350301530994535
56.29319118329156
53.47143337338646
59.92366899180698
34.961520751037234
51.9544123656804
49.733845061244324
57.52436515312178
61.89549451689068
58.5425200310972
49.73712905857106
45.90347168081549
40.54281892828434
51.218498385213415
53.229463810351135
53.70173834180405
59.791026051036724
54.62170608078611
57.838406363127575
44.580751625680904
43.08203764036588
40.878756705109176
44.782268437864474
51.834619133665655
54.49952649081204
53.44399268130654
56.841254679564095
56.47358162912285
53.47235360863202
56.528721658045725
57.82503865830006
54.952467368390884
50.99059156259679
51.3830042226206
48.62749536454585
49.06076887791567
57.743427573112065
54.37217389643717
45.24183090578304
44.4038584967939
47.740354728609226
53.959508526779416
47.760354217922895
46.79980256020838
42.489110441099356
57.04773555451551
54.92861760928909
52.87308286395923
52.39696841087165
49.83173883107065
27.463245387792696
56.81992739723394
57.306960773316135
46.50132757766222
55.251660098635675
53.380189693775144
60.87925423128056
53.51082483435026
52.20569118310571
53.12240258649405
59.59047216535505
55.495720895512406
57.849470586430094
57.875930179224866
53.755151727081255
55.83503214989221
60.025138789139625
51.568368670058014
49.63215517472132
57.5213694530266
50.832417108129405
41.943872940176796
46.20843217916992
57.78155884938188
55.78083261029076
52.867295618621114
49.48428942280842
52.84375740256913
53.92645504215224
39.09516021506727
64.2632650848752
58.86355475445004
56.36493888196169
45.36677120139319
55.548445277938605
50.12648121208481
57.73791507220914
55.45927615017724
55.4188128126248
57.64374076321755
52.78710232053111
51.799313560178135
50.68214629227839
54.3651286898052
58.92195013890664
57.279632762113565
56.241346238843015
59.488393416525184
57.432196346363476
48.51685795870122
54.23081479115302
59.656763535956216
51.58172568777762
54.233693932283714
60.30365708381558
59.30307262864743
62.46239348441196
53.538525470935674
58.2944470402075
59.2117731842433
58.12804913159561
58.727284507484605
48.954350124646865
57.98670734997796
48.310570140049514
50.74975040881612
57.460471452975675
51.457386822260595
54.29985813972354
59.08917739792271
51.60025886040211
61.48590629403018
58.64043951269129
56.50559576156862
55.74002882339437
54.95557492900843
56.96960681193609
59.06466632099453
55.90863394449654
47.7764197381606
53.441032256019916
62.69898129648108
55.88010946592458
51.929772175368065
53.421512904564715
51.671555591420855
63.13999405218673
47.93652996050077
60.01200847602337
59.09200459065473
52.82549627249038
57.29043164031041
58.98465728492529
56.559940509406715
48.778564376699876
60.61090961865598
51.78674896603265
63.56828881666679
55.00318890075599
57.47539835341814
57.82577117180821
56.9066258491935
57.10462609794913
60.835423139599094
53.216440576634334
62.173648881197614
60.24921814799686
57.55918534708556
49.06046096408383
55.53127862160081
49.147305700791215
60.8134998429734
62.762836222119944
36.124658740051245
59.871337629390695
54.99173147942227
61.63792469268047
62.374122958970524
53.55355835486728
60.05035241681394
55.96594590097861
57.970376672104244
62.994655080326105
58.2509016583986
50.66009536850682
58.91773614227789
58.15766776413426
47.82042314624676
56.981869153724986
61.68940264075167
54.060769630591416
58.75857704841287
57.949078054520726
56.8449078238967
58.14405114758369
50.978584312502626
58.058407605701646
49.79153381389036
66.1314359873734
56.18973628730178
52.0880196547128
57.96331307943327
58.29910917716656
38.53369541609529
63.032800906811275
61.19522972519892
24.90745717405745
59.56404484167801
71.17090751540513
55.97564977648644
59.95766435943527
58.8442845723396
57.90398185712845
60.77677245300392
67.07664444037971
60.779247828516965
60.23164572281128
59.79679851412756
75.2241754857277
56.121307302931996
55.750250813918214
37.29647924218728
60.92088662811305
59.055373462209
57.34992243631433
63.12444934299924
59.734899468162624
65.8420353023379
69.56117537405709
62.23969794435818
57.06033809952588
62.15825993897781
61.725177789613504
57.70867937833896
60.04567807160166
60.84765032087603
65.37795917115191
57.13433566283241
65.85072292279472
59.240358987807625
62.233235430466635
69.87511274626571
70.49699081195173
66.55705039093613
60.56656938621438
65.67721674759629
53.37449796256447
61.03806884557821
65.358970532518
66.97801279831302
65.85169763138049
59.054918268972955
64.48265254490022
63.35067818108626
63.659342571808025
57.399279590049595
60.704119914712976
56.672114462759666
60.838499980468754
63.35198701606683
67.77057429333217
64.98824150036953
51.85725860168861
64.98239722688263
53.83913653680025
64.61978774403113
63.2742726276947
62.39069280371136
62.60127908176948
50.8552489365228
64.0436321213183
37.265503457923565
59.621074390082434
63.18982680349847
61.17755096057089
65.52316777687574
64.0133178972541
67.54189998456462
58.40642691268313
60.035080585953
59.10836792382928
62.7353967620924
58.31132625389703
61.02464814725388
63.036257271252396
62.473907044625236
61.86933220571582
61.52634967137103
61.903975899243164
58.074166931698045
62.09449461798528
59.592245330377224
62.83304305158193
51.260438426235
55.895486082334926
64.15654113880808
57.64586683482317
62.644565202121036
62.0769330584296
60.59947032199566
71.628046759096
63.4455096278723
55.554015824831225
62.81962829339391
62.76330483921942
56.40497855699201
59.658878248373426
57.28301207045512
54.58339671405318
59.40743219258949
60.2459477198847
69.06752162793313
63.61037508685881
54.824521747342274
58.91294399355335
60.12719661317632
47.417885223255155
31.863149029647808
59.051052937338014
37.86952944382127
61.13756844958744
56.27204028693001
48.90247838260304
57.14839105734484
60.507157110923295
64.96287696289319
63.619831015400536
57.64378148176971
49.224953185028795
60.140390663148
62.4239224172512
60.47465852875685
38.0684067277118
55.95737662113031
54.246290535964135
51.77341390214649
62.12050756026657
54.136253634814125
64.48447690044792
62.314610923810115
66.99546537949206
59.501121756229416
49.23281420316648
56.653421465848474
49.62224253470148
52.37036962426554
58.58389611059728
59.49891493574468
57.7211232873118
56.25545477327008
56.769426463623304
62.596258748470994
56.10541337776106
54.98701068071777
57.26462804397912
53.449309737497536
60.792963152740136
58.84072733901622
54.98356638955792
56.60996581158017
53.21977006311868
60.15505208692599
60.824593750146086
49.799941682134744
55.39949264921198
53.55676455221428
54.92323519722354
39.92410803933555
54.50909779676566
56.59680981584466
56.9037969603929
51.48825564316333
59.21145812475405
55.64328642975745
54.0633206627504
61.0887945077462
52.99773033497242
52.64301925419451
57.7446536134653
51.506969679964065
46.28576290191069
59.867727789439826
46.53725982788763
58.398021125798735
57.50228477941663
64.73229877166703
60.25174418782651
51.2296999505711
58.888085294628254
55.407815308278686
52.72714444817488
59.29499367286526
57.0039987978125
46.85986440949205
55.36183083278594
62.84069155934128
60.679897293214175
46.525374982017794
45.363652106892474
52.207767311960666
60.76401925988886
59.144424888329084
57.89538972403673
60.852796770087096
55.02735968813147
56.82351798366362
61.52633424792302
55.04890533021757
58.183700760395
49.84319910132639
55.45573511599113
63.17727491406905
57.88243705901537
44.68503248138732
54.443257022595404
60.35210109076009
45.99750306839169
55.72551219989321
60.435132757781204
46.384801062527536
54.85274620536653
43.678145888364014
55.93737266724304
59.30121592781245
54.000873754508156
64.06812273622802
65.22117603647327
63.19272814676402
60.07952578134952
59.43540453462234
57.032797188895984
60.19576288258685
54.989843322415844
60.0950251660278
58.82542885085222
61.509408180433994
63.192191770759
55.831081046643575
52.86505618431327
58.51378868586161
40.48931549921369
59.49418375469147
55.05419278190572
60.73332361822825
62.60470349145194
60.55175248687175
58.43126906794466
62.22236703097917
59.5486998306308
55.37069274687657
61.530352784931885
55.06419053135949
45.45659113905093
54.84361651203763
58.01667632872877
54.673454549878635
60.24426794107796
47.5240600994384
50.32140443179425
57.52723901539186
59.22967182958244
63.17171258638801
59.20930618882189
58.16561270098867
51.854915343328464
62.29440901670161
62.896426299680634
58.111492370235794
61.58287306317776
62.0383625942786
60.341324833963945
60.44803623757237
65.02684271174914
59.80026642405871
49.71169885070616
58.4898885900691
62.947850727090575
56.24185250813409
52.08152941290257
54.73854861640871
55.304250185466614
62.72988587852642
55.691287165334714
54.084329913596875
43.893791779489355
64.07589170084933
68.20923075606628
62.1340967035226
56.221335086233466
61.5908862992294
65.71711574056677
64.40135702490718
60.46366643741909
51.50442802934585
56.93244426385174
65.63424538553932
68.58887756037984
65.63095625526748
62.454617188315275
56.15862247752134
62.84511715413501
59.778183133031504
63.98771269337492
62.722778750031374
62.379685813056824
61.74281953677983
50.95717905127078
61.04795257301781
56.61182209862674
61.61713970727176
64.9448657078501
60.96242964127808
61.98753306470215
52.51257468526191
64.02269591849165
56.843173589689115
66.44183070951536
61.963685420306014
54.569068724111446
50.86233417683876
57.14010717807902
57.86240891640056
61.94824869367188
64.5095792032846
55.906773957480866
55.87740795555384
64.64725561717809
69.64544296306474
60.76587920698025
68.50286082954864
56.30575954995683
60.652627815461685
66.93369731984689
59.640655043152684
63.15130510503809
64.18089943179969
59.816360493055996
59.78804491017158
63.17081681071432
61.3360412053441
69.58640671855791
62.84618866260462
63.778544985379035
66.41343235732451
62.39057416204227
66.62905371505195
64.9983657099738
63.29721910571582
65.70919918978332
66.81312295405506
54.757031646502305
67.29818492267077
71.61536654208626
70.00501533955416
69.72434354077778
69.86902101642218
69.51674299789727
58.82073112829602
67.23065762679005
63.28948398367905
59.84162194677747
62.59837908306498
67.49954681735487
56.38042579225855
60.91040500310358
61.507301718768744
67.37524246717437
72.33121330692742
69.57952628799231
64.29973567358228
68.9510198195446
65.93894338170762
69.6629228573404
67.77854171034723
67.9078137075874
68.87065061117818
54.22612444013537
70.19347950392843
71.1764868425435
68.94656426381195
62.04650928565273
67.84567865653463
53.9338045705876
63.26710948611481
57.210582708846324
64.22858493831698
63.644647724388115
64.18947459532733
63.43130814560296
63.175175226184656
57.67724631906945
61.03982693260997
66.788853430324
67.20685184353117
69.46370661415418
70.64900401228152
67.4288062889404
48.759399988372216
61.9619918981552
53.6370225338776
47.632735814307765
67.482182272206
48.565813473028754
76.82824417960612
67.9527845022358
70.92801030157608
59.94607208336066
71.3864937612553
68.74877236306217
72.33230000696865
74.70554056241043
79.6367368710147
79.45754901322371
90.40178211277055
82.72692637362054
79.61164852897936
83.55851022972075
66.55778114907365
74.83879861219637
77.80364992343105
77.75702407127952
71.98917959030909
80.13255401712074
95.24704099646047
79.9241250493482
85.14035899764269
72.42587935070861
80.23974494600154
81.0384917749662
72.02662579354161
72.35356443425778
77.48810732681576
77.12020842106773
79.18022472167603
60.66994081155664
69.59129045297553
72.03472619570957
67.57026646274764
69.27911041735462
76.81800306270931
72.02599504787501
73.53531703968159
71.28667503344808
77.86795454151107
70.53228126239776
70.46057179947613
63.04042112235686
71.79084393604111
71.06269445099613
63.158741233671584
65.77315722737394
56.15053111077771
62.81811219784455
73.13558037776757
68.56812687489091
59.25986405274859
61.74344434759173
66.01310854515583
72.75986637138966
68.27205201174311
64.40990435088464
68.29454664420186
63.888401244156995
73.59910837503375
65.63374314825103
59.58304868371556
65.4155345254764
73.58651332980207
70.93145065795755
73.01430812622192
67.37667309703542
66.63397475249339
58.8957358168844
66.17426193464311
66.04617550896523
71.6328469875691
58.55163771947281
60.97273516630497
68.90364887393011
64.99281674857953
67.31184485046666
65.33227199969019
74.5094349316069
80.89232977247406
70.44382267912627
59.05169748894562
70.1860512277066
70.22635226577444
74.6292432780029
66.76421361319379
64.62860550897207
64.13770833200584
66.54636877995509
64.77635728867271
71.65620366924374
54.5393814949193
62.388945325960144
66.98650937931436
68.17620278647203
64.17839915347406
66.65193293343398
67.06232446293734
64.0512509287553
71.70124496277766
70.47484656300809
71.89886512469847
59.100099731826774
55.09618932779097
67.5031435143003
64.16238400963655
62.0306378643886
68.14887018537709
66.94927426862358
73.35019481700532
66.60831222451603
69.94846558805041
66.42886582371844
64.68807385789417
59.809822723095465
65.63732175704072
68.83046165903852
65.50738509278756
66.10680393681395
64.55025157970016
60.403565267007664
68.41941945172728
62.35648246358515
66.82107349576064
70.63565164471392
65.14265094677656
73.64899407441084
68.01267715803915
63.37904093542989
55.39224873445322
72.02918336199774
70.05999661133171
60.424070637543466
69.43519247692309
77.56839738297185
69.59717209474574
68.75608281360466
70.31289451142779
72.64216823380194
75.46737114749817
69.12881865587649
65.5214663029386
63.84597483065144
68.30218929418297
74.9594753831058
72.97120213534507
71.67486696878994
69.77124422098619
77.83692874971808
62.370413492299114
72.88668249166372
71.47826295565108
71.48766902177216
72.75812661222479
79.8229621648707
78.35070442292229
63.24390001830176
64.4823874887432
75.63966667431326
79.5557781653635
77.5829649833531
67.96793655822248
76.11181756172685
75.21208046295044
79.3191591828249
76.32172441936548
80.35175124685047
75.33558214891728
72.75888399255419
81.73507260360444
77.856552160355
74.4632998225398
66.57687757592082
65.07506391176598
76.03492458081243
80.36161949735396
77.73148372288925
76.82030921754132
74.36325977557817
81.7429774500815
81.05890253331765
78.19833941564114
74.34718438052583
70.02260325259782
81.00556864433631
79.62103567842476
78.99623924816261
72.47500371587046
70.28530025647535
77.86240725259088
76.38007689097178
67.74463087138598
59.16131491748625
47.47271793690277
80.3931559865034
72.76995489241946
61.75636859903879
80.08718563443512
79.33320857124838
87.55394361581051
70.61969030528003
61.762909565069506
76.5968354002854
76.15069653867687
85.12652630127613
72.56404603306592
61.06244249208733
70.2493223462204
77.11005901562666
73.89941161619845
67.37379258828905
77.06413666696939
73.6447948791048
75.41949952879176
84.31912950098337
72.2454348206326
72.95075964577295
65.03140016478609
67.6389572474996
83.48881574346699
69.53809726083898
72.71950694754722
54.9542893040244
65.59435353593153
70.95730717383292
73.71707705388661
73.93184469282679
68.47624810477511
67.52263447963409
77.72498726098961
73.88682244317138
72.47046762428387
74.27244752495105
75.86533903025745
77.31692738765133
79.25716126564075
76.4867789153743
80.34135017099163
67.29283700762815
79.94590235270488
75.59891746425915
74.73122021379068
70.83145243796446
73.82075915770916
68.43512448687933
74.50343923246878
73.9824355654119
76.6041246101926
77.32184497158904
82.6383079519371
73.98733593976854
74.4389003095246
73.16567633802893
59.376920240032135
72.49479262926354
63.756175901117224
67.7960186242135
58.29800039979959
65.62110396402758
74.65738345395063
65.86366507036377
69.30361691698104
71.37243903728249
68.54829064720305
71.62037029664789
72.91866039597434
72.98725686803539
74.63086822568489
63.7396825525674
79.88915139347606
70.50375747310005
77.56704262988245
75.98035478253296
75.2400460260455
78.71965507174873
66.02501384838914
75.83399155727422
77.43051245661148
64.99131241830007
70.85375030371688
59.578112089999735
67.61300953709281
74.79636666672098
72.64208641108911
60.61138465914678
63.5649112427146
68.62707670526758
75.19354934154538
68.55881801482164
71.04086302530912
59.83612171880865
77.41762872034046
79.79723502829769
74.93790336499688
60.4194821685121
60.45890414595681
78.4529210571093
76.6744759464631
67.81451555903911
70.62083114658324
77.09997965209618
68.63197103745493
72.54042300939193
69.12634479672127
70.57551509017807
68.53781335658202
71.118148906925
76.82528725922711
72.20246005786048
73.05893179004414
75.02665710613422
55.6668744938804
76.8995450350613
72.69360879705891
74.99229622922667
60.76261599889225
72.86749004005785
74.58562093312273
75.47816462979698
76.11531756686638
58.40092012974941
80.58363495124996
76.66125678474447
78.22403603703151
81.75877492477242
75.9599352083108
80.49208601554017
71.95598593005872
82.32737147649388
76.41294394490366
74.04506035564694
78.61587830025596
76.22956089412793
71.91508133019708
74.00861659853211
69.09244353243237
83.06400347720927
80.06225741822635
72.83532899450503
75.84994474433725
77.10995656615178
68.18481179243182
65.30558614636078
80.3197464223885
82.30225470938855
72.13259125702729
79.9838690268203
84.66809280393423
80.1057911319697
77.6885027569829
78.44062615783452
79.66389956366345
80.84562095787473
77.45464378147817
80.21391611181582
77.8696373944642
89.00181843578042
81.98503726588092
72.56406221030352
83.00784000663216
77.96694134401461
82.46860116766075
80.61492752113507
73.29143783587377
79.76175399822492
73.66204406003806
84.14348963431033
80.0608782923992
77.4033663359973
86.58712925696383
90.06933707044493
88.6298144601547
87.5546114682558
85.35954863953363
76.57598725109624
79.51488516903663
84.96728485563997
93.12045972895923
78.6670835275308
85.47170313954362
87.19231660544148
87.09848818104867
85.99709647110811
83.35905510725331
89.08802288075637
88.60147470828636
84.15640832505443
86.66191202778788
85.76846850282186
88.42046038867761
97.3835871425693
97.47460234420177
83.56575406601932
104.32268348712759
116.44203323229442
95.15787764711179
99.1488915580723
94.54791569973194
90.33533797757573
87.93598709380899
73.50471222847142
77.914654074649
101.88049330451582
101.05125732827665
116.75348388422769
107.80362851697859
85.3391751463367
90.79831510644716
96.92332210472314
90.28011702409407
95.86349993374797
92.85925578689725
91.33064208177873
89.49061657596488
86.72982599321826
87.57507043825507
83.68090643960761
92.87949634617603
98.31133455330551
88.79600004883866
83.35938034886746
97.06674409894474
79.01345368627344
96.35717376520824
90.99644722892647
85.08605858420773
93.87289237881302
90.8942645939396
81.60436722460568
89.80627413797865
73.49680816491022
85.26869316193194
90.1010436950809
86.6207896496742
95.63090413226804
86.57141720887914
92.00715346453336
92.30262360766665
94.6868679454255
91.94555796729183
84.73802292836226
90.86991172663929
74.44747326529793
92.4700858084865
81.37052728447854
94.5986934505905
92.55211543493571
87.42317793703415
90.23954383151548
86.47526731440814
85.44312234160046
87.85647135778142
84.24259575003191
88.96476498423296
93.88064667921755
95.27845599349321
93.2638512940843
99.69692994527517
102.31068144655454
97.87375453708691
98.05134277596322
102.54801313576044
91.98788908738717
95.19231734253066
96.46548993683268
93.17020883079391
88.88318984608198
92.75916690356547
100.39618266056975
100.8959035012554
98.72790945652802
89.39169195853316
104.267501710736
103.13994849366605
99.44716235983628
93.42456271203169
105.39987519604892
102.29878630456007
94.03654201970078
105.19525720606198
91.05721245747526
97.66644006278476
99.06932560732527
96.93637308298877
97.76574446722172
90.34329073795398
107.77057949372447
103.05139368564882
94.35377727275585
99.38923607954632
84.29011492573979
98.24397381089932
106.37618117378804
97.92453499228569
97.17868052156598
100.12016139642566
98.5463234328081
102.26619785697473
92.592344963305
100.21298729895007
101.13119974398658
101.01287345247192
89.2121202490321
97.53636950663746
98.60737813602269
87.42569212570659
95.31778214399304
103.54544750359354
98.96264272990159
100.44662464925516
101.36446667578907
103.00210846852181
95.6138339245359
98.35792068930448
94.63004334302033
98.01249496872343
102.27354598632377
106.92072319539338
87.68530479155059
101.42389524002564
102.74733130840286
98.0362928323924
87.15857106873702
91.89642695202596
103.38815753133667
91.61108296951707
87.0906473690556
98.27939342054458
90.73731273166584
101.75693757508967
81.628217529511
105.7899105313721
99.4740949044158
98.45431042456619
97.15715194790663
87.14472949569057
97.8587026320539
98.3309243649132
90.89458930049433
78.44673410839947
84.87136020031912
102.3839256377753
94.0366918686589
99.3860436461476
103.28188030810091
92.64025974991553
90.99853982377873
97.6152725427899
98.50255576616532
105.10934793943937
87.75732464517132
96.82708158540399
97.26447924595989
100.30978786192233
97.32347614592767
95.79544882825692
106.2086043154986
99.78450171656593
103.15487175848018
91.87947762707657
98.47551355445303
96.68766205774246
102.69142592254285
94.00685985645464
97.09876875706769
91.80992622680344
98.18517015623465
100.86676851506712
97.47585337730904
93.4683500711189
103.5211788920974
94.79736081875822
91.90417611706685
99.25115140553068
86.13530517102637
86.16961579031751
102.68352915497792
94.53227207405747
96.10380904384246
94.43861525822284
89.70865141562012
96.74784566727432
92.44824764307714
83.13109982519916
98.89497598839273
96.27690230429194
84.80639999654414
97.15832962029859
97.62180772956484
97.09171297312592
88.49826489099848
96.22977518842367
97.10837954059868
82.5087267030706
95.30306756738186
84.09463899014882
97.54666815885756
95.49117354758621
93.76784720052777
89.84002973241755
89.72617419280368
90.95860749110781
94.4155728784373
93.50898508100539
87.64391848795418
90.68843480080614
92.69790738169904
82.38000866786977
88.70654223136884
85.88281750243206
95.56661676429464
95.98671505711664
99.2401378066192
93.77886895566567
92.54923480207161
91.23152054293175
95.05544173475413
90.98233743375334
94.56195449662565
93.22559140606131
92.1883345279611
93.05620876684388
75.09077045676881
91.79877475347706
89.61792142763997
85.7868209730929
100.60656094103736
92.72701379669311
96.67957581682167
95.2812698867473
89.28851885571868
103.51416422255427
89.72279252318825
86.58236403476607
93.65510383918891
97.46025378034454
88.85165358803181
99.34263680996145
94.90197068864886
98.89912169873723
94.52019371189643
92.95805639241195
85.87049430714248
92.99414444575027
91.78160692836734
93.28777207490049
100.0776186087071
95.94888917939946
94.20548010699886
90.14083093723458
90.87778499154608
97.21059034197636
97.11259113839068
91.01595147215261
93.53300090331899
89.16489229341634
91.01438507170934
98.12455902930985
86.50360318908135
84.7730088595302
98.42493397964303
101.6893441763198
98.80201295374366
94.87715040602055
91.28420780866014
91.42260018529457
98.08943330172035
89.58465785431521
91.86884141437878
98.21026734613835
92.82860114244613
97.54585196409819
95.79778941332079
96.20223285136893
98.17233972835527
93.08869567496723
101.3395815440008
97.53254029480323
83.50359682064082
90.81842681989801
91.63678610208504
97.00459138071265
98.26004069030222
92.29684342778069
89.99023854369196
85.33497166374059
79.63079837578687
73.34885766477831
88.36095287415782
92.36554033164558
86.53003918384444
100.96659979212927
92.6810797235573
87.64486368672502
85.00346292004453
76.14850895682795
90.26639155498319
91.03837677419037
89.26452302398653
87.14119134285171
86.26986845970202
81.72215475796618
80.46273676290267
87.53739617107985
82.93283599282336
82.83706326861886
80.1636401034721
83.34586541273606
84.12347291634917
82.61699957052313
84.38931737178679
86.27492535056575
71.39517183506045
79.18091585915877
77.5014892587855
76.63458373847317
75.83413615692852
82.58966013399547
83.93387101648948
82.07899036132622
81.6837521106736
84.46049392354497
84.45176097010446
81.90853545418716
78.97494389371434
82.40795624017444
75.81615112033724
83.74175079139368
82.0937746379467
80.69049325048626
80.01540331564539
86.16893200406469
79.62006689528272
76.35361544924153
71.8905362246051
83.49757667843963
85.07114560112983
82.61282041673816
79.57518332124482
78.90336332958896
77.7683817759173
81.30240680767065
73.08804949427875
83.31883400057404
68.19322900649456
79.22310646668417
87.38736733863006
82.6144281944799
75.17208314502234
78.37621255424456
83.15759619584172
83.8656287505779
79.52076297308577
86.09990939332556
83.05233204818688
87.24629449558435
74.53698283561563
81.95561653649725
88.81437621273537
90.82321380783405
71.33370546184213
85.4353117588723
76.89188577978699
86.73877662921385
80.12090238289011
98.81436097924409
86.71984380646826
83.62083053644547
84.04363021740073
89.29259455752367
77.003862597396
92.58469330707513
96.6992711202735
92.90407414302734
97.89924467871087
101.89461213439259
98.47474452355175
113.86778582046703
92.77760342290088
67.65724429042857
87.8226013546221
87.73339521179281
91.07047787841353
89.59323946741598
95.582455781187
88.05023290309693
78.29977061151813
63.94142750673045
70.86486107804232
