0
4278
8485
12550
16402
19973
23203
26035
28419
30314
31684
32507
32766
32456
31581
30156
28203
25758
22860
19561
15917
11991
7852
3573
-771
-5106
-9352
-13436
-17284
-20829
-24006
-26759
-29038
-30801
-32015
-32660
-32720
-32196
-31094
-29434
-27244
-24563
-21439
-17925
-14087
-9991
-5712
-1327
3083
7441
11667
15683
19415
22796
25762
28259
30239
31667
32514
32764
32412
31462
29931
27847
25247
22178
18696
14865
10755
6443
2009
-2465
-6896
-11201
-15299
-19113
-22570
-25606
-28162
-30190
-31650
-32514
-32764
-32394
-31411
-29832
-27686
-25012
-21861
-18292
-14372
-10175
-5781
-1274
3259
7733
12062
16161
19951
23359
26318
28771
30668
31973
32659
32711
32127
30919
29107
26727
23823
20452
16679
12577
8226
3711
-879
-5455
-9926
-14204
-18204
-21846
-25058
-27775
-29942
-31516
-32464
-32766
-32415
-31417
-29790
-27567
-24790
-21514
-17805
-13736
-9388
-4849
-209
4437
8997
13377
17489
21248
24578
27411
29687
31359
32393
32765
32468
31507
29899
27676
24884
21579
17828
13707
9301
4700
0
-4703
-9311
-13729
-17864
-21629
-24947
-27746
-29968
-31566
-32503
-32761
-32332
-31225
-29460
-27076
-24119
-20653
-16748
-12488
-7961
-3263
1506
6246
10856
15238
19298
22949
26112
28719
30713
32051
32702
32651
31900
30461
28366
25658
22395
18646
14492
10022
5332
524
-4298
-9029
-13567
-17811
-21669
-25055
-27896
-30127
-31699
-32577
-32739
-32182
-30916
-28967
-26379
-23206
-19519
-15397
-10932
-6222
-1372
3511
8320
12945
17284
21240
24723
27655
29968
31611
32545
32748
32214
30954
28995
26381
23169
19431
15252
10724
5950
1038
-3899
-8751
-13405
-17757
-21705
-25159
-28038
-30277
-31822
-32637
-32702
-32014
-30588
-28456
-25665
-22280
-18377
-14047
-9388
-4509
477
5455
10308
14924
19194
23018
26305
28979
30974
32243
32756
32498
31476
29711
27244
24133
20449
16280
11722
6884
1880
-3170
-8148
-12935
-17416
-21484
-25041
-28000
-30291
-31856
-32659
-32677
-31909
-30373
-28105
-25157
-21600
-17520
-13013
-8189
-3163
1941
7001
11893
16499
20705
24407
27516
29953
31659
32589
32721
32049
30590
28377
25463
21921
17836
13307
8448
3377
-1780
-6896
-11843
-16499
-20746
-24479
-27603
-30040
-31727
-32621
-32699
-31957
-30413
-28105
-25088
-21439
-17247
-12618
-7668
-2522
2689
7836
12787
17416
21605
25247
28248
30530
32035
32723
32574
31592
29801
27244
23987
20112
15718
10917
5832
595
-4660
-9798
-14685
-19194
-23208
-26622
-29345
-31307
-32455
-32757
-32206
-30813
-28614
-25665
-22043
-17841
-13169
-8148
-2911
2405
7661
12717
17440
21705
25397
28419
30689
32146
32750
32483
31352
29385
26633
23169
19084
14487
9500
4255
-1105
-6439
-11603
-16457
-20870
-24723
-27911
-30346
-31961
-32712
-32578
-31559
-29684
-27001
-23582
-19519
-14922
-9916
-4636
771
6162
11386
16301
20770
24671
27896
30354
31977
32719
32558
31498
29565
26813
23317
19172
14492
9407
4058
-1405
-6833
-12073
-16978
-21411
-25247
-28377
-30713
-32188
-32760
-32410
-31148
-29007
-26047
-22351
-18021
-13179
-7961
-2516
3003
8440
13640
18454
22745
26389
29282
31340
32503
32737
32033
30409
27913
24613
20604
16000
10932
5547
0
-5550
-10942
-16021
-20637
-24657
-27963
-30458
-32068
-32745
-32468
-31244
-29107
-26118
-22364
-17952
-13013
-7689
-2137
3479
8997
14252
19090
23367
26955
29748
31662
32640
32650
31691
29790
27003
23411
19119
14256
8965
3403
-2262
-7862
-13230
-18204
-22633
-26385
-29345
-31423
-32556
-32707
-31871
-30072
-27362
-23823
-19561
-14703
-9397
-3803
1908
7565
12994
18030
22517
26318
29316
31419
32559
32702
31841
30001
27238
23635
19302
14372
8996
3339
-2422
-8112
-13553
-18577
-23026
-26761
-29667
-31650
-32648
-32629
-31591
-29565
-26615
-22829
-18327
-13249
-7752
-2009
3799
9491
14886
19815
24120
27666
30338
32052
32751
32412
31044
28690
25423
21345
16586
11295
5642
-193
-6025
-11667
-16938
-21669
-25706
-28920
-31206
-32489
-32726
-31909
-30063
-27244
-23544
-19081
-13998
-8460
-2644
3259
9060
14569
19606
24006
27626
30346
32075
32756
32366
30916
28451
25051
20827
15917
10480
4696
-1244
-7147
-12817
-18065
-22719
-26622
-29644
-31684
-32674
-32578
-31398
-29173
-25975
-21909
-17110
-11737
-5969
0
5972
11747
17130
21941
26016
29217
31436
32596
32657
31615
29504
26395
22390
17625
12260
6476
470
-5554
-11392
-16845
-21726
-25867
-29127
-31393
-32585
-32662
-31619
-29491
-26349
-22301
-17483
-12062
-6222
-166
5898
11762
17222
22088
26191
29387
31566
32648
32597
31411
29131
25835
21636
16679
11138
5205
-912
-7001
-12847
-18244
-23003
-26955
-29960
-31912
-32739
-32412
-30940
-28374
-24803
-20353
-15179
-9465
-3413
2763
8843
14612
19863
24407
28083
30758
32334
32755
32003
30103
27124
23169
18381
12929
7010
836
-5370
-11386
-16993
-21989
-26191
-29446
-31636
-32680
-32538
-31214
-28754
-25247
-20819
-15630
-9868
-3744
2518
8692
14551
19879
24480
28184
30855
32393
32739
31880
29845
26709
22585
17625
12011
5950
-333
-6607
-12639
-18204
-23094
-27128
-30152
-32055
-32763
-32248
-30528
-27666
-23767
-18976
-13473
-7461
-1167
5173
11322
17047
22132
26385
29644
31785
32724
32427
30901
28203
24435
19738
14288
8294
1981
-4409
-10635
-16457
-21654
-26025
-29402
-31656
-32697
-32485
-31027
-28377
-24634
-19943
-14481
-8460
-2109
4324
10594
16457
21686
26077
29459
31699
32710
32451
30929
28203
24378
19601
14056
7961
1552
-4919
-11201
-17047
-22227
-26537
-29806
-31906
-32751
-32307
-30590
-27666
-23648
-18696
-13002
-6791
-309
6187
12441
18204
23246
27366
30398
32222
32762
31995
29951
26709
22398
17189
11289
4935
-1619
-8112
-14281
-19879
-24678
-28486
-31147
-32552
-32643
-31416
-28917
-25247
-20553
-15023
-8882
-2378
4225
10659
16662
21989
26421
29777
31918
32756
32254
30432
27362
23169
18024
12137
5748
-879
-7473
-13762
-19485
-24407
-28323
-31070
-32533
-32650
-31414
-28875
-25136
-20353
-14721
-8475
-1874
4807
11292
17307
22602
26955
30182
32146
32765
32010
29911
26556
22083
16679
10571
4016
-2711
-9326
-15551
-21121
-25799
-29387
-31732
-32732
-32344
-30582
-27520
-23286
-18060
-12062
-5547
1206
7911
14280
20041
24947
28786
31393
32653
32513
30975
28105
24024
18906
12972
6476
-301
-7069
-13534
-19415
-24458
-28443
-31196
-32596
-32580
-31148
-28360
-24336
-19250
-13322
-6811
0
6813
13332
19269
24364
28393
31178
32594
32578
31129
28309
24241
19103
13120
6555
-301
-7147
-13680
-19609
-24671
-28641
-31340
-32648
-32505
-30916
-27948
-23735
-18460
-12360
-5706
1206
8067
14569
20421
25359
29162
31656
32728
32328
30473
27244
22786
17298
11027
4255
-2711
-9557
-15974
-21669
-26383
-29901
-32062
-32766
-31979
-29736
-26137
-21345
-15577
-9095
-2195
4807
11593
17850
23291
27666
30771
32464
32665
31362
28614
24546
19345
13249
6538
-477
-7473
-14125
-20126
-25196
-29098
-31650
-32732
-32292
-30349
-26991
-22374
-16712
-10266
-3339
3746
10659
17076
22694
27251
30530
32377
32702
31489
28793
24740
19519
13375
6597
-494
-7565
-14281
-20323
-25404
-29282
-31772
-32753
-32178
-30072
-26533
-21729
-15887
-9285
-2238
4919
11843
18204
23695
28052
31066
32589
32548
30942
27847
23411
17845
11416
4435
-2763
-9830
-16425
-22227
-26955
-30378
-32330
-32713
-31507
-28769
-24631
-19293
-13013
-6096
1120
8285
15047
21076
26077
29802
32068
32763
31850
29372
25451
20276
14101
7230
0
-7232
-14111
-20295
-25478
-29402
-31872
-32764
-32033
-29711
-25913
-20827
-14703
-7845
-595
6688
13640
19914
25196
29220
31785
32759
32093
29819
26047
20967
14832
7950
664
-6656
-13645
-19948
-25247
-29273
-31822
-32763
-32046
-29706
-25861
-20703
-14492
-7543
-209
7138
14125
20396
25629
29557
31977
32766
31880
29363
25342
20022
13674
6622
-771
-8129
-15071
-21240
-26318
-30042
-32219
-32734
-31559
-28754
-24461
-18901
-12360
-5177
2276
9615
16457
22447
27271
30678
32489
32608
31026
27825
23169
17302
10527
3199
-4298
-11573
-18244
-23960
-28419
-31387
-32705
-32302
-30198
-26501
-21406
-15179
-8148
-684
6817
13962
20369
25700
29668
32064
32757
31710
28975
24698
19103
12488
5205
-2358
-9798
-16717
-22745
-27557
-30894
-32577
-32513
-30703
-27244
-22319
-16192
-9191
-1693
5898
13175
19743
25247
29388
31941
32765
31816
29141
24884
19276
12618
5272
-2362
-9871
-16845
-22903
-27714
-31014
-32621
-32445
-30495
-26875
-21781
-15492
-8351
-749
6896
14165
20658
26016
29942
32220
32721
31417
28377
23767
17841
10926
3403
-4310
-11787
-18613
-24407
-28847
-31684
-32759
-32010
-29476
-25298
-19707
-13013
-5590
2148
9769
16845
22980
27828
31116
32659
32366
30254
26438
21133
14635
7310
-430
-8148
-15409
-21801
-26962
-30598
-32502
-32563
-30778
-27244
-22162
-15818
-8572
-836
6950
14343
20920
26305
30190
32350
32661
31103
27762
22829
16586
9388
1649
-6187
-13670
-20369
-25898
-29936
-32249
-32702
-31267
-28024
-23161
-16955
-9766
-2009
5867
13405
20168
25762
29860
32222
32709
31291
28049
23169
16936
9711
1916
-5992
-13553
-20323
-25904
-29968
-32275
-32687
-31179
-27837
-22855
-16527
-9222
-1372
6562
14111
20829
26318
30252
32397
32623
30916
27374
22206
15718
8294
373
-7571
-15067
-21669
-26980
-30683
-32556
-32483
-30469
-26631
-21197
-14492
-6916
1077
9009
16402
22811
27851
31216
32702
32218
29790
25564
19793
12824
5078
-2978
-10856
-18080
-24210
-28873
-31785
-32766
-31757
-28816
-24119
-17952
-10689
-2772
5316
13083
20053
25799
29968
32304
32662
31017
27469
22233
15630
8064
0
-8067
-15639
-22251
-27492
-31038
-32669
-32282
-29899
-25665
-19840
-12785
-4935
3223
11185
18454
24578
29176
31960
32754
31507
28295
23317
16881
9388
1306
-6859
-14599
-21426
-26913
-30713
-32587
-32415
-30206
-26096
-20343
-13307
-5431
2789
10837
18204
24423
29100
31937
32755
31498
28244
23199
16679
9099
938
-7285
-15047
-21854
-27271
-30951
-32659
-32282
-29844
-25497
-19519
-12290
-4271
4023
12062
19330
25359
29762
32252
32670
30984
27303
21861
15008
7184
-1105
-9326
-16947
-23474
-28484
-31650
-32766
-31757
-28687
-23753
-17274
-9670
-1435
6896
14781
21705
27215
30951
32666
32248
29720
25247
19119
11737
3583
-4807
-12886
-20121
-26035
-30239
-32455
-32534
-30469
-26395
-20578
-13400
-5336
3083
11302
18775
25007
29584
32200
32681
30992
27244
21684
14679
6695
-1736
-10055
-17706
-24178
-29038
-31959
-32744
-31340
-27837
-22468
-15592
-7668
771
9163
16942
23583
28641
31772
32764
31548
28203
22955
16155
8261
-193
-8637
-16499
-23246
-28419
-31667
-32766
-31641
-28366
-23161
-16378
-8479
0
8482
16388
23178
28387
31659
32766
31633
28334
23092
16267
8323
-193
-8699
-16610
-23382
-28547
-31748
-32764
-31521
-28105
-22748
-15818
-7793
771
9287
17161
23850
28887
31923
32744
31292
27666
22114
15023
6884
-1736
-10238
-18030
-24565
-29387
-32158
-32681
-30919
-26991
-21173
-13868
-5590
3083
11543
19194
25499
30012
32414
32534
30361
26047
19895
12336
3903
-4807
-13181
-20625
-26610
-30711
-32637
-32248
-29569
-24790
-18247
-10405
-1820
6896
15124
22277
27843
31423
32760
31757
28483
23169
16196
8060
-655
-9326
-17331
-24094
-29127
-32068
-32703
-30984
-27033
-21133
-13707
-5289
3511
12062
19743
25999
30374
32552
32371
29844
25150
18630
10754
2094
-6719
-15047
-22282
-27896
-31478
-32765
-31661
-28244
-22763
-15616
-7324
1506
10228
18204
24847
29668
32313
32585
30461
26096
19809
12062
3423
-5469
-13962
-21426
-27310
-31178
-32740
-31881
-28661
-23317
-16242
-7961
912
9721
17811
24578
29519
32265
32608
30520
26157
19840
12041
3339
-5613
-14150
-21629
-27492
-31296
-32755
-31758
-28377
-22863
-15630
-7219
1736
10564
18599
25234
29968
32443
32468
30041
25342
18725
10689
1842
-7147
-15598
-22868
-28404
-31785
-32751
-31227
-27327
-21345
-13736
-5078
3969
12717
20496
26712
30887
32702
32014
28875
23522
16364
7950
-1077
-10024
-18204
-24986
-29848
-32414
-32483
-30050
-25298
-18593
-10451
-1499
7571
16058
23305
28750
31969
32711
30916
26720
20449
12587
3744
-5391
-14111
-21734
-27666
-31442
-32766
-31533
-27837
-21964
-14372
-5653
3510
12401
20323
26654
30894
32710
31957
28692
23169
15822
7226
-1941
-10958
-19113
-25762
-30378
-32596
-32237
-29328
-24096
-16955
-8469
691
9799
18132
25028
29936
32465
32412
29778
24772
17791
9388
234
-8940
-17404
-24479
-29598
-32350
-32513
-30072
-25219
-18342
-9991
-836
8388
16942
24135
29387
32275
32563
30226
25451
18620
10283
1113
-8148
-16754
-24006
-29316
-32252
-32574
-30254
-25477
-18630
-10266
-1066
8222
16845
24098
29390
32286
32549
30156
25298
18372
9941
695
-8610
-17213
-24407
-29603
-32371
-32482
-29925
-24908
-17841
-9305
0
9307
17850
24924
29942
32491
32356
29546
24293
17028
8351
-1019
-10308
-18745
-25629
-30386
-32621
-32145
-28995
-23432
-15917
-7073
2362
11603
19879
26497
30903
32728
31816
28241
22301
14491
5464
-4023
-13175
-21224
-27492
-31451
-32766
-31324
-27244
-20868
-12732
-3519
5992
15001
22745
28568
31977
32682
30619
25962
19103
10622
1238
-8253
-17047
-24394
-29668
-32420
-32412
-29643
-24347
-16973
-8148
1373
10781
19269
26112
30723
32705
31886
28334
22351
14449
5304
-4298
-13534
-21608
-27826
-31650
-32749
-31026
-26627
-19930
-11510
-2094
7504
16457
23989
29446
32355
32460
29752
24461
17046
8148
-1459
-10942
-19477
-26318
-30870
-32732
-31742
-27983
-21780
-13674
-4371
5316
14541
22496
28484
31977
32669
30495
25645
18541
9807
209
-9410
-18204
-25397
-30356
-32640
-32046
-28625
-22675
-14721
-5464
4278
13645
21806
28038
31787
32719
30748
26047
19032
10324
695
-8997
-17892
-25196
-30256
-32621
-32077
-28669
-22701
-14703
-5389
4409
13816
21989
28193
31872
32694
30582
25725
18555
9715
0
-9718
-18563
-25739
-30598
-32699
-31850
-28126
-21861
-13619
-4144
5708
15047
23026
28920
32194
32549
29951
24631
17073
7961
-1876
-11547
-20168
-26955
-31287
-32766
-31257
-26894
-20073
-11416
-1713
8148
17267
24807
30076
32589
32113
28690
22632
14492
5018
-4919
-14407
-22570
-28657
-32104
-32591
-30072
-24775
-17189
-8012
1907
11653
20323
27113
31393
32763
31094
26539
19519
10683
852
-9060
-18132
-25519
-30530
-32697
-31816
-27965
-21503
-13031
-3339
6667
16052
23938
29584
32459
32292
29097
23169
15065
5543
-4501
-14125
-22423
-28612
-32108
-32578
-29977
-24546
-16798
-7461
2582
12385
21019
27666
31694
32721
30647
25665
18247
9095
-923
-10856
-19760
-26786
-31264
-32766
-31146
-26556
-19431
-10451
-470
9557
18675
26008
30855
32749
31507
27244
20368
11537
1595
-8501
-17784
-25359
-30497
-32702
-31758
-27754
-21074
-12360
-2451
7696
17103
24860
30215
32648
31922
28105
21563
12929
3039
-7147
-16643
-24525
-30025
-32607
-32016
-28309
-21844
-13249
-3359
6859
16412
24364
29939
32588
32050
28377
21924
13322
3413
-6833
-16412
-24382
-29960
-32596
-32028
-28309
-21804
-13150
-3199
7069
16643
24578
30089
32630
31946
28105
21482
12732
2719
-7565
-17103
-24947
-30318
-32680
-31797
-27754
-20951
-12062
-1970
8320
17784
25478
30633
32732
31565
27244
20200
11134
952
-9326
-18675
-26154
-31014
-32765
-31228
-26556
-19215
-9941
333
10578
19760
26955
31436
32749
30759
25665
17979
8475
-1887
-12062
-21019
-27851
-31864
-32650
-30126
-24546
-16475
-6728
3703
13762
22423
28806
32258
32427
29291
23169
14683
4696
-5772
-15653
-23938
-29777
-32571
-32033
-28214
-21503
-12587
-2378
8077
17706
25519
30711
32748
31416
26850
19519
10175
-219
-10594
-19879
-27113
-31549
-32726
-30520
-25157
-17189
-7439
3083
13289
22119
28657
32222
32441
29289
23092
14492
4381
-6187
-16114
-24364
-30076
-32652
-31820
-27666
-20619
-11416
-1017
9491
19008
26537
31287
32757
30792
25595
17709
7961
-2625
-12939
-21894
-28547
-32194
-32451
-29286
-23032
-14346
-4144
6498
16457
24678
30291
32699
31644
27238
19943
10531
0
-10533
-19951
-27251
-31656
-32694
-30254
-24592
-16309
-6286
4409
14637
23305
29487
32519
32077
28203
21312
12137
1660
-8997
-18692
-26385
-31248
-32757
-30748
-25434
-17383
-7461
3266
13645
22556
29038
32390
32248
28625
21909
12824
2351
-8378
-18204
-26061
-31098
-32765
-30880
-25645
-17625
-7689
3083
13524
22496
29023
32393
32235
28565
21780
12618
2077
-8692
-18516
-26318
-31245
-32755
-30681
-25247
-17046
-6975
3863
14280
23132
29446
32527
32033
28015
20915
11510
836
-9932
-19609
-27125
-31650
-32682
-30103
-24198
-15616
-5304
5596
15880
24407
30232
32705
31550
26894
19250
9465
-1373
-12062
-21411
-28379
-32188
-32412
-29022
-22395
-13267
-2656
8253
18244
26197
31222
32754
30619
25054
16679
6433
-4537
-15001
-23783
-29895
-32648
-31731
-27244
-19690
-9916
976
11762
21224
28293
32170
32415
28997
22301
13080
2378
-8595
-18599
-26497
-31393
-32729
-30352
-24528
-15917
-5494
5554
15974
24578
30386
32734
31352
26395
18425
8351
-2679
-13405
-22602
-29217
-32491
-32046
-27932
-20616
-10936
0
10939
20625
27944
32055
32482
29173
22507
13249
2462
-8610
-18692
-26622
-31481
-32707
-30156
-24119
-15293
-4696
6446
16845
25296
30817
32766
30916
25477
17079
6695
-4468
-15115
-24006
-30106
-32702
-31489
-26606
-18620
-8460
2689
13528
22788
29387
32552
31909
27532
19930
9991
-1120
-12103
-21669
-28693
-32350
-32208
-28280
-21025
-11295
-234
10856
20671
28052
32127
32412
28871
21921
12379
1372
-9799
-19815
-27487
-31906
-32545
-29328
-22632
-13249
-2291
8940
19113
27016
31708
32629
29666
23169
13911
2992
-8285
-18577
-26654
-31549
-32677
-29899
-23544
-14372
-3477
7836
18214
26411
31442
32702
30037
23764
14635
3744
-7598
-18030
-26293
-31393
-32711
-30086
-23833
-14703
-3796
7571
18026
26305
31405
32707
30050
23753
14577
3632
-7754
-18204
-26446
-31479
-32688
-29925
-23522
-14256
-3253
8148
18560
26712
31608
32650
29706
23135
13736
2656
-8751
-19090
-27095
-31785
-32581
-29385
-22585
-13013
-1842
9557
19786
27585
31994
32468
28947
21861
12081
809
-10564
-20637
-28166
-32219
-32293
-28377
-20951
-10932
440
11762
21629
28819
32437
32033
27653
19840
9561
-1907
-13142
-22745
-29519
-32621
-31661
-26755
-18514
-7961
3586
14689
23960
30239
32740
31148
25658
16955
6128
-5469
-16384
-25247
-30944
-32759
-30461
-24336
-15151
-4058
7546
18204
26572
31595
32638
29565
22763
13087
1756
-9798
-20118
-27896
-32148
-32332
-28424
-20915
-10754
771
12203
22088
29171
32552
31797
27001
18769
8148
-3511
-14727
-24069
-30346
-32754
-30984
-25260
-16309
-5272
6439
17331
26008
31359
32696
29845
23169
13521
2137
-9523
-19964
-27843
-32146
-32318
-28334
-20703
-10405
1234
12717
22564
29503
32637
31559
26407
17841
6968
-4807
-15965
-25058
-30909
-32757
-30361
-24028
-14577
-3233
8533
19194
27364
31977
32433
28669
21173
10917
-762
-12345
-22321
-29387
-32619
-31592
-26438
-17828
-6884
4961
16161
25247
31028
32744
30168
23635
13998
2522
-9287
-19879
-27860
-32179
-32265
-28105
-20242
-9711
2101
13640
23382
30040
32733
31103
25362
16267
5018
-6896
-17901
-26537
-31659
-32585
-29190
-21921
-11741
0
11743
21929
29201
32589
31641
26480
17791
6728
-5233
-16499
-25566
-31222
-32709
-29826
-22955
-13013
-1327
10537
20994
28641
32450
31909
27088
18630
7668
-4324
-15739
-25041
-30976
-32744
-30105
-23411
-13561
-1880
10055
20637
28436
32397
31982
27244
18822
7852
-4182
-15653
-25007
-30974
-32743
-30072
-23319
-13400
-1660
10308
20879
28612
32455
31881
26966
18377
7282
-4807
-16245
-25468
-31216
-32702
-29720
-22675
-12528
-664
11292
21705
29147
32596
31576
26225
17274
5950
-6193
-17489
-26383
-31650
-32564
-28995
-21433
-10917
1105
12978
23064
29968
32737
30984
24950
15465
3839
-8320
-19330
-27666
-32170
-32217
-27796
-19519
-8531
3643
15314
24860
30951
32739
29972
23032
12884
938
-11141
-21669
-29176
-32613
-31498
-25982
-16835
-5332
6918
18204
26944
31912
32410
28366
20343
9465
-2743
-14569
-24351
-30713
-32759
-30198
-23387
-13283
-1306
10856
21492
29100
32604
31507
25962
16748
5166
-7147
-18454
-27152
-32008
-32332
-28076
-19840
-8789
3510
15314
24947
31038
32720
29752
22551
12140
0
-12143
-22559
-29762
-32723
-31017
-24884
-15198
-3339
8998
20053
28242
32393
31908
26854
17952
6476
-5930
-17489
-26541
-31785
-32465
-28481
-20402
-9388
2978
14918
24714
30951
32730
29790
22554
12062
-172
-12385
-22811
-29942
-32746
-30813
-24421
-14492
-2462
9926
20879
28806
32556
31581
26021
16679
4912
-7571
-18956
-27585
-32200
-32127
-27374
-18630
-7167
5342
17076
26318
31719
32485
28504
20353
9222
-3259
-15267
-25041
-31147
-32687
-29434
-21861
-11077
1334
13553
23783
30517
32764
30189
23169
12736
423
-11953
-22570
-29860
-32743
-30792
-24293
-14202
-2009
10483
21426
29201
32652
31267
25247
15482
3419
-9153
-20369
-28563
-32514
-31633
-26047
-16586
-4654
7973
19415
27967
32350
31910
26709
17520
5712
-6950
-18577
-27428
-32179
-32116
-27244
-18292
-6597
6088
17864
26962
32015
32263
27666
18910
7310
-5391
-17284
-26579
-31872
-32366
-27983
-19380
-7852
4862
16845
26287
31760
32433
28203
19707
8226
-4501
-16550
-26094
-31684
-32472
-28334
-19895
-8434
4310
16402
26003
31651
32486
28377
19946
8475
-4288
-16402
-26016
-31662
-32478
-28334
-19861
-8351
4437
16550
26133
31717
32445
28203
19638
8060
-4756
-16845
-26351
-31812
-32386
-27983
-19276
-7602
5243
17284
26666
31941
32293
27666
18769
6975
-5898
-17864
-27071
-32095
-32157
-27244
-18113
-6176
6719
18577
27557
32265
31968
26709
17302
5205
-7702
-19415
-28111
-32434
-31710
-26047
-16326
-4058
8843
20369
28719
32588
31368
25247
15179
2736
-10137
-21426
-29364
-32705
-30922
-24293
-13853
-1238
11573
22570
30025
32764
30353
23169
12339
-434
-13142
-23783
-30678
-32739
-29638
-21861
-10632
2276
14829
25041
31296
32604
28754
20353
8727
-4282
-16616
-26318
-31849
-32328
-27676
-18630
-6622
6439
18480
27585
32302
31880
26381
16679
4318
-8734
-20396
-28806
-32620
-31227
-24845
-14492
-1820
11144
22329
29942
32763
30335
23047
12062
-859
-13645
-24243
-30951
-32688
-29173
-20967
-9388
3703
16202
26094
31785
32354
27709
18593
6476
-6688
-18775
-27832
-32393
-31718
-25913
-15915
-3339
9779
21317
29402
32723
30737
23764
12933
0
-12935
-23772
-30745
-32720
-29372
-21243
-9654
3510
16105
26077
31798
32332
27590
18342
6096
-7147
-19226
-28162
-32493
-31507
-25362
-15061
-2291
10856
22227
29953
32765
30198
22670
11416
-1716
-14569
-25028
-31370
-32548
-28366
-19509
-7435
5867
18204
27539
32330
31782
25982
15887
3163
-10086
-21669
-29667
-32753
-30413
-23032
-11831
1334
14281
24860
31312
32563
28403
19519
7387
-5976
-18347
-27666
-32377
-31693
-25725
-15465
-2622
10659
22164
29968
32766
30086
22374
10917
-2369
-15261
-25599
-31650
-32396
-27709
-18372
-5950
7473
19643
28516
32596
31195
24546
13765
664
-12550
-23653
-30771
-32702
-29116
-20616
-8634
4807
17440
27128
32230
31881
26137
15968
3092
-10308
-21966
-29901
-32766
-30072
-22272
-10689
2711
15653
25937
31812
32275
27244
17574
4908
-8595
-20637
-29162
-32712
-30681
-23411
-12140
1206
14349
25041
31451
32480
27948
18630
6117
-7445
-19735
-28641
-32634
-31026
-24089
-13013
301
13567
24501
31222
32570
28309
19172
6728
-6876
-19298
-28393
-32589
-31159
-24347
-13326
0
13328
24354
31166
32585
28360
19220
6748
-6896
-19347
-28443
-32604
-31103
-24198
-13087
301
13640
24608
31294
32533
28105
18778
6176
-7504
-19879
-28786
-32669
-30847
-23635
-12290
1206
14493
25247
31583
32389
27520
17828
5008
-8692
-20870
-29387
-32745
-30352
-22624
-10917
2711
15865
26229
31977
32094
26556
16335
3233
-10442
-22277
-30182
-32757
-29546
-21112
-8944
4807
17712
27483
32390
31559
25136
14256
845
-12717
-24026
-31070
-32598
-28334
-19032
-6345
7473
19964
28903
32697
30666
23169
11540
-2148
-15456
-26008
-31918
-32127
-26596
-16309
-3103
10659
22517
30346
32741
29270
20553
8148
-5719
-18563
-28078
-32552
-31179
-24202
-12874
771
14281
25223
31625
32332
27214
17189
4062
-9798
-21894
-30040
-32762
-29565
-21025
-8682
5233
18204
27882
32514
31257
24336
13002
-691
-14262
-25247
-31650
-32307
-27094
-16955
-3732
10171
22227
30239
32747
29289
20494
7961
-6025
-18915
-28356
-32621
-30929
-23586
-11931
1907
15400
26077
31982
32033
26215
15592
2109
-11762
-23479
-30889
-32629
-28377
-18910
-5966
8077
20637
29402
32756
30080
21861
9613
-4409
-17621
-27585
-32459
-31342
-24435
-13013
816
14497
25499
31785
32188
26631
16140
2656
-11322
-23203
-30782
-32650
-28456
-18976
-5969
8148
20755
29503
32763
29925
21514
9095
-5021
-18204
-27995
-32564
-31058
-23753
-12011
1977
15598
26305
32095
31880
25698
14703
952
-12978
-24480
-31393
-32418
-27360
-17165
-3744
10381
22559
30497
32702
28754
19394
6380
-7836
-20580
-29446
-32762
-29899
-21393
-8847
5370
18577
28275
32630
30814
23169
11138
-3003
-16579
-27016
-32334
-31523
-24733
-13249
751
14612
25700
31906
32048
26096
15179
1372
-12698
-24354
-31371
-32412
-27273
-16932
-3359
10856
23003
30758
32638
28280
18514
5205
-9101
-21669
-30089
-32747
-29131
-19930
-6905
7445
20371
29387
32762
29844
21189
8460
-5898
-19125
-28673
-32702
-30433
-22301
-9868
4468
17946
27963
32585
30916
23274
11134
-3159
-16845
-27275
-32428
-31305
-24119
-12260
1977
15833
26622
32247
31615
24845
13249
-923
-14918
-26016
-32055
-31858
-25461
-14105
0
14107
25468
31864
32046
25975
14832
792
-13405
-24986
-31684
-32188
-26395
-15435
-1452
12817
24578
31525
32292
26727
15917
1981
-12345
-24250
-31393
-32366
-26976
-16280
-2378
11993
24006
31293
32415
27148
16527
2644
-11762
-23850
-31230
-32442
-27244
-16660
-2779
11653
23783
31206
32451
27267
16679
2783
-11667
-23806
-31222
-32441
-27217
-16586
-2656
11803
23919
31277
32412
27094
16378
2398
-12062
-24120
-31370
-32361
-26894
-16056
-2009
12441
24407
31496
32285
26615
15616
1488
-12939
-24777
-31650
-32178
-26251
-15055
-836
13553
25223
31826
32033
25797
14372
52
-14280
-25739
-32015
-31841
-25247
-13561
863
15115
26318
32208
31592
24592
12618
-1908
-16052
-26950
-32393
-31276
-23823
-11540
3083
17085
27622
32556
30880
22932
10324
-4384
-18204
-28323
-32682
-30389
-21909
-8965
5807
19399
29038
32755
29790
20744
7461
-7347
-20658
-29748
-32757
-29067
-19428
-5811
8997
21966
30436
32669
28203
17952
4016
-10746
-23305
-31079
-32468
-27184
-16309
-2077
12583
24657
31656
32135
25992
14491
0
-14493
-25999
-32139
-31644
-24613
-12494
2208
16457
27304
32503
30975
23032
10317
-4537
-18454
-28547
-32719
-30103
-21238
-7961
6971
20458
29694
32757
29007
19220
5431
-9491
-22439
-30713
-32587
-27666
-16973
-2736
12073
24364
31568
32177
26060
14492
-108
-14689
-26197
-32222
-31498
-24174
-11781
3083
17304
27896
32634
30520
21996
8847
-6162
-19879
-29416
-32766
-29219
-19519
-5706
9311
22368
30711
32578
27570
16743
2378
-12491
-24723
-31732
-32033
-25558
-13674
1105
15653
26888
32428
31095
23169
10328
-4707
-18745
-28806
-32750
-29736
-20402
-6728
8378
21705
30414
32650
27932
17262
2911
-12062
-24465
-31651
-32083
-25665
-13765
1077
15692
26955
32455
31012
22932
9941
-5180
-19194
-29098
-32765
-29406
-19738
-5832
9326
22486
30817
32526
27244
16102
1495
-13436
-25478
-32035
-31693
-24521
-12062
2999
17416
28078
32680
30226
21243
7668
-7565
-21167
-30192
-32685
-28105
-17438
-2992
12103
24578
31727
31995
25321
13150
-1876
-16499
-27539
-32596
-30567
-21889
-8448
6833
20630
29936
32722
28377
17845
3419
-11753
-24364
-31659
-32040
-25423
-13249
1823
16499
27568
32607
30508
21729
8189
-7147
-20920
-30108
-32693
-28105
-17347
-2779
12401
24860
31856
31850
24838
12360
-2839
-17416
-28160
-32702
-30037
-20749
-6884
8501
22013
30668
32552
27244
15915
1066
-14020
-26008
-32243
-31342
-23500
-10451
4915
19194
29220
32766
29042
18871
4509
-10856
-23813
-31479
-32147
-25665
-13473
1720
16533
27666
32637
30335
21271
7461
-8015
-21705
-30552
-32578
-27327
-15968
-1038
14125
26133
32294
31228
23169
9920
-5554
-19786
-29584
-32748
-28565
-17970
-3339
12043
24723
31849
31816
24627
11897
-3511
-18132
-28673
-32755
-29458
-19519
-5177
10334
23516
31393
32182
25702
13414
-1907
-16800
-27896
-32682
-30072
-20653
-6555
9029
22570
30997
32395
26445
14492
-751
-15827
-27310
-32589
-30461
-21406
-7481
8148
21926
30713
32507
26894
15151
-48
-15238
-26955
-32522
-30664
-21804
-7961
7702
21608
30575
32549
27076
15403
202
-15047
-26852
-32503
-30703
-21861
-8002
7696
21629
30598
32538
27001
15255
0
-15257
-27007
-32541
-30582
-21579
-7602
8129
21989
30779
32468
26664
14703
-655
-15865
-27411
-32621
-30288
-20948
-6758
8997
22672
31098
32318
26047
13736
-1763
-16855
-28038
-32713
-29790
-19946
-5464
10289
23653
31516
32046
25116
12336
-3319
-18204
-28847
-32766
-29042
-18541
-3711
11987
24889
31977
31593
23823
10480
-5316
-19871
-29777
-32711
-27983
-16697
-1495
14059
26318
32404
30885
22114
8148
-7733
-21801
-30745
-32460
-26539
-14372
1180
16457
27860
32699
29832
19930
5325
-10537
-23916
-31650
-31910
-24631
-11530
4298
19113
29409
32747
28334
17210
2009
-13670
-26112
-32365
-30942
-22178
-8148
7817
21929
30833
32412
26285
13907
-1780
-17047
-28259
-32743
-29429
-19103
-4222
11667
24777
31977
31548
23586
9991
-5992
-20546
-30192
-32619
-27244
-15350
219
15739
27492
32660
30001
20149
5464
-10533
-24006
-31719
-31816
-24270
-10892
5106
19879
29873
32681
27625
15917
373
-15261
-27221
-32621
-30156
-20416
-5748
10308
23879
31684
31836
24293
10875
-5173
-19973
-29942
-32665
-27477
-15633
0
15636
27483
32666
29925
19920
5078
-10999
-24407
-31886
-31615
-23656
-9941
6193
20824
30386
32549
26782
14487
-1341
-16845
-28242
-32749
-29262
-18630
-3445
12583
25539
32252
31078
22301
8064
-8148
-22368
-31111
-32231
-25451
-12429
3643
18824
29387
32737
28047
16465
836
-15001
-27152
-32625
-30072
-20115
-5205
10989
24479
31937
31523
23335
9388
-6876
-21447
-30723
-32412
-26092
-13322
2743
18132
29038
32759
28371
16955
1338
-14612
-26944
-32596
-30164
-20247
-5304
10958
24501
31960
31477
23169
9099
-7236
-21774
-30894
-32323
-25702
-12676
3510
18824
29446
32724
27837
16000
166
-15711
-27666
-32707
-29572
-19041
-3744
12491
25602
32304
30916
21780
7184
-9215
-23305
-31551
-31880
-24205
-10451
5930
20824
30486
32483
26311
13518
-2679
-18204
-29147
-32749
-28098
-16364
-502
15488
27574
32702
29574
18976
3583
-12717
-25806
-32371
-30748
-21345
-6538
9926
23879
31785
31636
23467
9346
-7147
-21830
-30974
-32254
-25342
-11991
4409
19692
29968
32623
26976
14462
-1736
-17495
-28798
-32764
-28377
-16752
-852
15267
27492
32699
29554
18857
3339
-13034
-26077
-32450
-30520
-20777
-5712
10817
24578
32042
31291
22515
7961
-8637
-23021
-31496
-31881
-24075
-10079
6509
21426
30833
32307
25463
12062
-4448
-19815
-30076
-32585
-26689
-13907
2465
18204
29244
32732
27762
15616
-569
-16610
-28356
-32765
-28692
-17189
-1231
15047
27428
32699
29490
18630
2932
-13528
-26478
-32552
-30168
-19943
-4530
12062
25519
32337
30737
21133
6022
-10659
-24565
-32068
-31208
-22206
-7407
9326
23628
31760
31593
23169
8686
-8070
-22719
-31423
-31903
-24028
-9858
6896
21846
31070
32147
24790
10926
-5807
-21019
-30711
-32336
-25461
-11891
4807
20244
30356
32478
26047
12755
-3899
-19528
-30012
-32581
-26556
-13521
3083
18877
29687
32654
26991
14192
-2362
-18294
-29387
-32703
-27360
-14769
1736
17784
29119
32734
27666
15255
-1206
-17349
-28887
-32752
-27913
-15652
771
16993
28695
32761
28105
15962
-434
-16717
-28547
-32765
-28244
-16186
193
16523
28443
32766
28334
16326
-48
-16412
-28387
-32766
-28374
-16382
0
0
0
0
0
0
0
0
0
0
0
0
0
0
0
0
0
0
0
0
0
0
0
0
0
0
0
0
0
0
0
0
0
0
0
0
0
0
0
0
0
0
0
0
0
0
0
0
0
0
0
0
0
0
0
0
0
0
0
0
0
0
0
0
0
0
0
0
0
0
0
0
0
0
0
0
0
0
0
0
0
0
0
0
0
0
0
0
0
0
0
0
0
0
0
0
0
0
0
0
0
0
0
0
0
0
0
0
0
0
0
0
0
0
0
0
0
0
0
0
0
0
0
0
0
0
0
0
0
0
0
0
0
0
0
0
0
0
0
0
0
0
0
0
0
0
0
0
0
0
0
0
0
0
0
0
0
0
0
0
0
0
0
0
0
0
0
0
0
0
0
0
0
0
0
0
0
0
0
0
0
0
0
0
0
0
0
0
0
0
0
0
0
0
0
0
0
0
0
0
0
0
0
0
0
0
0
0
0
0
0
0
0
0
0
0
0
0
0
0
0
0
0
0
0
0
0
0
0
0
0
0
0
0
0
0
0
0
0
0
0
0
0
0
0
0
0
0
0
0
0
0
0
0
0
0
0
0
0
0
0
0
0
0
0
0
0
0
0
0
0
0
0
0
0
0
0
0
0
0
0
0
0
0
0
0
0
0
0
0
0
0
0
0
0
0
0
0
0
0
0
0
0
0
0
0
0
0
0
0
0
0
0
0
0
0
0
0
0
0
0
0
0
0
0
0
0
0
0
0
0
0
0
0
0
0
0
0
0
0
0
0
0
0
0
0
0
0
0
0
0
0
0
0
0
0
0
0
0
0
0
0
0
0
0
0
0
0
0
0
0
0
0
0
0
0
0
0
0
0
0
0
0
0
0
0
0
0
0
0
0
0
0
0
0
0
0
0
0
0
0
0
0
0
0
0
0
0
0
0
0
0
0
0
0
0
0
0
0
0
0
0
0
0
0
0
0
0
0
0
0
0
0
0
0
0
0
0
0
0
0
0
0
0
0
0
0
0
0
0
0
0
0
0
0
0
0
0
0
0
0
0
0
0
0
0
0
0
0
0
0
0
0
0
0
0
0
0
0
0
0
0
0
0
0
0
0
0
0
0
0
0
0
0
0
0
0
0
0
0
0
0
0
0
0
0
0
0
0
0
0
0
0
0
0
0
0
0
0
0
0
0
0
0
0
0
0
0
0
0
0
0
0
0
0
0
0
0
0
0
0
0
0
0
0
0
0
0
0
0
0
0
0
0
0
0
0
0
0
0
0
0
0
0
0
0
0
0
0
0
0
0
0
0
0
0
0
0
0
0
0
0
0
0
0
0
0
0
0
0
0
0
0
0
0
0
0
0
0
0
0
0
0
0
0
0
0
0
0
0
0
0
0
0
0
0
0
0
0
0
0
0
0
0
0
0
0
0
0
0
0
0
0
0
0
0
0
0
0
0
0
0
0
0
0
0
0
0
0
0
0
0
0
0
0
0
0
0
0
0
0
0
0
0
0
0
0
0
0
0
0
0
0
0
0
0
0
0
0
0
0
0
0
0
0
0
0
0
0
0
0
0
0
0
0
0
0
0
0
0
0
0
0
0
0
0
0
0
0
0
0
0
0
0
0
0
0
0
0
0
0
0
0
0
0
0
0
0
0
0
0
0
0
0
0
0
0
0
0
0
0
0
0
0
0
0
0
0
0
0
0
0
0
0
0
0
0
0
0
0
0
0
0
0
0
0
0
0
0
0
0
0
0
0
0
0
0
0
0
0
0
0
0
0
0
0
0
0
0
0
0
0
0
0
0
0
0
0
0
0
0
0
0
0
0
0
0
0
0
0
0
0
0
0
0
0
0
0
0
0
0
0
0
0
0
0
0
0
0
0
0
0
0
0
0
0
0
0
0
0
0
0
0
0
0
0
0
0
0
0
0
0
0
0
0
0
0
0
0
0
0
0
0
0
0
0
0
0
0
0
0
0
0
0
0
0
0
0
0
0
0
0
0
0
0
0
0
0
0
0
0
0
0
0
0
0
0
0
0
0
0
0
0
0
0
0
0
0
0
0
0
0
0
0
0
0
0
0
0
0
0
0
0
0
0
0
0
0
0
0
0
0
0
0
0
0
0
0
0
0
0
0
0
0
0
0
0
0
0
0
0
0
0
0
0
0
0
0
0
0
0
38
145
297
458
593
672
679
614
491
334
173
31
-74
-144
-184
-212
-245
-297
-373
-469
-570
-657
-714
-730
-704
-645
-570
-498
-445
-418
-415
-420
-414
-376
-292
-160
8
193
365
497
573
589
560
511
477
486
554
681
842
1000
1111
1134
1048
857
590
299
45
-115
-154
-72
88
257
344
262
-45
-592
-1334
-2172
-2967
-3566
-3831
-3668
-3053
-2037
-745
645
1939
2951
3548
3668
3327
2622
1702
739
-102
-698
-985
-965
-703
-300
122
459
637
631
459
183
-120
-373
-516
-520
-397
-184
55
260
379
382
270
71
-166
-392
-556
-630
-606
-501
-349
-194
-78
-32
-68
-178
-336
-505
-644
-717
-703
-597
-414
-184
56
265
409
468
439
340
206
84
28
82
277
618
1081
1612
2129
2538
2743
2667
2264
1537
541
-620
-1809
-2867
-3650
-4045
-3995
-3513
-2676
-1618
-505
493
1240
1647
1692
1423
944
388
-106
-430
-520
-375
-47
368
762
1033
1116
994
703
319
-61
-342
-458
-384
-146
187
528
783
881
795
541
182
-193
-496
-652
-627
-436
-137
181
424
513
410
126
-281
-719
-1083
-1283
-1271
-1050
-676
-250
111
306
270
-1
-450
-962
-1391
-1595
-1468
-966
-125
944
2075
3075
3763
4007
3750
3018
1921
626
-673
-1793
-2592
-2989
-2979
-2623
-2029
-1328
-646
-84
300
497
530
453
328
211
138
126
169
246
331
399
434
431
394
334
260
182
105
27
-51
-131
-209
-278
-329
-352
-344
-308
-254
-199
-163
-159
-194
-259
-334
-390
-398
-335
-193
13
254
485
659
740
713
592
416
246
149
177
356
671
1062
1438
1688
1707
1423
816
-71
-1136
-2224
-3164
-3795
-3997
-3719
-2989
-1908
-637
634
1725
2490
2848
2793
2387
1747
1019
343
-169
-456
-508
-370
-119
151
359
447
395
220
-29
-291
-503
-619
-617
-506
-317
-98
101
239
294
263
164
30
-100
-193
-227
-193
-103
22
152
257
311
300
223
92
-71
-241
-389
-490
-530
-504
-421
-301
-175
-76
-36
-78
-210
-418
-665
-898
-1049
-1050
-848
-417
230
1038
1911
2723
3339
3640
3543
3023
2120
940
-361
-1605
-2620
-3268
-3477
-3246
-2651
-1825
-932
-133
441
720
701
443
53
-339
-619
-706
-575
-255
175
612
952
1119
1081
857
512
140
-162
-319
-294
-99
208
544
813
940
886
659
313
-67
-388
-570
-571
-394
-92
247
527
662
602
348
-46
-492
-880
-1115
-1136
-938
-576
-150
213
396
318
-39
-624
-1320
-1965
-2390
-2457
-2085
-1280
-134
1191
2489
3552
4207
4351
3971
3140
2004
749
-432
-1381
-1994
-2240
-2156
-1833
-1390
-945
-591
-381
-320
-376
-488
-593
-636
-589
-453
-252
-29
172
317
390
396
360
313
287
301
361
450
545
613
630
585
482
342
198
80
12
0
33
84
116
96
5
-158
-372
-596
-782
-888
-887
-779
-594
-382
-205
-121
-164
-332
-585
-848
-1026
-1024
-774
-251
511
1423
2350
3132
3619
3697
3314
2495
1340
7
-1313
-2431
-3195
-3514
-3373
-2837
-2031
-1115
-252
420
817
919
766
446
72
-243
-418
-411
-229
75
422
725
912
941
810
557
247
-41
-241
-309
-233
-42
207
448
613
655
559
348
70
-204
-410
-496
-442
-263
-9
251
445
515
431
203
-120
-467
-755
-913
-902
-725
-427
-91
184
306
214
-104
-606
-1194
-1736
-2091
-2139
-1809
-1097
-74
1125
2325
3337
4000
4203
3914
3178
2111
881
-331
-1359
-2080
-2436
-2436
-2146
-1676
-1149
-675
-335
-164
-152
-254
-403
-531
-584
-536
-388
-171
71
293
455
539
545
494
417
344
302
299
333
385
432
453
435
375
283
179
82
7
-39
-64
-82
-111
-165
-251
-361
-477
-570
-616
-598
-516
-388
-247
-135
-88
-123
-234
-381
-504
-529
-390
-48
494
1185
1922
2571
2992
3065
2719
1953
842
-470
-1797
-2938
-3718
-4023
-3818
-3156
-2167
-1031
57
928
1467
1633
1464
1063
569
125
-155
-209
-38
299
704
1065
1285
1306
1121
776
354
-46
-334
-454
-393
-185
95
359
524
533
373
74
-293
-644
-894
-986
-903
-672
-361
-56
156
216
101
-161
-506
-842
-1076
-1140
-1005
-694
-278
143
464
598
506
204
-230
-679
-1003
-1078
-821
-216
677
1734
2782
3633
4124
4145
3662
2729
1471
67
-1284
-2403
-3155
-3475
-3373
-2926
-2257
-1512
-827
-305
0
86
0
-185
-385
-523
-550
-451
-242
32
315
551
701
747
697
581
442
324
262
275
359
492
639
761
824
809
714
557
369
188
49
-22
-20
43
139
230
275
246
128
-70
-319
-577
-794
-926
-949
-861
-691
-489
-320
-249
-324
-563
-947
-1414
-1871
-2208
-2318
-2120
-1579
-718
382
1592
2748
3686
4265
4398
4063
3310
2257
1062
-99
-1066
-1721
-2009
-1941
-1592
-1077
-533
-83
183
227
64
-242
-604
-922
-1116
-1139
-986
-698
-342
-1
249
359
315
141
-107
-359
-541
-602
-521
-310
-17
293
551
700
710
587
368
113
-106
-230
-219
-68
192
506
801
1007
1073
980
746
425
92
-171
-295
-240
-7
358
776
1142
1350
1313
984
363
-492
-1479
-2463
-3298
-3852
-4030
-3791
-3150
-2185
-1017
205
1330
2224
2797
3009
2877
2467
1882
1239
652
210
-38
-87
29
244
479
657
721
646
438
139
-191
-489
-698
-786
-748
-612
-425
-245
-126
-103
-186
-353
-564
-761
-893
-921
-833
-646
-403
-157
34
132
122
20
-130
-273
-347
-311
-149
117
439
746
971
1060
1000
813
565
341
230
300
572
1012
1529
1993
2259
2203
1748
895
-274
-1605
-2895
-3931
-4533
-4589
-4081
-3089
-1778
-365
922
1895
2429
2496
2156
1544
835
203
-213
-345
-198
153
589
976
1202
1200
969
566
91
-341
-629
-714
-590
-307
44
359
543
536
334
-16
-428
-799
-1034
-1075
-914
-597
-210
142
365
396
228
-95
-484
-829
-1028
-1013
-770
-346
163
640
968
1068
919
567
115
-297
-531
-484
-115
535
1353
2167
2788
3047
2838
2140
1027
-343
-1761
-3002
-3875
-4251
-4095
-3462
-2483
-1338
-217
718
1362
1675
1689
1483
1166
845
599
472
462
534
630
697
695
609
453
263
81
-55
-124
-128
-89
-42
-26
-67
-171
-325
-495
-638
-716
-706
-608
-445
-261
-103
-15
-19
-110
-256
-405
-500
-494
-362
-115
203
531
795
934
917
753
488
203
-13
-85
33
334
761
1210
1555
1673
1476
934
86
-959
-2044
-2988
-3622
-3823
-3538
-2798
-1707
-429
848
1943
2715
3087
3053
2674
2060
1346
661
107
-258
-425
-429
-328
-195
-92
-60
-113
-238
-402
-566
-694
-762
-764
-710
-622
-524
-438
-373
-330
-299
-265
-215
-142
-46
60
163
246
300
324
327
326
340
387
470
583
704
805
856
833
729
555
342
132
-30
-109
-92
10
157
286
327
219
-77
-562
-1191
-1880
-2515
-2975
-3150
-2968
-2409
-1514
-382
844
2002
2936
3520
3684
3422
2794
1911
919
-29
-802
-1309
-1509
-1422
-1115
-684
-240
118
325
351
212
-42
-337
-595
-750
-763
-628
-374
-57
254
494
615
594
444
204
-65
-301
-447
-471
-369
-168
78
309
461
491
384
156
-143
-451
-696
-819
-788
-606
-312
29
340
545
595
475
214
-120
-437
-637
-638
-396
82
741
1474
2148
2626
2793
2583
1986
1063
-73
-1269
-2360
-3197
-3672
-3732
-3391
-2718
-1827
-853
70
834
1368
1644
1681
1530
1262
953
668
452
328
293
327
398
473
522
525
473
368
221
49
-128
-293
-429
-523
-570
-568
-523
-447
-358
-273
-213
-189
-209
-266
-345
-421
-465
-453
-367
-207
13
261
496
675
762
743
624
439
238
80
18
84
280
570
886
1139
1238
1109
716
72
-754
-1652
-2478
-3090
-3365
-3231
-2678
-1767
-614
618
1762
2661
3204
3339
3080
2503
1726
884
108
-500
-885
-1035
-986
-803
-565
-345
-199
-155
-210
-338
-497
-643
-738
-758
-698
-570
-396
-206
-27
118
221
277
294
282
255
227
209
207
227
269
330
401
471
526
549
527
451
320
145
-51
-241
-393
-478
-484
-415
-294
-164
-75
-76
-197
-443
-784
-1156
-1469
-1628
-1548
-1179
-520
369
1381
2365
3162
3625
3658
3228
2380
1228
-61
-1301
-2315
-2970
-3200
-3016
-2496
-1770
-990
-297
201
456
476
319
77
-149
-279
-265
-102
171
493
786
987
1057
993
823
600
387
236
178
214
317
441
533
552
475
309
83
-155
-356
-481
-514
-466
-369
-273
-225
-258
-380
-571
-784
-964
-1059
-1033
-886
-648
-379
-150
-26
-43
-199
-445
-695
-841
-784
-455
160
1009
1980
2915
3640
4003
3903
3314
2296
986
-428
-1739
-2761
-3360
-3482
-3156
-2485
-1622
-739
10
517
735
683
434
91
-232
-449
-506
-396
-158
143
431
637
719
666
501
273
40
-143
-240
-238
-149
-7
146
268
330
318
238
115
-21
-141
-217
-238
-203
-123
-18
92
191
265
308
320
303
262
204
139
77
33
22
60
154
302
486
668
797
814
663
310
-247
-974
-1789
-2576
-3202
-3539
-3492
-3018
-2144
-963
370
1674
2763
3485
3753
3555
2963
2110
1169
313
-316
-638
-645
-397
-7
387
662
731
566
198
-287
-780
-1168
-1369
-1349
-1129
-778
-397
-86
73
47
-150
-456
-780
-1024
-1111
-1007
-724
-324
102
458
666
688
536
269
-20
-234
-293
-161
148
569
1001
1338
1493
1423
1147
738
309
-14
-133
4
375
890
1402
1744
1765
1372
557
-594
-1915
-3184
-4173
-4690
-4624
-3968
-2822
-1372
145
1490
2469
2966
2967
2549
1862
1090
409
-50
-230
-144
128
468
755
891
832
587
219
-177
-506
-693
-702
-549
-293
-18
189
265
185
-31
-325
-615
-820
-881
-778
-536
-217
96
322
406
330
124
-145
-392
-534
-514
-319
13
410
774
1011
1061
910
597
210
-140
-348
-343
-108
303
785
1192
1378
1235
717
-133
-1199
-2294
-3211
-3758
-3802
-3297
-2299
-954
527
1915
2998
3631
3753
3399
2685
1778
859
86
-436
-675
-664
-486
-252
-66
-2
-89
-306
-596
-882
-1089
-1169
-1107
-929
-686
-445
-266
-185
-206
-304
-426
-515
-519
-414
-204
73
364
607
753
780
697
544
381
269
254
354
552
797
1023
1159
1153
989
689
313
-56
-337
-467
-423
-233
29
263
357
225
-174
-818
-1620
-2442
-3120
-3499
-3465
-2969
-2047
-812
564
1883
2952
3624
3821
3546
2879
1957
950
20
-701
-1136
-1271
-1147
-849
-478
-134
107
211
178
40
-145
-322
-441
-472
-412
-280
-109
61
195
269
275
221
125
12
-91
-167
-205
-203
-170
-116
-59
-12
11
4
-33
-99
-186
-279
-363
-419
-433
-395
-304
-168
-9
146
268
329
317
235
109
-15
-82
-38
155
510
998
1550
2067
2432
2535
2297
1689
748
-426
-1680
-2834
-3711
-4170
-4138
-3618
-2698
-1529
-301
795
1605
2035
2069
1769
1256
678
181
-122
-183
-11
322
712
1042
1217
1187
954
571
131
-266
-533
-617
-517
-278
18
281
426
405
214
-103
-470
-795
-997
-1026
-876
-592
-249
58
247
265
108
-180
-520
-812
-966
-925
-683
-287
173
587
851
900
722
370
-49
-403
-557
-416
48
788
1680
2549
3201
3467
3242
2506
1338
-99
-1593
-2912
-3859
-4305
-4212
-3635
-2709
-1617
-553
320
898
1148
1108
871
558
282
130
139
296
548
816
1025
1118
1073
906
664
411
208
98
94
177
301
411
454
396
235
-5
-275
-519
-684
-740
-686
-551
-383
-243
-181
-225
-372
-589
-818
-993
-1057
-978
-759
-438
-81
234
440
493
391
177
-71
-259
-295
-112
306
924
1650
2355
2896
3144
3011
2471
1567
406
-855
-2044
-2994
-3580
-3732
-3452
-2806
-1911
-914
37
817
1341
1576
1541
1294
921
517
165
-76
-179
-151
-23
154
326
444
476
412
262
55
-168
-366
-502
-553
-514
-397
-230
-49
108
211
241
196
92
-40
-165
-243
-247
-165
-2
213
441
635
750
760
657
459
207
-44
-240
-332
-299
-149
78
317
490
522
358
-17
-577
-1247
-1922
-2477
-2793
-2781
-2399
-1663
-650
513
1675
2676
3379
3695
3592
3101
2312
1350
359
-525
-1198
-1599
-1717
-1590
-1288
-903
-524
-225
-52
-16
-97
-253
-428
-569
-632
-597
-464
-255
-6
237
436
560
595
545
429
278
130
16
-37
-24
51
167
292
391
433
397
278
88
-142
-375
-567
-680
-693
-604
-433
-220
-16
125
167
90
-93
-342
-589
-757
-771
-579
-167
436
1157
1886
2493
2857
2884
2527
1801
784
-396
-1581
-2606
-3329
-3655
-3555
-3061
-2267
-1306
-328
529
1164
1522
1600
1449
1148
793
474
257
173
217
354
531
688
776
766
653
455
208
-44
-261
-415
-491
-495
-444
-366
-289
-235
-220
-245
-302
-376
-449
-502
-521
-498
-430
-321
-181
-23
138
285
404
481
509
490
432
354
283
247
270
366
530
738
943
1085
1099
929
544
-50
-807
-1637
-2420
-3027
-3336
-3264
-2781
-1922
-786
475
1688
2680
3314
3512
3269
2652
1789
840
-32
-693
-1061
-1122
-921
-557
-151
178
345
308
82
-271
-660
-986
-1169
-1164
-976
-649
-265
87
329
411
327
113
-163
-419
-579
-591
-444
-169
170
493
721
798
709
476
163
-146
-371
-446
-348
-95
251
605
874
984
901
638
258
-137
-441
-554
-419
-36
530
1165
1722
2050
2032
1609
796
-314
-1567
-2773
-3740
-4311
-4393
-3974
-3120
-1967
-692
521
1515
2181
2480
2437
2135
1688
1220
833
596
526
600
760
932
1046
1053
935
706
408
95
-177
-369
-462
-467
-412
-342
-301
-319
-411
-565
-751
-927
-1053
-1099
-1053
-927
-751
-565
-411
-319
-301
-342
-412
-467
-462
-369
-177
95
408
706
935
1053
1046
932
760
600
526
596
833
1220
1688
2135
2437
2480
2181
1515
521
-692
-1967
-3120
-3974
-4393
-4311
-3740
-2773
-1567
-314
796
1609
2032
2050
1722
1165
530
-36
-419
-554
-441
-137
258
638
901
984
874
605
251
-95
-348
-446
-371
-146
163
476
709
798
721
493
170
-169
-444
-591
-579
-419
-163
113
327
411
329
87
-265
-649
-976
-1164
-1169
-986
-660
-271
82
308
345
178
-151
-557
-921
-1122
-1061
-693
-32
840
1789
2652
3269
3512
3314
2680
1688
475
-786
-1922
-2781
-3264
-3336
-3027
-2420
-1637
-807
-50
544
929
1099
1085
943
738
530
366
270
247
283
354
432
490
509
481
404
285
138
-23
-181
-321
-430
-498
-521
-502
-449
-376
-302
-245
-220
-235
-289
-366
-444
-495
-491
-415
-261
-44
208
455
653
766
776
688
531
354
217
173
257
474
793
1148
1449
1600
1522
1164
529
-328
-1306
-2267
-3061
-3555
-3655
-3329
-2606
-1581
-396
784
1801
2527
2884
2857
2493
1886
1157
436
-167
-579
-771
-757
-589
-342
-93
90
167
125
-16
-220
-433
-604
-693
-680
-567
-375
-142
88
278
397
433
391
292
167
51
-24
-37
16
130
278
429
545
595
560
436
237
-6
-255
-464
-597
-632
-569
-428
-253
-97
-16
-52
-225
-524
-903
-1288
-1590
-1717
-1599
-1198
-525
359
1350
2312
3101
3592
3695
3379
2676
1675
513
-650
-1663
-2399
-2781
-2793
-2477
-1922
-1247
-577
-17
358
522
490
317
78
-149
-299
-332
-240
-44
207
459
657
760
750
635
441
213
-2
-165
-247
-243
-165
-40
92
196
241
211
108
-49
-230
-397
-514
-553
-502
-366
-168
55
262
412
476
444
326
154
-23
-151
-179
-76
165
517
921
1294
1541
1576
1341
817
37
-914
-1911
-2806
-3452
-3732
-3580
-2994
-2044
-855
406
1567
2471
3011
3144
2896
2355
1650
924
306
-112
-295
-259
-71
177
391
493
440
234
-81
-438
-759
-978
-1057
-993
-818
-589
-372
-225
-181
-243
-383
-551
-686
-740
-684
-519
-275
-5
235
396
454
411
301
177
94
98
208
411
664
906
1073
1118
1025
816
548
296
139
130
282
558
871
1108
1148
898
320
-553
-1617
-2709
-3635
-4212
-4305
-3859
-2912
-1593
-99
1338
2506
3242
3467
3201
2549
1680
788
48
-416
-557
-403
-49
370
722
900
851
587
173
-287
-683
-925
-966
-812
-520
-180
108
265
247
58
-249
-592
-876
-1026
-997
-795
-470
-103
214
405
426
281
18
-278
-517
-617
-533
-266
131
571
954
1187
1217
1042
712
322
-11
-183
-122
181
678
1256
1769
2069
2035
1605
795
-301
-1529
-2698
-3618
-4138
-4170
-3711
-2834
-1680
-426
748
1689
2297
2535
2432
2067
1550
998
510
155
-38
-82
-15
109
235
317
329
268
146
-9
-168
-304
-395
-433
-419
-363
-279
-186
-99
-33
4
11
-12
-59
-116
-170
-203
-205
-167
-91
12
125
221
275
269
195
61
-109
-280
-412
-472
-441
-322
-145
40
178
211
107
-134
-478
-849
-1147
-1271
-1136
-701
20
950
1957
2879
3546
3821
3624
2952
1883
564
-812
-2047
-2969
-3465
-3499
-3120
-2442
-1620
-818
-174
225
357
263
29
-233
-423
-467
-337
-56
313
689
989
1153
1159
1023
797
552
354
254
269
381
544
697
780
753
607
364
73
-204
-414
-519
-515
-426
-304
-206
-185
-266
-445
-686
-929
-1107
-1169
-1089
-882
-596
-306
-89
-2
-66
-252
-486
-664
-675
-436
86
859
1778
2685
3399
3753
3631
2998
1915
527
-954
-2299
-3297
-3802
-3758
-3211
-2294
-1199
-133
717
1235
1378
1192
785
303
-108
-343
-348
-140
210
597
910
1061
1011
774
410
13
-319
-514
-534
-392
-145
124
330
406
322
96
-217
-536
-778
-881
-820
-615
-325
-31
185
265
189
-18
-293
-549
-702
-693
-506
-177
219
587
832
891
755
468
128
-144
-230
-50
409
1090
1862
2549
2967
2966
2469
1490
145
-1372
-2822
-3968
-4624
-4690
-4173
-3184
-1915
-594
557
1372
1765
1744
1402
890
375
4
-133
-14
309
738
1147
1423
1493
1338
1001
569
148
-161
-293
-234
-20
269
536
688
666
458
102
-324
-724
-1007
-1111
-1024
-780
-456
-150
47
73
-86
-397
-778
-1129
-1349
-1369
-1168
-780
-287
198
566
731
662
387
-7
-397
-645
-638
-316
313
1169
2110
2963
3555
3753
3485
2763
1674
370
-963
-2144
-3018
-3492
-3539
-3202
-2576
-1789
-974
-247
310
663
814
797
668
486
302
154
60
22
33
77
139
204
262
303
320
308
265
191
92
-18
-123
-203
-238
-217
-141
-21
115
238
318
330
268
146
-7
-149
-238
-240
-143
40
273
501
666
719
637
431
143
-158
-396
-506
-449
-232
91
434
683
735
517
10
-739
-1622
-2485
-3156
-3482
-3360
-2761
-1739
-428
986
2296
3314
3903
4003
3640
2915
1980
1009
160
-455
-784
-841
-695
-445
-199
-43
-26
-150
-379
-648
-886
-1033
-1059
-964
-784
-571
-380
-258
-225
-273
-369
-466
-514
-481
-356
-155
83
309
475
552
533
441
317
214
178
236
387
600
823
993
1057
987
786
493
171
-102
-265
-279
-149
77
319
476
456
201
-297
-990
-1770
-2496
-3016
-3200
-2970
-2315
-1301
-61
1228
2380
3228
3658
3625
3162
2365
1381
369
-520
-1179
-1548
-1628
-1469
-1156
-784
-443
-197
-76
-75
-164
-294
-415
-484
-478
-393
-241
-51
145
320
451
527
549
526
471
401
330
269
227
207
209
227
255
282
294
277
221
118
-27
-206
-396
-570
-698
-758
-738
-643
-497
-338
-210
-155
-199
-345
-565
-803
-986
-1035
-885
-500
108
884
1726
2503
3080
3339
3204
2661
1762
618
-614
-1767
-2678
-3231
-3365
-3090
-2478
-1652
-754
72
716
1109
1238
1139
886
570
280
84
18
80
238
439
624
743
762
675
496
261
13
-207
-367
-453
-465
-421
-345
-266
-209
-189
-213
-273
-358
-447
-523
-568
-570
-523
-429
-293
-128
49
221
368
473
525
522
473
398
327
293
328
452
668
953
1262
1530
1681
1644
1368
834
70
-853
-1827
-2718
-3391
-3732
-3672
-3197
-2360
-1269
-73
1063
1986
2583
2793
2626
2148
1474
741
82
-396
-638
-637
-437
-120
214
475
595
545
340
29
-312
-606
-788
-819
-696
-451
-143
156
384
491
461
309
78
-168
-369
-471
-447
-301
-65
204
444
594
615
494
254
-57
-374
-628
-763
-750
-595
-337
-42
212
351
325
118
-240
-684
-1115
-1422
-1509
-1309
-802
-29
919
1911
2794
3422
3684
3520
2936
2002
844
-382
-1514
-2409
-2968
-3150
-2975
-2515
-1880
-1191
-562
-77
219
327
286
157
10
-92
-109
-30
132
342
555
729
833
856
805
704
583
470
387
340
326
327
324
300
246
163
60
-46
-142
-215
-265
-299
-330
-373
-438
-524
-622
-710
-764
-762
-694
-566
-402
-238
-113
-60
-92
-195
-328
-429
-425
-258
107
661
1346
2060
2674
3053
3087
2715
1943
848
-429
-1707
-2798
-3538
-3823
-3622
-2988
-2044
-959
86
934
1476
1673
1555
1210
761
334
33
-85
-13
203
488
753
917
934
795
531
203
-115
-362
-494
-500
-405
-256
-110
-19
-15
-103
-261
-445
-608
-706
-716
-638
-495
-325
-171
-67
-26
-42
-89
-128
-124
-55
81
263
453
609
695
697
630
534
462
472
599
845
1166
1483
1689
1675
1362
718
-217
-1338
-2483
-3462
-4095
-4251
-3875
-3002
-1761
-343
1027
2140
2838
3047
2788
2167
1353
535
-115
-484
-531
-297
115
567
919
1068
968
640
163
-346
-770
-1013
-1028
-829
-484
-95
228
396
365
142
-210
-597
-914
-1075
-1034
-799
-428
-16
334
536
543
359
44
-307
-590
-714
-629
-341
91
566
969
1200
1202
976
589
153
-198
-345
-213
203
835
1544
2156
2496
2429
1895
922
-365
-1778
-3089
-4081
-4589
-4533
-3931
-2895
-1605
-274
895
1748
2203
2259
1993
1529
1012
572
300
230
341
565
813
1000
1060
971
746
439
117
-149
-311
-347
-273
-130
20
122
132
34
-157
-403
-646
-833
-921
-893
-761
-564
-353
-186
-103
-126
-245
-425
-612
-748
-786
-698
-489
-191
139
438
646
721
657
479
244
29
-87
-38
210
652
1239
1882
2467
2877
3009
2797
2224
1330
205
-1017
-2185
-3150
-3791
-4030
-3852
-3298
-2463
-1479
-492
363
984
1313
1350
1142
776
358
-7
-240
-295
-171
92
425
746
980
1073
1007
801
506
192
-68
-219
-230
-106
113
368
587
710
700
551
293
-17
-310
-521
-602
-541
-359
-107
141
315
359
249
-1
-342
-698
-986
-1139
-1116
-922
-604
-242
64
227
183
-83
-533
-1077
-1592
-1941
-2009
-1721
-1066
-99
1062
2257
3310
4063
4398
4265
3686
2748
1592
382
-718
-1579
-2120
-2318
-2208
-1871
-1414
-947
-563
-324
-249
-320
-489
-691
-861
-949
-926
-794
-577
-319
-70
128
246
275
230
139
43
-20
-22
49
188
369
557
714
809
824
761
639
492
359
275
262
324
442
581
697
747
701
551
315
32
-242
-451
-550
-523
-385
-185
0
86
0
-305
-827
-1512
-2257
-2926
-3373
-3475
-3155
-2403
-1284
67
1471
2729
3662
4145
4124
3633
2782
1734
677
-216
-821
-1078
-1003
-679
-230
204
506
598
464
143
-278
-694
-1005
-1140
-1076
-842
-506
-161
101
216
156
-56
-361
-672
-903
-986
-894
-644
-293
74
373
533
524
359
95
-185
-393
-454
-334
-46
354
776
1121
1306
1285
1065
704
299
-38
-209
-155
125
569
1063
1464
1633
1467
928
57
-1031
-2167
-3156
-3818
-4023
-3718
-2938
-1797
-470
842
1953
2719
3065
2992
2571
1922
1185
494
-48
-390
-529
-504
-381
-234
-123
-88
-135
-247
-388
-516
-598
-616
-570
-477
-361
-251
-165
-111
-82
-64
-39
7
82
179
283
375
435
453
432
385
333
299
302
344
417
494
545
539
455
293
71
-171
-388
-536
-584
-531
-403
-254
-152
-164
-335
-675
-1149
-1676
-2146
-2436
-2436
-2080
-1359
-331
881
2111
3178
3914
4203
4000
3337
2325
1125
-74
-1097
-1809
-2139
-2091
-1736
-1194
-606
-104
214
306
184
-91
-427
-725
-902
-913
-755
-467
-120
203
431
515
445
251
-9
-263
-442
-496
-410
-204
70
348
559
655
613
448
207
-42
-233
-309
-241
-41
247
557
810
941
912
725
422
75
-229
-411
-418
-243
72
446
766
919
817
420
-252
-1115
-2031
-2837
-3373
-3514
-3195
-2431
-1313
7
1340
2495
3314
3697
3619
3132
2350
1423
511
-251
-774
-1024
-1026
-848
-585
-332
-164
-121
-205
-382
-594
-779
-887
-888
-782
-596
-372
-158
5
96
116
84
33
0
12
80
198
342
482
585
630
613
545
450
361
301
287
313
360
396
390
317
172
-29
-252
-453
-589
-636
-593
-488
-376
-320
-381
-591
-945
-1390
-1833
-2156
-2240
-1994
-1381
-432
749
2004
3140
3971
4351
4207
3552
2489
1191
-134
-1280
-2085
-2457
-2390
-1965
-1320
-624
-39
318
396
213
-150
-576
-938
-1136
-1115
-880
-492
-46
348
602
662
527
247
-92
-394
-571
-570
-388
-67
313
659
886
940
813
544
208
-99
-294
-319
-162
140
512
857
1081
1119
952
612
175
-255
-575
-706
-619
-339
53
443
701
720
441
-133
-932
-1825
-2651
-3246
-3477
-3268
-2620
-1605
-361
940
2120
3023
3543
3640
3339
2723
1911
1038
230
-417
-848
-1050
-1049
-898
-665
-418
-210
-78
-36
-76
-175
-301
-421
-504
-530
-490
-389
-241
-71
92
223
300
311
257
152
22
-103
-193
-227
-193
-100
30
164
263
294
239
101
-98
-317
-506
-617
-619
-503
-291
-29
220
395
447
359
151
-119
-370
-508
-456
-169
343
1019
1747
2387
2793
2848
2490
1725
634
-637
-1908
-2989
-3719
-3997
-3795
-3164
-2224
-1136
-71
816
1423
1707
1688
1438
1062
671
356
177
149
246
416
592
713
740
659
485
254
13
-193
-335
-398
-390
-334
-259
-194
-159
-163
-199
-254
-308
-344
-352
-329
-278
-209
-131
-51
27
105
182
260
334
394
431
434
399
331
246
169
126
138
211
328
453
530
497
300
-84
-646
-1328
-2029
-2623
-2979
-2989
-2592
-1793
-673
626
1921
3018
3750
4007
3763
3075
2075
944
-125
-966
-1468
-1595
-1391
-962
-450
-1
270
306
111
-250
-676
-1050
-1271
-1283
-1083
-719
-281
126
410
513
424
181
-137
-436
-627
-652
-496
-193
182
541
795
881
783
528
187
-146
-384
-458
-342
-61
319
703
994
1116
1033
762
368
-47
-375
-520
-430
-106
388
944
1423
1692
1647
1240
493
-505
-1618
-2676
-3513
-3995
-4045
-3650
-2867
-1809
-620
541
1537
2264
2667
2743
2538
2129
1612
1081
618
277
82
28
84
206
340
439
468
409
265
56
-184
-414
-597
-703
-717
-644
-505
-336
-178
-68
-32
-78
-194
-349
-501
-606
-630
-556
-392
-166
71
270
382
379
260
55
-184
-397
-520
-516
-373
-120
183
459
631
637
459
122
-300
-703
-965
-985
-698
-102
739
1702
2622
3327
3668
3548
2951
1939
645
-745
-2037
-3053
-3668
-3831
-3566
-2967
-2172
-1334
-592
-45
262
344
257
88
-72
-154
-115
45
299
590
857
1048
1134
1111
1000
842
681
554
486
477
511
560
589
573
497
365
193
8
-160
-292
-376
-414
-420
-415
-418
-445
-498
-570
-645
-704
-730
-714
-657
-570
-469
-373
-297
-245
-212
-184
-144
-74
31
173
334
491
614
679
672
593
458
297
145
38
0
0
0
0
0
0
0
0
0
0
0
0
0
0
0
0
0
0
0
0
0
0
0
0
0
0
0
0
0
0
0
0
0
0
0
0
0
0
0
0
0
0
0
0
0
0
0
0
0
0
0
0
0
0
0
0
0
0
0
0
0
0
0
0
0
0
0
-3518
-3193
-2280
-954
533
1903
2899
3342
3161
2400
1214
-171
-1500
-2536
-3104
-3121
-2602
-1657
-460
784
1878
2660
3034
2973
2519
1767
844
-113
-979
-1655
-2078
-2223
-2102
-1757
-1252
-665
-78
431
800
984
968
768
426
9
-401
-728
-907
-906
-724
-400
-3
382
679
827
803
628
360
82
-111
-149
9
355
832
1344
1774
2015
1986
1659
1061
273
-589
-1396
-2032
-2416
-2519
-2362
-2011
-1555
-1089
-685
-389
-206
-112
-63
-15
59
167
290
392
436
400
289
139
15
-4
145
502
1052
1727
2409
2956
3224
3110
2571
1647
456
-823
-1987
-2846
-3266
-3197
-2687
-1870
-942
-114
431
581
317
-281
-1053
-1793
-2297
-2409
-2055
-1263
-155
1075
2207
3037
3421
3303
2725
1812
750
-261
-1047
-1491
-1551
-1269
-746
-124
453
870
1060
1012
768
407
19
-316
-545
-654
-660
-606
-544
-513
-534
-598
-671
-706
-654
-480
-176
235
704
1157
1518
1718
1709
1476
1037
439
-248
-946
-1573
-2061
-2356
-2428
-2271
-1902
-1357
-692
23
714
1304
1725
1928
1895
1638
1208
685
171
-233
-441
-403
-115
371
961
1526
1933
2071
1873
1334
516
-461
-1443
-2269
-2804
-2964
-2737
-2180
-1409
-577
162
684
915
845
530
71
-405
-785
-981
-957
-730
-362
57
440
714
847
850
769
674
637
708
901
1188
1505
1765
1879
1782
1446
891
186
-571
-1269
-1807
-2118
-2177
-2006
-1667
-1242
-814
-448
-179
-7
98
182
287
437
625
813
943
947
771
394
-157
-814
-1466
-1983
-2248
-2175
-1735
-968
23
1091
2065
2790
3149
3094
2649
1908
1011
120
-616
-1093
-1266
-1155
-842
-447
-97
98
75
-171
-588
-1075
-1508
-1767
-1760
-1448
-854
-56
822
1642
2268
2601
2590
2243
1620
824
-25
-816
-1456
-1894
-2122
-2168
-2086
-1936
-1770
-1617
-1477
-1322
-1110
-792
-336
266
987
1766
2517
3144
3559
3698
3537
3096
2435
1642
819
60
-563
-1019
-1310
-1470
-1558
-1631
-1736
-1892
-2086
-2274
-2396
-2384
-2188
-1786
-1196
-473
292
999
1548
1864
1910
1696
1276
734
174
-306
-634
-765
-698
-464
-120
268
642
958
1194
1351
1444
1489
1499
1471
1388
1220
938
526
-13
-646
-1310
-1923
-2394
-2647
-2635
-2354
-1844
-1188
-491
132
590
825
830
647
354
53
-159
-214
-84
208
598
988
1278
1383
1256
903
377
-227
-799
-1230
-1438
-1389
-1099
-629
-74
460
884
1135
1195
1088
873
627
421
308
307
399
534
644
660
533
243
-189
-712
-1246
-1704
-2011
-2114
-1999
-1686
-1232
-709
-197
234
540
701
728
654
524
385
277
222
229
289
384
492
593
675
731
764
778
780
771
751
712
646
544
400
213
-12
-268
-541
-818
-1086
-1332
-1543
-1705
-1804
-1821
-1740
-1543
-1223
-785
-248
348
949
1489
1901
2128
2135
1916
1501
951
354
-193
-600
-797
-751
-475
-25
506
1004
1356
1465
1277
785
39
-861
-1785
-2585
-3128
-3312
-3091
-2478
-1552
-439
700
1702
2423
2767
2697
2249
1520
654
-181
-830
-1170
-1139
-745
-68
753
1553
2161
2438
2303
1751
853
-255
-1400
-2397
-3088
-3371
-3214
-2664
-1830
-866
63
817
1299
1473
1367
1060
659
273
-11
-151
-146
-42
93
190
197
98
-77
-271
-399
-387
-187
204
734
1307
1798
2084
2073
1728
1085
242
-649
-1423
-1929
-2069
-1822
-1249
-484
293
899
1183
1063
546
-272
-1227
-2118
-2752
-2985
-2753
-2085
-1095
38
1116
1959
2440
2514
2222
1676
1030
448
58
-64
78
418
835
1193
1368
1282
918
327
-386
-1091
-1652
-1965
-1976
-1692
-1176
-534
112
651
998
1116
1012
734
354
-48
-408
-679
-845
-912
-905
-850
-770
-675
-564
-425
-247
-28
223
481
709
864
915
845
666
411
134
-99
-235
-237
-98
152
460
750
949
998
870
579
174
-268
-658
-912
-975
-828
-495
-41
443
859
1121
1166
977
577
27
-586
-1167
-1630
-1913
-1987
-1859
-1568
-1178
-759
-376
-80
103
175
161
105
56
64
166
379
697
1092
1514
1903
2195
2334
2281
2023
1579
996
344
-288
-816
-1167
-1295
-1195
-899
-481
-39
315
487
407
52
-546
-1307
-2110
-2815
-3291
-3435
-3197
-2588
-1679
-592
522
1515
2258
2672
2735
2486
2014
1438
881
451
216
198
368
660
986
1253
1388
1349
1130
763
306
-168
-595
-924
-1131
-1218
-1211
-1152
-1080
-1029
-1014
-1030
-1056
-1059
-1008
-882
-676
-408
-112
164
374
479
461
326
107
-145
-367
-498
-489
-317
11
464
980
1490
1920
2208
2316
2229
1963
1556
1061
534
24
-432
-817
-1132
-1386
-1598
-1776
-1924
-2026
-2056
-1982
-1772
-1410
-901
-278
398
1049
1587
1935
2039
1885
1498
946
325
-258
-709
-958
-983
-808
-500
-153
133
278
240
27
-299
-642
-887
-931
-708
-211
501
1312
2068
2610
2804
2580
1943
981
-150
-1259
-2151
-2673
-2745
-2375
-1661
-769
103
766
1082
992
531
-181
-969
-1634
-2005
-1974
-1519
-711
299
1323
2163
2663
2739
2393
1717
861
6
-678
-1075
-1139
-902
-468
22
422
614
544
226
-257
-777
-1189
-1370
-1248
-823
-163
601
1312
1815
1994
1793
1235
410
-540
-1454
-2179
-2605
-2677
-2408
-1866
-1158
-405
285
835
1209
1411
1479
1465
1421
1382
1361
1347
1312
1221
1046
778
426
22
-387
-757
-1045
-1230
-1308
-1298
-1230
-1138
-1048
-975
-915
-851
-759
-616
-411
-149
147
443
696
871
949
931
842
724
624
584
625
743
902
1045
1104
1017
744
281
-332
-1020
-1676
-2191
-2465
-2435
-2086
-1457
-636
254
1085
1733
2113
2186
1968
1521
941
334
-200
-593
-814
-874
-819
-714
-627
-608
-679
-823
-995
-1125
-1138
-977
-613
-61
621
1340
1981
2430
2596
2430
1936
1176
256
-684
-1503
-2074
-2313
-2190
-1738
-1042
-230
556
1185
1552
1604
1345
832
166
-532
-1138
-1551
-1706
-1588
-1227
-693
-80
513
999
1314
1431
1355
1123
790
418
63
-230
-439
-557
-594
-568
-498
-403
-292
-170
-41
92
226
345
434
470
438
326
138
-109
-385
-648
-858
-976
-977
-855
-621
-307
46
393
692
911
1033
1059
1003
886
737
579
429
297
181
75
-30
-144
-273
-415
-565
-713
-846
-949
-1010
-1017
-963
-844
-662
-423
-142
157
447
694
860
918
847
646
338
-34
-412
-722
-897
-884
-660
-234
340
985
1595
2068
2313
2277
1949
1366
608
-218
-997
-1627
-2032
-2182
-2088
-1798
-1384
-927
-494
-133
137
326
456
556
646
727
778
764
642
383
-22
-546
-1128
-1674
-2080
-2247
-2106
-1634
-864
115
1179
2178
2974
3457
3571
3318
2757
1991
1144
334
-340
-825
-1108
-1217
-1205
-1137
-1068
-1034
-1042
-1078
-1110
-1108
-1048
-928
-769
-607
-489
-453
-519
-680
-897
-1106
-1233
-1206
-976
-528
108
870
1659
2368
2894
3161
3132
2815
2261
1553
795
87
-482
-859
-1021
-983
-791
-512
-219
16
139
115
-61
-371
-769
-1195
-1579
-1854
-1967
-1886
-1609
-1168
-620
-48
459
820
976
905
631
221
-225
-594
-779
-703
-342
267
1034
1821
2475
2858
2871
2484
1741
756
-309
-1276
-1983
-2320
-2250
-1817
-1134
-356
351
850
1058
965
631
168
-285
-607
-715
-589
-276
121
476
667
610
286
-256
-908
-1525
-1962
-2107
-1910
-1398
-665
144
875
1390
1607
1517
1182
719
269
-36
-114
53
416
864
1263
1485
1447
1133
599
-33
-615
-1002
-1094
-862
-364
269
864
1241
1263
869
94
-930
-2011
-2922
-3466
-3509
-3021
-2077
-843
454
1583
2354
2656
2481
1921
1141
342
-288
-618
-597
-268
254
809
1232
1395
1238
779
110
-625
-1274
-1702
-1825
-1632
-1178
-568
67
606
961
1097
1034
835
585
365
233
205
260
345
397
362
214
-33
-334
-619
-819
-881
-793
-583
-322
-99
-4
-98
-393
-845
-1360
-1810
-2064
-2017
-1621
-895
70
1134
2128
2895
3321
3356
3026
2420
1672
928
310
-105
-307
-340
-295
-276
-376
-646
-1081
-1620
-2158
-2571
-2748
-2615
-2156
-1420
-511
434
1274
1887
2199
2194
1910
1433
868
320
-129
-436
-594
-634
-602
-551
-518
-519
-545
-565
-543
-445
-253
24
359
704
1006
1217
1308
1269
1113
871
581
277
-13
-279
-519
-737
-936
-1109
-1240
-1297
-1250
-1070
-751
-308
211
738
1191
1491
1579
1434
1075
562
-19
-569
-1002
-1259
-1325
-1225
-1021
-792
-613
-533
-562
-665
-773
-796
-648
-272
339
1139
2027
2866
3511
3831
3744
3228
2330
1156
-146
-1414
-2501
-3294
-3731
-3805
-3557
-3059
-2398
-1660
-913
-209
418
951
1373
1668
1818
1808
1632
1303
858
358
-114
-475
-650
-598
-320
130
662
1152
1480
1549
1314
792
64
-738
-1464
-1967
-2146
-1962
-1455
-729
60
749
1195
1310
1080
570
-91
-745
-1234
-1437
-1299
-844
-165
594
1277
1743
1903
1738
1295
683
33
-521
-887
-1023
-950
-740
-495
-318
-279
-399
-641
-917
-1112
-1114
-847
-293
492
1390
2237
2860
3113
2911
2255
1229
-6
-1251
-2301
-2989
-3216
-2972
-2336
-1451
-500
335
916
1164
1080
738
262
-201
-521
-603
-418
0
562
1145
1618
1872
1846
1532
980
287
-425
-1037
-1448
-1595
-1466
-1096
-558
50
626
1075
1329
1348
1131
705
127
-532
-1190
-1767
-2189
-2400
-2364
-2068
-1532
-801
55
946
1773
2440
2865
2994
2809
2332
1622
765
-131
-963
-1639
-2093
-2294
-2245
-1981
-1556
-1034
-477
64
555
976
1319
1583
1763
1852
1832
1687
1400
967
402
-257
-955
-1615
-2157
-2510
-2623
-2478
-2094
-1525
-853
-175
418
856
1100
1150
1046
853
652
519
508
640
899
1229
1552
1779
1829
1650
1227
590
-189
-1012
-1766
-2346
-2671
-2702
-2445
-1950
-1303
-607
35
540
857
976
923
759
560
402
344
416
615
900
1206
1459
1584
1529
1273
830
246
-405
-1042
-1583
-1969
-2167
-2173
-2018
-1747
-1418
-1081
-770
-498
-256
-17
252
578
972
1419
1879
2292
2587
2697
2573
2200
1599
830
-17
-838
-1526
-1997
-2199
-2122
-1802
-1310
-744
-209
200
417
408
183
-208
-688
-1163
-1537
-1727
-1679
-1371
-821
-81
767
1626
2390
2964
3271
3265
2936
2313
1460
469
-552
-1492
-2251
-2756
-2966
-2879
-2532
-1988
-1333
-652
-21
504
899
1164
1322
1406
1449
1473
1479
1451
1356
1160
837
384
-173
-778
-1347
-1788
-2019
-1983
-1668
-1114
-406
330
963
1370
1465
1223
680
-66
-877
-1595
-2078
-2222
-1988
-1402
-554
418
1363
2136
2626
2779
2599
2142
1504
797
125
-430
-825
-1053
-1135
-1112
-1029
-919
-801
-677
-536
-364
-158
72
300
484
578
548
378
82
-292
-679
-997
-1169
-1145
-910
-489
49
613
1099
1415
1502
1340
956
420
-174
-726
-1142
-1360
-1352
-1129
-735
-234
301
804
1222
1520
1679
1695
1573
1322
952
483
-59
-636
-1194
-1671
-1998
-2118
-1995
-1627
-1051
-347
378
1006
1427
1564
1394
948
314
-380
-997
-1411
-1536
-1348
-885
-243
449
1054
1458
1595
1459
1104
629
153
-212
-395
-372
-179
99
356
485
413
119
-358
-925
-1453
-1810
-1889
-1635
-1059
-243
680
1552
2219
2564
2530
2129
1436
572
-317
-1102
-1681
-2002
-2064
-1910
-1607
-1231
-843
-479
-149
159
470
798
1143
1478
1755
1912
1890
1652
1192
546
-212
-985
-1665
-2159
-2404
-2376
-2099
-1629
-1047
-433
141
634
1028
1333
1567
1751
1890
1973
1970
1842
1556
1101
497
-197
-895
-1492
-1888
-2015
-1850
-1431
-848
-230
282
565
545
210
-377
-1092
-1776
-2263
-2421
-2178
-1537
-584
536
1646
2568
3161
3350
3133
2578
1810
974
211
-371
-722
-844
-787
-632
-465
-352
-329
-392
-505
-612
-661
-617
-476
-270
-57
94
125
4
-261
-623
-997
-1283
-1392
-1262
-882
-295
408
1105
1665
1978
1980
1666
1092
367
-370
-980
-1346
-1402
-1139
-611
81
810
1446
1880
2044
1918
1533
955
273
-422
-1050
-1557
-1915
-2120
-2186
-2135
-1984
-1745
-1418
-1000
-490
103
754
1415
2021
2499
2776
2798
2539
2011
1267
396
-490
-1273
-1846
-2133
-2103
-1774
-1212
-522
172
748
1103
1176
957
489
-140
-812
-1399
-1785
-1893
-1694
-1214
-532
235
958
1511
1806
1801
1514
1018
426
-131
-529
-677
-539
-136
449
1096
1662
2015
2059
1753
1121
246
-741
-1695
-2470
-2958
-3099
-2892
-2392
-1695
-917
-174
440
871
1098
1140
1042
859
644
440
269
142
56
7
-2
32
127
294
539
849
1191
1511
1740
1811
1670
1295
704
-43
-850
-1603
-2187
-2513
-2535
-2261
-1752
-1109
-456
90
440
553
441
165
-175
-475
-639
-605
-362
52
565
1076
1489
1730
1762
1591
1266
858
447
101
-137
-261
-296
-286
-285
-337
-461
-651
-870
-1067
-1186
-1185
-1046
-782
-434
-62
267
501
612
600
495
351
223
162
193
312
488
666
788
803
687
443
107
-258
-586
-814
-901
-837
-646
-378
-94
141
287
323
262
137
-2
-112
-162
-146
-83
-10
26
-6
-127
-322
-548
-744
-843
-793
-572
-194
281
772
1182
1424
1448
1248
869
400
-47
-365
-475
-348
-14
440
894
1213
1286
1051
513
-253
-1118
-1919
-2500
-2739
-2581
-2050
-1242
-310
568
1231
1561
1512
1116
476
-255
-913
-1352
-1475
-1252
-723
8
809
1537
2072
2340
2323
2057
1620
1110
622
227
-37
-176
-225
-238
-271
-366
-542
-785
-1061
-1319
-1508
-1590
-1548
-1391
-1147
-863
-583
-348
-177
-73
-18
15
60
141
269
438
631
817
969
1062
1089
1053
973
874
783
717
684
676
675
655
590
464
271
21
-263
-556
-824
-1044
-1203
-1297
-1337
-1337
-1313
-1276
-1226
-1156
-1051
-893
-671
-383
-40
330
692
1008
1244
1377
1405
1342
1219
1074
940
844
793
773
754
698
568
337
4
-409
-857
-1274
-1593
-1755
-1724
-1495
-1100
-598
-69
402
742
905
876
679
365
5
-323
-560
-665
-628
-469
-232
28
258
419
491
480
410
320
247
219
247
320
410
480
491
419
258
28
-232
-469
-628
-665
-560
-323
5
365
679
876
905
742
402
-69
-598
-1100
-1495
-1724
-1755
-1593
-1274
-857
-409
4
337
568
698
754
773
793
844
940
1074
1219
1342
1405
1377
1244
1008
692
330
-40
-383
-671
-893
-1051
-1156
-1226
-1276
-1313
-1337
-1337
-1297
-1203
-1044
-824
-556
-263
21
271
464
590
655
675
676
684
717
783
874
973
1053
1089
1062
969
817
631
438
269
141
60
15
-18
-73
-177
-348
-583
-863
-1147
-1391
-1548
-1590
-1508
-1319
-1061
-785
-542
-366
-271
-238
-225
-176
-37
227
622
1110
1620
2057
2323
2340
2072
1537
809
8
-723
-1252
-1475
-1352
-913
-255
476
1116
1512
1561
1231
568
-310
-1242
-2050
-2581
-2739
-2500
-1919
-1118
-253
513
1051
1286
1213
894
440
-14
-348
-475
-365
-47
400
869
1248
1448
1424
1182
772
281
-194
-572
-793
-843
-744
-548
-322
-127
-6
26
-10
-83
-146
-162
-112
-2
137
262
323
287
141
-94
-378
-646
-837
-901
-814
-586
-258
107
443
687
803
788
666
488
312
193
162
223
351
495
600
612
501
267
-62
-434
-782
-1046
-1185
-1186
-1067
-870
-651
-461
-337
-285
-286
-296
-261
-137
101
447
858
1266
1591
1762
1730
1489
1076
565
52
-362
-605
-639
-475
-175
165
441
553
440
90
-456
-1109
-1752
-2261
-2535
-2513
-2187
-1603
-850
-43
704
1295
1670
1811
1740
1511
1191
849
539
294
127
32
-2
7
56
142
269
440
644
859
1042
1140
1098
871
440
-174
-917
-1695
-2392
-2892
-3099
-2958
-2470
-1695
-741
246
1121
1753
2059
2015
1662
1096
449
-136
-539
-677
-529
-131
426
1018
1514
1801
1806
1511
958
235
-532
-1214
-1694
-1893
-1785
-1399
-812
-140
489
957
1176
1103
748
172
-522
-1212
-1774
-2103
-2133
-1846
-1273
-490
396
1267
2011
2539
2798
2776
2499
2021
1415
754
103
-490
-1000
-1418
-1745
-1984
-2135
-2186
-2120
-1915
-1557
-1050
-422
273
955
1533
1918
2044
1880
1446
810
81
-611
-1139
-1402
-1346
-980
-370
367
1092
1666
1980
1978
1665
1105
408
-295
-882
-1262
-1392
-1283
-997
-623
-261
4
125
94
-57
-270
-476
-617
-661
-612
-505
-392
-329
-352
-465
-632
-787
-844
-722
-371
211
974
1810
2578
3133
3350
3161
2568
1646
536
-584
-1537
-2178
-2421
-2263
-1776
-1092
-377
210
545
565
282
-230
-848
-1431
-1850
-2015
-1888
-1492
-895
-197
497
1101
1556
1842
1970
1973
1890
1751
1567
1333
1028
634
141
-433
-1047
-1629
-2099
-2376
-2404
-2159
-1665
-985
-212
546
1192
1652
1890
1912
1755
1478
1143
798
470
159
-149
-479
-843
-1231
-1607
-1910
-2064
-2002
-1681
-1102
-317
572
1436
2129
2530
2564
2219
1552
680
-243
-1059
-1635
-1889
-1810
-1453
-925
-358
119
413
485
356
99
-179
-372
-395
-212
153
629
1104
1459
1595
1458
1054
449
-243
-885
-1348
-1536
-1411
-997
-380
314
948
1394
1564
1427
1006
378
-347
-1051
-1627
-1995
-2118
-1998
-1671
-1194
-636
-59
483
952
1322
1573
1695
1679
1520
1222
804
301
-234
-735
-1129
-1352
-1360
-1142
-726
-174
420
956
1340
1502
1415
1099
613
49
-489
-910
-1145
-1169
-997
-679
-292
82
378
548
578
484
300
72
-158
-364
-536
-677
-801
-919
-1029
-1112
-1135
-1053
-825
-430
125
797
1504
2142
2599
2779
2626
2136
1363
418
-554
-1402
-1988
-2222
-2078
-1595
-877
-66
680
1223
1465
1370
963
330
-406
-1114
-1668
-1983
-2019
-1788
-1347
-778
-173
384
837
1160
1356
1451
1479
1473
1449
1406
1322
1164
899
504
-21
-652
-1333
-1988
-2532
-2879
-2966
-2756
-2251
-1492
-552
469
1460
2313
2936
3265
3271
2964
2390
1626
767
-81
-821
-1371
-1679
-1727
-1537
-1163
-688
-208
183
408
417
200
-209
-744
-1310
-1802
-2122
-2199
-1997
-1526
-838
-17
830
1599
2200
2573
2697
2587
2292
1879
1419
972
578
252
-17
-256
-498
-770
-1081
-1418
-1747
-2018
-2173
-2167
-1969
-1583
-1042
-405
246
830
1273
1529
1584
1459
1206
900
615
416
344
402
560
759
923
976
857
540
35
-607
-1303
-1950
-2445
-2702
-2671
-2346
-1766
-1012
-189
590
1227
1650
1829
1779
1552
1229
899
640
508
519
652
853
1046
1150
1100
856
418
-175
-853
-1525
-2094
-2478
-2623
-2510
-2157
-1615
-955
-257
402
967
1400
1687
1832
1852
1763
1583
1319
976
555
64
-477
-1034
-1556
-1981
-2245
-2294
-2093
-1639
-963
-131
765
1622
2332
2809
2994
2865
2440
1773
946
55
-801
-1532
-2068
-2364
-2400
-2189
-1767
-1190
-532
127
705
1131
1348
1329
1075
626
50
-558
-1096
-1466
-1595
-1448
-1037
-425
287
980
1532
1846
1872
1618
1145
562
0
-418
-603
-521
-201
262
738
1080
1164
916
335
-500
-1451
-2336
-2972
-3216
-2989
-2301
-1251
-6
1229
2255
2911
3113
2860
2237
1390
492
-293
-847
-1114
-1112
-917
-641
-399
-279
-318
-495
-740
-950
-1023
-887
-521
33
683
1295
1738
1903
1743
1277
594
-165
-844
-1299
-1437
-1234
-745
-91
570
1080
1310
1195
749
60
-729
-1455
-1962
-2146
-1967
-1464
-738
64
792
1314
1549
1480
1152
662
130
-320
-598
-650
-475
-114
358
858
1303
1632
1808
1818
1668
1373
951
418
-209
-913
-1660
-2398
-3059
-3557
-3805
-3731
-3294
-2501
-1414
-146
1156
2330
3228
3744
3831
3511
2866
2027
1139
339
-272
-648
-796
-773
-665
-562
-533
-613
-792
-1021
-1225
-1325
-1259
-1002
-569
-19
562
1075
1434
1579
1491
1191
738
211
-308
-751
-1070
-1250
-1297
-1240
-1109
-936
-737
-519
-279
-13
277
581
871
1113
1269
1308
1217
1006
704
359
24
-253
-445
-543
-565
-545
-519
-518
-551
-602
-634
-594
-436
-129
320
868
1433
1910
2194
2199
1887
1274
434
-511
-1420
-2156
-2615
-2748
-2571
-2158
-1620
-1081
-646
-376
-276
-295
-340
-307
-105
310
928
1672
2420
3026
3356
3321
2895
2128
1134
70
-895
-1621
-2017
-2064
-1810
-1360
-845
-393
-98
-4
-99
-322
-583
-793
-881
-819
-619
-334
-33
214
362
397
345
260
205
233
365
585
835
1034
1097
961
606
67
-568
-1178
-1632
-1825
-1702
-1274
-625
110
779
1238
1395
1232
809
254
-268
-597
-618
-288
342
1141
1921
2481
2656
2354
1583
454
-843
-2077
-3021
-3509
-3466
-2922
-2011
-930
94
869
1263
1241
864
269
-364
-862
-1094
-1002
-615
-33
599
1133
1447
1485
1263
864
416
53
-114
-36
269
719
1182
1517
1607
1390
875
144
-665
-1398
-1910
-2107
-1962
-1525
-908
-256
286
610
667
476
121
-276
-589
-715
-607
-285
168
631
965
1058
850
351
-356
-1134
-1817
-2250
-2320
-1983
-1276
-309
756
1741
2484
2871
2858
2475
1821
1034
267
-342
-703
-779
-594
-225
221
631
905
976
820
459
-48
-620
-1168
-1609
-1886
-1967
-1854
-1579
-1195
-769
-371
-61
115
139
16
-219
-512
-791
-983
-1021
-859
-482
87
795
1553
2261
2815
3132
3161
2894
2368
1659
870
108
-528
-976
-1206
-1233
-1106
-897
-680
-519
-453
-489
-607
-769
-928
-1048
-1108
-1110
-1078
-1042
-1034
-1068
-1137
-1205
-1217
-1108
-825
-340
334
1144
1991
2757
3318
3571
3457
2974
2178
1179
115
-864
-1634
-2106
-2247
-2080
-1674
-1128
-546
-22
383
642
764
778
727
646
556
456
326
137
-133
-494
-927
-1384
-1798
-2088
-2182
-2032
-1627
-997
-218
608
1366
1949
2277
2313
2068
1595
985
340
-234
-660
-884
-897
-722
-412
-34
338
646
847
918
860
694
447
157
-142
-423
-662
-844
-963
-1017
-1010
-949
-846
-713
-565
-415
-273
-144
-30
75
181
297
429
579
737
886
1003
1059
1033
911
692
393
46
-307
-621
-855
-977
-976
-858
-648
-385
-109
138
326
438
470
434
345
226
92
-41
-170
-292
-403
-498
-568
-594
-557
-439
-230
63
418
790
1123
1355
1431
1314
999
513
-80
-693
-1227
-1588
-1706
-1551
-1138
-532
166
832
1345
1604
1552
1185
556
-230
-1042
-1738
-2190
-2313
-2074
-1503
-684
256
1176
1936
2430
2596
2430
1981
1340
621
-61
-613
-977
-1138
-1125
-995
-823
-679
-608
-627
-714
-819
-874
-814
-593
-200
334
941
1521
1968
2186
2113
1733
1085
254
-636
-1457
-2086
-2435
-2465
-2191
-1676
-1020
-332
281
744
1017
1104
1045
902
743
625
584
624
724
842
931
949
871
696
443
147
-149
-411
-616
-759
-851
-915
-975
-1048
-1138
-1230
-1298
-1308
-1230
-1045
-757
-387
22
426
778
1046
1221
1312
1347
1361
1382
1421
1465
1479
1411
1209
835
285
-405
-1158
-1866
-2408
-2677
-2605
-2179
-1454
-540
410
1235
1793
1994
1815
1312
601
-163
-823
-1248
-1370
-1189
-777
-257
226
544
614
422
22
-468
-902
-1139
-1075
-678
6
861
1717
2393
2739
2663
2163
1323
299
-711
-1519
-1974
-2005
-1634
-969
-181
531
992
1082
766
103
-769
-1661
-2375
-2745
-2673
-2151
-1259
-150
981
1943
2580
2804
2610
2068
1312
501
-211
-708
-931
-887
-642
-299
27
240
278
133
-153
-500
-808
-983
-958
-709
-258
325
946
1498
1885
2039
1935
1587
1049
398
-278
-901
-1410
-1772
-1982
-2056
-2026
-1924
-1776
-1598
-1386
-1132
-817
-432
24
534
1061
1556
1963
2229
2316
2208
1920
1490
980
464
11
-317
-489
-498
-367
-145
107
326
461
479
374
164
-112
-408
-676
-882
-1008
-1059
-1056
-1030
-1014
-1029
-1080
-1152
-1211
-1218
-1131
-924
-595
-168
306
763
1130
1349
1388
1253
986
660
368
198
216
451
881
1438
2014
2486
2735
2672
2258
1515
522
-592
-1679
-2588
-3197
-3435
-3291
-2815
-2110
-1307
-546
52
407
487
315
-39
-481
-899
-1195
-1295
-1167
-816
-288
344
996
1579
2023
2281
2334
2195
1903
1514
1092
697
379
166
64
56
105
161
175
103
-80
-376
-759
-1178
-1568
-1859
-1987
-1913
-1630
-1167
-586
27
577
977
1166
1121
859
443
-41
-495
-828
-975
-912
-658
-268
174
579
870
998
949
750
460
152
-98
-237
-235
-99
134
411
666
845
915
864
709
481
223
-28
-247
-425
-564
-675
-770
-850
-905
-912
-845
-679
-408
-48
354
734
1012
1116
998
651
112
-534
-1176
-1692
-1976
-1965
-1652
-1091
-386
327
918
1282
1368
1193
835
418
78
-64
58
448
1030
1676
2222
2514
2440
1959
1116
38
-1095
-2085
-2753
-2985
-2752
-2118
-1227
-272
546
1063
1183
899
293
-484
-1249
-1822
-2069
-1929
-1423
-649
242
1085
1728
2073
2084
1798
1307
734
204
-187
-387
-399
-271
-77
98
197
190
93
-42
-146
-151
-11
273
659
1060
1367
1473
1299
817
63
-866
-1830
-2664
-3214
-3371
-3088
-2397
-1400
-255
853
1751
2303
2438
2161
1553
753
-68
-745
-1139
-1170
-830
-181
654
1520
2249
2697
2767
2423
1702
700
-439
-1552
-2478
-3091
-3312
-3128
-2585
-1785
-861
39
785
1277
1465
1356
1004
506
-25
-475
-751
-797
-600
-193
354
951
1501
1916
2135
2128
1901
1489
949
348
-248
-785
-1223
-1543
-1740
-1821
-1804
-1705
-1543
-1332
-1086
-818
-541
-268
-12
213
400
544
646
712
751
771
780
778
764
731
675
593
492
384
289
229
222
277
385
524
654
728
701
540
234
-197
-709
-1232
-1686
-1999
-2114
-2011
-1704
-1246
-712
-189
243
533
660
644
534
399
307
308
421
627
873
1088
1195
1135
884
460
-74
-629
-1099
-1389
-1438
-1230
-799
-227
377
903
1256
1383
1278
988
598
208
-84
-214
-159
53
354
647
830
825
590
132
-491
-1188
-1844
-2354
-2635
-2647
-2394
-1923
-1310
-646
-13
526
938
1220
1388
1471
1499
1489
1444
1351
1194
958
642
268
-120
-464
-698
-765
-634
-306
174
734
1276
1696
1910
1864
1548
999
292
-473
-1196
-1786
-2188
-2384
-2396
-2274
-2086
-1892
-1736
-1631
-1558
-1470
-1310
-1019
-563
60
819
1642
2435
3096
3537
3698
3559
3144
2517
1766
987
266
-336
-792
-1110
-1322
-1477
-1617
-1770
-1936
-2086
-2168
-2122
-1894
-1456
-816
-25
824
1620
2243
2590
2601
2268
1642
822
-56
-854
-1448
-1760
-1767
-1508
-1075
-588
-171
75
98
-97
-447
-842
-1155
-1266
-1093
-616
120
1011
1908
2649
3094
3149
2790
2065
1091
23
-968
-1735
-2175
-2248
-1983
-1466
-814
-157
394
771
947
943
813
625
437
287
182
98
-7
-179
-448
-814
-1242
-1667
-2006
-2177
-2118
-1807
-1269
-571
186
891
1446
1782
1879
1765
1505
1188
901
708
637
674
769
850
847
714
440
57
-362
-730
-957
-981
-785
-405
71
530
845
915
684
162
-577
-1409
-2180
-2737
-2964
-2804
-2269
-1443
-461
516
1334
1873
2071
1933
1526
961
371
-115
-403
-441
-233
171
685
1208
1638
1895
1928
1725
1304
714
23
-692
-1357
-1902
-2271
-2428
-2356
-2061
-1573
-946
-248
439
1037
1476
1709
1718
1518
1157
704
235
-176
-480
-654
-706
-671
-598
-534
-513
-544
-606
-660
-654
-545
-316
19
407
768
1012
1060
870
453
-124
-746
-1269
-1551
-1491
-1047
-261
750
1812
2725
3303
3421
3037
2207
1075
-155
-1263
-2055
-2409
-2297
-1793
-1053
-281
317
581
431
-114
-942
-1870
-2687
-3197
-3266
-2846
-1987
-823
456
1647
2571
3110
3224
2956
2409
1727
1052
502
145
-4
15
139
289
400
436
392
290
167
59
-15
-63
-112
-206
-389
-685
-1089
-1555
-2011
-2362
-2519
-2416
-2032
-1396
-589
273
1061
1659
1986
2015
1774
1344
832
355
9
-149
-111
82
360
628
803
827
679
382
-3
-400
-724
-906
-907
-728
-401
9
426
768
968
984
800
431
-78
-665
-1252
-1757
-2102
-2223
-2078
-1655
-979
-113
844
1767
2519
2973
3034
2660
1878
784
-460
-1657
-2602
-3121
-3104
-2536
-1500
-171
1214
2400
3161
3342
2899
1903
533
-954
-2280
-3193
0
0
0
0
0
0
0
0
0
0
0
0
0
0
0
0
0
0
0
0
0
0
0
0
0
0
0
0
0
0
0
0
0
0
0
0
0
0
0
0
0
0
0
0
0
0
0
0
0
0
0
0
0
0
0
0
0
0
0
0
0
0
0
0
0
0
0
