0
4278
8485
12550
16402
19973
23203
26035
28419
30314
31684
32507
32766
32456
31581
30156
28203
25758
22860
19561
15917
11991
7852
3573
-771
-5106
-9352
-13436
-17284
-20829
-24006
-26759
-29038
-30801
-32015
-32660
-32720
-32196
-31094
-29434
-27244
-24563
-21439
-17925
-14087
-9991
-5712
-1327
3083
7441
11667
15683
19415
22796
25762
28259
30239
31667
32514
32764
32412
31462
29931
27847
25247
22178
18696
14865
10755
6443
2009
-2465
-6896
-11201
-15299
-19113
-22570
-25606
-28162
-30190
-31650
-32514
-32764
-32394
-31411
-29832
-27686
-25012
-21861
-18292
-14372
-10175
-5781
-1274
3259
7733
12062
16161
19951
23359
26318
28771
30668
31973
32659
32711
32127
30919
29107
26727
23823
20452
16679
12577
8226
3711
-879
-5455
-9926
-14204
-18204
-21846
-25058
-27775
-29942
-31516
-32464
-32766
-32415
-31417
-29790
-27567
-24790
-21514
-17805
-13736
-9388
-4849
-209
4437
8997
13377
17489
21248
24578
27411
29687
31359
32393
32765
32468
31507
29899
27676
24884
21579
17828
13707
9301
4700
0
-4703
-9311
-13729
-17864
-21629
-24947
-27746
-29968
-31566
-32503
-32761
-32332
-31225
-29460
-27076
-24119
-20653
-16748
-12488
-7961
-3263
1506
6246
10856
15238
19298
22949
26112
28719
30713
32051
32702
32651
31900
30461
28366
25658
22395
18646
14492
10022
5332
524
-4298
-9029
-13567
-17811
-21669
-25055
-27896
-30127
-31699
-32577
-32739
-32182
-30916
-28967
-26379
-23206
-19519
-15397
-10932
-6222
-1372
3511
8320
12945
17284
21240
24723
27655
29968
31611
32545
32748
32214
30954
28995
26381
23169
19431
15252
10724
5950
1038
-3899
-8751
-13405
-17757
-21705
-25159
-28038
-30277
-31822
-32637
-32702
-32014
-30588
-28456
-25665
-22280
-18377
-14047
-9388
-4509
477
5455
10308
14924
19194
23018
26305
28979
30974
32243
32756
32498
31476
29711
27244
24133
20449
16280
11722
6884
1880
-3170
-8148
-12935
-17416
-21484
-25041
-28000
-30291
-31856
-32659
-32677
-31909
-30373
-28105
-25157
-21600
-17520
-13013
-8189
-3163
1941
7001
11893
16499
20705
24407
27516
29953
31659
32589
32721
32049
30590
28377
25463
21921
17836
13307
8448
3377
-1780
-6896
-11843
-16499
-20746
-24479
-27603
-30040
-31727
-32621
-32699
-31957
-30413
-28105
-25088
-21439
-17247
-12618
-7668
-2522
2689
7836
12787
17416
21605
25247
28248
30530
32035
32723
32574
31592
29801
27244
23987
20112
15718
10917
5832
595
-4660
-9798
-14685
-19194
-23208
-26622
-29345
-31307
-32455
-32757
-32206
-30813
-28614
-25665
-22043
-17841
-13169
-8148
-2911
2405
7661
12717
17440
21705
25397
28419
30689
32146
32750
32483
31352
29385
26633
23169
19084
14487
9500
4255
-1105
-6439
-11603
-16457
-20870
-24723
-27911
-30346
-31961
-32712
-32578
-31559
-29684
-27001
-23582
-19519
-14922
-9916
-4636
771
6162
11386
16301
20770
24671
27896
30354
31977
32719
32558
31498
29565
26813
23317
19172
14492
9407
4058
-1405
-6833
-12073
-16978
-21411
-25247
-28377
-30713
-32188
-32760
-32410
-31148
-29007
-26047
-22351
-18021
-13179
-7961
-2516
3003
8440
13640
18454
22745
26389
29282
31340
32503
32737
32033
30409
27913
24613
20604
16000
10932
5547
0
-5550
-10942
-16021
-20637
-24657
-27963
-30458
-32068
-32745
-32468
-31244
-29107
-26118
-22364
-17952
-13013
-7689
-2137
3479
8997
14252
19090
23367
26955
29748
31662
32640
32650
31691
29790
27003
23411
19119
14256
8965
3403
-2262
-7862
-13230
-18204
-22633
-26385
-29345
-31423
-32556
-32707
-31871
-30072
-27362
-23823
-19561
-14703
-9397
-3803
1908
7565
12994
18030
22517
26318
29316
31419
32559
32702
31841
30001
27238
23635
19302
14372
8996
3339
-2422
-8112
-13553
-18577
-23026
-26761
-29667
-31650
-32648
-32629
-31591
-29565
-26615
-22829
-18327
-13249
-7752
-2009
3799
9491
14886
19815
24120
27666
30338
32052
32751
32412
31044
28690
25423
21345
16586
11295
5642
-193
-6025
-11667
-16938
-21669
-25706
-28920
-31206
-32489
-32726
-31909
-30063
-27244
-23544
-19081
-13998
-8460
-2644
3259
9060
14569
19606
24006
27626
30346
32075
32756
32366
30916
28451
25051
20827
15917
10480
4696
-1244
-7147
-12817
-18065
-22719
-26622
-29644
-31684
-32674
-32578
-31398
-29173
-25975
-21909
-17110
-11737
-5969
0
5972
11747
17130
21941
26016
29217
31436
32596
32657
31615
29504
26395
22390
17625
12260
6476
470
-5554
-11392
-16845
-21726
-25867
-29127
-31393
-32585
-32662
-31619
-29491
-26349
-22301
-17483
-12062
-6222
-166
5898
11762
17222
22088
26191
29387
31566
32648
32597
31411
29131
25835
21636
16679
11138
5205
-912
-7001
-12847
-18244
-23003
-26955
-29960
-31912
-32739
-32412
-30940
-28374
-24803
-20353
-15179
-9465
-3413
2763
8843
14612
19863
24407
28083
30758
32334
32755
32003
30103
27124
23169
18381
12929
7010
836
-5370
-11386
-16993
-21989
-26191
-29446
-31636
-32680
-32538
-31214
-28754
-25247
-20819
-15630
-9868
-3744
2518
8692
14551
19879
24480
28184
30855
32393
32739
31880
29845
26709
22585
17625
12011
5950
-333
-6607
-12639
-18204
-23094
-27128
-30152
-32055
-32763
-32248
-30528
-27666
-23767
-18976
-13473
-7461
-1167
5173
11322
17047
22132
26385
29644
31785
32724
32427
30901
28203
24435
19738
14288
8294
1981
-4409
-10635
-16457
-21654
-26025
-29402
-31656
-32697
-32485
-31027
-28377
-24634
-19943
-14481
-8460
-2109
4324
10594
16457
21686
26077
29459
31699
32710
32451
30929
28203
24378
19601
14056
7961
1552
-4919
-11201
-17047
-22227
-26537
-29806
-31906
-32751
-32307
-30590
-27666
-23648
-18696
-13002
-6791
-309
6187
12441
18204
23246
27366
30398
32222
32762
31995
29951
26709
22398
17189
11289
4935
-1619
-8112
-14281
-19879
-24678
-28486
-31147
-32552
-32643
-31416
-28917
-25247
-20553
-15023
-8882
-2378
4225
10659
16662
21989
26421
29777
31918
32756
32254
30432
27362
23169
18024
12137
5748
-879
-7473
-13762
-19485
-24407
-28323
-31070
-32533
-32650
-31414
-28875
-25136
-20353
-14721
-8475
-1874
4807
11292
17307
22602
26955
30182
32146
32765
32010
29911
26556
22083
16679
10571
4016
-2711
-9326
-15551
-21121
-25799
-29387
-31732
-32732
-32344
-30582
-27520
-23286
-18060
-12062
-5547
1206
7911
14280
20041
24947
28786
31393
32653
32513
30975
28105
24024
18906
12972
6476
-301
-7069
-13534
-19415
-24458
-28443
-31196
-32596
-32580
-31148
-28360
-24336
-19250
-13322
-6811
0
6813
13332
19269
24364
28393
31178
32594
32578
31129
28309
24241
19103
13120
6555
-301
-7147
-13680
-19609
-24671
-28641
-31340
-32648
-32505
-30916
-27948
-23735
-18460
-12360
-5706
1206
8067
14569
20421
25359
29162
31656
32728
32328
30473
27244
22786
17298
11027
4255
-2711
-9557
-15974
-21669
-26383
-29901
-32062
-32766
-31979
-29736
-26137
-21345
-15577
-9095
-2195
4807
11593
17850
23291
27666
30771
32464
32665
31362
28614
24546
19345
13249
6538
-477
-7473
-14125
-20126
-25196
-29098
-31650
-32732
-32292
-30349
-26991
-22374
-16712
-10266
-3339
3746
10659
17076
22694
27251
30530
32377
32702
31489
28793
24740
19519
13375
6597
-494
-7565
-14281
-20323
-25404
-29282
-31772
-32753
-32178
-30072
-26533
-21729
-15887
-9285
-2238
4919
11843
18204
23695
28052
31066
32589
32548
30942
27847
23411
17845
11416
4435
-2763
-9830
-16425
-22227
-26955
-30378
-32330
-32713
-31507
-28769
-24631
-19293
-13013
-6096
1120
8285
15047
21076
26077
29802
32068
32763
31850
29372
25451
20276
14101
7230
0
-7232
-14111
-20295
-25478
-29402
-31872
-32764
-32033
-29711
-25913
-20827
-14703
-7845
-595
6688
13640
19914
25196
29220
31785
32759
32093
29819
26047
20967
14832
7950
664
-6656
-13645
-19948
-25247
-29273
-31822
-32763
-32046
-29706
-25861
-20703
-14492
-7543
-209
7138
14125
20396
25629
29557
31977
32766
31880
29363
25342
20022
13674
6622
-771
-8129
-15071
-21240
-26318
-30042
-32219
-32734
-31559
-28754
-24461
-18901
-12360
-5177
2276
9615
16457
22447
27271
30678
32489
32608
31026
27825
23169
17302
10527
3199
-4298
-11573
-18244
-23960
-28419
-31387
-32705
-32302
-30198
-26501
-21406
-15179
-8148
-684
6817
13962
20369
25700
29668
32064
32757
31710
28975
24698
19103
12488
5205
-2358
-9798
-16717
-22745
-27557
-30894
-32577
-32513
-30703
-27244
-22319
-16192
-9191
-1693
5898
13175
19743
25247
29388
31941
32765
31816
29141
24884
19276
12618
5272
-2362
-9871
-16845
-22903
-27714
-31014
-32621
-32445
-30495
-26875
-21781
-15492
-8351
-749
6896
14165
20658
26016
29942
32220
32721
31417
28377
23767
17841
10926
3403
-4310
-11787
-18613
-24407
-28847
-31684
-32759
-32010
-29476
-25298
-19707
-13013
-5590
2148
9769
16845
22980
27828
31116
32659
32366
30254
26438
21133
14635
7310
-430
-8148
-15409
-21801
-26962
-30598
-32502
-32563
-30778
-27244
-22162
-15818
-8572
-836
6950
14343
20920
26305
30190
32350
32661
31103
27762
22829
16586
9388
1649
-6187
-13670
-20369
-25898
-29936
-32249
-32702
-31267
-28024
-23161
-16955
-9766
-2009
5867
13405
20168
25762
29860
32222
32709
31291
28049
23169
16936
9711
1916
-5992
-13553
-20323
-25904
-29968
-32275
-32687
-31179
-27837
-22855
-16527
-9222
-1372
6562
14111
20829
26318
30252
32397
32623
30916
27374
22206
15718
8294
373
-7571
-15067
-21669
-26980
-30683
-32556
-32483
-30469
-26631
-21197
-14492
-6916
1077
9009
16402
22811
27851
31216
32702
32218
29790
25564
19793
12824
5078
-2978
-10856
-18080
-24210
-28873
-31785
-32766
-31757
-28816
-24119
-17952
-10689
-2772
5316
13083
20053
25799
29968
32304
32662
31017
27469
22233
15630
8064
0
-8067
-15639
-22251
-27492
-31038
-32669
-32282
-29899
-25665
-19840
-12785
-4935
3223
11185
18454
24578
29176
31960
32754
31507
28295
23317
16881
9388
1306
-6859
-14599
-21426
-26913
-30713
-32587
-32415
-30206
-26096
-20343
-13307
-5431
2789
10837
18204
24423
29100
31937
32755
31498
28244
23199
16679
9099
938
-7285
-15047
-21854
-27271
-30951
-32659
-32282
-29844
-25497
-19519
-12290
-4271
4023
12062
19330
25359
29762
32252
32670
30984
27303
21861
15008
7184
-1105
-9326
-16947
-23474
-28484
-31650
-32766
-31757
-28687
-23753
-17274
-9670
-1435
6896
14781
21705
27215
30951
32666
32248
29720
25247
19119
11737
3583
-4807
-12886
-20121
-26035
-30239
-32455
-32534
-30469
-26395
-20578
-13400
-5336
3083
11302
18775
25007
29584
32200
32681
30992
27244
21684
14679
6695
-1736
-10055
-17706
-24178
-29038
-31959
-32744
-31340
-27837
-22468
-15592
-7668
771
9163
16942
23583
28641
31772
32764
31548
28203
22955
16155
8261
-193
-8637
-16499
-23246
-28419
-31667
-32766
-31641
-28366
-23161
-16378
-8479
0
8482
16388
23178
28387
31659
32766
31633
28334
23092
16267
8323
-193
-8699
-16610
-23382
-28547
-31748
-32764
-31521
-28105
-22748
-15818
-7793
771
9287
17161
23850
28887
31923
32744
31292
27666
22114
15023
6884
-1736
-10238
-18030
-24565
-29387
-32158
-32681
-30919
-26991
-21173
-13868
-5590
3083
11543
19194
25499
30012
32414
32534
30361
26047
19895
12336
3903
-4807
-13181
-20625
-26610
-30711
-32637
-32248
-29569
-24790
-18247
-10405
-1820
6896
15124
22277
27843
31423
32760
31757
28483
23169
16196
8060
-655
-9326
-17331
-24094
-29127
-32068
-32703
-30984
-27033
-21133
-13707
-5289
3511
12062
19743
25999
30374
32552
32371
29844
25150
18630
10754
2094
-6719
-15047
-22282
-27896
-31478
-32765
-31661
-28244
-22763
-15616
-7324
1506
10228
18204
24847
29668
32313
32585
30461
26096
19809
12062
3423
-5469
-13962
-21426
-27310
-31178
-32740
-31881
-28661
-23317
-16242
-7961
912
9721
17811
24578
29519
32265
32608
30520
26157
19840
12041
3339
-5613
-14150
-21629
-27492
-31296
-32755
-31758
-28377
-22863
-15630
-7219
1736
10564
18599
25234
29968
32443
32468
30041
25342
18725
10689
1842
-7147
-15598
-22868
-28404
-31785
-32751
-31227
-27327
-21345
-13736
-5078
3969
12717
20496
26712
30887
32702
32014
28875
23522
16364
7950
-1077
-10024
-18204
-24986
-29848
-32414
-32483
-30050
-25298
-18593
-10451
-1499
7571
16058
23305
28750
31969
32711
30916
26720
20449
12587
3744
-5391
-14111
-21734
-27666
-31442
-32766
-31533
-27837
-21964
-14372
-5653
3510
12401
20323
26654
30894
32710
31957
28692
23169
15822
7226
-1941
-10958
-19113
-25762
-30378
-32596
-32237
-29328
-24096
-16955
-8469
691
9799
18132
25028
29936
32465
32412
29778
24772
17791
9388
234
-8940
-17404
-24479
-29598
-32350
-32513
-30072
-25219
-18342
-9991
-836
8388
16942
24135
29387
32275
32563
30226
25451
18620
10283
1113
-8148
-16754
-24006
-29316
-32252
-32574
-30254
-25477
-18630
-10266
-1066
8222
16845
24098
29390
32286
32549
30156
25298
18372
9941
695
-8610
-17213
-24407
-29603
-32371
-32482
-29925
-24908
-17841
-9305
0
9307
17850
24924
29942
32491
32356
29546
24293
17028
8351
-1019
-10308
-18745
-25629
-30386
-32621
-32145
-28995
-23432
-15917
-7073
2362
11603
19879
26497
30903
32728
31816
28241
22301
14491
5464
-4023
-13175
-21224
-27492
-31451
-32766
-31324
-27244
-20868
-12732
-3519
5992
15001
22745
28568
31977
32682
30619
25962
19103
10622
1238
-8253
-17047
-24394
-29668
-32420
-32412
-29643
-24347
-16973
-8148
1373
10781
19269
26112
30723
32705
31886
28334
22351
14449
5304
-4298
-13534
-21608
-27826
-31650
-32749
-31026
-26627
-19930
-11510
-2094
7504
16457
23989
29446
32355
32460
29752
24461
17046
8148
-1459
-10942
-19477
-26318
-30870
-32732
-31742
-27983
-21780
-13674
-4371
5316
14541
22496
28484
31977
32669
30495
25645
18541
9807
209
-9410
-18204
-25397
-30356
-32640
-32046
-28625
-22675
-14721
-5464
4278
13645
21806
28038
31787
32719
30748
26047
19032
10324
695
-8997
-17892
-25196
-30256
-32621
-32077
-28669
-22701
-14703
-5389
4409
13816
21989
28193
31872
32694
30582
25725
18555
9715
0
-9718
-18563
-25739
-30598
-32699
-31850
-28126
-21861
-13619
-4144
5708
15047
23026
28920
32194
32549
29951
24631
17073
7961
-1876
-11547
-20168
-26955
-31287
-32766
-31257
-26894
-20073
-11416
-1713
8148
17267
24807
30076
32589
32113
28690
22632
14492
5018
-4919
-14407
-22570
-28657
-32104
-32591
-30072
-24775
-17189
-8012
1907
11653
20323
27113
31393
32763
31094
26539
19519
10683
852
-9060
-18132
-25519
-30530
-32697
-31816
-27965
-21503
-13031
-3339
6667
16052
23938
29584
32459
32292
29097
23169
15065
5543
-4501
-14125
-22423
-28612
-32108
-32578
-29977
-24546
-16798
-7461
2582
12385
21019
27666
31694
32721
30647
25665
18247
9095
-923
-10856
-19760
-26786
-31264
-32766
-31146
-26556
-19431
-10451
-470
9557
18675
26008
30855
32749
31507
27244
20368
11537
1595
-8501
-17784
-25359
-30497
-32702
-31758
-27754
-21074
-12360
-2451
7696
17103
24860
30215
32648
31922
28105
21563
12929
3039
-7147
-16643
-24525
-30025
-32607
-32016
-28309
-21844
-13249
-3359
6859
16412
24364
29939
32588
32050
28377
21924
13322
3413
-6833
-16412
-24382
-29960
-32596
-32028
-28309
-21804
-13150
-3199
7069
16643
24578
30089
32630
31946
28105
21482
12732
2719
-7565
-17103
-24947
-30318
-32680
-31797
-27754
-20951
-12062
-1970
8320
17784
25478
30633
32732
31565
27244
20200
11134
952
-9326
-18675
-26154
-31014
-32765
-31228
-26556
-19215
-9941
333
10578
19760
26955
31436
32749
30759
25665
17979
8475
-1887
-12062
-21019
-27851
-31864
-32650
-30126
-24546
-16475
-6728
3703
13762
22423
28806
32258
32427
29291
23169
14683
4696
-5772
-15653
-23938
-29777
-32571
-32033
-28214
-21503
-12587
-2378
8077
17706
25519
30711
32748
31416
26850
19519
10175
-219
-10594
-19879
-27113
-31549
-32726
-30520
-25157
-17189
-7439
3083
13289
22119
28657
32222
32441
29289
23092
14492
4381
-6187
-16114
-24364
-30076
-32652
-31820
-27666
-20619
-11416
-1017
9491
19008
26537
31287
32757
30792
25595
17709
7961
-2625
-12939
-21894
-28547
-32194
-32451
-29286
-23032
-14346
-4144
6498
16457
24678
30291
32699
31644
27238
19943
10531
0
-10533
-19951
-27251
-31656
-32694
-30254
-24592
-16309
-6286
4409
14637
23305
29487
32519
32077
28203
21312
12137
1660
-8997
-18692
-26385
-31248
-32757
-30748
-25434
-17383
-7461
3266
13645
22556
29038
32390
32248
28625
21909
12824
2351
-8378
-18204
-26061
-31098
-32765
-30880
-25645
-17625
-7689
3083
13524
22496
29023
32393
32235
28565
21780
12618
2077
-8692
-18516
-26318
-31245
-32755
-30681
-25247
-17046
-6975
3863
14280
23132
29446
32527
32033
28015
20915
11510
836
-9932
-19609
-27125
-31650
-32682
-30103
-24198
-15616
-5304
5596
15880
24407
30232
32705
31550
26894
19250
9465
-1373
-12062
-21411
-28379
-32188
-32412
-29022
-22395
-13267
-2656
8253
18244
26197
31222
32754
30619
25054
16679
6433
-4537
-15001
-23783
-29895
-32648
-31731
-27244
-19690
-9916
976
11762
21224
28293
32170
32415
28997
22301
13080
2378
-8595
-18599
-26497
-31393
-32729
-30352
-24528
-15917
-5494
5554
15974
24578
30386
32734
31352
26395
18425
8351
-2679
-13405
-22602
-29217
-32491
-32046
-27932
-20616
-10936
0
10939
20625
27944
32055
32482
29173
22507
13249
2462
-8610
-18692
-26622
-31481
-32707
-30156
-24119
-15293
-4696
6446
16845
25296
30817
32766
30916
25477
17079
6695
-4468
-15115
-24006
-30106
-32702
-31489
-26606
-18620
-8460
2689
13528
22788
29387
32552
31909
27532
19930
9991
-1120
-12103
-21669
-28693
-32350
-32208
-28280
-21025
-11295
-234
10856
20671
28052
32127
32412
28871
21921
12379
1372
-9799
-19815
-27487
-31906
-32545
-29328
-22632
-13249
-2291
8940
19113
27016
31708
32629
29666
23169
13911
2992
-8285
-18577
-26654
-31549
-32677
-29899
-23544
-14372
-3477
7836
18214
26411
31442
32702
30037
23764
14635
3744
-7598
-18030
-26293
-31393
-32711
-30086
-23833
-14703
-3796
7571
18026
26305
31405
32707
30050
23753
14577
3632
-7754
-18204
-26446
-31479
-32688
-29925
-23522
-14256
-3253
8148
18560
26712
31608
32650
29706
23135
13736
2656
-8751
-19090
-27095
-31785
-32581
-29385
-22585
-13013
-1842
9557
19786
27585
31994
32468
28947
21861
12081
809
-10564
-20637
-28166
-32219
-32293
-28377
-20951
-10932
440
11762
21629
28819
32437
32033
27653
19840
9561
-1907
-13142
-22745
-29519
-32621
-31661
-26755
-18514
-7961
3586
14689
23960
30239
32740
31148
25658
16955
6128
-5469
-16384
-25247
-30944
-32759
-30461
-24336
-15151
-4058
7546
18204
26572
31595
32638
29565
22763
13087
1756
-9798
-20118
-27896
-32148
-32332
-28424
-20915
-10754
771
12203
22088
29171
32552
31797
27001
18769
8148
-3511
-14727
-24069
-30346
-32754
-30984
-25260
-16309
-5272
6439
17331
26008
31359
32696
29845
23169
13521
2137
-9523
-19964
-27843
-32146
-32318
-28334
-20703
-10405
1234
12717
22564
29503
32637
31559
26407
17841
6968
-4807
-15965
-25058
-30909
-32757
-30361
-24028
-14577
-3233
8533
19194
27364
31977
32433
28669
21173
10917
-762
-12345
-22321
-29387
-32619
-31592
-26438
-17828
-6884
4961
16161
25247
31028
32744
30168
23635
13998
2522
-9287
-19879
-27860
-32179
-32265
-28105
-20242
-9711
2101
13640
23382
30040
32733
31103
25362
16267
5018
-6896
-17901
-26537
-31659
-32585
-29190
-21921
-11741
0
11743
21929
29201
32589
31641
26480
17791
6728
-5233
-16499
-25566
-31222
-32709
-29826
-22955
-13013
-1327
10537
20994
28641
32450
31909
27088
18630
7668
-4324
-15739
-25041
-30976
-32744
-30105
-23411
-13561
-1880
10055
20637
28436
32397
31982
27244
18822
7852
-4182
-15653
-25007
-30974
-32743
-30072
-23319
-13400
-1660
10308
20879
28612
32455
31881
26966
18377
7282
-4807
-16245
-25468
-31216
-32702
-29720
-22675
-12528
-664
11292
21705
29147
32596
31576
26225
17274
5950
-6193
-17489
-26383
-31650
-32564
-28995
-21433
-10917
1105
12978
23064
29968
32737
30984
24950
15465
3839
-8320
-19330
-27666
-32170
-32217
-27796
-19519
-8531
3643
15314
24860
30951
32739
29972
23032
12884
938
-11141
-21669
-29176
-32613
-31498
-25982
-16835
-5332
6918
18204
26944
31912
32410
28366
20343
9465
-2743
-14569
-24351
-30713
-32759
-30198
-23387
-13283
-1306
10856
21492
29100
32604
31507
25962
16748
5166
-7147
-18454
-27152
-32008
-32332
-28076
-19840
-8789
3510
15314
24947
31038
32720
29752
22551
12140
0
-12143
-22559
-29762
-32723
-31017
-24884
-15198
-3339
8998
20053
28242
32393
31908
26854
17952
6476
-5930
-17489
-26541
-31785
-32465
-28481
-20402
-9388
2978
14918
24714
30951
32730
29790
22554
12062
-172
-12385
-22811
-29942
-32746
-30813
-24421
-14492
-2462
9926
20879
28806
32556
31581
26021
16679
4912
-7571
-18956
-27585
-32200
-32127
-27374
-18630
-7167
5342
17076
26318
31719
32485
28504
20353
9222
-3259
-15267
-25041
-31147
-32687
-29434
-21861
-11077
1334
13553
23783
30517
32764
30189
23169
12736
423
-11953
-22570
-29860
-32743
-30792
-24293
-14202
-2009
10483
21426
29201
32652
31267
25247
15482
3419
-9153
-20369
-28563
-32514
-31633
-26047
-16586
-4654
7973
19415
27967
32350
31910
26709
17520
5712
-6950
-18577
-27428
-32179
-32116
-27244
-18292
-6597
6088
17864
26962
32015
32263
27666
18910
7310
-5391
-17284
-26579
-31872
-32366
-27983
-19380
-7852
4862
16845
26287
31760
32433
28203
19707
8226
-4501
-16550
-26094
-31684
-32472
-28334
-19895
-8434
4310
16402
26003
31651
32486
28377
19946
8475
-4288
-16402
-26016
-31662
-32478
-28334
-19861
-8351
4437
16550
26133
31717
32445
28203
19638
8060
-4756
-16845
-26351
-31812
-32386
-27983
-19276
-7602
5243
17284
26666
31941
32293
27666
18769
6975
-5898
-17864
-27071
-32095
-32157
-27244
-18113
-6176
6719
18577
27557
32265
31968
26709
17302
5205
-7702
-19415
-28111
-32434
-31710
-26047
-16326
-4058
8843
20369
28719
32588
31368
25247
15179
2736
-10137
-21426
-29364
-32705
-30922
-24293
-13853
-1238
11573
22570
30025
32764
30353
23169
12339
-434
-13142
-23783
-30678
-32739
-29638
-21861
-10632
2276
14829
25041
31296
32604
28754
20353
8727
-4282
-16616
-26318
-31849
-32328
-27676
-18630
-6622
6439
18480
27585
32302
31880
26381
16679
4318
-8734
-20396
-28806
-32620
-31227
-24845
-14492
-1820
11144
22329
29942
32763
30335
23047
12062
-859
-13645
-24243
-30951
-32688
-29173
-20967
-9388
3703
16202
26094
31785
32354
27709
18593
6476
-6688
-18775
-27832
-32393
-31718
-25913
-15915
-3339
9779
21317
29402
32723
30737
23764
12933
0
-12935
-23772
-30745
-32720
-29372
-21243
-9654
3510
16105
26077
31798
32332
27590
18342
6096
-7147
-19226
-28162
-32493
-31507
-25362
-15061
-2291
10856
22227
29953
32765
30198
22670
11416
-1716
-14569
-25028
-31370
-32548
-28366
-19509
-7435
5867
18204
27539
32330
31782
25982
15887
3163
-10086
-21669
-29667
-32753
-30413
-23032
-11831
1334
14281
24860
31312
32563
28403
19519
7387
-5976
-18347
-27666
-32377
-31693
-25725
-15465
-2622
10659
22164
29968
32766
30086
22374
10917
-2369
-15261
-25599
-31650
-32396
-27709
-18372
-5950
7473
19643
28516
32596
31195
24546
13765
664
-12550
-23653
-30771
-32702
-29116
-20616
-8634
4807
17440
27128
32230
31881
26137
15968
3092
-10308
-21966
-29901
-32766
-30072
-22272
-10689
2711
15653
25937
31812
32275
27244
17574
4908
-8595
-20637
-29162
-32712
-30681
-23411
-12140
1206
14349
25041
31451
32480
27948
18630
6117
-7445
-19735
-28641
-32634
-31026
-24089
-13013
301
13567
24501
31222
32570
28309
19172
6728
-6876
-19298
-28393
-32589
-31159
-24347
-13326
0
13328
24354
31166
32585
28360
19220
6748
-6896
-19347
-28443
-32604
-31103
-24198
-13087
301
13640
24608
31294
32533
28105
18778
6176
-7504
-19879
-28786
-32669
-30847
-23635
-12290
1206
14493
25247
31583
32389
27520
17828
5008
-8692
-20870
-29387
-32745
-30352
-22624
-10917
2711
15865
26229
31977
32094
26556
16335
3233
-10442
-22277
-30182
-32757
-29546
-21112
-8944
4807
17712
27483
32390
31559
25136
14256
845
-12717
-24026
-31070
-32598
-28334
-19032
-6345
7473
19964
28903
32697
30666
23169
11540
-2148
-15456
-26008
-31918
-32127
-26596
-16309
-3103
10659
22517
30346
32741
29270
20553
8148
-5719
-18563
-28078
-32552
-31179
-24202
-12874
771
14281
25223
31625
32332
27214
17189
4062
-9798
-21894
-30040
-32762
-29565
-21025
-8682
5233
18204
27882
32514
31257
24336
13002
-691
-14262
-25247
-31650
-32307
-27094
-16955
-3732
10171
22227
30239
32747
29289
20494
7961
-6025
-18915
-28356
-32621
-30929
-23586
-11931
1907
15400
26077
31982
32033
26215
15592
2109
-11762
-23479
-30889
-32629
-28377
-18910
-5966
8077
20637
29402
32756
30080
21861
9613
-4409
-17621
-27585
-32459
-31342
-24435
-13013
816
14497
25499
31785
32188
26631
16140
2656
-11322
-23203
-30782
-32650
-28456
-18976
-5969
8148
20755
29503
32763
29925
21514
9095
-5021
-18204
-27995
-32564
-31058
-23753
-12011
1977
15598
26305
32095
31880
25698
14703
952
-12978
-24480
-31393
-32418
-27360
-17165
-3744
10381
22559
30497
32702
28754
19394
6380
-7836
-20580
-29446
-32762
-29899
-21393
-8847
5370
18577
28275
32630
30814
23169
11138
-3003
-16579
-27016
-32334
-31523
-24733
-13249
751
14612
25700
31906
32048
26096
15179
1372
-12698
-24354
-31371
-32412
-27273
-16932
-3359
10856
23003
30758
32638
28280
18514
5205
-9101
-21669
-30089
-32747
-29131
-19930
-6905
7445
20371
29387
32762
29844
21189
8460
-5898
-19125
-28673
-32702
-30433
-22301
-9868
4468
17946
27963
32585
30916
23274
11134
-3159
-16845
-27275
-32428
-31305
-24119
-12260
1977
15833
26622
32247
31615
24845
13249
-923
-14918
-26016
-32055
-31858
-25461
-14105
0
14107
25468
31864
32046
25975
14832
792
-13405
-24986
-31684
-32188
-26395
-15435
-1452
12817
24578
31525
32292
26727
15917
1981
-12345
-24250
-31393
-32366
-26976
-16280
-2378
11993
24006
31293
32415
27148
16527
2644
-11762
-23850
-31230
-32442
-27244
-16660
-2779
11653
23783
31206
32451
27267
16679
2783
-11667
-23806
-31222
-32441
-27217
-16586
-2656
11803
23919
31277
32412
27094
16378
2398
-12062
-24120
-31370
-32361
-26894
-16056
-2009
12441
24407
31496
32285
26615
15616
1488
-12939
-24777
-31650
-32178
-26251
-15055
-836
13553
25223
31826
32033
25797
14372
52
-14280
-25739
-32015
-31841
-25247
-13561
863
15115
26318
32208
31592
24592
12618
-1908
-16052
-26950
-32393
-31276
-23823
-11540
3083
17085
27622
32556
30880
22932
10324
-4384
-18204
-28323
-32682
-30389
-21909
-8965
5807
19399
29038
32755
29790
20744
7461
-7347
-20658
-29748
-32757
-29067
-19428
-5811
8997
21966
30436
32669
28203
17952
4016
-10746
-23305
-31079
-32468
-27184
-16309
-2077
12583
24657
31656
32135
25992
14491
0
-14493
-25999
-32139
-31644
-24613
-12494
2208
16457
27304
32503
30975
23032
10317
-4537
-18454
-28547
-32719
-30103
-21238
-7961
6971
20458
29694
32757
29007
19220
5431
-9491
-22439
-30713
-32587
-27666
-16973
-2736
12073
24364
31568
32177
26060
14492
-108
-14689
-26197
-32222
-31498
-24174
-11781
3083
17304
27896
32634
30520
21996
8847
-6162
-19879
-29416
-32766
-29219
-19519
-5706
9311
22368
30711
32578
27570
16743
2378
-12491
-24723
-31732
-32033
-25558
-13674
1105
15653
26888
32428
31095
23169
10328
-4707
-18745
-28806
-32750
-29736
-20402
-6728
8378
21705
30414
32650
27932
17262
2911
-12062
-24465
-31651
-32083
-25665
-13765
1077
15692
26955
32455
31012
22932
9941
-5180
-19194
-29098
-32765
-29406
-19738
-5832
9326
22486
30817
32526
27244
16102
1495
-13436
-25478
-32035
-31693
-24521
-12062
2999
17416
28078
32680
30226
21243
7668
-7565
-21167
-30192
-32685
-28105
-17438
-2992
12103
24578
31727
31995
25321
13150
-1876
-16499
-27539
-32596
-30567
-21889
-8448
6833
20630
29936
32722
28377
17845
3419
-11753
-24364
-31659
-32040
-25423
-13249
1823
16499
27568
32607
30508
21729
8189
-7147
-20920
-30108
-32693
-28105
-17347
-2779
12401
24860
31856
31850
24838
12360
-2839
-17416
-28160
-32702
-30037
-20749
-6884
8501
22013
30668
32552
27244
15915
1066
-14020
-26008
-32243
-31342
-23500
-10451
4915
19194
29220
32766
29042
18871
4509
-10856
-23813
-31479
-32147
-25665
-13473
1720
16533
27666
32637
30335
21271
7461
-8015
-21705
-30552
-32578
-27327
-15968
-1038
14125
26133
32294
31228
23169
9920
-5554
-19786
-29584
-32748
-28565
-17970
-3339
12043
24723
31849
31816
24627
11897
-3511
-18132
-28673
-32755
-29458
-19519
-5177
10334
23516
31393
32182
25702
13414
-1907
-16800
-27896
-32682
-30072
-20653
-6555
9029
22570
30997
32395
26445
14492
-751
-15827
-27310
-32589
-30461
-21406
-7481
8148
21926
30713
32507
26894
15151
-48
-15238
-26955
-32522
-30664
-21804
-7961
7702
21608
30575
32549
27076
15403
202
-15047
-26852
-32503
-30703
-21861
-8002
7696
21629
30598
32538
27001
15255
0
-15257
-27007
-32541
-30582
-21579
-7602
8129
21989
30779
32468
26664
14703
-655
-15865
-27411
-32621
-30288
-20948
-6758
8997
22672
31098
32318
26047
13736
-1763
-16855
-28038
-32713
-29790
-19946
-5464
10289
23653
31516
32046
25116
12336
-3319
-18204
-28847
-32766
-29042
-18541
-3711
11987
24889
31977
31593
23823
10480
-5316
-19871
-29777
-32711
-27983
-16697
-1495
14059
26318
32404
30885
22114
8148
-7733
-21801
-30745
-32460
-26539
-14372
1180
16457
27860
32699
29832
19930
5325
-10537
-23916
-31650
-31910
-24631
-11530
4298
19113
29409
32747
28334
17210
2009
-13670
-26112
-32365
-30942
-22178
-8148
7817
21929
30833
32412
26285
13907
-1780
-17047
-28259
-32743
-29429
-19103
-4222
11667
24777
31977
31548
23586
9991
-5992
-20546
-30192
-32619
-27244
-15350
219
15739
27492
32660
30001
20149
5464
-10533
-24006
-31719
-31816
-24270
-10892
5106
19879
29873
32681
27625
15917
373
-15261
-27221
-32621
-30156
-20416
-5748
10308
23879
31684
31836
24293
10875
-5173
-19973
-29942
-32665
-27477
-15633
0
15636
27483
32666
29925
19920
5078
-10999
-24407
-31886
-31615
-23656
-9941
6193
20824
30386
32549
26782
14487
-1341
-16845
-28242
-32749
-29262
-18630
-3445
12583
25539
32252
31078
22301
8064
-8148
-22368
-31111
-32231
-25451
-12429
3643
18824
29387
32737
28047
16465
836
-15001
-27152
-32625
-30072
-20115
-5205
10989
24479
31937
31523
23335
9388
-6876
-21447
-30723
-32412
-26092
-13322
2743
18132
29038
32759
28371
16955
1338
-14612
-26944
-32596
-30164
-20247
-5304
10958
24501
31960
31477
23169
9099
-7236
-21774
-30894
-32323
-25702
-12676
3510
18824
29446
32724
27837
16000
166
-15711
-27666
-32707
-29572
-19041
-3744
12491
25602
32304
30916
21780
7184
-9215
-23305
-31551
-31880
-24205
-10451
5930
20824
30486
32483
26311
13518
-2679
-18204
-29147
-32749
-28098
-16364
-502
15488
27574
32702
29574
18976
3583
-12717
-25806
-32371
-30748
-21345
-6538
9926
23879
31785
31636
23467
9346
-7147
-21830
-30974
-32254
-25342
-11991
4409
19692
29968
32623
26976
14462
-1736
-17495
-28798
-32764
-28377
-16752
-852
15267
27492
32699
29554
18857
3339
-13034
-26077
-32450
-30520
-20777
-5712
10817
24578
32042
31291
22515
7961
-8637
-23021
-31496
-31881
-24075
-10079
6509
21426
30833
32307
25463
12062
-4448
-19815
-30076
-32585
-26689
-13907
2465
18204
29244
32732
27762
15616
-569
-16610
-28356
-32765
-28692
-17189
-1231
15047
27428
32699
29490
18630
2932
-13528
-26478
-32552
-30168
-19943
-4530
12062
25519
32337
30737
21133
6022
-10659
-24565
-32068
-31208
-22206
-7407
9326
23628
31760
31593
23169
8686
-8070
-22719
-31423
-31903
-24028
-9858
6896
21846
31070
32147
24790
10926
-5807
-21019
-30711
-32336
-25461
-11891
4807
20244
30356
32478
26047
12755
-3899
-19528
-30012
-32581
-26556
-13521
3083
18877
29687
32654
26991
14192
-2362
-18294
-29387
-32703
-27360
-14769
1736
17784
29119
32734
27666
15255
-1206
-17349
-28887
-32752
-27913
-15652
771
16993
28695
32761
28105
15962
-434
-16717
-28547
-32765
-28244
-16186
193
16523
28443
32766
28334
16326
-48
-16412
-28387
-32766
-28374
-16382
0
0
0
0
0
0
0
0
0
0
0
0
0
0
0
0
0
0
0
0
0
0
0
0
0
0
0
0
0
0
0
0
0
0
0
0
0
0
0
0
0
0
0
0
0
0
0
0
0
0
0
0
0
0
0
0
0
0
0
0
0
0
0
0
0
0
0
0
0
0
0
0
0
0
0
0
0
0
0
0
0
0
0
0
0
0
0
0
0
0
0
0
0
0
0
0
0
0
0
0
0
0
0
0
0
0
0
0
0
0
0
0
0
0
0
0
0
0
0
0
0
0
0
0
0
0
0
0
0
0
0
0
0
0
0
0
0
0
0
0
0
0
0
0
0
0
0
0
0
0
0
0
0
0
0
0
0
0
0
0
0
0
0
0
0
0
0
0
0
0
0
0
0
0
0
0
0
0
0
0
0
0
0
0
0
0
0
0
0
0
0
0
0
0
0
0
0
0
0
0
0
0
0
0
0
0
0
0
0
0
0
0
0
0
0
0
0
0
0
0
0
0
0
0
0
0
0
0
0
0
0
0
0
0
0
0
0
0
0
0
0
0
0
0
0
0
0
0
0
0
0
0
0
0
0
0
0
0
0
0
0
0
0
0
0
0
0
0
0
0
0
0
0
0
0
0
0
0
0
0
0
0
0
0
0
0
0
0
0
0
0
0
0
0
0
0
0
0
0
0
0
0
0
0
0
0
0
0
0
0
0
0
0
0
0
0
0
0
0
0
0
0
0
0
0
0
0
0
0
0
0
0
0
0
0
0
0
0
0
0
0
0
0
0
0
0
0
0
0
0
0
0
0
0
0
0
0
0
0
0
0
0
0
0
0
0
0
0
0
0
0
0
0
0
0
0
0
0
0
0
0
0
0
0
0
0
0
0
0
0
0
0
0
0
0
0
0
0
0
0
0
0
0
0
0
0
0
0
0
0
0
0
0
0
0
0
0
0
0
0
0
0
0
0
0
0
0
0
0
0
0
0
0
0
0
0
0
0
0
0
0
0
0
0
0
0
0
0
0
0
0
0
0
0
0
0
0
0
0
0
0
0
0
0
0
0
0
0
0
0
0
0
0
0
0
0
0
0
0
0
0
0
0
0
0
0
0
0
0
0
0
0
0
0
0
0
0
0
0
0
0
0
0
0
0
0
0
0
0
0
0
0
0
0
0
0
0
0
0
0
0
0
0
0
0
0
0
0
0
0
0
0
0
0
0
0
0
0
0
0
0
0
0
0
0
0
0
0
0
0
0
0
0
0
0
0
0
0
0
0
0
0
0
0
0
0
0
0
0
0
0
0
0
0
0
0
0
0
0
0
0
0
0
0
0
0
0
0
0
0
0
0
0
0
0
0
0
0
0
0
0
0
0
0
0
0
0
0
0
0
0
0
0
0
0
0
0
0
0
0
0
0
0
0
0
0
0
0
0
0
0
0
0
0
0
0
0
0
0
0
0
0
0
0
0
0
0
0
0
0
0
0
0
0
0
0
0
0
0
0
0
0
0
0
0
0
0
0
0
0
0
0
0
0
0
0
0
0
0
0
0
0
0
0
0
0
0
0
0
0
0
0
0
0
0
0
0
0
0
0
0
0
0
0
0
0
0
0
0
0
0
0
0
0
0
0
0
0
0
0
0
0
0
0
0
0
0
0
0
0
0
0
0
0
0
0
0
0
0
0
0
0
0
0
0
0
0
0
0
0
0
0
0
0
0
0
0
0
0
0
0
0
0
0
0
0
0
0
0
0
0
0
0
0
0
0
0
0
0
0
0
0
0
0
0
0
0
0
0
0
0
0
0
0
0
0
0
0
0
0
0
0
0
0
0
0
0
0
0
0
0
0
0
0
0
0
0
0
0
0
0
0
0
0
0
0
0
0
0
0
0
0
0
0
0
0
0
0
0
0
0
0
0
0
0
0
0
0
0
0
0
0
0
0
0
0
0
0
0
0
0
0
0
0
0
0
0
0
0
0
0
0
0
0
0
0
0
0
0
0
0
0
0
0
0
0
0
0
0
0
0
0
0
0
0
0
0
0
0
0
0
0
0
0
0
0
0
0
0
0
0
0
0
0
0
0
0
0
0
0
0
0
0
0
0
0
0
0
0
0
0
0
0
0
0
0
0
0
0
0
0
0
0
0
0
0
0
0
0
0
0
0
0
0
0
0
0
0
0
0
0
38
145
295
455
589
668
674
609
486
331
171
31
-73
-141
-181
-208
-242
-295
-372
-468
-569
-656
-711
-726
-698
-638
-562
-491
-440
-415
-414
-421
-416
-378
-293
-160
10
196
368
499
572
586
553
503
467
476
547
675
839
999
1111
1133
1046
852
583
290
37
-122
-158
-73
91
263
351
269
-39
-587
-1328
-2165
-2957
-3552
-3811
-3645
-3028
-2015
-729
651
1933
2933
3521
3634
3294
2594
1683
732
-97
-684
-966
-947
-690
-296
116
446
620
614
448
179
-115
-360
-498
-503
-384
-180
50
248
362
365
258
68
-161
-377
-537
-611
-591
-494
-351
-204
-93
-47
-79
-181
-329
-489
-622
-695
-686
-589
-417
-195
38
245
393
460
441
351
223
102
41
86
270
600
1055
1582
2101
2516
2730
2663
2269
1547
553
-610
-1801
-2863
-3647
-4039
-3985
-3496
-2653
-1592
-481
512
1249
1643
1676
1398
915
362
-123
-435
-512
-357
-24
390
775
1034
1104
972
675
291
-80
-349
-450
-365
-121
212
545
787
871
773
513
154
-213
-503
-643
-606
-407
-108
202
432
506
390
98
-308
-737
-1087
-1271
-1245
-1015
-642
-225
122
301
251
-29
-477
-980
-1394
-1581
-1440
-932
-93
963
2074
3052
3720
3952
3693
2971
1894
624
-650
-1752
-2541
-2941
-2945
-2608
-2034
-1349
-676
-112
283
495
545
481
361
239
153
124
149
213
293
366
414
429
411
363
295
212
122
26
-69
-162
-245
-308
-345
-350
-323
-273
-214
-164
-142
-158
-211
-290
-370
-422
-415
-333
-173
47
292
517
676
736
690
553
373
209
126
174
373
701
1097
1466
1700
1698
1395
775
-113
-1166
-2233
-3146
-3751
-3935
-3651
-2930
-1871
-629
611
1677
2429
2789
2749
2367
1754
1049
385
-127
-426
-500
-386
-155
104
314
416
387
237
8
-243
-457
-586
-607
-521
-353
-144
56
209
286
279
201
78
-54
-162
-218
-210
-140
-26
105
224
301
315
260
141
-24
-207
-377
-504
-565
-550
-466
-332
-183
-58
2
-27
-160
-381
-651
-909
-1081
-1095
-893
-449
217
1048
1938
2757
3368
3652
3531
2987
2066
881
-410
-1632
-2615
-3231
-3414
-3171
-2581
-1775
-912
-148
398
662
642
400
39
-322
-575
-647
-516
-213
189
593
906
1056
1018
810
493
153
-121
-261
-236
-56
223
527
767
877
823
611
293
-53
-345
-509
-508
-347
-73
233
483
600
539
300
-65
-477
-834
-1049
-1067
-885
-551
-160
171
335
255
-87
-642
-1300
-1911
-2315
-2378
-2022
-1249
-143
1143
2413
3465
4129
4299
3954
3159
2050
808
-378
-1347
-1990
-2265
-2202
-1886
-1433
-964
-579
-338
-257
-307
-432
-562
-640
-625
-511
-317
-83
143
321
427
456
425
367
314
293
319
385
472
552
597
586
518
403
266
137
42
-4
-5
20
44
37
-26
-153
-330
-528
-706
-822
-848
-777
-628
-443
-276
-182
-197
-327
-543
-778
-946
-955
-734
-251
469
1350
2261
3048
3558
3672
3329
2543
1405
71
-1266
-2415
-3211
-3555
-3426
-2884
-2056
-1108
-213
482
888
980
801
445
35
-307
-492
-476
-269
71
455
786
984
1004
847
557
210
-106
-318
-377
-275
-47
241
511
688
722
600
351
35
-269
-488
-566
-485
-268
24
316
523
585
475
210
-152
-530
-831
-982
-945
-729
-391
-24
264
380
262
-94
-635
-1253
-1807
-2154
-2176
-1808
-1058
-7
1201
2388
3368
3986
4144
3821
3072
2018
821
-342
-1319
-2000
-2336
-2339
-2077
-1651
-1171
-737
-418
-245
-208
-268
-371
-461
-494
-449
-328
-153
42
225
366
452
483
473
441
408
387
382
390
401
402
384
344
286
220
158
108
73
48
22
-19
-88
-189
-315
-448
-561
-630
-635
-569
-447
-296
-157
-69
-63
-146
-297
-468
-591
-592
-413
-25
556
1267
2000
2622
2999
3023
2636
1850
744
-536
-1813
-2897
-3629
-3906
-3699
-3064
-2123
-1044
-6
831
1363
1550
1424
1075
629
215
-59
-134
-6
279
636
966
1181
1223
1080
788
414
46
-235
-375
-355
-200
32
264
423
452
334
89
-229
-547
-789
-901
-859
-682
-421
-149
55
134
62
-147
-441
-743
-968
-1051
-958
-701
-337
49
359
512
461
214
-168
-581
-894
-987
-773
-224
613
1629
2660
3524
4052
4125
3697
2805
1566
153
-1229
-2394
-3192
-3546
-3456
-2994
-2289
-1496
-764
-209
105
175
48
-189
-440
-614
-653
-538
-290
35
369
642
804
833
744
575
383
227
152
180
303
490
690
851
928
898
764
553
312
92
-60
-117
-76
41
192
323
384
341
184
-66
-370
-668
-899
-1018
-1001
-860
-635
-391
-206
-148
-261
-554
-992
-1499
-1971
-2294
-2365
-2113
-1519
-619
493
1683
2793
3669
4188
4275
3922
3185
2177
1045
-49
-965
-1595
-1891
-1861
-1570
-1118
-623
-198
76
157
52
-194
-507
-801
-1002
-1061
-966
-739
-433
-117
139
285
297
185
-13
-239
-428
-526
-500
-352
-109
174
437
621
687
626
458
230
5
-152
-197
-109
99
385
683
923
1044
1014
833
541
205
-90
-270
-278
-98
237
656
1054
1317
1343
1068
480
-372
-1387
-2420
-3313
-3917
-4123
-3883
-3213
-2198
-974
294
1441
2328
2864
3018
2823
2361
1748
1111
561
177
-4
2
149
363
565
685
684
553
314
17
-279
-519
-662
-693
-622
-485
-331
-208
-155
-190
-306
-475
-653
-793
-858
-828
-706
-517
-305
-117
7
46
0
-105
-225
-312
-319
-223
-26
243
533
784
940
969
871
680
462
294
252
382
691
1134
1619
2025
2223
2105
1614
759
-374
-1642
-2856
-3823
-4380
-4428
-3950
-3019
-1785
-445
793
1751
2308
2429
2159
1614
952
334
-105
-291
-213
72
462
837
1086
1138
977
642
213
-204
-516
-654
-599
-383
-78
222
428
475
343
61
-303
-658
-914
-1008
-918
-669
-331
5
248
333
234
-19
-359
-687
-906
-943
-772
-418
40
498
845
997
918
636
237
-156
-410
-415
-118
459
1222
2013
2650
2959
2821
2197
1142
-200
-1628
-2913
-3849
-4293
-4190
-3579
-2589
-1401
-217
782
1474
1805
1801
1547
1162
771
474
327
334
455
621
759
811
747
577
338
87
-120
-244
-270
-216
-121
-34
-2
-50
-179
-362
-554
-702
-765
-723
-586
-389
-185
-27
42
8
-110
-271
-413
-477
-420
-233
57
395
704
913
970
866
631
336
73
-67
-25
215
610
1067
1455
1643
1522
1044
232
-816
-1940
-2947
-3653
-3914
-3661
-2917
-1788
-448
896
2045
2844
3206
3127
2680
1994
1222
509
-33
-352
-449
-375
-211
-46
50
37
-84
-286
-514
-711
-832
-856
-788
-657
-505
-373
-291
-269
-296
-344
-376
-362
-286
-149
26
207
356
447
468
429
359
295
273
318
432
593
763
892
937
873
700
448
170
-70
-218
-240
-139
45
243
364
326
72
-407
-1071
-1824
-2536
-3063
-3279
-3100
-2507
-1549
-344
945
2138
3069
3612
3706
3365
2669
1749
759
-145
-846
-1268
-1395
-1264
-953
-561
-188
87
219
199
55
-162
-388
-563
-643
-608
-467
-250
-2
225
389
461
433
318
146
-40
-199
-295
-310
-241
-108
55
207
309
328
254
95
-121
-350
-542
-653
-654
-539
-329
-67
189
381
461
407
230
-24
-285
-471
-502
-327
66
642
1316
1971
2475
2706
2580
2066
1203
90
-1126
-2274
-3188
-3739
-3855
-3532
-2836
-1888
-837
160
976
1523
1771
1745
1512
1164
800
498
310
249
298
413
542
636
659
600
465
279
74
-116
-269
-371
-423
-434
-420
-397
-375
-362
-356
-356
-356
-356
-353
-349
-344
-335
-318
-282
-218
-119
16
178
349
502
609
650
615
516
379
248
167
174
285
488
737
962
1079
1009
702
149
-607
-1471
-2310
-2975
-3331
-3284
-2802
-1925
-764
518
1737
2717
3323
3487
3215
2585
1730
806
-32
-668
-1035
-1129
-997
-728
-422
-171
-40
-51
-189
-404
-633
-811
-892
-857
-715
-499
-256
-33
132
224
243
210
155
108
92
118
181
269
362
440
490
508
496
461
411
351
284
206
114
8
-105
-217
-310
-367
-380
-351
-296
-248
-242
-312
-475
-723
-1016
-1287
-1449
-1420
-1134
-571
235
1199
2181
3021
3563
3687
3337
2537
1389
59
-1252
-2350
-3079
-3352
-3167
-2603
-1801
-934
-167
373
625
598
362
29
-275
-450
-436
-229
123
535
907
1153
1224
1115
866
553
260
62
2
82
263
479
653
721
648
439
136
-193
-476
-650
-688
-597
-423
-234
-103
-85
-200
-431
-721
-993
-1171
-1198
-1058
-782
-437
-116
92
128
-19
-303
-628
-867
-896
-623
-21
861
1903
2925
3732
4148
4058
3435
2348
952
-539
-1898
-2924
-3482
-3528
-3110
-2355
-1441
-551
156
585
707
567
261
-92
-379
-519
-481
-284
12
326
578
709
695
553
329
87
-110
-219
-222
-130
19
178
298
346
313
210
69
-71
-176
-222
-203
-132
-34
63
137
175
179
161
140
131
143
174
211
238
243
220
181
148
147
202
317
475
631
717
663
406
-81
-779
-1615
-2466
-3182
-3611
-3633
-3187
-2293
-1052
367
1757
2908
3651
3893
3629
2946
2004
999
121
-480
-733
-645
-304
153
574
826
828
569
108
-446
-965
-1329
-1463
-1349
-1034
-613
-203
84
178
58
-234
-612
-966
-1189
-1212
-1014
-636
-164
293
629
772
700
451
110
-211
-407
-403
-178
226
721
1186
1506
1597
1435
1062
578
115
-192
-248
-19
448
1039
1585
1911
1871
1389
480
-743
-2095
-3343
-4265
-4687
-4522
-3790
-2611
-1181
266
1510
2383
2796
2755
2349
1725
1050
474
99
-36
40
253
500
684
737
634
398
90
-213
-440
-541
-505
-359
-161
21
126
118
-7
-217
-455
-653
-755
-730
-581
-344
-81
139
263
260
136
-65
-280
-437
-476
-368
-126
203
546
818
952
913
712
402
69
-190
-295
-201
82
493
921
1238
1321
1089
522
-325
-1334
-2335
-3143
-3596
-3586
-3081
-2138
-889
479
1767
2788
3412
3581
3316
2709
1899
1043
281
-284
-608
-699
-615
-439
-262
-153
-154
-267
-462
-687
-885
-1008
-1032
-958
-811
-631
-462
-338
-275
-269
-296
-323
-317
-255
-130
42
236
415
549
617
617
569
503
454
452
511
625
766
894
965
945
821
605
335
64
-149
-262
-257
-150
8
142
170
22
-337
-897
-1590
-2309
-2916
-3274
-3275
-2863
-2050
-922
377
1667
2764
3511
3810
3636
3042
2148
1113
111
-708
-1241
-1445
-1343
-1014
-568
-124
216
391
380
213
-49
-327
-546
-649
-614
-452
-206
65
300
447
478
395
224
10
-195
-345
-409
-379
-271
-116
43
164
216
183
71
-96
-285
-454
-566
-597
-537
-398
-204
7
196
327
375
334
218
59
-97
-197
-193
-48
248
680
1197
1724
2166
2428
2426
2109
1471
557
-539
-1684
-2725
-3515
-3936
-3923
-3476
-2663
-1607
-469
583
1406
1901
2036
1844
1416
880
370
0
-159
-94
153
500
844
1085
1155
1029
734
336
-72
-403
-586
-593
-441
-187
86
295
373
290
61
-261
-596
-860
-987
-946
-750
-453
-137
113
229
180
-18
-311
-610
-825
-882
-749
-445
-33
385
709
855
786
526
156
-202
-414
-372
-18
626
1463
2332
3039
3400
3284
2645
1535
101
-1439
-2846
-3895
-4430
-4389
-3812
-2835
-1656
-490
470
1096
1342
1247
917
497
130
-74
-64
146
490
865
1167
1314
1270
1050
716
356
60
-104
-110
23
240
458
596
596
439
149
-212
-563
-823
-938
-889
-703
-445
-196
-37
-21
-162
-427
-746
-1029
-1191
-1173
-962
-595
-149
273
576
690
598
338
0
-296
-430
-311
95
755
1565
2375
3012
3322
3201
2619
1632
371
-983
-2229
-3185
-3723
-3786
-3399
-2656
-1701
-697
205
892
1304
1436
1334
1073
745
431
190
52
17
61
148
238
300
315
278
197
87
-33
-146
-239
-304
-336
-336
-304
-247
-170
-85
-2
63
102
107
79
28
-28
-68
-68
-15
94
247
416
566
658
663
572
396
169
-57
-230
-306
-262
-111
101
305
416
361
94
-384
-1024
-1725
-2356
-2778
-2873
-2570
-1867
-831
403
1665
2766
3543
3886
3755
3190
2298
1235
171
-737
-1379
-1700
-1711
-1476
-1096
-681
-331
-110
-45
-117
-279
-467
-616
-680
-638
-494
-279
-38
185
353
445
460
411
326
232
157
114
111
141
191
245
288
307
296
253
179
80
-36
-161
-282
-387
-461
-492
-474
-408
-307
-191
-90
-32
-39
-118
-254
-412
-537
-566
-444
-138
350
978
1658
2276
2705
2835
2591
1960
993
-192
-1436
-2556
-3385
-3800
-3745
-3243
-2389
-1333
-250
693
1371
1715
1729
1477
1066
622
258
51
30
175
423
691
896
976
904
691
383
44
-256
-466
-557
-533
-425
-280
-151
-80
-87
-171
-307
-459
-586
-654
-648
-568
-433
-269
-108
28
127
189
224
245
267
296
334
374
409
436
456
479
518
584
679
785
869
881
767
480
2
-651
-1417
-2192
-2848
-3251
-3292
-2911
-2117
-993
311
1611
2709
3439
3696
3460
2796
1845
790
-176
-895
-1268
-1278
-985
-511
-7
383
557
471
154
-309
-797
-1185
-1376
-1324
-1044
-608
-124
291
542
577
403
78
-299
-620
-790
-757
-521
-136
304
692
932
965
786
444
29
-347
-585
-617
-430
-67
381
802
1085
1153
982
609
127
-336
-655
-727
-505
-14
653
1356
1927
2214
2110
1579
665
-509
-1774
-2934
-3809
-4266
-4241
-3751
-2881
-1773
-591
503
1384
1971
2245
2238
2022
1688
1330
1022
810
707
697
746
809
846
827
743
598
411
208
15
-148
-273
-358
-413
-452
-489
-536
-596
-669
-744
-811
-857
-873
-857
-811
-744
-669
-596
-536
-489
-452
-413
-358
-273
-148
15
208
411
598
743
827
846
809
746
697
707
810
1022
1330
1688
2022
2238
2245
1971
1384
503
-591
-1773
-2881
-3751
-4241
-4266
-3809
-2934
-1774
-509
665
1579
2110
2214
1927
1356
653
-14
-505
-727
-655
-336
127
609
982
1153
1085
802
381
-67
-430
-617
-585
-347
29
444
786
965
932
692
304
-136
-521
-757
-790
-620
-299
78
403
577
542
291
-124
-608
-1044
-1324
-1376
-1185
-797
-309
154
471
557
383
-7
-511
-985
-1278
-1268
-895
-176
790
1845
2796
3460
3696
3439
2709
1611
311
-993
-2117
-2911
-3292
-3251
-2848
-2192
-1417
-651
2
480
767
881
869
785
679
584
518
479
456
436
409
374
334
296
267
245
224
189
127
28
-108
-269
-433
-568
-648
-654
-586
-459
-307
-171
-87
-80
-151
-280
-425
-533
-557
-466
-256
44
383
691
904
976
896
691
423
175
30
51
258
622
1066
1477
1729
1715
1371
693
-250
-1333
-2389
-3243
-3745
-3800
-3385
-2556
-1436
-192
993
1960
2591
2835
2705
2276
1658
978
350
-138
-444
-566
-537
-412
-254
-118
-39
-32
-90
-191
-307
-408
-474
-492
-461
-387
-282
-161
-36
80
179
253
296
307
288
245
191
141
111
114
157
232
326
411
460
445
353
185
-38
-279
-494
-638
-680
-616
-467
-279
-117
-45
-110
-331
-681
-1096
-1476
-1711
-1700
-1379
-737
171
1235
2298
3190
3755
3886
3543
2766
1665
403
-831
-1867
-2570
-2873
-2778
-2356
-1725
-1024
-384
94
361
416
305
101
-111
-262
-306
-230
-57
169
396
572
663
658
566
416
247
94
-15
-68
-68
-28
28
79
107
102
63
-2
-85
-170
-247
-304
-336
-336
-304
-239
-146
-33
87
197
278
315
300
238
148
61
17
52
190
431
745
1073
1334
1436
1304
892
205
-697
-1701
-2656
-3399
-3786
-3723
-3185
-2229
-983
371
1632
2619
3201
3322
3012
2375
1565
755
95
-311
-430
-296
0
338
598
690
576
273
-149
-595
-962
-1173
-1191
-1029
-746
-427
-162
-21
-37
-196
-445
-703
-889
-938
-823
-563
-212
149
439
596
596
458
240
23
-110
-104
60
356
716
1050
1270
1314
1167
865
490
146
-64
-74
130
497
917
1247
1342
1096
470
-490
-1656
-2835
-3812
-4389
-4430
-3895
-2846
-1439
101
1535
2645
3284
3400
3039
2332
1463
626
-18
-372
-414
-202
156
526
786
855
709
385
-33
-445
-749
-882
-825
-610
-311
-18
180
229
113
-137
-453
-750
-946
-987
-860
-596
-261
61
290
373
295
86
-187
-441
-593
-586
-403
-72
336
734
1029
1155
1085
844
500
153
-94
-159
0
370
880
1416
1844
2036
1901
1406
583
-469
-1607
-2663
-3476
-3923
-3936
-3515
-2725
-1684
-539
557
1471
2109
2426
2428
2166
1724
1197
680
248
-48
-193
-197
-97
59
218
334
375
327
196
7
-204
-398
-537
-597
-566
-454
-285
-96
71
183
216
164
43
-116
-271
-379
-409
-345
-195
10
224
395
478
447
300
65
-206
-452
-614
-649
-546
-327
-49
213
380
391
216
-124
-568
-1014
-1343
-1445
-1241
-708
111
1113
2148
3042
3636
3810
3511
2764
1667
377
-922
-2050
-2863
-3275
-3274
-2916
-2309
-1590
-897
-337
22
170
142
8
-150
-257
-262
-149
64
335
605
821
945
965
894
766
625
511
452
454
503
569
617
617
549
415
236
42
-130
-255
-317
-323
-296
-269
-275
-338
-462
-631
-811
-958
-1032
-1008
-885
-687
-462
-267
-154
-153
-262
-439
-615
-699
-608
-284
281
1043
1899
2709
3316
3581
3412
2788
1767
479
-889
-2138
-3081
-3586
-3596
-3143
-2335
-1334
-325
522
1089
1321
1238
921
493
82
-201
-295
-190
69
402
712
913
952
818
546
203
-126
-368
-476
-437
-280
-65
136
260
263
139
-81
-344
-581
-730
-755
-653
-455
-217
-7
118
126
21
-161
-359
-505
-541
-440
-213
90
398
634
737
684
500
253
40
-36
99
474
1050
1725
2349
2755
2796
2383
1510
266
-1181
-2611
-3790
-4522
-4687
-4265
-3343
-2095
-743
480
1389
1871
1911
1585
1039
448
-19
-248
-192
115
578
1062
1435
1597
1506
1186
721
226
-178
-403
-407
-211
110
451
700
772
629
293
-164
-636
-1014
-1212
-1189
-966
-612
-234
58
178
84
-203
-613
-1034
-1349
-1463
-1329
-965
-446
108
569
828
826
574
153
-304
-645
-733
-480
121
999
2004
2946
3629
3893
3651
2908
1757
367
-1052
-2293
-3187
-3633
-3611
-3182
-2466
-1615
-779
-81
406
663
717
631
475
317
202
147
148
181
220
243
238
211
174
143
131
140
161
179
175
137
63
-34
-132
-203
-222
-176
-71
69
210
313
346
298
178
19
-130
-222
-219
-110
87
329
553
695
709
578
326
12
-284
-481
-519
-379
-92
261
567
707
585
156
-551
-1441
-2355
-3110
-3528
-3482
-2924
-1898
-539
952
2348
3435
4058
4148
3732
2925
1903
861
-21
-623
-896
-867
-628
-303
-19
128
92
-116
-437
-782
-1058
-1198
-1171
-993
-721
-431
-200
-85
-103
-234
-423
-597
-688
-650
-476
-193
136
439
648
721
653
479
263
82
2
62
260
553
866
1115
1224
1153
907
535
123
-229
-436
-450
-275
29
362
598
625
373
-167
-934
-1801
-2603
-3167
-3352
-3079
-2350
-1252
59
1389
2537
3337
3687
3563
3021
2181
1199
235
-571
-1134
-1420
-1449
-1287
-1016
-723
-475
-312
-242
-248
-296
-351
-380
-367
-310
-217
-105
8
114
206
284
351
411
461
496
508
490
440
362
269
181
118
92
108
155
210
243
224
132
-33
-256
-499
-715
-857
-892
-811
-633
-404
-189
-51
-40
-171
-422
-728
-997
-1129
-1035
-668
-32
806
1730
2585
3215
3487
3323
2717
1737
518
-764
-1925
-2802
-3284
-3331
-2975
-2310
-1471
-607
149
702
1009
1079
962
737
488
285
174
167
248
379
516
615
650
609
502
349
178
16
-119
-218
-282
-318
-335
-344
-349
-353
-356
-356
-356
-356
-362
-375
-397
-420
-434
-423
-371
-269
-116
74
279
465
600
659
636
542
413
298
249
310
498
800
1164
1512
1745
1771
1523
976
160
-837
-1888
-2836
-3532
-3855
-3739
-3188
-2274
-1126
90
1203
2066
2580
2706
2475
1971
1316
642
66
-327
-502
-471
-285
-24
230
407
461
381
189
-67
-329
-539
-654
-653
-542
-350
-121
95
254
328
309
207
55
-108
-241
-310
-295
-199
-40
146
318
433
461
389
225
-2
-250
-467
-608
-643
-563
-388
-162
55
199
219
87
-188
-561
-953
-1264
-1395
-1268
-846
-145
759
1749
2669
3365
3706
3612
3069
2138
945
-344
-1549
-2507
-3100
-3279
-3063
-2536
-1824
-1071
-407
72
326
364
243
45
-139
-240
-218
-70
170
448
700
873
937
892
763
593
432
318
273
295
359
429
468
447
356
207
26
-149
-286
-362
-376
-344
-296
-269
-291
-373
-505
-657
-788
-856
-832
-711
-514
-286
-84
37
50
-46
-211
-375
-449
-352
-33
509
1222
1994
2680
3127
3206
2844
2045
896
-448
-1788
-2917
-3661
-3914
-3653
-2947
-1940
-816
232
1044
1522
1643
1455
1067
610
215
-25
-67
73
336
631
866
970
913
704
395
57
-233
-420
-477
-413
-271
-110
8
42
-27
-185
-389
-586
-723
-765
-702
-554
-362
-179
-50
-2
-34
-121
-216
-270
-244
-120
87
338
577
747
811
759
621
455
334
327
474
771
1162
1547
1801
1805
1474
782
-217
-1401
-2589
-3579
-4190
-4293
-3849
-2913
-1628
-200
1142
2197
2821
2959
2650
2013
1222
459
-118
-415
-410
-156
237
636
918
997
845
498
40
-418
-772
-943
-906
-687
-359
-19
234
333
248
5
-331
-669
-918
-1008
-914
-658
-303
61
343
475
428
222
-78
-383
-599
-654
-516
-204
213
642
977
1138
1086
837
462
72
-213
-291
-105
334
952
1614
2159
2429
2308
1751
793
-445
-1785
-3019
-3950
-4428
-4380
-3823
-2856
-1642
-374
759
1614
2105
2223
2025
1619
1134
691
382
252
294
462
680
871
969
940
784
533
243
-26
-223
-319
-312
-225
-105
0
46
7
-117
-305
-517
-706
-828
-858
-793
-653
-475
-306
-190
-155
-208
-331
-485
-622
-693
-662
-519
-279
17
314
553
684
685
565
363
149
2
-4
177
561
1111
1748
2361
2823
3018
2864
2328
1441
294
-974
-2198
-3213
-3883
-4123
-3917
-3313
-2420
-1387
-372
480
1068
1343
1317
1054
656
237
-98
-278
-270
-90
205
541
833
1014
1044
923
683
385
99
-109
-197
-152
5
230
458
626
687
621
437
174
-109
-352
-500
-526
-428
-239
-13
185
297
285
139
-117
-433
-739
-966
-1061
-1002
-801
-507
-194
52
157
76
-198
-623
-1118
-1570
-1861
-1891
-1595
-965
-49
1045
2177
3185
3922
4275
4188
3669
2793
1683
493
-619
-1519
-2113
-2365
-2294
-1971
-1499
-992
-554
-261
-148
-206
-391
-635
-860
-1001
-1018
-899
-668
-370
-66
184
341
384
323
192
41
-76
-117
-60
92
312
553
764
898
928
851
690
490
303
180
152
227
383
575
744
833
804
642
369
35
-290
-538
-653
-614
-440
-189
48
175
105
-209
-764
-1496
-2289
-2994
-3456
-3546
-3192
-2394
-1229
153
1566
2805
3697
4125
4052
3524
2660
1629
613
-224
-773
-987
-894
-581
-168
214
461
512
359
49
-337
-701
-958
-1051
-968
-743
-441
-147
62
134
55
-149
-421
-682
-859
-901
-789
-547
-229
89
334
452
423
264
32
-200
-355
-375
-235
46
414
788
1080
1223
1181
966
636
279
-6
-134
-59
215
629
1075
1424
1550
1363
831
-6
-1044
-2123
-3064
-3699
-3906
-3629
-2897
-1813
-536
744
1850
2636
3023
2999
2622
2000
1267
556
-25
-413
-592
-591
-468
-297
-146
-63
-69
-157
-296
-447
-569
-635
-630
-561
-448
-315
-189
-88
-19
22
48
73
108
158
220
286
344
384
402
401
390
382
387
408
441
473
483
452
366
225
42
-153
-328
-449
-494
-461
-371
-268
-208
-245
-418
-737
-1171
-1651
-2077
-2339
-2336
-2000
-1319
-342
821
2018
3072
3821
4144
3986
3368
2388
1201
-7
-1058
-1808
-2176
-2154
-1807
-1253
-635
-94
262
380
264
-24
-391
-729
-945
-982
-831
-530
-152
210
475
585
523
316
24
-268
-485
-566
-488
-269
35
351
600
722
688
511
241
-47
-275
-377
-318
-106
210
557
847
1004
984
786
455
71
-269
-476
-492
-307
35
445
801
980
888
482
-213
-1108
-2056
-2884
-3426
-3555
-3211
-2415
-1266
71
1405
2543
3329
3672
3558
3048
2261
1350
469
-251
-734
-955
-946
-778
-543
-327
-197
-182
-276
-443
-628
-777
-848
-822
-706
-528
-330
-153
-26
37
44
20
-5
-4
42
137
266
403
518
586
597
552
472
385
319
293
314
367
425
456
427
321
143
-83
-317
-511
-625
-640
-562
-432
-307
-257
-338
-579
-964
-1433
-1886
-2202
-2265
-1990
-1347
-378
808
2050
3159
3954
4299
4129
3465
2413
1143
-143
-1249
-2022
-2378
-2315
-1911
-1300
-642
-87
255
335
171
-160
-551
-885
-1067
-1049
-834
-477
-65
300
539
600
483
233
-73
-347
-508
-509
-345
-53
293
611
823
877
767
527
223
-56
-236
-261
-121
153
493
810
1018
1056
906
593
189
-213
-516
-647
-575
-322
39
400
642
662
398
-148
-912
-1775
-2581
-3171
-3414
-3231
-2615
-1632
-410
881
2066
2987
3531
3652
3368
2757
1938
1048
217
-449
-893
-1095
-1081
-909
-651
-381
-160
-27
2
-58
-183
-332
-466
-550
-565
-504
-377
-207
-24
141
260
315
301
224
105
-26
-140
-210
-218
-162
-54
78
201
279
286
209
56
-144
-353
-521
-607
-586
-457
-243
8
237
387
416
314
104
-155
-386
-500
-426
-127
385
1049
1754
2367
2749
2789
2429
1677
611
-629
-1871
-2930
-3651
-3935
-3751
-3146
-2233
-1166
-113
775
1395
1698
1700
1466
1097
701
373
174
126
209
373
553
690
736
676
517
292
47
-173
-333
-415
-422
-370
-290
-211
-158
-142
-164
-214
-273
-323
-350
-345
-308
-245
-162
-69
26
122
212
295
363
411
429
414
366
293
213
149
124
153
239
361
481
545
495
283
-112
-676
-1349
-2034
-2608
-2945
-2941
-2541
-1752
-650
624
1894
2971
3693
3952
3720
3052
2074
963
-93
-932
-1440
-1581
-1394
-980
-477
-29
251
301
122
-225
-642
-1015
-1245
-1271
-1087
-737
-308
98
390
506
432
202
-108
-407
-606
-643
-503
-213
154
513
773
871
787
545
212
-121
-365
-450
-349
-80
291
675
972
1104
1034
775
390
-24
-357
-512
-435
-123
362
915
1398
1676
1643
1249
512
-481
-1592
-2653
-3496
-3985
-4039
-3647
-2863
-1801
-610
553
1547
2269
2663
2730
2516
2101
1582
1055
600
270
86
41
102
223
351
441
460
393
245
38
-195
-417
-589
-686
-695
-622
-489
-329
-181
-79
-47
-93
-204
-351
-494
-591
-611
-537
-377
-161
68
258
365
362
248
50
-180
-384
-503
-498
-360
-115
179
448
614
620
446
116
-296
-690
-947
-966
-684
-97
732
1683
2594
3294
3634
3521
2933
1933
651
-729
-2015
-3028
-3645
-3811
-3552
-2957
-2165
-1328
-587
-39
269
351
263
91
-73
-158
-122
37
290
583
852
1046
1133
1111
999
839
675
547
476
467
503
553
586
572
499
368
196
10
-160
-293
-378
-416
-421
-414
-415
-440
-491
-562
-638
-698
-726
-711
-656
-569
-468
-372
-295
-242
-208
-181
-141
-73
31
171
331
486
609
674
668
589
455
295
145
38
0
0
0
0
0
0
0
0
0
0
0
0
0
0
0
0
0
0
0
0
0
0
0
0
0
0
0
0
0
0
0
0
0
0
0
0
0
0
0
0
0
0
0
0
0
0
0
0
0
0
0
0
0
0
0
0
0
0
0
0
0
0
0
0
0
0
0
-873
-759
-445
-14
423
751
885
785
475
34
-425
-781
-936
-838
-502
0
549
1013
1272
1251
941
395
-274
-928
-1426
-1661
-1584
-1208
-610
90
762
1284
1577
1613
1415
1052
610
175
-190
-461
-644
-774
-897
-1046
-1231
-1428
-1586
-1636
-1514
-1182
-644
48
801
1495
2008
2250
2176
1806
1222
547
-71
-502
-655
-500
-76
519
1148
1664
1944
1910
1546
898
62
-838
-1680
-2361
-2818
-3032
-3026
-2845
-2548
-2182
-1779
-1350
-887
-381
170
755
1337
1863
2273
2516
2564
2421
2128
1751
1369
1055
853
772
779
806
773
610
275
-224
-833
-1452
-1967
-2270
-2292
-2024
-1520
-894
-291
143
302
143
-292
-891
-1481
-1880
-1932
-1550
-746
372
1612
2739
3521
3787
3460
2580
1302
-140
-1479
-2467
-2933
-2812
-2163
-1147
7
1053
1787
2083
1922
1392
657
-81
-637
-882
-775
-375
183
722
1064
1082
728
50
-818
-1689
-2363
-2676
-2534
-1943
-999
126
1229
2113
2631
2716
2386
1737
915
78
-637
-1145
-1424
-1508
-1471
-1399
-1358
-1375
-1428
-1456
-1372
-1101
-599
124
996
1897
2679
3200
3359
3121
2525
1683
751
-102
-733
-1056
-1060
-811
-432
-75
121
66
-262
-812
-1463
-2064
-2463
-2547
-2270
-1669
-849
32
805
1326
1506
1337
885
278
-326
-782
-983
-887
-526
3
573
1051
1336
1382
1213
908
588
376
365
593
1027
1564
2058
2346
2291
1813
916
-311
-1704
-3053
-4143
-4792
-4889
-4409
-3425
-2082
-579
873
2088
2929
3331
3302
2911
2269
1504
734
51
-487
-865
-1094
-1204
-1231
-1204
-1142
-1047
-913
-730
-493
-203
127
474
810
1103
1326
1462
1500
1438
1283
1046
741
387
3
-383
-743
-1041
-1242
-1316
-1243
-1019
-663
-215
264
706
1039
1204
1165
913
475
-95
-724
-1328
-1828
-2160
-2285
-2190
-1889
-1417
-824
-166
497
1114
1637
2026
2249
2284
2124
1777
1272
659
9
-591
-1054
-1301
-1278
-970
-406
334
1137
1868
2390
2597
2423
1866
985
-108
-1267
-2334
-3168
-3669
-3793
-3553
-3015
-2280
-1462
-666
28
579
982
1259
1448
1585
1690
1761
1778
1704
1507
1169
701
147
-420
-912
-1237
-1329
-1157
-738
-139
534
1163
1630
1848
1778
1436
891
247
-372
-860
-1139
-1182
-1015
-711
-371
-101
11
-80
-376
-821
-1323
-1772
-2060
-2107
-1877
-1386
-698
86
852
1490
1918
2094
2023
1749
1349
908
507
206
34
-13
33
126
215
261
241
156
27
-113
-228
-290
-288
-230
-142
-60
-23
-58
-177
-366
-592
-805
-951
-982
-874
-627
-272
132
516
802
933
875
631
242
-223
-677
-1030
-1213
-1185
-945
-533
-23
494
930
1211
1297
1188
925
576
226
-43
-173
-138
48
339
658
923
1063
1030
813
439
-33
-528
-967
-1286
-1450
-1458
-1340
-1149
-949
-792
-713
-715
-772
-834
-841
-736
-486
-84
439
1026
1597
2071
2379
2478
2358
2042
1583
1045
498
-4
-426
-756
-1003
-1189
-1336
-1459
-1560
-1626
-1631
-1550
-1363
-1068
-685
-254
169
529
778
887
861
729
544
372
269
275
401
624
891
1136
1290
1301
1147
839
425
-23
-429
-723
-862
-842
-695
-482
-282
-167
-189
-365
-668
-1040
-1395
-1645
-1721
-1585
-1244
-748
-179
362
788
1032
1073
937
691
430
251
236
426
813
1338
1901
2381
2660
2648
2302
1637
725
-316
-1348
-2231
-2852
-3143
-3091
-2739
-2171
-1500
-839
-283
107
316
365
313
231
188
234
388
630
913
1167
1317
1303
1095
700
165
-430
-987
-1404
-1602
-1532
-1194
-634
63
787
1423
1869
2059
1970
1628
1099
480
-124
-619
-937
-1049
-966
-738
-436
-139
82
185
153
6
-213
-450
-647
-765
-786
-719
-596
-459
-353
-308
-334
-413
-509
-572
-552
-413
-145
233
675
1115
1481
1708
1758
1623
1326
920
475
58
-272
-486
-578
-573
-509
-432
-380
-370
-396
-431
-437
-372
-209
52
387
742
1044
1219
1207
978
541
-53
-722
-1363
-1873
-2171
-2211
-1993
-1563
-1000
-406
118
492
667
638
441
145
-161
-394
-478
-371
-64
414
1007
1637
2219
2672
2933
2961
2743
2295
1654
881
47
-769
-1497
-2071
-2446
-2599
-2533
-2277
-1883
-1417
-952
-554
-274
-139
-146
-267
-451
-639
-774
-812
-732
-539
-261
58
370
634
828
950
1022
1080
1163
1300
1503
1754
2012
2215
2298
2203
1899
1389
713
-55
-824
-1499
-2002
-2287
-2348
-2221
-1971
-1680
-1425
-1262
-1210
-1251
-1331
-1373
-1301
-1055
-610
15
758
1521
2191
2657
2840
2700
2252
1561
732
-108
-836
-1352
-1593
-1549
-1256
-790
-252
254
643
856
877
729
469
174
-74
-209
-190
-13
289
655
999
1233
1284
1104
687
65
-687
-1472
-2180
-2708
-2978
-2952
-2636
-2080
-1367
-600
120
714
1131
1365
1444
1427
1384
1380
1453
1610
1819
2018
2127
2070
1794
1282
564
-283
-1157
-1939
-2522
-2831
-2837
-2560
-2064
-1444
-801
-223
233
549
744
863
960
1078
1234
1410
1556
1604
1485
1151
593
-146
-981
-1790
-2441
-2818
-2848
-2514
-1862
-994
-43
847
1561
2020
2206
2152
1931
1633
1340
1105
938
811
665
435
76
-422
-1022
-1638
-2157
-2461
-2460
-2116
-1457
-582
359
1195
1768
1968
1761
1198
403
-446
-1167
-1599
-1653
-1320
-680
114
882
1442
1665
1496
973
216
-599
-1279
-1654
-1618
-1154
-337
681
1700
2515
2954
2918
2393
1460
269
-979
-2085
-2873
-3229
-3114
-2568
-1698
-656
386
1269
1863
2089
1923
1399
599
-357
-1328
-2169
-2745
-2948
-2714
-2033
-955
409
1897
3313
4451
5125
5204
4633
3454
1804
-97
-1985
-3582
-4652
-5039
-4699
-3708
-2252
-597
962
2152
2774
2736
2075
944
-414
-1720
-2706
-3169
-3009
-2245
-1010
477
1955
3172
3927
4110
3715
2838
1650
363
-812
-1707
-2216
-2320
-2072
-1586
-1006
-471
-92
71
18
-200
-496
-764
-912
-874
-629
-202
342
911
1408
1745
1864
1748
1418
932
370
-176
-630
-933
-1060
-1019
-849
-607
-359
-162
-53
-46
-126
-255
-383
-461
-450
-336
-129
133
398
606
703
662
483
199
-128
-422
-606
-620
-436
-68
428
965
1438
1743
1799
1567
1055
321
-534
-1391
-2125
-2630
-2838
-2727
-2322
-1686
-909
-90
681
1340
1844
2184
2369
2420
2362
2209
1969
1636
1202
661
22
-689
-1427
-2126
-2713
-3118
-3282
-3175
-2794
-2171
-1369
-468
439
1262
1924
2369
2566
2511
2227
1758
1166
521
-100
-629
-1004
-1182
-1144
-900
-488
28
569
1047
1382
1516
1424
1118
649
97
-444
-887
-1164
-1244
-1142
-910
-630
-395
-284
-344
-581
-948
-1361
-1712
-1895
-1831
-1486
-885
-106
731
1491
2049
2319
2273
1947
1434
862
370
75
42
277
716
1246
1723
2009
1999
1644
969
61
-940
-1879
-2606
-3011
-3047
-2734
-2152
-1427
-699
-98
284
412
303
26
-317
-623
-798
-785
-572
-189
294
794
1225
1517
1634
1572
1362
1058
725
423
198
72
44
90
176
262
317
318
262
158
26
-107
-220
-295
-324
-312
-271
-218
-174
-157
-180
-248
-362
-513
-688
-870
-1041
-1180
-1269
-1290
-1232
-1088
-861
-562
-209
170
545
883
1156
1341
1432
1430
1353
1227
1082
950
853
804
800
824
851
845
777
620
366
21
-391
-834
-1261
-1622
-1876
-1995
-1968
-1801
-1519
-1160
-767
-381
-39
234
430
547
596
591
549
482
401
311
217
125
45
-11
-26
16
128
310
549
816
1067
1250
1314
1220
950
516
-39
-646
-1216
-1656
-1889
-1865
-1574
-1051
-372
358
1028
1530
1791
1774
1496
1013
416
-190
-709
-1070
-1237
-1218
-1060
-831
-610
-461
-422
-497
-653
-829
-952
-954
-789
-443
55
647
1244
1754
2094
2207
2074
1715
1187
571
-42
-570
-948
-1140
-1144
-987
-715
-386
-59
219
418
523
536
473
358
215
68
-66
-179
-268
-337
-393
-446
-507
-584
-678
-786
-896
-991
-1044
-1029
-922
-706
-381
36
514
998
1430
1747
1899
1857
1621
1220
713
177
-305
-660
-837
-818
-619
-293
85
434
677
760
661
391
-3
-455
-888
-1231
-1429
-1455
-1310
-1021
-634
-205
211
570
837
996
1043
986
837
615
339
30
-289
-594
-857
-1050
-1147
-1130
-993
-742
-399
1
415
797
1106
1310
1391
1346
1186
934
619
275
-65
-369
-607
-751
-782
-686
-466
-138
258
666
1014
1224
1226
977
467
-262
-1126
-1999
-2735
-3194
-3267
-2904
-2126
-1029
229
1457
2459
3077
3219
2879
2142
1162
137
-731
-1282
-1426
-1157
-561
211
976
1556
1816
1695
1215
473
-380
-1179
-1774
-2067
-2024
-1687
-1150
-540
17
425
635
651
526
339
172
87
106
212
350
449
445
298
11
-367
-759
-1065
-1200
-1110
-789
-287
305
873
1303
1512
1469
1196
771
300
-102
-346
-385
-230
55
368
596
641
452
32
-554
-1195
-1758
-2116
-2179
-1911
-1345
-570
284
1077
1681
2010
2029
1764
1287
697
102
-404
-761
-942
-957
-841
-642
-408
-178
24
190
317
408
460
470
429
332
185
3
-180
-326
-393
-348
-183
83
402
703
905
938
759
364
-200
-852
-1477
-1960
-2200
-2139
-1771
-1144
-354
475
1220
1772
2064
2079
1846
1435
932
426
-10
-334
-536
-628
-642
-610
-557
-493
-411
-298
-139
69
312
559
760
865
831
639
298
-148
-636
-1082
-1412
-1569
-1529
-1304
-943
-514
-96
244
463
549
521
423
312
240
247
344
522
748
976
1160
1261
1258
1145
931
638
290
-87
-475
-851
-1194
-1479
-1677
-1755
-1685
-1450
-1054
-531
59
634
1102
1380
1412
1186
740
159
-438
-928
-1200
-1188
-885
-347
315
962
1456
1687
1604
1225
630
-51
-675
-1116
-1294
-1193
-867
-420
16
323
418
283
-30
-419
-749
-892
-763
-344
306
1061
1753
2215
2315
1995
1286
305
-767
-1728
-2392
-2633
-2418
-1804
-931
8
820
1346
1498
1276
765
111
-512
-952
-1103
-937
-502
89
689
1152
1367
1287
931
383
-231
-777
-1142
-1255
-1106
-742
-250
259
689
965
1059
983
787
535
291
103
-11
-63
-82
-110
-178
-301
-470
-654
-808
-886
-855
-703
-447
-125
208
496
690
764
712
550
312
37
-239
-488
-689
-832
-909
-911
-828
-644
-352
47
532
1057
1553
1939
2132
2071
1731
1135
356
-489
-1263
-1835
-2105
-2028
-1626
-989
-249
439
939
1156
1061
698
170
-385
-828
-1049
-999
-694
-216
311
755
1004
999
744
309
-190
-625
-886
-907
-691
-302
146
525
723
676
391
-58
-548
-932
-1082
-924
-459
229
993
1655
2047
2055
1650
899
-48
-989
-1713
-2052
-1922
-1340
-428
615
1556
2179
2336
1975
1158
41
-1153
-2193
-2880
-3094
-2814
-2121
-1173
-169
698
1288
1529
1439
1108
671
273
31
6
190
514
868
1132
1206
1043
655
114
-466
-957
-1247
-1269
-1012
-530
74
671
1132
1361
1307
979
442
-204
-840
-1353
-1662
-1723
-1541
-1160
-656
-115
377
754
970
1009
879
612
253
-141
-514
-808
-976
-984
-817
-480
-8
542
1097
1569
1878
1962
1789
1369
754
31
-691
-1303
-1713
-1866
-1751
-1410
-920
-381
103
454
627
620
475
260
54
-73
-84
26
225
453
639
720
662
464
166
-167
-456
-632
-649
-503
-230
98
394
569
561
348
-44
-551
-1072
-1498
-1733
-1716
-1430
-907
-223
518
1206
1741
2055
2117
1936
1560
1055
500
-29
-476
-800
-983
-1025
-942
-757
-501
-206
92
360
564
672
664
532
286
-44
-412
-758
-1020
-1146
-1105
-894
-544
-114
316
664
858
852
637
244
-258
-783
-1231
-1513
-1570
-1374
-942
-325
396
1131
1788
2289
2580
2638
2466
2095
1571
955
310
-305
-838
-1249
-1515
-1628
-1601
-1464
-1258
-1034
-843
-725
-703
-775
-913
-1068
-1177
-1176
-1015
-675
-169
450
1105
1698
2136
2353
2317
2046
1599
1070
562
166
-58
-100
2
169
300
297
91
-333
-938
-1627
-2269
-2721
-2864
-2629
-2014
-1090
8
1112
2046
2663
2873
2660
2081
1256
337
-513
-1165
-1533
-1590
-1371
-953
-435
80
514
816
975
1005
940
815
655
471
259
4
-300
-652
-1025
-1370
-1627
-1732
-1639
-1331
-831
-203
458
1044
1454
1618
1511
1162
647
75
-431
-771
-873
-722
-352
156
696
1159
1456
1534
1389
1056
608
126
-307
-639
-842
-923
-917
-869
-824
-813
-844
-902
-956
-967
-907
-760
-534
-260
18
257
418
486
467
391
302
248
266
371
555
787
1020
1203
1298
1284
1168
977
754
543
374
255
170
77
-74
-330
-714
-1216
-1785
-2336
-2764
-2966
-2865
-2430
-1688
-728
317
1294
2051
2476
2517
2192
1588
844
120
-432
-703
-645
-284
291
945
1528
1903
1980
1727
1181
431
-394
-1165
-1769
-2133
-2240
-2120
-1841
-1488
-1141
-853
-641
-485
-340
-149
133
527
1009
1521
1976
2279
2349
2142
1662
970
169
-607
-1232
-1600
-1657
-1412
-931
-329
256
698
898
815
467
-68
-676
-1228
-1609
-1741
-1601
-1221
-681
-86
454
856
1070
1097
981
793
614
509
512
616
773
910
947
820
502
10
-586
-1187
-1672
-1936
-1907
-1567
-959
-179
640
1358
1852
2043
1913
1502
905
242
-361
-807
-1041
-1061
-915
-689
-476
-360
-388
-563
-838
-1135
-1360
-1428
-1289
-937
-419
180
753
1197
1439
1452
1265
954
629
404
368
564
974
1519
2074
2494
2642
2427
1820
869
-312
-1559
-2690
-3540
-3994
-4004
-3600
-2881
-1992
-1095
-335
186
432
426
248
12
-164
-183
8
412
978
1614
2212
2666
2897
2868
2585
2099
1485
831
217
-300
-695
-970
-1154
-1285
-1400
-1522
-1653
-1774
-1850
-1839
-1705
-1429
-1013
-489
93
670
1173
1544
1741
1749
1575
1247
810
313
-191
-659
-1052
-1342
-1510
-1543
-1432
-1179
-791
-287
300
927
1535
2059
2435
2609
2545
2236
1701
994
187
-630
-1370
-1955
-2329
-2467
-2375
-2087
-1659
-1156
-644
-178
201
476
643
716
716
667
592
507
423
343
269
200
137
82
38
9
0
9
38
82
137
200
269
343
423
507
592
667
716
716
643
476
201
-178
-644
-1156
-1659
-2087
-2375
-2467
-2329
-1955
-1370
-630
187
994
1701
2236
2545
2609
2435
2059
1535
927
300
-287
-791
-1179
-1432
-1543
-1510
-1342
-1052
-659
-191
313
810
1247
1575
1749
1741
1544
1173
670
93
-489
-1013
-1429
-1705
-1839
-1850
-1774
-1653
-1522
-1400
-1285
-1154
-970
-695
-300
217
831
1485
2099
2585
2868
2897
2666
2212
1614
978
412
8
-183
-164
12
248
426
432
186
-335
-1095
-1992
-2881
-3600
-4004
-3994
-3540
-2690
-1559
-312
869
1820
2427
2642
2494
2074
1519
974
564
368
404
629
954
1265
1452
1439
1197
753
180
-419
-937
-1289
-1428
-1360
-1135
-838
-563
-388
-360
-476
-689
-915
-1061
-1041
-807
-361
242
905
1502
1913
2043
1852
1358
640
-179
-959
-1567
-1907
-1936
-1672
-1187
-586
10
502
820
947
910
773
616
512
509
614
793
981
1097
1070
856
454
-86
-681
-1221
-1601
-1741
-1609
-1228
-676
-68
467
815
898
698
256
-329
-931
-1412
-1657
-1600
-1232
-607
169
970
1662
2142
2349
2279
1976
1521
1009
527
133
-149
-340
-485
-641
-853
-1141
-1488
-1841
-2120
-2240
-2133
-1769
-1165
-394
431
1181
1727
1980
1903
1528
945
291
-284
-645
-703
-432
120
844
1588
2192
2517
2476
2051
1294
317
-728
-1688
-2430
-2865
-2966
-2764
-2336
-1785
-1216
-714
-330
-74
77
170
255
374
543
754
977
1168
1284
1298
1203
1020
787
555
371
266
248
302
391
467
486
418
257
18
-260
-534
-760
-907
-967
-956
-902
-844
-813
-824
-869
-917
-923
-842
-639
-307
126
608
1056
1389
1534
1456
1159
696
156
-352
-722
-873
-771
-431
75
647
1162
1511
1618
1454
1044
458
-203
-831
-1331
-1639
-1732
-1627
-1370
-1025
-652
-300
4
259
471
655
815
940
1005
975
816
514
80
-435
-953
-1371
-1590
-1533
-1165
-513
337
1256
2081
2660
2873
2663
2046
1112
8
-1090
-2014
-2629
-2864
-2721
-2269
-1627
-938
-333
91
297
300
169
2
-100
-58
166
562
1070
1599
2046
2317
2353
2136
1698
1105
450
-169
-675
-1015
-1176
-1177
-1068
-913
-775
-703
-725
-843
-1034
-1258
-1464
-1601
-1628
-1515
-1249
-838
-305
310
955
1571
2095
2466
2638
2580
2289
1788
1131
396
-325
-942
-1374
-1570
-1513
-1231
-783
-258
244
637
852
858
664
316
-114
-544
-894
-1105
-1146
-1020
-758
-412
-44
286
532
664
672
564
360
92
-206
-501
-757
-942
-1025
-983
-800
-476
-29
500
1055
1560
1936
2117
2055
1741
1206
518
-223
-907
-1430
-1716
-1733
-1498
-1072
-551
-44
348
561
569
394
98
-230
-503
-649
-632
-456
-167
166
464
662
720
639
453
225
26
-84
-73
54
260
475
620
627
454
103
-381
-920
-1410
-1751
-1866
-1713
-1303
-691
31
754
1369
1789
1962
1878
1569
1097
542
-8
-480
-817
-984
-976
-808
-514
-141
253
612
879
1009
970
754
377
-115
-656
-1160
-1541
-1723
-1662
-1353
-840
-204
442
979
1307
1361
1132
671
74
-530
-1012
-1269
-1247
-957
-466
114
655
1043
1206
1132
868
514
190
6
31
273
671
1108
1439
1529
1288
698
-169
-1173
-2121
-2814
-3094
-2880
-2193
-1153
41
1158
1975
2336
2179
1556
615
-428
-1340
-1922
-2052
-1713
-989
-48
899
1650
2055
2047
1655
993
229
-459
-924
-1082
-932
-548
-58
391
676
723
525
146
-302
-691
-907
-886
-625
-190
309
744
999
1004
755
311
-216
-694
-999
-1049
-828
-385
170
698
1061
1156
939
439
-249
-989
-1626
-2028
-2105
-1835
-1263
-489
356
1135
1731
2071
2132
1939
1553
1057
532
47
-352
-644
-828
-911
-909
-832
-689
-488
-239
37
312
550
712
764
690
496
208
-125
-447
-703
-855
-886
-808
-654
-470
-301
-178
-110
-82
-63
-11
103
291
535
787
983
1059
965
689
259
-250
-742
-1106
-1255
-1142
-777
-231
383
931
1287
1367
1152
689
89
-502
-937
-1103
-952
-512
111
765
1276
1498
1346
820
8
-931
-1804
-2418
-2633
-2392
-1728
-767
305
1286
1995
2315
2215
1753
1061
306
-344
-763
-892
-749
-419
-30
283
418
323
16
-420
-867
-1193
-1294
-1116
-675
-51
630
1225
1604
1687
1456
962
315
-347
-885
-1188
-1200
-928
-438
159
740
1186
1412
1380
1102
634
59
-531
-1054
-1450
-1685
-1755
-1677
-1479
-1194
-851
-475
-87
290
638
931
1145
1258
1261
1160
976
748
522
344
247
240
312
423
521
549
463
244
-96
-514
-943
-1304
-1529
-1569
-1412
-1082
-636
-148
298
639
831
865
760
559
312
69
-139
-298
-411
-493
-557
-610
-642
-628
-536
-334
-10
426
932
1435
1846
2079
2064
1772
1220
475
-354
-1144
-1771
-2139
-2200
-1960
-1477
-852
-200
364
759
938
905
703
402
83
-183
-348
-393
-326
-180
3
185
332
429
470
460
408
317
190
24
-178
-408
-642
-841
-957
-942
-761
-404
102
697
1287
1764
2029
2010
1681
1077
284
-570
-1345
-1911
-2179
-2116
-1758
-1195
-554
32
452
641
596
368
55
-230
-385
-346
-102
300
771
1196
1469
1512
1303
873
305
-287
-789
-1110
-1200
-1065
-759
-367
11
298
445
449
350
212
106
87
172
339
526
651
635
425
17
-540
-1150
-1687
-2024
-2067
-1774
-1179
-380
473
1215
1695
1816
1556
976
211
-561
-1157
-1426
-1282
-731
137
1162
2142
2879
3219
3077
2459
1457
229
-1029
-2126
-2904
-3267
-3194
-2735
-1999
-1126
-262
467
977
1226
1224
1014
666
258
-138
-466
-686
-782
-751
-607
-369
-65
275
619
934
1186
1346
1391
1310
1106
797
415
1
-399
-742
-993
-1130
-1147
-1050
-857
-594
-289
30
339
615
837
986
1043
996
837
570
211
-205
-634
-1021
-1310
-1455
-1429
-1231
-888
-455
-3
391
661
760
677
434
85
-293
-619
-818
-837
-660
-305
177
713
1220
1621
1857
1899
1747
1430
998
514
36
-381
-706
-922
-1029
-1044
-991
-896
-786
-678
-584
-507
-446
-393
-337
-268
-179
-66
68
215
358
473
536
523
418
219
-59
-386
-715
-987
-1144
-1140
-948
-570
-42
571
1187
1715
2074
2207
2094
1754
1244
647
55
-443
-789
-954
-952
-829
-653
-497
-422
-461
-610
-831
-1060
-1218
-1237
-1070
-709
-190
416
1013
1496
1774
1791
1530
1028
358
-372
-1051
-1574
-1865
-1889
-1656
-1216
-646
-39
516
950
1220
1314
1250
1067
816
549
310
128
16
-26
-11
45
125
217
311
401
482
549
591
596
547
430
234
-39
-381
-767
-1160
-1519
-1801
-1968
-1995
-1876
-1622
-1261
-834
-391
21
366
620
777
845
851
824
800
804
853
950
1082
1227
1353
1430
1432
1341
1156
883
545
170
-209
-562
-861
-1088
-1232
-1290
-1269
-1180
-1041
-870
-688
-513
-362
-248
-180
-157
-174
-218
-271
-312
-324
-295
-220
-107
26
158
262
318
317
262
176
90
44
72
198
423
725
1058
1362
1572
1634
1517
1225
794
294
-189
-572
-785
-798
-623
-317
26
303
412
284
-98
-699
-1427
-2152
-2734
-3047
-3011
-2606
-1879
-940
61
969
1644
1999
2009
1723
1246
716
277
42
75
370
862
1434
1947
2273
2319
2049
1491
731
-106
-885
-1486
-1831
-1895
-1712
-1361
-948
-581
-344
-284
-395
-630
-910
-1142
-1244
-1164
-887
-444
97
649
1118
1424
1516
1382
1047
569
28
-488
-900
-1144
-1182
-1004
-629
-100
521
1166
1758
2227
2511
2566
2369
1924
1262
439
-468
-1369
-2171
-2794
-3175
-3282
-3118
-2713
-2126
-1427
-689
22
661
1202
1636
1969
2209
2362
2420
2369
2184
1844
1340
681
-90
-909
-1686
-2322
-2727
-2838
-2630
-2125
-1391
-534
321
1055
1567
1799
1743
1438
965
428
-68
-436
-620
-606
-422
-128
199
483
662
703
606
398
133
-129
-336
-450
-461
-383
-255
-126
-46
-53
-162
-359
-607
-849
-1019
-1060
-933
-630
-176
370
932
1418
1748
1864
1745
1408
911
342
-202
-629
-874
-912
-764
-496
-200
18
71
-92
-471
-1006
-1586
-2072
-2320
-2216
-1707
-812
363
1650
2838
3715
4110
3927
3172
1955
477
-1010
-2245
-3009
-3169
-2706
-1720
-414
944
2075
2736
2774
2152
962
-597
-2252
-3708
-4699
-5039
-4652
-3582
-1985
-97
1804
3454
4633
5204
5125
4451
3313
1897
409
-955
-2033
-2714
-2948
-2745
-2169
-1328
-357
599
1399
1923
2089
1863
1269
386
-656
-1698
-2568
-3114
-3229
-2873
-2085
-979
269
1460
2393
2918
2954
2515
1700
681
-337
-1154
-1618
-1654
-1279
-599
216
973
1496
1665
1442
882
114
-680
-1320
-1653
-1599
-1167
-446
403
1198
1761
1968
1768
1195
359
-582
-1457
-2116
-2460
-2461
-2157
-1638
-1022
-422
76
435
665
811
938
1105
1340
1633
1931
2152
2206
2020
1561
847
-43
-994
-1862
-2514
-2848
-2818
-2441
-1790
-981
-146
593
1151
1485
1604
1556
1410
1234
1078
960
863
744
549
233
-223
-801
-1444
-2064
-2560
-2837
-2831
-2522
-1939
-1157
-283
564
1282
1794
2070
2127
2018
1819
1610
1453
1380
1384
1427
1444
1365
1131
714
120
-600
-1367
-2080
-2636
-2952
-2978
-2708
-2180
-1472
-687
65
687
1104
1284
1233
999
655
289
-13
-190
-209
-74
174
469
729
877
856
643
254
-252
-790
-1256
-1549
-1593
-1352
-836
-108
732
1561
2252
2700
2840
2657
2191
1521
758
15
-610
-1055
-1301
-1373
-1331
-1251
-1210
-1262
-1425
-1680
-1971
-2221
-2348
-2287
-2002
-1499
-824
-55
713
1389
1899
2203
2298
2215
2012
1754
1503
1300
1163
1080
1022
950
828
634
370
58
-261
-539
-732
-812
-774
-639
-451
-267
-146
-139
-274
-554
-952
-1417
-1883
-2277
-2533
-2599
-2446
-2071
-1497
-769
47
881
1654
2295
2743
2961
2933
2672
2219
1637
1007
414
-64
-371
-478
-394
-161
145
441
638
667
492
118
-406
-1000
-1563
-1993
-2211
-2171
-1873
-1363
-722
-53
541
978
1207
1219
1044
742
387
52
-209
-372
-437
-431
-396
-370
-380
-432
-509
-573
-578
-486
-272
58
475
920
1326
1623
1758
1708
1481
1115
675
233
-145
-413
-552
-572
-509
-413
-334
-308
-353
-459
-596
-719
-786
-765
-647
-450
-213
6
153
185
82
-139
-436
-738
-966
-1049
-937
-619
-124
480
1099
1628
1970
2059
1869
1423
787
63
-634
-1194
-1532
-1602
-1404
-987
-430
165
700
1095
1303
1317
1167
913
630
388
234
188
231
313
365
316
107
-283
-839
-1500
-2171
-2739
-3091
-3143
-2852
-2231
-1348
-316
725
1637
2302
2648
2660
2381
1901
1338
813
426
236
251
430
691
937
1073
1032
788
362
-179
-748
-1244
-1585
-1721
-1645
-1395
-1040
-668
-365
-189
-167
-282
-482
-695
-842
-862
-723
-429
-23
425
839
1147
1301
1290
1136
891
624
401
275
269
372
544
729
861
887
778
529
169
-254
-685
-1068
-1363
-1550
-1631
-1626
-1560
-1459
-1336
-1189
-1003
-756
-426
-4
498
1045
1583
2042
2358
2478
2379
2071
1597
1026
439
-84
-486
-736
-841
-834
-772
-715
-713
-792
-949
-1149
-1340
-1458
-1450
-1286
-967
-528
-33
439
813
1030
1063
923
658
339
48
-138
-173
-43
226
576
925
1188
1297
1211
930
494
-23
-533
-945
-1185
-1213
-1030
-677
-223
242
631
875
933
802
516
132
-272
-627
-874
-982
-951
-805
-592
-366
-177
-58
-23
-60
-142
-230
-288
-290
-228
-113
27
156
241
261
215
126
33
-13
34
206
507
908
1349
1749
2023
2094
1918
1490
852
86
-698
-1386
-1877
-2107
-2060
-1772
-1323
-821
-376
-80
11
-101
-371
-711
-1015
-1182
-1139
-860
-372
247
891
1436
1778
1848
1630
1163
534
-139
-738
-1157
-1329
-1237
-912
-420
147
701
1169
1507
1704
1778
1761
1690
1585
1448
1259
982
579
28
-666
-1462
-2280
-3015
-3553
-3793
-3669
-3168
-2334
-1267
-108
985
1866
2423
2597
2390
1868
1137
334
-406
-970
-1278
-1301
-1054
-591
9
659
1272
1777
2124
2284
2249
2026
1637
1114
497
-166
-824
-1417
-1889
-2190
-2285
-2160
-1828
-1328
-724
-95
475
913
1165
1204
1039
706
264
-215
-663
-1019
-1243
-1316
-1242
-1041
-743
-383
3
387
741
1046
1283
1438
1500
1462
1326
1103
810
474
127
-203
-493
-730
-913
-1047
-1142
-1204
-1231
-1204
-1094
-865
-487
51
734
1504
2269
2911
3302
3331
2929
2088
873
-579
-2082
-3425
-4409
-4889
-4792
-4143
-3053
-1704
-311
916
1813
2291
2346
2058
1564
1027
593
365
376
588
908
1213
1382
1336
1051
573
3
-526
-887
-983
-782
-326
278
885
1337
1506
1326
805
32
-849
-1669
-2270
-2547
-2463
-2064
-1463
-812
-262
66
121
-75
-432
-811
-1060
-1056
-733
-102
751
1683
2525
3121
3359
3200
2679
1897
996
124
-599
-1101
-1372
-1456
-1428
-1375
-1358
-1399
-1471
-1508
-1424
-1145
-637
78
915
1737
2386
2716
2631
2113
1229
126
-999
-1943
-2534
-2676
-2363
-1689
-818
50
728
1082
1064
722
183
-375
-775
-882
-637
-81
657
1392
1922
2083
1787
1053
7
-1147
-2163
-2812
-2933
-2467
-1479
-140
1302
2580
3460
3787
3521
2739
1612
372
-746
-1550
-1932
-1880
-1481
-891
-292
143
302
143
-291
-894
-1520
-2024
-2292
-2270
-1967
-1452
-833
-224
275
610
773
806
779
772
853
1055
1369
1751
2128
2421
2564
2516
2273
1863
1337
755
170
-381
-887
-1350
-1779
-2182
-2548
-2845
-3026
-3032
-2818
-2361
-1680
-838
62
898
1546
1910
1944
1664
1148
519
-76
-500
-655
-502
-71
547
1222
1806
2176
2250
2008
1495
801
48
-644
-1182
-1514
-1636
-1586
-1428
-1231
-1046
-897
-774
-644
-461
-190
175
610
1052
1415
1613
1577
1284
762
90
-610
-1208
-1584
-1661
-1426
-928
-274
395
941
1251
1272
1013
549
0
-502
-838
-936
-781
-425
34
475
785
885
751
423
-14
-445
-759
0
0
0
0
0
0
0
0
0
0
0
0
0
0
0
0
0
0
0
0
0
0
0
0
0
0
0
0
0
0
0
0
0
0
0
0
0
0
0
0
0
0
0
0
0
0
0
0
0
0
0
0
0
0
0
0
0
0
0
0
0
0
0
0
0
0
0
