17269
10860
2323
-6503
-13675
-17624
-17552
-13646
-7044
438
6748
10116
9502
4874
-2766
-11612
-19489
-24393
-24992
-20975
-13146
-3247
6453
13713
16874
15271
9419
894
-8039
-14981
-17991
-16075
-9452
484
11483
20977
26708
27284
22529
13547
2464
-8071
-15531
-18124
-15240
-7608
2863
13539
21694
25174
22923
15258
3804
-8879
-19903
-26744
-27847
-23008
-13430
-1444
10040
18230
21115
17953
9452
-2389
-14751
-24660
-29696
-28562
-21402
-9768
3740
16081
24488
27110
23450
14470
2370
-9933
-19489
-23995
-22337
-14836
-3174
10002
21698
29260
30980
26482
16796
4110
-8737
-18907
-24204
-23562
-17269
-6882
5141
16010
23227
25144
21317
12579
836
-11371
-21439
-27272
-27724
-22829
-13764
-2566
8328
16611
20598
19566
13876
4870
-5444
-14830
-21300
-23513
-21037
-14409
-4991
5321
14505
20812
23111
21086
15278
6950
-2178
-10279
-15767
-17601
-15467
-9822
-1797
7032
14943
20394
22308
20275
14624
6366
-2997
-11743
-18255
-21326
-20385
-15618
-7946
1143
9863
16470
19603
18552
13416
5102
-4831
-14468
-21899
-25605
-24765
-19436
-10561
202
10793
19159
23661
23411
18457
9790
-852
-11321
-19489
-23676
-22989
-17506
-8259
2970
14002
22701
27390
27185
22159
13316
2383
-8538
-17386
-22537
-23111
-19117
-11435
-1619
8414
16757
21866
22839
19557
12675
3479
-6373
-15156
-21389
-24077
-22861
-18059
-10579
-1745
6935
14023
18380
19340
16806
11247
3621
-4785
-12557
-18379
-21238
-20593
-16466
-9452
-634
8577
16669
22278
24419
22671
17266
9070
-547
-9934
-17446
-21735
-21998
-18136
-10784
-1216
8878
17691
23626
25585
23172
16768
7458
-3158
-13264
-21146
-25502
-25659
-21680
-14337
-4956
4831
13373
19282
21658
20214
15302
7819
-962
-9610
-16770
-21364
-22742
-20752
-15744
-8489
-60
8328
15489
20425
22454
21302
17139
10562
2517
-5819
-13200
-18490
-20833
-19793
-15444
-8376
370
9452
17427
22985
25167
23534
18256
10098
306
-9595
-18051
-23738
-25781
-23899
-18445
-10342
-916
8328
15950
20809
22233
20100
14836
7317
-1280
-9676
-16676
-21335
-23071
-21720
-17531
-11107
-3316
4831
12303
18167
21692
22436
20294
15522
8715
749
-7315
-14367
-19391
-21614
-20635
-16499
-9718
-1216
7793
15984
22118
25243
24846
20941
14071
5225
-4317
-13185
-20136
-24233
-24981
-22385
-16923
-9452
-1064
7079
13917
18615
20664
19908
16541
11055
4160
-3299
-10441
-16433
-20571
-22346
-21500
-18059
-12350
-4978
3219
11256
18121
22898
24907
23810
19683
13021
4692
-4186
-12397
-18810
-22546
-23111
-20461
-15010
-7549
873
9116
16108
20992
23227
22631
19380
13947
7025
-575
-8021
-14540
-19489
-22393
-22979
-21192
-17198
-11380
-4318
3252
10500
16581
20738
22403
21287
17441
11278
3530
-4831
-12726
-19119
-23164
-24330
-22475
-17858
-11093
-3053
5263
12871
18928
22826
24245
23158
19803
14624
8203
1193
-5740
-11965
-16925
-20162
-21356
-20348
-17173
-12078
-5526
1827
9185
15695
20553
23111
22980
20099
14756
7561
-632
-8844
-16108
-21593
-24718
-25209
-23119
-18786
-12774
-5772
1491
8328
14156
18525
21131
21815
20554
17456
12759
6829
157
-6661
-12962
-18074
-21393
-22467
-21073
-17269
-11407
-4108
3815
11459
17953
22575
24845
24580
21894
17166
10967
3970
-3141
-9741
-15316
-19489
-22014
-22770
-21741
-19008
-14749
-9242
-2876
3856
10372
16048
20279
22562
22571
20219
15695
9452
2160
-5382
-12349
-18005
-21791
-23390
-22743
-20034
-15633
-10027
-3752
2675
8791
14203
18591
21694
23307
23278
21529
18082
13090
6866
-124
-7279
-13920
-19371
-23050
-24552
-23716
-20646
-15704
-9452
-2566
4252
10371
15295
18702
20448
20539
19094
16300
12377
7562
2112
-3683
-9486
-14901
-19489
-22805
-24451
-24142
-21768
-17438
-11484
-4439
3027
10196
16398
21097
23949
24833
23833
21195
17269
12441
7082
1521
-3964
-9127
-13732
-17535
-20273
-21685
-21548
-19726
-16225
-11226
-5098
1631
8328
14339
19077
22108
23198
22340
19731
15719
10741
5241
-379
-5798
-10778
-15145
-18756
-21466
-23111
-23512
-22505
-19986
-15959
-10586
-4196
2727
9595
15790
20750
24052
25465
24976
22770
19180
14624
9523
4248
-917
-5776
-10197
-14077
-17297
-19700
-21088
-21249
-20007
-17276
-13115
-7755
-1596
4831
10938
16157
20031
22272
22793
21697
19237
15748
11578
7027
2319
-2403
-7049
-11537
-15747
-19489
-22499
-24467
-25085
-24121
-21478
-17245
-11701
-5294
1425
7882
13568
18106
21295
23105
23647
23111
21701
19579
16838
13498
9548
4992
-89
-5505
-10937
-15966
-20131
-23004
-24269
-23789
-21632
-18059
-13479
-8369
-3188
1692
6031
9732
12810
15333
17361
18889
19825
19992
19174
17181
13920
9452
4016
-1983
-8031
-13586
-18168
-21437
-23239
-23614
-22759
-20961
-18517
-15660
-12521
-9114
-5374
-1216
3394
8381
13521
18461
22755
25952
27680
27728
26088
22961
18716
13812
8707
3772
-764
-4831
-8490
-11867
-15078
-18157
-21005
-23396
-25007
-25498
-24600
-22191
-18354
-13373
-7699
-1865
3613
8328
12050
14744
16547
17693
18431
18934
19241
19243
18710
17367
14982
11457
6883
1553
-4073
-9452
-14062
-17506
-19582
-20313
-19919
-18745
-17163
-15467
-13805
-12147
-10313
-8037
-5073
-1287
3267
8328
13456
18116
21785
24065
24768
23951
21896
19028
15815
12647
9751
7146
4666
2023
-1077
-4831
-9250
-14115
-19011
-23395
-26721
-28561
-28704
-27204
-24367
-20675
-16664
-12802
-9378
-6445
-3833
-1216
1772
5409
9781
14721
19828
24540
28256
30482
30944
29657
26921
23245
19226
15398
12111
9452
7239
5094
2565
-728
-4965
-10045
-15584
-20986
-25578
-28767
-30179
-29755
-27760
-24720
-21282
-18059
-15470
-13644
-12393
-11282
-9753
-7294
-3603
1312
7104
13150
18690
23005
25590
26278
25276
23111
20490
18120
16519
15885
16045
16506
16589
15621
13129
8982
3453
-2828
-9013
-14239
-17836
-19489
-19316
-17833
-15814
-14091
-13329
-13846
-15527
-17844
-19995
-21112
-20496
-17815
-13207
-7266
-912
4831
9088
11343
11577
10263
8243
6510
5936
7044
9852
13860
18163
21681
23433
22803
19704
14624
8515
2563
-2101
-4690
-4961
-3277
-517
2150
3571
2915
-95
-5096
-11155
-16996
-21313
-23111
-21957
-18111
-12473
-6364
-1202
1858
2218
0
-3978
-8403
-11804
-12923
-11061
-6263
661
8328
15110
19547
20709
18446
13439
7038
933
-3268
-4451
-2288
2670
9109
15281
19436
20270
-17269
-10860
-2323
6503
13675
17624
17552
13646
7044
-438
-6748
-10116
-9502
-4874
2766
11612
19489
24393
24992
20975
13146
3247
-6453
-13713
-16874
-15271
-9419
-894
8039
14981
17991
16075
9452
-484
-11483
-20977
-26708
-27284
-22529
-13547
-2464
8071
15531
18124
15240
7608
-2863
-13539
-21694
-25174
-22923
-15258
-3804
8879
19903
26744
27847
23008
13430
1444
-10040
-18230
-21115
-17953
-9452
2389
14751
24660
29696
28562
21402
9768
-3740
-16081
-24488
-27110
-23450
-14470
-2370
9933
19489
23995
22337
14836
3174
-10002
-21698
-29260
-30980
-26482
-16796
-4110
8737
18907
24204
23562
17269
6882
-5141
-16010
-23227
-25144
-21317
-12579
-836
11371
21439
27272
27724
22829
13764
2566
-8328
-16611
-20598
-19566
-13876
-4870
5444
14830
21300
23513
21037
14409
4991
-5321
-14505
-20812
-23111
-21086
-15278
-6950
2178
10279
15767
17601
15467
9822
1797
-7032
-14943
-20394
-22308
-20275
-14624
-6366
2997
11743
18255
21326
20385
15618
7946
-1143
-9863
-16470
-19603
-18552
-13416
-5102
4831
14468
21899
25605
24765
19436
10561
-202
-10793
-19159
-23661
-23411
-18457
-9790
852
11321
19489
23676
22989
17506
8259
-2970
-14002
-22701
-27390
-27185
-22159
-13316
-2383
8538
17386
22537
23111
19117
11435
1619
-8414
-16757
-21866
-22839
-19557
-12675
-3479
6373
15156
21389
24077
22861
18059
10579
1745
-6935
-14023
-18380
-19340
-16806
-11247
-3621
4785
12557
18379
21238
20593
16466
9452
634
-8577
-16669
-22278
-24419
-22671
-17266
-9070
547
9934
17446
21735
21998
18136
10784
1216
-8878
-17691
-23626
-25585
-23172
-16768
-7458
3158
13264
21146
25502
25659
21680
14337
4956
-4831
-13373
-19282
-21658
-20214
-15302
-7819
962
9610
16770
21364
22742
20752
15744
8489
60
-8328
-15489
-20425
-22454
-21302
-17139
-10562
-2517
5819
13200
18490
20833
19793
15444
8376
-370
-9452
-17427
-22985
-25167
-23534
-18256
-10098
-306
9595
18051
23738
25781
23899
18445
10342
916
-8328
-15950
-20809
-22233
-20100
-14836
-7317
1280
9676
16676
21335
23071
21720
17531
11107
3316
-4831
-12303
-18167
-21692
-22436
-20294
-15522
-8715
-749
7315
14367
19391
21614
20635
16499
9718
1216
-7793
-15984
-22118
-25243
-24846
-20941
-14071
-5225
4317
13185
20136
24233
24981
22385
16923
9452
1064
-7079
-13917
-18615
-20664
-19908
-16541
-11055
-4160
3299
10441
16433
20571
22346
21500
18059
12350
4978
-3219
-11256
-18121
-22898
-24907
-23810
-19683
-13021
-4692
4186
12397
18810
22546
23111
20461
15010
7549
-873
-9116
-16108
-20992
-23227
-22631
-19380
-13947
-7025
575
8021
14540
19489
22393
22979
21192
17198
11380
4318
-3252
-10500
-16581
-20738
-22403
-21287
-17441
-11278
-3530
4831
12726
19119
23164
24330
22475
17858
11093
3053
-5263
-12871
-18928
-22826
-24245
-23158
-19803
-14624
-8203
-1193
5740
11965
16925
20162
21356
20348
17173
12078
5526
-1827
-9185
-15695
-20553
-23111
-22980
-20099
-14756
-7561
632
8844
16108
21593
24718
25209
23119
18786
12774
5772
-1491
-8328
-14156
-18525
-21131
-21815
-20554
-17456
-12759
-6829
-157
6661
12962
18074
21393
22467
21073
17269
11407
4108
-3815
-11459
-17953
-22575
-24845
-24580
-21894
-17166
-10967
-3970
3141
9741
15316
19489
22014
22770
21741
19008
14749
9242
2876
-3856
-10372
-16048
-20279
-22562
-22571
-20219
-15695
-9452
-2160
5382
12349
18005
21791
23390
22743
20034
15633
10027
3752
-2675
-8791
-14203
-18591
-21694
-23307
-23278
-21529
-18082
-13090
-6866
124
7279
13920
19371
23050
24552
23716
20646
15704
9452
2566
-4252
-10371
-15295
-18702
-20448
-20539
-19094
-16300
-12377
-7562
-2112
3683
9486
14901
19489
22805
24451
24142
21768
17438
11484
4439
-3027
-10196
-16398
-21097
-23949
-24833
-23833
-21195
-17269
-12441
-7082
-1521
3964
9127
13732
17535
20273
21685
21548
19726
16225
11226
5098
-1631
-8328
-14339
-19077
-22108
-23198
-22340
-19731
-15719
-10741
-5241
379
5798
10778
15145
18756
21466
23111
23512
22505
19986
15959
10586
4196
-2727
-9595
-15790
-20750
-24052
-25465
-24976
-22770
-19180
-14624
-9523
-4248
917
5776
10197
14077
17297
19700
21088
21249
20007
17276
13115
7755
1596
-4831
-10938
-16157
-20031
-22272
-22793
-21697
-19237
-15748
-11578
-7027
-2319
2403
7049
11537
15747
19489
22499
24467
25085
24121
21478
17245
11701
5294
-1425
-7882
-13568
-18106
-21295
-23105
-23647
-23111
-21701
-19579
-16838
-13498
-9548
-4992
89
5505
10937
15966
20131
23004
24269
23789
21632
18059
13479
8369
3188
-1692
-6031
-9732
-12810
-15333
-17361
-18889
-19825
-19992
-19174
-17181
-13920
-9452
-4016
1983
8031
13586
18168
21437
23239
23614
22759
20961
18517
15660
12521
9114
5374
1216
-3394
-8381
-13521
-18461
-22755
-25952
-27680
-27728
-26088
-22961
-18716
-13812
-8707
-3772
764
4831
8490
11867
15078
18157
21005
23396
25007
25498
24600
22191
18354
13373
7699
1865
-3613
-8328
-12050
-14744
-16547
-17693
-18431
-18934
-19241
-19243
-18710
-17367
-14982
-11457
-6883
-1553
4073
9452
14062
17506
19582
20313
19919
18745
17163
15467
13805
12147
10313
8037
5073
1287
-3267
-8328
-13456
-18116
-21785
-24065
-24768
-23951
-21896
-19028
-15815
-12647
-9751
-7146
-4666
-2023
1077
4831
9250
14115
19011
23395
26721
28561
28704
27204
24367
20675
16664
12802
9378
6445
3833
1216
-1772
-5409
-9781
-14721
-19828
-24540
-28256
-30482
-30944
-29657
-26921
-23245
-19226
-15398
-12111
-9452
-7239
-5094
-2565
728
4965
10045
15584
20986
25578
28767
30179
29755
27760
24720
21282
18059
15470
13644
12393
11282
9753
7294
3603
-1312
-7104
-13150
-18690
-23005
-25590
-26278
-25276
-23111
-20490
-18120
-16519
-15885
-16045
-16506
-16589
-15621
-13129
-8982
-3453
2828
9013
14239
17836
19489
19316
17833
15814
14091
13329
13846
15527
17844
19995
21112
20496
17815
13207
7266
912
-4831
-9088
-11343
-11577
-10263
-8243
-6510
-5936
-7044
-9852
-13860
-18163
-21681
-23433
-22803
-19704
-14624
-8515
-2563
2101
4690
4961
3277
517
-2150
-3571
-2915
95
5096
11155
16996
21313
23111
21957
18111
12473
6364
1202
-1858
-2218
0
3978
8403
11804
12923
11061
6263
-661
-8328
-15110
-19547
-20709
-18446
-13439
-7038
-933
3268
4451
2288
-2670
-9109
-15281
-19436
-20270
-17269
-10860
-2323
6503
13675
17624
17552
13646
7044
-438
-6748
-10116
-9502
-4874
2766
11612
19489
24393
24992
20975
13146
3247
-6453
-13713
-16874
-15271
-9419
-894
8039
14981
17991
16075
9452
-484
-11483
-20977
-26708
-27284
-22529
-13547
-2464
8071
15531
18124
15240
7608
-2863
-13539
-21694
-25174
-22923
-15258
-3804
8879
19903
26744
27847
23008
13430
1444
-10040
-18230
-21115
-17953
-9452
2389
14751
24660
29696
28562
21402
9768
-3740
-16081
-24488
-27110
-23450
-14470
-2370
9933
19489
23995
22337
14836
3174
-10002
-21698
-29260
-30980
-26482
-16796
-4110
8737
18907
24204
23562
17269
6882
-5141
-16010
-23227
-25144
-21317
-12579
-836
11371
21439
27272
27724
22829
13764
2566
-8328
-16611
-20598
-19566
-13876
-4870
5444
14830
21300
23513
21037
14409
4991
-5321
-14505
-20812
-23111
-21086
-15278
-6950
2178
10279
15767
17601
15467
9822
1797
-7032
-14943
-20394
-22308
-20275
-14624
-6366
2997
11743
18255
21326
20385
15618
7946
-1143
-9863
-16470
-19603
-18552
-13416
-5102
4831
14468
21899
25605
24765
19436
10561
-202
-10793
-19159
-23661
-23411
-18457
-9790
852
11321
19489
23676
22989
17506
8259
-2970
-14002
-22701
-27390
-27185
-22159
-13316
-2383
8538
17386
22537
23111
19117
11435
1619
-8414
-16757
-21866
-22839
-19557
-12675
-3479
6373
15156
21389
24077
22861
18059
10579
1745
-6935
-14023
-18380
-19340
-16806
-11247
-3621
4785
12557
18379
21238
20593
16466
9452
634
-8577
-16669
-22278
-24419
-22671
-17266
-9070
547
9934
17446
21735
21998
18136
10784
1216
-8878
-17691
-23626
-25585
-23172
-16768
-7458
3158
13264
21146
25502
25659
21680
14337
4956
-4831
-13373
-19282
-21658
-20214
-15302
-7819
962
9610
16770
21364
22742
20752
15744
8489
60
-8328
-15489
-20425
-22454
-21302
-17139
-10562
-2517
5819
13200
18490
20833
19793
15444
8376
-370
-9452
-17427
-22985
-25167
-23534
-18256
-10098
-306
9595
18051
23738
25781
23899
18445
10342
916
-8328
-15950
-20809
-22233
-20100
-14836
-7317
1280
9676
16676
21335
23071
21720
17531
11107
3316
-4831
-12303
-18167
-21692
-22436
-20294
-15522
-8715
-749
7315
14367
19391
21614
20635
16499
9718
1216
-7793
-15984
-22118
-25243
-24846
-20941
-14071
-5225
4317
13185
20136
24233
24981
22385
16923
9452
1064
-7079
-13917
-18615
-20664
-19908
-16541
-11055
-4160
3299
10441
16433
20571
22346
21500
18059
12350
4978
-3219
-11256
-18121
-22898
-24907
-23810
-19683
-13021
-4692
4186
12397
18810
22546
23111
20461
15010
7549
-873
-9116
-16108
-20992
-23227
-22631
-19380
-13947
-7025
575
8021
14540
19489
22393
22979
21192
17198
11380
4318
-3252
-10500
-16581
-20738
-22403
-21287
-17441
-11278
-3530
4831
12726
19119
23164
24330
22475
17858
11093
3053
-5263
-12871
-18928
-22826
-24245
-23158
-19803
-14624
-8203
-1193
5740
11965
16925
20162
21356
20348
17173
12078
5526
-1827
-9185
-15695
-20553
-23111
-22980
-20099
-14756
-7561
632
8844
16108
21593
24718
25209
23119
18786
12774
5772
-1491
-8328
-14156
-18525
-21131
-21815
-20554
-17456
-12759
-6829
-157
6661
12962
18074
21393
22467
21073
17269
11407
4108
-3815
-11459
-17953
-22575
-24845
-24580
-21894
-17166
-10967
-3970
3141
9741
15316
19489
22014
22770
21741
19008
14749
9242
2876
-3856
-10372
-16048
-20279
-22562
-22571
-20219
-15695
-9452
-2160
5382
12349
18005
21791
23390
22743
20034
15633
10027
3752
-2675
-8791
-14203
-18591
-21694
-23307
-23278
-21529
-18082
-13090
-6866
124
7279
13920
19371
23050
24552
23716
20646
15704
9452
2566
-4252
-10371
-15295
-18702
-20448
-20539
-19094
-16300
-12377
-7562
-2112
3683
9486
14901
19489
22805
24451
24142
21768
17438
11484
4439
-3027
-10196
-16398
-21097
-23949
-24833
-23833
-21195
-17269
-12441
-7082
-1521
3964
9127
13732
17535
20273
21685
21548
19726
16225
11226
5098
-1631
-8328
-14339
-19077
-22108
-23198
-22340
-19731
-15719
-10741
-5241
379
5798
10778
15145
18756
21466
23111
23512
22505
19986
15959
10586
4196
-2727
-9595
-15790
-20750
-24052
-25465
-24976
-22770
-19180
-14624
-9523
-4248
917
5776
10197
14077
17297
19700
21088
21249
20007
17276
13115
7755
1596
-4831
-10938
-16157
-20031
-22272
-22793
-21697
-19237
-15748
-11578
-7027
-2319
2403
7049
11537
15747
19489
22499
24467
25085
24121
21478
17245
11701
5294
-1425
-7882
-13568
-18106
-21295
-23105
-23647
-23111
-21701
-19579
-16838
-13498
-9548
-4992
89
5505
10937
15966
20131
23004
24269
23789
21632
18059
13479
8369
3188
-1692
-6031
-9732
-12810
-15333
-17361
-18889
-19825
-19992
-19174
-17181
-13920
-9452
-4016
1983
8031
13586
18168
21437
23239
23614
22759
20961
18517
15660
12521
9114
5374
1216
-3394
-8381
-13521
-18461
-22755
-25952
-27680
-27728
-26088
-22961
-18716
-13812
-8707
-3772
764
4831
8490
11867
15078
18157
21005
23396
25007
25498
24600
22191
18354
13373
7699
1865
-3613
-8328
-12050
-14744
-16547
-17693
-18431
-18934
-19241
-19243
-18710
-17367
-14982
-11457
-6883
-1553
4073
9452
14062
17506
19582
20313
19919
18745
17163
15467
13805
12147
10313
8037
5073
1287
-3267
-8328
-13456
-18116
-21785
-24065
-24768
-23951
-21896
-19028
-15815
-12647
-9751
-7146
-4666
-2023
1077
4831
9250
14115
19011
23395
26721
28561
28704
27204
24367
20675
16664
12802
9378
6445
3833
1216
-1772
-5409
-9781
-14721
-19828
-24540
-28256
-30482
-30944
-29657
-26921
-23245
-19226
-15398
-12111
-9452
-7239
-5094
-2565
728
4965
10045
15584
20986
25578
28767
30179
29755
27760
24720
21282
18059
15470
13644
12393
11282
9753
7294
3603
-1312
-7104
-13150
-18690
-23005
-25590
-26278
-25276
-23111
-20490
-18120
-16519
-15885
-16045
-16506
-16589
-15621
-13129
-8982
-3453
2828
9013
14239
17836
19489
19316
17833
15814
14091
13329
13846
15527
17844
19995
21112
20496
17815
13207
7266
912
-4831
-9088
-11343
-11577
-10263
-8243
-6510
-5936
-7044
-9852
-13860
-18163
-21681
-23433
-22803
-19704
-14624
-8515
-2563
2101
4690
4961
3277
517
-2150
-3571
-2915
95
5096
11155
16996
21313
23111
21957
18111
12473
6364
1202
-1858
-2218
0
3978
8403
11804
12923
11061
6263
-661
-8328
-15110
-19547
-20709
-18446
-13439
-7038
-933
3268
4451
2288
-2670
-9109
-15281
-19436
-20270
-17269
-10860
-2323
6503
13675
17624
17552
13646
7044
-438
-6748
-10116
-9502
-4874
2766
11612
19489
24393
24992
20975
13146
3247
-6453
-13713
-16874
-15271
-9419
-894
8039
14981
17991
16075
9452
-484
-11483
-20977
-26708
-27284
-22529
-13547
-2464
8071
15531
18124
15240
7608
-2863
-13539
-21694
-25174
-22923
-15258
-3804
8879
19903
26744
27847
23008
13430
1444
-10040
-18230
-21115
-17953
-9452
2389
14751
24660
29696
28562
21402
9768
-3740
-16081
-24488
-27110
-23450
-14470
-2370
9933
19489
23995
22337
14836
3174
-10002
-21698
-29260
-30980
-26482
-16796
-4110
8737
18907
24204
23562
17269
6882
-5141
-16010
-23227
-25144
-21317
-12579
-836
11371
21439
27272
27724
22829
13764
2566
-8328
-16611
-20598
-19566
-13876
-4870
5444
14830
21300
23513
21037
14409
4991
-5321
-14505
-20812
-23111
-21086
-15278
-6950
2178
10279
15767
17601
15467
9822
1797
-7032
-14943
-20394
-22308
-20275
-14624
-6366
2997
11743
18255
21326
20385
15618
7946
-1143
-9863
-16470
-19603
-18552
-13416
-5102
4831
14468
21899
25605
24765
19436
10561
-202
-10793
-19159
-23661
-23411
-18457
-9790
852
11321
19489
23676
22989
17506
8259
-2970
-14002
-22701
-27390
-27185
-22159
-13316
-2383
8538
17386
22537
23111
19117
11435
1619
-8414
-16757
-21866
-22839
-19557
-12675
-3479
6373
15156
21389
24077
22861
18059
10579
1745
-6935
-14023
-18380
-19340
-16806
-11247
-3621
4785
12557
18379
21238
20593
16466
9452
634
-8577
-16669
-22278
-24419
-22671
-17266
-9070
547
9934
17446
21735
21998
18136
10784
1216
-8878
-17691
-23626
-25585
-23172
-16768
-7458
3158
13264
21146
25502
25659
21680
14337
4956
-4831
-13373
-19282
-21658
-20214
-15302
-7819
962
9610
16770
21364
22742
20752
15744
8489
60
-8328
-15489
-20425
-22454
-21302
-17139
-10562
-2517
5819
13200
18490
20833
19793
15444
8376
-370
-9452
-17427
-22985
-25167
-23534
-18256
-10098
-306
9595
18051
23738
25781
23899
18445
10342
916
-8328
-15950
-20809
-22233
-20100
-14836
-7317
1280
9676
16676
21335
23071
21720
17531
11107
3316
-4831
-12303
-18167
-21692
-22436
-20294
-15522
-8715
-749
7315
14367
19391
21614
20635
16499
9718
1216
-7793
-15984
-22118
-25243
-24846
-20941
-14071
-5225
4317
13185
20136
24233
24981
22385
16923
9452
1064
-7079
-13917
-18615
-20664
-19908
-16541
-11055
-4160
3299
10441
16433
20571
22346
21500
18059
12350
4978
-3219
-11256
-18121
-22898
-24907
-23810
-19683
-13021
-4692
4186
12397
18810
22546
23111
20461
15010
7549
-873
-9116
-16108
-20992
-23227
-22631
-19380
-13947
-7025
575
8021
14540
19489
22393
22979
21192
17198
11380
4318
-3252
-10500
-16581
-20738
-22403
-21287
-17441
-11278
-3530
4831
12726
19119
23164
24330
22475
17858
11093
3053
-5263
-12871
-18928
-22826
-24245
-23158
-19803
-14624
-8203
-1193
5740
11965
16925
20162
21356
20348
17173
12078
5526
-1827
-9185
-15695
-20553
-23111
-22980
-20099
-14756
-7561
632
8844
16108
21593
24718
25209
23119
18786
12774
5772
-1491
-8328
-14156
-18525
-21131
-21815
-20554
-17456
-12759
-6829
-157
6661
12962
18074
21393
22467
21073
17269
11407
4108
-3815
-11459
-17953
-22575
-24845
-24580
-21894
-17166
-10967
-3970
3141
9741
15316
19489
22014
22770
21741
19008
14749
9242
2876
-3856
-10372
-16048
-20279
-22562
-22571
-20219
-15695
-9452
-2160
5382
12349
18005
21791
23390
22743
20034
15633
10027
3752
-2675
-8791
-14203
-18591
-21694
-23307
-23278
-21529
-18082
-13090
-6866
124
7279
13920
19371
23050
24552
23716
20646
15704
9452
2566
-4252
-10371
-15295
-18702
-20448
-20539
-19094
-16300
-12377
-7562
-2112
3683
9486
14901
19489
22805
24451
24142
21768
17438
11484
4439
-3027
-10196
-16398
-21097
-23949
-24833
-23833
-21195
-17269
-12441
-7082
-1521
3964
9127
13732
17535
20273
21685
21548
19726
16225
11226
5098
-1631
-8328
-14339
-19077
-22108
-23198
-22340
-19731
-15719
-10741
-5241
379
5798
10778
15145
18756
21466
23111
23512
22505
19986
15959
10586
4196
-2727
-9595
-15790
-20750
-24052
-25465
-24976
-22770
-19180
-14624
-9523
-4248
917
5776
10197
14077
17297
19700
21088
21249
20007
17276
13115
7755
1596
-4831
-10938
-16157
-20031
-22272
-22793
-21697
-19237
-15748
-11578
-7027
-2319
2403
7049
11537
15747
19489
22499
24467
25085
24121
21478
17245
11701
5294
-1425
-7882
-13568
-18106
-21295
-23105
-23647
-23111
-21701
-19579
-16838
-13498
-9548
-4992
89
5505
10937
15966
20131
23004
24269
23789
21632
18059
13479
8369
3188
-1692
-6031
-9732
-12810
-15333
-17361
-18889
-19825
-19992
-19174
-17181
-13920
-9452
-4016
1983
8031
13586
18168
21437
23239
23614
22759
20961
18517
15660
12521
9114
5374
1216
-3394
-8381
-13521
-18461
-22755
-25952
-27680
-27728
-26088
-22961
-18716
-13812
-8707
-3772
764
4831
8490
11867
15078
18157
21005
23396
25007
25498
24600
22191
18354
13373
7699
1865
-3613
-8328
-12050
-14744
-16547
-17693
-18431
-18934
-19241
-19243
-18710
-17367
-14982
-11457
-6883
-1553
4073
9452
14062
17506
19582
20313
19919
18745
17163
15467
13805
12147
10313
8037
5073
1287
-3267
-8328
-13456
-18116
-21785
-24065
-24768
-23951
-21896
-19028
-15815
-12647
-9751
-7146
-4666
-2023
1077
4831
9250
14115
19011
23395
26721
28561
28704
27204
24367
20675
16664
12802
9378
6445
3833
1216
-1772
-5409
-9781
-14721
-19828
-24540
-28256
-30482
-30944
-29657
-26921
-23245
-19226
-15398
-12111
-9452
-7239
-5094
-2565
728
4965
10045
15584
20986
25578
28767
30179
29755
27760
24720
21282
18059
15470
13644
12393
11282
9753
7294
3603
-1312
-7104
-13150
-18690
-23005
-25590
-26278
-25276
-23111
-20490
-18120
-16519
-15885
-16045
-16506
-16589
-15621
-13129
-8982
-3453
2828
9013
14239
17836
19489
19316
17833
15814
14091
13329
13846
15527
17844
19995
21112
20496
17815
13207
7266
912
-4831
-9088
-11343
-11577
-10263
-8243
-6510
-5936
-7044
-9852
-13860
-18163
-21681
-23433
-22803
-19704
-14624
-8515
-2563
2101
4690
4961
3277
517
-2150
-3571
-2915
95
5096
11155
16996
21313
23111
21957
18111
12473
6364
1202
-1858
-2218
0
3978
8403
11804
12923
11061
6263
-661
-8328
-15110
-19547
-20709
-18446
-13439
-7038
-933
3268
4451
2288
-2670
-9109
-15281
-19436
-20270
-17269
-10860
-2323
6503
13675
17624
17552
13646
7044
-438
-6748
-10116
-9502
-4874
2766
11612
19489
24393
24992
20975
13146
3247
-6453
-13713
-16874
-15271
-9419
-894
8039
14981
17991
16075
9452
-484
-11483
-20977
-26708
-27284
-22529
-13547
-2464
8071
15531
18124
15240
7608
-2863
-13539
-21694
-25174
-22923
-15258
-3804
8879
19903
26744
27847
23008
13430
1444
-10040
-18230
-21115
-17953
-9452
2389
14751
24660
29696
28562
21402
9768
-3740
-16081
-24488
-27110
-23450
-14470
-2370
9933
19489
23995
22337
14836
3174
-10002
-21698
-29260
-30980
-26482
-16796
-4110
8737
18907
24204
23562
17269
6882
-5141
-16010
-23227
-25144
-21317
-12579
-836
11371
21439
27272
27724
22829
13764
2566
-8328
-16611
-20598
-19566
-13876
-4870
5444
14830
21300
23513
21037
14409
4991
-5321
-14505
-20812
-23111
-21086
-15278
-6950
2178
10279
15767
17601
15467
9822
1797
-7032
-14943
-20394
-22308
-20275
-14624
-6366
2997
11743
18255
21326
20385
15618
7946
-1143
-9863
-16470
-19603
-18552
-13416
-5102
4831
14468
21899
25605
24765
19436
10561
-202
-10793
-19159
-23661
-23411
-18457
-9790
852
11321
19489
23676
22989
17506
8259
-2970
-14002
-22701
-27390
-27185
-22159
-13316
-2383
8538
17386
22537
23111
19117
11435
1619
-8414
-16757
-21866
-22839
-19557
-12675
-3479
6373
15156
21389
24077
22861
18059
10579
1745
-6935
-14023
-18380
-19340
-16806
-11247
-3621
4785
12557
18379
21238
20593
16466
9452
634
-8577
-16669
-22278
-24419
-22671
-17266
-9070
547
9934
17446
21735
21998
18136
10784
1216
-8878
-17691
-23626
-25585
-23172
-16768
-7458
3158
13264
21146
25502
25659
21680
14337
4956
-4831
-13373
-19282
-21658
-20214
-15302
-7819
962
9610
16770
21364
22742
20752
15744
8489
60
-8328
-15489
-20425
-22454
-21302
-17139
-10562
-2517
5819
13200
18490
20833
19793
15444
8376
-370
-9452
-17427
-22985
-25167
-23534
-18256
-10098
-306
9595
18051
23738
25781
23899
18445
10342
916
-8328
-15950
-20809
-22233
-20100
-14836
-7317
1280
9676
16676
21335
23071
21720
17531
11107
3316
-4831
-12303
-18167
-21692
-22436
-20294
-15522
-8715
-749
7315
14367
19391
21614
20635
16499
9718
1216
-7793
-15984
-22118
-25243
-24846
-20941
-14071
-5225
4317
13185
20136
24233
24981
22385
16923
9452
1064
-7079
-13917
-18615
-20664
-19908
-16541
-11055
-4160
3299
10441
16433
20571
22346
21500
18059
12350
4978
-3219
-11256
-18121
-22898
-24907
-23810
-19683
-13021
-4692
4186
12397
18810
22546
23111
20461
15010
7549
-873
-9116
-16108
-20992
-23227
-22631
-19380
-13947
-7025
575
8021
14540
19489
22393
22979
21192
17198
11380
4318
-3252
-10500
-16581
-20738
-22403
-21287
-17441
-11278
-3530
4831
12726
19119
23164
24330
22475
17858
11093
3053
-5263
-12871
-18928
-22826
-24245
-23158
-19803
-14624
-8203
-1193
5740
11965
16925
20162
21356
20348
17173
12078
5526
-1827
-9185
-15695
-20553
-23111
-22980
-20099
-14756
-7561
632
8844
16108
21593
24718
25209
23119
18786
12774
5772
-1491
-8328
-14156
-18525
-21131
-21815
-20554
-17456
-12759
-6829
-157
6661
12962
18074
21393
22467
21073
17269
11407
4108
-3815
-11459
-17953
-22575
-24845
-24580
-21894
-17166
-10967
-3970
3141
9741
15316
19489
22014
22770
21741
19008
14749
9242
2876
-3856
-10372
-16048
-20279
-22562
-22571
-20219
-15695
-9452
-2160
5382
12349
18005
21791
23390
22743
20034
15633
10027
3752
-2675
-8791
-14203
-18591
-21694
-23307
-23278
-21529
-18082
-13090
-6866
124
7279
13920
19371
23050
24552
23716
20646
15704
9452
2566
-4252
-10371
-15295
-18702
-20448
-20539
-19094
-16300
-12377
-7562
-2112
3683
9486
14901
19489
22805
24451
24142
21768
17438
11484
4439
-3027
-10196
-16398
-21097
-23949
-24833
-23833
-21195
-17269
-12441
-7082
-1521
3964
9127
13732
17535
20273
21685
21548
19726
16225
11226
5098
-1631
-8328
-14339
-19077
-22108
-23198
-22340
-19731
-15719
-10741
-5241
379
5798
10778
15145
18756
21466
23111
23512
22505
19986
15959
10586
4196
-2727
-9595
-15790
-20750
-24052
-25465
-24976
-22770
-19180
-14624
-9523
-4248
917
5776
10197
14077
17297
19700
21088
21249
20007
17276
13115
7755
1596
-4831
-10938
-16157
-20031
-22272
-22793
-21697
-19237
-15748
-11578
-7027
-2319
2403
7049
11537
15747
19489
22499
24467
25085
24121
21478
17245
11701
5294
-1425
-7882
-13568
-18106
-21295
-23105
-23647
-23111
-21701
-19579
-16838
-13498
-9548
-4992
89
5505
10937
15966
20131
23004
24269
23789
21632
18059
13479
8369
3188
-1692
-6031
-9732
-12810
-15333
-17361
-18889
-19825
-19992
-19174
-17181
-13920
-9452
-4016
1983
8031
13586
18168
21437
23239
23614
22759
20961
18517
15660
12521
9114
5374
1216
-3394
-8381
-13521
-18461
-22755
-25952
-27680
-27728
-26088
-22961
-18716
-13812
-8707
-3772
764
4831
8490
11867
15078
18157
21005
23396
25007
25498
24600
22191
18354
13373
7699
1865
-3613
-8328
-12050
-14744
-16547
-17693
-18431
-18934
-19241
-19243
-18710
-17367
-14982
-11457
-6883
-1553
4073
9452
14062
17506
19582
20313
19919
18745
17163
15467
13805
12147
10313
8037
5073
1287
-3267
-8328
-13456
-18116
-21785
-24065
-24768
-23951
-21896
-19028
-15815
-12647
-9751
-7146
-4666
-2023
1077
4831
9250
14115
19011
23395
26721
28561
28704
27204
24367
20675
16664
12802
9378
6445
3833
1216
-1772
-5409
-9781
-14721
-19828
-24540
-28256
-30482
-30944
-29657
-26921
-23245
-19226
-15398
-12111
-9452
-7239
-5094
-2565
728
4965
10045
15584
20986
25578
28767
30179
29755
27760
24720
21282
18059
15470
13644
12393
11282
9753
7294
3603
-1312
-7104
-13150
-18690
-23005
-25590
-26278
-25276
-23111
-20490
-18120
-16519
-15885
-16045
-16506
-16589
-15621
-13129
-8982
-3453
2828
9013
14239
17836
19489
19316
17833
15814
14091
13329
13846
15527
17844
19995
21112
20496
17815
13207
7266
912
-4831
-9088
-11343
-11577
-10263
-8243
-6510
-5936
-7044
-9852
-13860
-18163
-21681
-23433
-22803
-19704
-14624
-8515
-2563
2101
4690
4961
3277
517
-2150
-3571
-2915
95
5096
11155
16996
21313
23111
21957
18111
12473
6364
1202
-1858
-2218
0
3978
8403
11804
12923
11061
6263
-661
-8328
-15110
-19547
-20709
-18446
-13439
-7038
-933
3268
4451
2288
-2670
-9109
-15281
-19436
-20270
-17269
-10860
-2323
6503
13675
17624
17552
13646
7044
-438
-6748
-10116
-9502
-4874
2766
11612
19489
24393
24992
20975
13146
3247
-6453
-13713
-16874
-15271
-9419
-894
8039
14981
17991
16075
9452
-484
-11483
-20977
-26708
-27284
-22529
-13547
-2464
8071
15531
18124
15240
7608
-2863
-13539
-21694
-25174
-22923
-15258
-3804
8879
19903
26744
27847
23008
13430
1444
-10040
-18230
-21115
-17953
-9452
2389
14751
24660
29696
28562
21402
9768
-3740
-16081
-24488
-27110
-23450
-14470
-2370
9933
19489
23995
22337
14836
3174
-10002
-21698
-29260
-30980
-26482
-16796
-4110
8737
18907
24204
23562
17269
6882
-5141
-16010
-23227
-25144
-21317
-12579
-836
11371
21439
27272
27724
22829
13764
2566
-8328
-16611
-20598
-19566
-13876
-4870
5444
14830
21300
23513
21037
14409
4991
-5321
-14505
-20812
-23111
-21086
-15278
-6950
2178
10279
15767
17601
15467
9822
1797
-7032
-14943
-20394
-22308
-20275
-14624
-6366
2997
11743
18255
21326
20385
15618
7946
-1143
-9863
-16470
-19603
-18552
-13416
-5102
4831
14468
21899
25605
24765
19436
10561
-202
-10793
-19159
-23661
-23411
-18457
-9790
852
11321
19489
23676
22989
17506
8259
-2970
-14002
-22701
-27390
-27185
-22159
-13316
-2383
8538
17386
22537
23111
19117
11435
1619
-8414
-16757
-21866
-22839
-19557
-12675
-3479
6373
15156
21389
24077
22861
18059
10579
1745
-6935
-14023
-18380
-19340
-16806
-11247
-3621
4785
12557
18379
21238
20593
16466
9452
634
-8577
-16669
-22278
-24419
-22671
-17266
-9070
547
9934
17446
21735
21998
18136
10784
1216
-8878
-17691
-23626
-25585
-23172
-16768
-7458
3158
13264
21146
25502
25659
21680
14337
4956
-4831
-13373
-19282
-21658
-20214
-15302
-7819
962
9610
16770
21364
22742
20752
15744
8489
60
-8328
-15489
-20425
-22454
-21302
-17139
-10562
-2517
5819
13200
18490
20833
19793
15444
8376
-370
-9452
-17427
-22985
-25167
-23534
-18256
-10098
-306
9595
18051
23738
25781
23899
18445
10342
916
-8328
-15950
-20809
-22233
-20100
-14836
-7317
1280
9676
16676
21335
23071
21720
17531
11107
3316
-4831
-12303
-18167
-21692
-22436
-20294
-15522
-8715
-749
7315
14367
19391
21614
20635
16499
9718
1216
-7793
-15984
-22118
-25243
-24846
-20941
-14071
-5225
4317
13185
20136
24233
24981
22385
16923
9452
1064
-7079
-13917
-18615
-20664
-19908
-16541
-11055
-4160
3299
10441
16433
20571
22346
21500
18059
12350
4978
-3219
-11256
-18121
-22898
-24907
-23810
-19683
-13021
-4692
4186
12397
18810
22546
23111
20461
15010
7549
-873
-9116
-16108
-20992
-23227
-22631
-19380
-13947
-7025
575
8021
14540
19489
22393
22979
21192
17198
11380
4318
-3252
-10500
-16581
-20738
-22403
-21287
-17441
-11278
-3530
4831
12726
19119
23164
24330
22475
17858
11093
3053
-5263
-12871
-18928
-22826
-24245
-23158
-19803
-14624
-8203
-1193
5740
11965
16925
20162
21356
20348
17173
12078
5526
-1827
-9185
-15695
-20553
-23111
-22980
-20099
-14756
-7561
632
8844
16108
21593
24718
25209
23119
18786
12774
5772
-1491
-8328
-14156
-18525
-21131
-21815
-20554
-17456
-12759
-6829
-157
6661
12962
18074
21393
22467
21073
17269
11407
4108
-3815
-11459
-17953
-22575
-24845
-24580
-21894
-17166
-10967
-3970
3141
9741
15316
19489
22014
22770
21741
19008
14749
9242
2876
-3856
-10372
-16048
-20279
-22562
-22571
-20219
-15695
-9452
-2160
5382
12349
18005
21791
23390
22743
20034
15633
10027
3752
-2675
-8791
-14203
-18591
-21694
-23307
-23278
-21529
-18082
-13090
-6866
124
7279
13920
19371
23050
24552
23716
20646
15704
9452
2566
-4252
-10371
-15295
-18702
-20448
-20539
-19094
-16300
-12377
-7562
-2112
3683
9486
14901
19489
22805
24451
24142
21768
17438
11484
4439
-3027
-10196
-16398
-21097
-23949
-24833
-23833
-21195
-17269
-12441
-7082
-1521
3964
9127
13732
17535
20273
21685
21548
19726
16225
11226
5098
-1631
-8328
-14339
-19077
-22108
-23198
-22340
-19731
-15719
-10741
-5241
379
5798
10778
15145
18756
21466
23111
23512
22505
19986
15959
10586
4196
-2727
-9595
-15790
-20750
-24052
-25465
-24976
-22770
-19180
-14624
-9523
-4248
917
5776
10197
14077
17297
19700
21088
21249
20007
17276
13115
7755
1596
-4831
-10938
-16157
-20031
-22272
-22793
-21697
-19237
-15748
-11578
-7027
-2319
2403
7049
11537
15747
19489
22499
24467
25085
24121
21478
17245
11701
5294
-1425
-7882
-13568
-18106
-21295
-23105
-23647
-23111
-21701
-19579
-16838
-13498
-9548
-4992
89
5505
10937
15966
20131
23004
24269
23789
21632
18059
13479
8369
3188
-1692
-6031
-9732
-12810
-15333
-17361
-18889
-19825
-19992
-19174
-17181
-13920
-9452
-4016
1983
8031
13586
18168
21437
23239
23614
22759
20961
18517
15660
12521
9114
5374
1216
-3394
-8381
-13521
-18461
-22755
-25952
-27680
-27728
-26088
-22961
-18716
-13812
-8707
-3772
764
4831
8490
11867
15078
18157
21005
23396
25007
25498
24600
22191
18354
13373
7699
1865
-3613
-8328
-12050
-14744
-16547
-17693
-18431
-18934
-19241
-19243
-18710
-17367
-14982
-11457
-6883
-1553
4073
9452
14062
17506
19582
20313
19919
18745
17163
15467
13805
12147
10313
8037
5073
1287
-3267
-8328
-13456
-18116
-21785
-24065
-24768
-23951
-21896
-19028
-15815
-12647
-9751
-7146
-4666
-2023
1077
4831
9250
14115
19011
23395
26721
28561
28704
27204
24367
20675
16664
12802
9378
6445
3833
1216
-1772
-5409
-9781
-14721
-19828
-24540
-28256
-30482
-30944
-29657
-26921
-23245
-19226
-15398
-12111
-9452
-7239
-5094
-2565
728
4965
10045
15584
20986
25578
28767
30179
29755
27760
24720
21282
18059
15470
13644
12393
11282
9753
7294
3603
-1312
-7104
-13150
-18690
-23005
-25590
-26278
-25276
-23111
-20490
-18120
-16519
-15885
-16045
-16506
-16589
-15621
-13129
-8982
-3453
2828
9013
14239
17836
19489
19316
17833
15814
14091
13329
13846
15527
17844
19995
21112
20496
17815
13207
7266
912
-4831
-9088
-11343
-11577
-10263
-8243
-6510
-5936
-7044
-9852
-13860
-18163
-21681
-23433
-22803
-19704
-14624
-8515
-2563
2101
4690
4961
3277
517
-2150
-3571
-2915
95
5096
11155
16996
21313
23111
21957
18111
12473
6364
1202
-1858
-2218
0
3978
8403
11804
12923
11061
6263
-661
-8328
-15110
-19547
-20709
-18446
-13439
-7038
-933
3268
4451
2288
-2670
-9109
-15281
-19436
-20270
17269
10860
2323
-6503
-13675
-17624
-17552
-13646
-7044
438
6748
10116
9502
4874
-2766
-11612
-19489
-24393
-24992
-20975
-13146
-3247
6453
13713
16874
15271
9419
894
-8039
-14981
-17991
-16075
-9452
484
11483
20977
26708
27284
22529
13547
2464
-8071
-15531
-18124
-15240
-7608
2863
13539
21694
25174
22923
15258
3804
-8879
-19903
-26744
-27847
-23008
-13430
-1444
10040
18230
21115
17953
9452
-2389
-14751
-24660
-29696
-28562
-21402
-9768
3740
16081
24488
27110
23450
14470
2370
-9933
-19489
-23995
-22337
-14836
-3174
10002
21698
29260
30980
26482
16796
4110
-8737
-18907
-24204
-23562
-17269
-6882
5141
16010
23227
25144
21317
12579
836
-11371
-21439
-27272
-27724
-22829
-13764
-2566
8328
16611
20598
19566
13876
4870
-5444
-14830
-21300
-23513
-21037
-14409
-4991
5321
14505
20812
23111
21086
15278
6950
-2178
-10279
-15767
-17601
-15467
-9822
-1797
7032
14943
20394
22308
20275
14624
6366
-2997
-11743
-18255
-21326
-20385
-15618
-7946
1143
9863
16470
19603
18552
13416
5102
-4831
-14468
-21899
-25605
-24765
-19436
-10561
202
10793
19159
23661
23411
18457
9790
-852
-11321
-19489
-23676
-22989
-17506
-8259
2970
14002
22701
27390
27185
22159
13316
2383
-8538
-17386
-22537
-23111
-19117
-11435
-1619
8414
16757
21866
22839
19557
12675
3479
-6373
-15156
-21389
-24077
-22861
-18059
-10579
-1745
6935
14023
18380
19340
16806
11247
3621
-4785
-12557
-18379
-21238
-20593
-16466
-9452
-634
8577
16669
22278
24419
22671
17266
9070
-547
-9934
-17446
-21735
-21998
-18136
-10784
-1216
8878
17691
23626
25585
23172
16768
7458
-3158
-13264
-21146
-25502
-25659
-21680
-14337
-4956
4831
13373
19282
21658
20214
15302
7819
-962
-9610
-16770
-21364
-22742
-20752
-15744
-8489
-60
8328
15489
20425
22454
21302
17139
10562
2517
-5819
-13200
-18490
-20833
-19793
-15444
-8376
370
9452
17427
22985
25167
23534
18256
10098
306
-9595
-18051
-23738
-25781
-23899
-18445
-10342
-916
8328
15950
20809
22233
20100
14836
7317
-1280
-9676
-16676
-21335
-23071
-21720
-17531
-11107
-3316
4831
12303
18167
21692
22436
20294
15522
8715
749
-7315
-14367
-19391
-21614
-20635
-16499
-9718
-1216
7793
15984
22118
25243
24846
20941
14071
5225
-4317
-13185
-20136
-24233
-24981
-22385
-16923
-9452
-1064
7079
13917
18615
20664
19908
16541
11055
4160
-3299
-10441
-16433
-20571
-22346
-21500
-18059
-12350
-4978
3219
11256
18121
22898
24907
23810
19683
13021
4692
-4186
-12397
-18810
-22546
-23111
-20461
-15010
-7549
873
9116
16108
20992
23227
22631
19380
13947
7025
-575
-8021
-14540
-19489
-22393
-22979
-21192
-17198
-11380
-4318
3252
10500
16581
20738
22403
21287
17441
11278
3530
-4831
-12726
-19119
-23164
-24330
-22475
-17858
-11093
-3053
5263
12871
18928
22826
24245
23158
19803
14624
8203
1193
-5740
-11965
-16925
-20162
-21356
-20348
-17173
-12078
-5526
1827
9185
15695
20553
23111
22980
20099
14756
7561
-632
-8844
-16108
-21593
-24718
-25209
-23119
-18786
-12774
-5772
1491
8328
14156
18525
21131
21815
20554
17456
12759
6829
157
-6661
-12962
-18074
-21393
-22467
-21073
-17269
-11407
-4108
3815
11459
17953
22575
24845
24580
21894
17166
10967
3970
-3141
-9741
-15316
-19489
-22014
-22770
-21741
-19008
-14749
-9242
-2876
3856
10372
16048
20279
22562
22571
20219
15695
9452
2160
-5382
-12349
-18005
-21791
-23390
-22743
-20034
-15633
-10027
-3752
2675
8791
14203
18591
21694
23307
23278
21529
18082
13090
6866
-124
-7279
-13920
-19371
-23050
-24552
-23716
-20646
-15704
-9452
-2566
4252
10371
15295
18702
20448
20539
19094
16300
12377
7562
2112
-3683
-9486
-14901
-19489
-22805
-24451
-24142
-21768
-17438
-11484
-4439
3027
10196
16398
21097
23949
24833
23833
21195
17269
12441
7082
1521
-3964
-9127
-13732
-17535
-20273
-21685
-21548
-19726
-16225
-11226
-5098
1631
8328
14339
19077
22108
23198
22340
19731
15719
10741
5241
-379
-5798
-10778
-15145
-18756
-21466
-23111
-23512
-22505
-19986
-15959
-10586
-4196
2727
9595
15790
20750
24052
25465
24976
22770
19180
14624
9523
4248
-917
-5776
-10197
-14077
-17297
-19700
-21088
-21249
-20007
-17276
-13115
-7755
-1596
4831
10938
16157
20031
22272
22793
21697
19237
15748
11578
7027
2319
-2403
-7049
-11537
-15747
-19489
-22499
-24467
-25085
-24121
-21478
-17245
-11701
-5294
1425
7882
13568
18106
21295
23105
23647
23111
21701
19579
16838
13498
9548
4992
-89
-5505
-10937
-15966
-20131
-23004
-24269
-23789
-21632
-18059
-13479
-8369
-3188
1692
6031
9732
12810
15333
17361
18889
19825
19992
19174
17181
13920
9452
4016
-1983
-8031
-13586
-18168
-21437
-23239
-23614
-22759
-20961
-18517
-15660
-12521
-9114
-5374
-1216
3394
8381
13521
18461
22755
25952
27680
27728
26088
22961
18716
13812
8707
3772
-764
-4831
-8490
-11867
-15078
-18157
-21005
-23396
-25007
-25498
-24600
-22191
-18354
-13373
-7699
-1865
3613
8328
12050
14744
16547
17693
18431
18934
19241
19243
18710
17367
14982
11457
6883
1553
-4073
-9452
-14062
-17506
-19582
-20313
-19919
-18745
-17163
-15467
-13805
-12147
-10313
-8037
-5073
-1287
3267
8328
13456
18116
21785
24065
24768
23951
21896
19028
15815
12647
9751
7146
4666
2023
-1077
-4831
-9250
-14115
-19011
-23395
-26721
-28561
-28704
-27204
-24367
-20675
-16664
-12802
-9378
-6445
-3833
-1216
1772
5409
9781
14721
19828
24540
28256
30482
30944
29657
26921
23245
19226
15398
12111
9452
7239
5094
2565
-728
-4965
-10045
-15584
-20986
-25578
-28767
-30179
-29755
-27760
-24720
-21282
-18059
-15470
-13644
-12393
-11282
-9753
-7294
-3603
1312
7104
13150
18690
23005
25590
26278
25276
23111
20490
18120
16519
15885
16045
16506
16589
15621
13129
8982
3453
-2828
-9013
-14239
-17836
-19489
-19316
-17833
-15814
-14091
-13329
-13846
-15527
-17844
-19995
-21112
-20496
-17815
-13207
-7266
-912
4831
9088
11343
11577
10263
8243
6510
5936
7044
9852
13860
18163
21681
23433
22803
19704
14624
8515
2563
-2101
-4690
-4961
-3277
-517
2150
3571
2915
-95
-5096
-11155
-16996
-21313
-23111
-21957
-18111
-12473
-6364
-1202
1858
2218
0
-3978
-8403
-11804
-12923
-11061
-6263
661
8328
15110
19547
20709
18446
13439
7038
933
-3268
-4451
-2288
2670
9109
15281
19436
20270
-17269
-10860
-2323
6503
13675
17624
17552
13646
7044
-438
-6748
-10116
-9502
-4874
2766
11612
19489
24393
24992
20975
13146
3247
-6453
-13713
-16874
-15271
-9419
-894
8039
14981
17991
16075
9452
-484
-11483
-20977
-26708
-27284
-22529
-13547
-2464
8071
15531
18124
15240
7608
-2863
-13539
-21694
-25174
-22923
-15258
-3804
8879
19903
26744
27847
23008
13430
1444
-10040
-18230
-21115
-17953
-9452
2389
14751
24660
29696
28562
21402
9768
-3740
-16081
-24488
-27110
-23450
-14470
-2370
9933
19489
23995
22337
14836
3174
-10002
-21698
-29260
-30980
-26482
-16796
-4110
8737
18907
24204
23562
17269
6882
-5141
-16010
-23227
-25144
-21317
-12579
-836
11371
21439
27272
27724
22829
13764
2566
-8328
-16611
-20598
-19566
-13876
-4870
5444
14830
21300
23513
21037
14409
4991
-5321
-14505
-20812
-23111
-21086
-15278
-6950
2178
10279
15767
17601
15467
9822
1797
-7032
-14943
-20394
-22308
-20275
-14624
-6366
2997
11743
18255
21326
20385
15618
7946
-1143
-9863
-16470
-19603
-18552
-13416
-5102
4831
14468
21899
25605
24765
19436
10561
-202
-10793
-19159
-23661
-23411
-18457
-9790
852
11321
19489
23676
22989
17506
8259
-2970
-14002
-22701
-27390
-27185
-22159
-13316
-2383
8538
17386
22537
23111
19117
11435
1619
-8414
-16757
-21866
-22839
-19557
-12675
-3479
6373
15156
21389
24077
22861
18059
10579
1745
-6935
-14023
-18380
-19340
-16806
-11247
-3621
4785
12557
18379
21238
20593
16466
9452
634
-8577
-16669
-22278
-24419
-22671
-17266
-9070
547
9934
17446
21735
21998
18136
10784
1216
-8878
-17691
-23626
-25585
-23172
-16768
-7458
3158
13264
21146
25502
25659
21680
14337
4956
-4831
-13373
-19282
-21658
-20214
-15302
-7819
962
9610
16770
21364
22742
20752
15744
8489
60
-8328
-15489
-20425
-22454
-21302
-17139
-10562
-2517
5819
13200
18490
20833
19793
15444
8376
-370
-9452
-17427
-22985
-25167
-23534
-18256
-10098
-306
9595
18051
23738
25781
23899
18445
10342
916
-8328
-15950
-20809
-22233
-20100
-14836
-7317
1280
9676
16676
21335
23071
21720
17531
11107
3316
-4831
-12303
-18167
-21692
-22436
-20294
-15522
-8715
-749
7315
14367
19391
21614
20635
16499
9718
1216
-7793
-15984
-22118
-25243
-24846
-20941
-14071
-5225
4317
13185
20136
24233
24981
22385
16923
9452
1064
-7079
-13917
-18615
-20664
-19908
-16541
-11055
-4160
3299
10441
16433
20571
22346
21500
18059
12350
4978
-3219
-11256
-18121
-22898
-24907
-23810
-19683
-13021
-4692
4186
12397
18810
22546
23111
20461
15010
7549
-873
-9116
-16108
-20992
-23227
-22631
-19380
-13947
-7025
575
8021
14540
19489
22393
22979
21192
17198
11380
4318
-3252
-10500
-16581
-20738
-22403
-21287
-17441
-11278
-3530
4831
12726
19119
23164
24330
22475
17858
11093
3053
-5263
-12871
-18928
-22826
-24245
-23158
-19803
-14624
-8203
-1193
5740
11965
16925
20162
21356
20348
17173
12078
5526
-1827
-9185
-15695
-20553
-23111
-22980
-20099
-14756
-7561
632
8844
16108
21593
24718
25209
23119
18786
12774
5772
-1491
-8328
-14156
-18525
-21131
-21815
-20554
-17456
-12759
-6829
-157
6661
12962
18074
21393
22467
21073
17269
11407
4108
-3815
-11459
-17953
-22575
-24845
-24580
-21894
-17166
-10967
-3970
3141
9741
15316
19489
22014
22770
21741
19008
14749
9242
2876
-3856
-10372
-16048
-20279
-22562
-22571
-20219
-15695
-9452
-2160
5382
12349
18005
21791
23390
22743
20034
15633
10027
3752
-2675
-8791
-14203
-18591
-21694
-23307
-23278
-21529
-18082
-13090
-6866
124
7279
13920
19371
23050
24552
23716
20646
15704
9452
2566
-4252
-10371
-15295
-18702
-20448
-20539
-19094
-16300
-12377
-7562
-2112
3683
9486
14901
19489
22805
24451
24142
21768
17438
11484
4439
-3027
-10196
-16398
-21097
-23949
-24833
-23833
-21195
-17269
-12441
-7082
-1521
3964
9127
13732
17535
20273
21685
21548
19726
16225
11226
5098
-1631
-8328
-14339
-19077
-22108
-23198
-22340
-19731
-15719
-10741
-5241
379
5798
10778
15145
18756
21466
23111
23512
22505
19986
15959
10586
4196
-2727
-9595
-15790
-20750
-24052
-25465
-24976
-22770
-19180
-14624
-9523
-4248
917
5776
10197
14077
17297
19700
21088
21249
20007
17276
13115
7755
1596
-4831
-10938
-16157
-20031
-22272
-22793
-21697
-19237
-15748
-11578
-7027
-2319
2403
7049
11537
15747
19489
22499
24467
25085
24121
21478
17245
11701
5294
-1425
-7882
-13568
-18106
-21295
-23105
-23647
-23111
-21701
-19579
-16838
-13498
-9548
-4992
89
5505
10937
15966
20131
23004
24269
23789
21632
18059
13479
8369
3188
-1692
-6031
-9732
-12810
-15333
-17361
-18889
-19825
-19992
-19174
-17181
-13920
-9452
-4016
1983
8031
13586
18168
21437
23239
23614
22759
20961
18517
15660
12521
9114
5374
1216
-3394
-8381
-13521
-18461
-22755
-25952
-27680
-27728
-26088
-22961
-18716
-13812
-8707
-3772
764
4831
8490
11867
15078
18157
21005
23396
25007
25498
24600
22191
18354
13373
7699
1865
-3613
-8328
-12050
-14744
-16547
-17693
-18431
-18934
-19241
-19243
-18710
-17367
-14982
-11457
-6883
-1553
4073
9452
14062
17506
19582
20313
19919
18745
17163
15467
13805
12147
10313
8037
5073
1287
-3267
-8328
-13456
-18116
-21785
-24065
-24768
-23951
-21896
-19028
-15815
-12647
-9751
-7146
-4666
-2023
1077
4831
9250
14115
19011
23395
26721
28561
28704
27204
24367
20675
16664
12802
9378
6445
3833
1216
-1772
-5409
-9781
-14721
-19828
-24540
-28256
-30482
-30944
-29657
-26921
-23245
-19226
-15398
-12111
-9452
-7239
-5094
-2565
728
4965
10045
15584
20986
25578
28767
30179
29755
27760
24720
21282
18059
15470
13644
12393
11282
9753
7294
3603
-1312
-7104
-13150
-18690
-23005
-25590
-26278
-25276
-23111
-20490
-18120
-16519
-15885
-16045
-16506
-16589
-15621
-13129
-8982
-3453
2828
9013
14239
17836
19489
19316
17833
15814
14091
13329
13846
15527
17844
19995
21112
20496
17815
13207
7266
912
-4831
-9088
-11343
-11577
-10263
-8243
-6510
-5936
-7044
-9852
-13860
-18163
-21681
-23433
-22803
-19704
-14624
-8515
-2563
2101
4690
4961
3277
517
-2150
-3571
-2915
95
5096
11155
16996
21313
23111
21957
18111
12473
6364
1202
-1858
-2218
0
3978
8403
11804
12923
11061
6263
-661
-8328
-15110
-19547
-20709
-18446
-13439
-7038
-933
3268
4451
2288
-2670
-9109
-15281
-19436
-20270
0
0
0
0
0
0
0
0
0
0
0
0
0
0
0
0
0
0
0
0
0
0
0
0
0
0
0
0
0
0
0
0
0
0
0
0
0
0
0
0
0
0
0
0
0
0
0
0
0
0
0
0
0
0
0
0
0
0
0
0
0
0
0
0
0
0
0
0
0
0
0
0
0
0
0
0
0
0
0
0
0
0
0
0
0
0
0
0
0
0
0
0
0
0
0
0
0
0
0
0
0
0
0
0
0
0
0
0
0
0
0
0
0
0
0
0
0
0
0
0
0
0
0
0
0
0
0
0
0
0
0
0
0
0
0
0
0
0
0
0
0
0
0
0
0
0
0
0
0
0
0
0
0
0
0
0
0
0
0
0
0
0
0
0
0
0
0
0
0
0
0
0
0
0
0
0
0
0
0
0
0
0
0
0
0
0
0
0
0
0
0
0
0
0
0
0
0
0
0
0
0
0
0
0
0
0
0
0
0
0
0
0
0
0
0
0
0
0
0
0
0
0
0
0
0
0
0
0
0
0
0
0
0
0
0
0
0
0
0
0
0
0
0
0
0
0
0
0
0
0
0
0
0
0
0
0
0
0
0
0
0
0
0
0
0
0
0
0
0
0
0
0
0
0
0
0
0
0
0
0
0
0
0
0
0
0
0
0
0
0
0
0
0
0
0
0
0
0
0
0
0
0
0
0
0
0
0
0
0
0
0
0
0
0
0
0
0
0
0
0
0
0
0
0
0
0
0
0
0
0
0
0
0
0
0
0
0
0
0
0
0
0
0
0
0
0
0
0
0
0
0
0
0
0
0
0
0
0
0
0
0
0
0
0
0
0
0
0
0
0
0
0
0
0
0
0
0
0
0
0
0
0
0
0
0
0
0
0
0
0
0
0
0
0
0
0
0
0
0
0
0
0
0
0
0
0
0
0
0
0
0
0
0
0
0
0
0
0
0
0
0
0
0
0
0
0
0
0
0
0
0
0
0
0
0
0
0
0
0
0
0
0
0
0
0
0
0
0
0
0
0
0
0
0
0
0
0
0
0
0
0
0
0
0
0
0
0
0
0
0
0
0
0
0
0
0
0
0
0
0
0
0
0
0
0
0
0
0
0
0
0
0
0
0
0
0
0
0
0
0
0
0
0
0
0
0
0
0
0
0
0
0
0
0
0
0
0
0
0
0
0
0
0
0
0
0
0
0
0
0
0
0
0
0
0
0
0
0
0
0
0
0
0
0
0
0
0
0
0
0
0
0
0
0
0
0
0
0
0
0
0
0
0
0
0
0
0
0
0
0
0
0
0
0
0
0
0
0
0
0
0
0
0
0
0
0
0
0
0
0
0
0
0
0
0
0
0
0
0
0
0
0
0
0
0
0
0
0
0
0
0
0
0
0
0
0
0
0
0
0
0
0
0
0
0
0
0
0
0
0
0
0
0
0
0
0
0
0
0
0
0
0
0
0
0
0
0
0
0
0
0
0
0
0
0
0
0
0
0
0
0
0
0
0
0
0
0
0
0
0
0
0
0
0
0
0
0
0
0
0
0
0
0
0
0
0
0
0
0
0
0
0
0
0
0
0
0
0
0
0
0
0
0
0
0
0
0
0
0
0
0
0
0
0
0
0
0
0
0
0
0
0
0
0
0
0
0
0
0
0
0
0
0
0
0
0
0
0
0
0
0
0
0
0
0
0
0
0
0
0
0
0
0
0
0
0
0
0
0
0
0
0
0
0
0
0
0
0
0
0
0
0
0
0
0
0
0
0
0
0
0
0
0
0
0
0
0
0
0
0
0
0
0
0
0
0
0
0
0
0
0
0
0
0
0
0
0
0
0
0
0
0
0
0
0
0
0
0
0
0
0
0
0
0
0
0
0
0
0
0
0
0
0
0
0
0
0
0
0
0
0
0
0
0
0
0
0
0
0
0
0
0
0
0
0
0
0
0
0
0
0
0
0
0
0
0
0
0
0
0
0
0
0
0
0
0
0
0
0
0
0
0
0
0
0
0
0
0
0
0
0
0
0
0
0
0
0
0
0
0
0
0
0
0
0
0
0
0
0
0
0
0
0
0
0
0
0
0
0
0
0
0
0
0
0
0
0
0
0
0
0
0
0
0
0
0
0
0
0
0
0
0
0
0
0
0
0
0
0
0
0
0
0
0
0
0
0
0
0
0
294
239
101
-98
-317
-506
-617
-619
-503
-291
-29
220
395
447
359
151
-119
-370
-508
-456
-169
343
1019
1747
2387
2793
2848
2490
1725
634
-637
-1908
-2989
-3719
-3997
-3795
-3164
-2224
-1136
-71
816
1423
1707
1688
1438
1062
671
356
177
149
246
416
592
713
740
659
485
254
13
-193
-335
-398
-390
-334
-259
-194
-159
-163
-199
-254
-308
-344
-352
-329
-278
-209
-131
-51
27
105
182
260
334
394
431
434
399
331
246
169
126
138
211
328
453
530
497
300
-84
-646
-1328
-2029
-2623
-2979
-2989
-2592
-1793
-673
626
1921
3018
3750
4007
3763
3075
2075
944
-125
-966
-1468
-1595
-1391
-962
-450
-1
270
306
111
-250
-676
-1050
-1271
-1283
-1083
-719
-281
126
410
513
424
181
-137
-436
-627
-652
-496
-193
182
541
795
881
783
528
187
-146
-384
-458
-342
-61
319
703
994
1116
1033
762
368
-47
-375
-520
-430
-106
388
944
1423
1692
1647
1240
493
-505
-1618
-2676
-3513
-3995
-4045
-3650
-2867
-1809
-620
541
1537
2264
2667
2743
2538
2129
1612
1081
618
277
82
28
84
206
340
439
468
409
265
56
-184
-414
-597
-703
-717
-644
-505
-336
-178
-68
-32
-78
-194
-349
-501
-606
-630
-556
-392
-166
71
270
382
379
260
55
-184
-397
-520
-516
-373
-120
183
459
631
637
459
122
-300
-703
-965
-985
-698
-102
739
1702
2622
3327
3668
3548
2951
1939
645
-745
-2037
-3053
-3668
-3831
-3566
-2967
-2172
-1334
-592
-45
262
344
257
88
-72
-154
-115
45
299
590
857
1048
1134
1111
1000
842
681
554
486
477
511
560
589
573
497
365
193
8
-160
-292
-376
-414
-420
-415
-418
-445
-498
-570
-645
-704
-730
-714
-657
-570
-469
-373
-297
-245
-212
-184
-144
-74
31
173
334
491
614
679
672
593
458
297
145
0
38
145
297
458
593
672
679
614
491
334
173
31
-74
-144
-184
-212
-245
-297
-373
-469
-570
-657
-714
-730
-704
-645
-570
-498
-445
-418
-415
-420
-414
-376
-292
-160
8
193
365
497
573
589
560
511
477
486
554
681
842
1000
1111
1134
1048
857
590
299
45
-115
-154
-72
88
257
344
262
-45
-592
-1334
-2172
-2967
-3566
-3831
-3668
-3053
-2037
-745
645
1939
2951
3548
3668
3327
2622
1702
739
-102
-698
-985
-965
-703
-300
122
459
637
631
459
183
-120
-373
-516
-520
-397
-184
55
260
379
382
270
71
-166
-392
-556
-630
-606
-501
-349
-194
-78
-32
-68
-178
-336
-505
-644
-717
-703
-597
-414
-184
56
265
409
468
439
340
206
84
28
82
277
618
1081
1612
2129
2538
2743
2667
2264
1537
541
-620
-1809
-2867
-3650
-4045
-3995
-3513
-2676
-1618
-505
493
1240
1647
1692
1423
944
388
-106
-430
-520
-375
-47
368
762
1033
1116
994
703
319
-61
-342
-458
-384
-146
187
528
783
881
795
541
182
-193
-496
-652
-627
-436
-137
181
424
513
410
126
-281
-719
-1083
-1283
-1271
-1050
-676
-250
111
306
270
-1
-450
-962
-1391
-1595
-1468
-966
-125
944
2075
3075
3763
4007
3750
3018
1921
626
-673
-1793
-2592
-2989
-2979
-2623
-2029
-1328
-646
-84
300
497
530
453
328
211
138
126
169
246
331
399
434
431
394
334
260
182
105
27
-51
-131
-209
-278
-329
-352
-344
-308
-254
-199
-163
-159
-194
-259
-334
-390
-398
-335
-193
13
254
485
659
740
713
592
416
246
149
177
356
671
1062
1438
1688
1707
1423
816
-71
-1136
-2224
-3164
-3795
-3997
-3719
-2989
-1908
-637
634
1725
2490
2848
2793
2387
1747
1019
343
-169
-456
-508
-370
-119
151
359
447
395
220
-29
-291
-503
-619
-617
-506
-317
-98
101
239
294
263
164
30
-100
-193
-227
-193
-103
22
152
257
311
300
223
92
-71
-241
-389
-490
-530
-504
-421
-301
-175
-76
-36
-78
-210
-418
-665
-898
-1049
-1050
-848
-417
230
1038
1911
2723
3339
3640
3543
3023
2120
940
-361
-1605
-2620
-3268
-3477
-3246
-2651
-1825
-932
-133
441
720
701
443
53
-339
-619
-706
-575
-255
175
612
952
1119
1081
857
512
140
-162
-319
-294
-99
208
544
813
940
886
659
313
-67
-388
-570
-571
-394
-92
247
527
662
602
348
-46
-492
-880
-1115
-1136
-938
-576
-150
213
396
318
-39
-624
-1320
-1965
-2390
-2457
-2085
-1280
-134
1191
2489
3552
4207
4351
3971
3140
2004
749
-432
-1381
-1994
-2240
-2156
-1833
-1390
-945
-591
-381
-320
-376
-488
-593
-636
-589
-453
-252
-29
172
317
390
396
360
313
287
301
361
450
545
613
630
585
482
342
198
80
12
0
33
84
116
96
5
-158
-372
-596
-782
-888
-887
-779
-594
-382
-205
-121
-164
-332
-585
-848
-1026
-1024
-774
-251
511
1423
2350
3132
3619
3697
3314
2495
1340
7
-1313
-2431
-3195
-3514
-3373
-2837
-2031
-1115
-252
420
817
919
766
446
72
-243
-418
-411
-229
75
422
725
912
941
810
557
247
-41
-241
-309
-233
-42
207
448
613
655
559
348
70
-204
-410
-496
-442
-263
-9
251
445
515
431
203
-120
-467
-755
-913
-902
-725
-427
-91
184
306
214
-104
-606
-1194
-1736
-2091
-2139
-1809
-1097
-74
1125
2325
3337
4000
4203
3914
3178
2111
881
-331
-1359
-2080
-2436
-2436
-2146
-1676
-1149
-675
-335
-164
-152
-254
-403
-531
-584
-536
-388
-171
71
293
455
539
545
494
417
344
302
299
333
385
432
453
435
375
283
179
82
7
-39
-64
-82
-111
-165
-251
-361
-477
-570
-616
-598
-516
-388
-247
-135
-88
-123
-234
-381
-504
-529
-390
-48
494
1185
1922
2571
2992
3065
2719
1953
842
-470
-1797
-2938
-3718
-4023
-3818
-3156
-2167
-1031
57
928
1467
1633
1464
1063
569
125
-155
-209
-38
299
704
1065
1285
1306
1121
776
354
-46
-334
-454
-393
-185
95
359
524
533
373
74
-293
-644
-894
-986
-903
-672
-361
-56
156
216
101
-161
-506
-842
-1076
-1140
-1005
-694
-278
143
464
598
506
204
-230
-679
-1003
-1078
-821
-216
677
1734
2782
3633
4124
4145
3662
2729
1471
67
-1284
-2403
-3155
-3475
-3373
-2926
-2257
-1512
-827
-305
0
86
0
-185
-385
-523
-550
-451
-242
32
315
551
701
747
697
581
442
324
262
275
359
492
639
761
824
809
714
557
369
188
49
-22
-20
43
139
230
275
246
128
-70
-319
-577
-794
-926
-949
-861
-691
-489
-320
-249
-324
-563
-947
-1414
-1871
-2208
-2318
-2120
-1579
-718
382
1592
2748
3686
4265
4398
4063
3310
2257
1062
-99
-1066
-1721
-2009
-1941
-1592
-1077
-533
-83
183
227
64
-242
-604
-922
-1116
-1139
-986
-698
-342
-1
249
359
315
141
-107
-359
-541
-602
-521
-310
-17
293
551
700
710
587
368
113
-106
-230
-219
-68
192
506
801
1007
1073
980
746
425
92
-171
-295
-240
-7
358
776
1142
1350
1313
984
363
-492
-1479
-2463
-3298
-3852
-4030
-3791
-3150
-2185
-1017
205
1330
2224
2797
3009
2877
2467
1882
1239
652
210
-38
-87
29
244
479
657
721
646
438
139
-191
-489
-698
-786
-748
-612
-425
-245
-126
-103
-186
-353
-564
-761
-893
-921
-833
-646
-403
-157
34
132
122
20
-130
-273
-347
-311
-149
117
439
746
971
1060
1000
813
565
341
230
300
572
1012
1529
1993
2259
2203
1748
895
-274
-1605
-2895
-3931
-4533
-4589
-4081
-3089
-1778
-365
922
1895
2429
2496
2156
1544
835
203
-213
-345
-198
153
589
976
1202
1200
969
566
91
-341
-629
-714
-590
-307
44
359
543
536
334
-16
-428
-799
-1034
-1075
-914
-597
-210
142
365
396
228
-95
-484
-829
-1028
-1013
-770
-346
163
640
968
1068
919
567
115
-297
-531
-484
-115
535
1353
2167
2788
3047
2838
2140
1027
-343
-1761
-3002
-3875
-4251
-4095
-3462
-2483
-1338
-217
718
1362
1675
1689
1483
1166
845
599
472
462
534
630
697
695
609
453
263
81
-55
-124
-128
-89
-42
-26
-67
-171
-325
-495
-638
-716
-706
-608
-445
-261
-103
-15
-19
-110
-256
-405
-500
-494
-362
-115
203
531
795
934
917
753
488
203
-13
-85
33
334
761
1210
1555
1673
1476
934
86
-959
-2044
-2988
-3622
-3823
-3538
-2798
-1707
-429
848
1943
2715
3087
3053
2674
2060
1346
661
107
-258
-425
-429
-328
-195
-92
-60
-113
-238
-402
-566
-694
-762
-764
-710
-622
-524
-438
-373
-330
-299
-265
-215
-142
-46
60
163
246
300
324
327
326
340
387
470
583
704
805
856
833
729
555
342
132
-30
-109
-92
10
157
286
327
219
-77
-562
-1191
-1880
-2515
-2975
-3150
-2968
-2409
-1514
-382
844
2002
2936
3520
3684
3422
2794
1911
919
-29
-802
-1309
-1509
-1422
-1115
-684
-240
118
325
351
212
-42
-337
-595
-750
-763
-628
-374
-57
254
494
615
594
444
204
-65
-301
-447
-471
-369
-168
78
309
461
491
384
156
-143
-451
-696
-819
-788
-606
-312
29
340
545
595
475
214
-120
-437
-637
-638
-396
82
741
1474
2148
2626
2793
2583
1986
1063
-73
-1269
-2360
-3197
-3672
-3732
-3391
-2718
-1827
-853
70
834
1368
1644
1681
1530
1262
953
668
452
328
293
327
398
473
522
525
473
368
221
49
-128
-293
-429
-523
-570
-568
-523
-447
-358
-273
-213
-189
-209
-266
-345
-421
-465
-453
-367
-207
13
261
496
675
762
743
624
439
238
80
18
84
280
570
886
1139
1238
1109
716
72
-754
-1652
-2478
-3090
-3365
-3231
-2678
-1767
-614
618
1762
2661
3204
3339
3080
2503
1726
884
108
-500
-885
-1035
-986
-803
-565
-345
-199
-155
-210
-338
-497
-643
-738
-758
-698
-570
-396
-206
-27
118
221
277
294
282
255
227
209
207
227
269
330
401
471
526
549
527
451
320
145
-51
-241
-393
-478
-484
-415
-294
-164
-75
-76
-197
-443
-784
-1156
-1469
-1628
-1548
-1179
-520
369
1381
2365
3162
3625
3658
3228
2380
1228
-61
-1301
-2315
-2970
-3200
-3016
-2496
-1770
-990
-297
201
456
476
319
77
-149
-279
-265
-102
171
493
786
987
1057
993
823
600
387
236
178
214
317
441
533
552
475
309
83
-155
-356
-481
-514
-466
-369
-273
-225
-258
-380
-571
-784
-964
-1059
-1033
-886
-648
-379
-150
-26
-43
-199
-445
-695
-841
-784
-455
160
1009
1980
2915
3640
4003
3903
3314
2296
986
-428
-1739
-2761
-3360
-3482
-3156
-2485
-1622
-739
10
517
735
683
434
91
-232
-449
-506
-396
-158
143
431
637
719
666
501
273
40
-143
-240
-238
-149
-7
146
268
330
318
238
115
-21
-141
-217
-238
-203
-123
-18
92
191
265
308
320
303
262
204
139
77
33
22
60
154
302
486
668
797
814
663
310
-247
-974
-1789
-2576
-3202
-3539
-3492
-3018
-2144
-963
370
1674
2763
3485
3753
3555
2963
2110
1169
313
-316
-638
-645
-397
-7
387
662
731
566
198
-287
-780
-1168
-1369
-1349
-1129
-778
-397
-86
73
47
-150
-456
-780
-1024
-1111
-1007
-724
-324
102
458
666
688
536
269
-20
-234
-293
-161
148
569
1001
1338
1493
1423
1147
738
309
-14
-133
4
375
890
1402
1744
1765
1372
557
-594
-1915
-3184
-4173
-4690
-4624
-3968
-2822
-1372
145
1490
2469
2966
2967
2549
1862
1090
409
-50
-230
-144
128
468
755
891
832
587
219
-177
-506
-693
-702
-549
-293
-18
189
265
185
-31
-325
-615
-820
-881
-778
-536
-217
96
322
406
330
124
-145
-392
-534
-514
-319
13
410
774
1011
1061
910
597
210
-140
-348
-343
-108
303
785
1192
1378
1235
717
-133
-1199
-2294
-3211
-3758
-3802
-3297
-2299
-954
527
1915
2998
3631
3753
3399
2685
1778
859
86
-436
-675
-664
-486
-252
-66
-2
-89
-306
-596
-882
-1089
-1169
-1107
-929
-686
-445
-266
-185
-206
-304
-426
-515
-519
-414
-204
73
364
607
753
780
697
544
381
269
254
354
552
797
1023
1159
1153
989
689
313
-56
-337
-467
-423
-233
29
263
357
225
-174
-818
-1620
-2442
-3120
-3499
-3465
-2969
-2047
-812
564
1883
2952
3624
3821
3546
2879
1957
950
20
-701
-1136
-1271
-1147
-849
-478
-134
107
211
178
40
-145
-322
-441
-472
-412
-280
-109
61
195
269
275
221
125
12
-91
-167
-205
-203
-170
-116
-59
-12
11
4
-33
-99
-186
-279
-363
-419
-433
-395
-304
-168
-9
146
268
329
317
235
109
-15
-82
-38
155
510
998
1550
2067
2432
2535
2297
1689
748
-426
-1680
-2834
-3711
-4170
-4138
-3618
-2698
-1529
-301
795
1605
2035
2069
1769
1256
678
181
-122
-183
-11
322
712
1042
1217
1187
954
571
131
-266
-533
-617
-517
-278
18
281
426
405
214
-103
-470
-795
-997
-1026
-876
-592
-249
58
247
265
108
-180
-520
-812
-966
-925
-683
-287
173
587
851
900
722
370
-49
-403
-557
-416
48
788
1680
2549
3201
3467
3242
2506
1338
-99
-1593
-2912
-3859
-4305
-4212
-3635
-2709
-1617
-553
320
898
1148
1108
871
558
282
130
139
296
548
816
1025
1118
1073
906
664
411
208
98
94
177
301
411
454
396
235
-5
-275
-519
-684
-740
-686
-551
-383
-243
-181
-225
-372
-589
-818
-993
-1057
-978
-759
-438
-81
234
440
493
391
177
-71
-259
-295
-112
306
924
1650
2355
2896
3144
3011
2471
1567
406
-855
-2044
-2994
-3580
-3732
-3452
-2806
-1911
-914
37
817
1341
1576
1541
1294
921
517
165
-76
-179
-151
-23
154
326
444
476
412
262
55
-168
-366
-502
-553
-514
-397
-230
-49
108
211
241
196
92
-40
-165
-243
-247
-165
-2
213
441
635
750
760
657
459
207
-44
-240
-332
-299
-149
78
317
490
522
358
-17
-577
-1247
-1922
-2477
-2793
-2781
-2399
-1663
-650
513
1675
2676
3379
3695
3592
3101
2312
1350
359
-525
-1198
-1599
-1717
-1590
-1288
-903
-524
-225
-52
-16
-97
-253
-428
-569
-632
-597
-464
-255
-6
237
436
560
595
545
429
278
130
16
-37
-24
51
167
292
391
433
397
278
88
-142
-375
-567
-680
-693
-604
-433
-220
-16
125
167
90
-93
-342
-589
-757
-771
-579
-167
436
1157
1886
2493
2857
2884
2527
1801
784
-396
-1581
-2606
-3329
-3655
-3555
-3061
-2267
-1306
-328
529
1164
1522
1600
1449
1148
793
474
257
173
217
354
531
688
776
766
653
455
208
-44
-261
-415
-491
-495
-444
-366
-289
-235
-220
-245
-302
-376
-449
-502
-521
-498
-430
-321
-181
-23
138
285
404
481
509
490
432
354
283
247
270
366
530
738
943
1085
1099
929
544
-50
-807
-1637
-2420
-3027
-3336
-3264
-2781
-1922
-786
475
1688
2680
3314
3512
3269
2652
1789
840
-32
-693
-1061
-1122
-921
-557
-151
178
345
308
82
-271
-660
-986
-1169
-1164
-976
-649
-265
87
329
411
327
113
-163
-419
-579
-591
-444
-169
170
493
721
798
709
476
163
-146
-371
-446
-348
-95
251
605
874
984
901
638
258
-137
-441
-554
-419
-36
530
1165
1722
2050
2032
1609
796
-314
-1567
-2773
-3740
-4311
-4393
-3974
-3120
-1967
-692
521
1515
2181
2480
2437
2135
1688
1220
833
596
526
600
760
932
1046
1053
935
706
408
95
-177
-369
-462
-467
-412
-342
-301
-319
-411
-565
-751
-927
-1053
-1099
-1053
-927
-751
-565
-411
-319
-301
-342
-412
-467
-462
-369
-177
95
408
706
935
1053
1046
932
760
600
526
596
833
1220
1688
2135
2437
2480
2181
1515
521
-692
-1967
-3120
-3974
-4393
-4311
-3740
-2773
-1567
-314
796
1609
2032
2050
1722
1165
530
-36
-419
-554
-441
-137
258
638
901
984
874
605
251
-95
-348
-446
-371
-146
163
476
709
798
721
493
170
-169
-444
-591
-579
-419
-163
113
327
411
329
87
-265
-649
-976
-1164
-1169
-986
-660
-271
82
308
345
178
-151
-557
-921
-1122
-1061
-693
-32
840
1789
2652
3269
3512
3314
2680
1688
475
-786
-1922
-2781
-3264
-3336
-3027
-2420
-1637
-807
-50
544
929
1099
1085
943
738
530
366
270
247
283
354
432
490
509
481
404
285
138
-23
-181
-321
-430
-498
-521
-502
-449
-376
-302
-245
-220
-235
-289
-366
-444
-495
-491
-415
-261
-44
208
455
653
766
776
688
531
354
217
173
257
474
793
1148
1449
1600
1522
1164
529
-328
-1306
-2267
-3061
-3555
-3655
-3329
-2606
-1581
-396
784
1801
2527
2884
2857
2493
1886
1157
436
-167
-579
-771
-757
-589
-342
-93
90
167
125
-16
-220
-433
-604
-693
-680
-567
-375
-142
88
278
397
433
391
292
167
51
-24
-37
16
130
278
429
545
595
560
436
237
-6
-255
-464
-597
-632
-569
-428
-253
-97
-16
-52
-225
-524
-903
-1288
-1590
-1717
-1599
-1198
-525
359
1350
2312
3101
3592
3695
3379
2676
1675
513
-650
-1663
-2399
-2781
-2793
-2477
-1922
-1247
-577
-17
358
522
490
317
78
-149
-299
-332
-240
-44
207
459
657
760
750
635
441
213
-2
-165
-247
-243
-165
-40
92
196
241
211
108
-49
-230
-397
-514
-553
-502
-366
-168
55
262
412
476
444
326
154
-23
-151
-179
-76
165
517
921
1294
1541
1576
1341
817
37
-914
-1911
-2806
-3452
-3732
-3580
-2994
-2044
-855
406
1567
2471
3011
3144
2896
2355
1650
924
306
-112
-295
-259
-71
177
391
493
440
234
-81
-438
-759
-978
-1057
-993
-818
-589
-372
-225
-181
-243
-383
-551
-686
-740
-684
-519
-275
-5
235
396
454
411
301
177
94
98
208
411
664
906
1073
1118
1025
816
548
296
139
130
282
558
871
1108
1148
898
320
-553
-1617
-2709
-3635
-4212
-4305
-3859
-2912
-1593
-99
1338
2506
3242
3467
3201
2549
1680
788
48
-416
-557
-403
-49
370
722
900
851
587
173
-287
-683
-925
-966
-812
-520
-180
108
265
247
58
-249
-592
-876
-1026
-997
-795
-470
-103
214
405
426
281
18
-278
-517
-617
-533
-266
131
571
954
1187
1217
1042
712
322
-11
-183
-122
181
678
1256
1769
2069
2035
1605
795
-301
-1529
-2698
-3618
-4138
-4170
-3711
-2834
-1680
-426
748
1689
2297
2535
2432
2067
1550
998
510
155
-38
-82
-15
109
235
317
329
268
146
-9
-168
-304
-395
-433
-419
-363
-279
-186
-99
-33
4
11
-12
-59
-116
-170
-203
-205
-167
-91
12
125
221
275
269
195
61
-109
-280
-412
-472
-441
-322
-145
40
178
211
107
-134
-478
-849
-1147
-1271
-1136
-701
20
950
1957
2879
3546
3821
3624
2952
1883
564
-812
-2047
-2969
-3465
-3499
-3120
-2442
-1620
-818
-174
225
357
263
29
-233
-423
-467
-337
-56
313
689
989
1153
1159
1023
797
552
354
254
269
381
544
697
780
753
607
364
73
-204
-414
-519
-515
-426
-304
-206
-185
-266
-445
-686
-929
-1107
-1169
-1089
-882
-596
-306
-89
-2
-66
-252
-486
-664
-675
-436
86
859
1778
2685
3399
3753
3631
2998
1915
527
-954
-2299
-3297
-3802
-3758
-3211
-2294
-1199
-133
717
1235
1378
1192
785
303
-108
-343
-348
-140
210
597
910
1061
1011
774
410
13
-319
-514
-534
-392
-145
124
330
406
322
96
-217
-536
-778
-881
-820
-615
-325
-31
185
265
189
-18
-293
-549
-702
-693
-506
-177
219
587
832
891
755
468
128
-144
-230
-50
409
1090
1862
2549
2967
2966
2469
1490
145
-1372
-2822
-3968
-4624
-4690
-4173
-3184
-1915
-594
557
1372
1765
1744
1402
890
375
4
-133
-14
309
738
1147
1423
1493
1338
1001
569
148
-161
-293
-234
-20
269
536
688
666
458
102
-324
-724
-1007
-1111
-1024
-780
-456
-150
47
73
-86
-397
-778
-1129
-1349
-1369
-1168
-780
-287
198
566
731
662
387
-7
-397
-645
-638
-316
313
1169
2110
2963
3555
3753
3485
2763
1674
370
-963
-2144
-3018
-3492
-3539
-3202
-2576
-1789
-974
-247
310
663
814
797
668
486
302
154
60
22
33
77
139
204
262
303
320
308
265
191
92
-18
-123
-203
-238
-217
-141
-21
115
238
318
330
268
146
-7
-149
-238
-240
-143
40
273
501
666
719
637
431
143
-158
-396
-506
-449
-232
91
434
683
735
517
10
-739
-1622
-2485
-3156
-3482
-3360
-2761
-1739
-428
986
2296
3314
3903
4003
3640
2915
1980
1009
160
-455
-784
-841
-695
-445
-199
-43
-26
-150
-379
-648
-886
-1033
-1059
-964
-784
-571
-380
-258
-225
-273
-369
-466
-514
-481
-356
-155
83
309
475
552
533
441
317
214
178
236
387
600
823
993
1057
987
786
493
171
-102
-265
-279
-149
77
319
476
456
201
-297
-990
-1770
-2496
-3016
-3200
-2970
-2315
-1301
-61
1228
2380
3228
3658
3625
3162
2365
1381
369
-520
-1179
-1548
-1628
-1469
-1156
-784
-443
-197
-76
-75
-164
-294
-415
-484
-478
-393
-241
-51
145
320
451
527
549
526
471
401
330
269
227
207
209
227
255
282
294
277
221
118
-27
-206
-396
-570
-698
-758
-738
-643
-497
-338
-210
-155
-199
-345
-565
-803
-986
-1035
-885
-500
108
884
1726
2503
3080
3339
3204
2661
1762
618
-614
-1767
-2678
-3231
-3365
-3090
-2478
-1652
-754
72
716
1109
1238
1139
886
570
280
84
18
80
238
439
624
743
762
675
496
261
13
-207
-367
-453
-465
-421
-345
-266
-209
-189
-213
-273
-358
-447
-523
-568
-570
-523
-429
-293
-128
49
221
368
473
525
522
473
398
327
293
328
452
668
953
1262
1530
1681
1644
1368
834
70
-853
-1827
-2718
-3391
-3732
-3672
-3197
-2360
-1269
-73
1063
1986
2583
2793
2626
2148
1474
741
82
-396
-638
-637
-437
-120
214
475
595
545
340
29
-312
-606
-788
-819
-696
-451
-143
156
384
491
461
309
78
-168
-369
-471
-447
-301
-65
204
444
594
615
494
254
-57
-374
-628
-763
-750
-595
-337
-42
212
351
325
118
-240
-684
-1115
-1422
-1509
-1309
-802
-29
919
1911
2794
3422
3684
3520
2936
2002
844
-382
-1514
-2409
-2968
-3150
-2975
-2515
-1880
-1191
-562
-77
219
327
286
157
10
-92
-109
-30
132
342
555
729
833
856
805
704
583
470
387
340
326
327
324
300
246
163
60
-46
-142
-215
-265
-299
-330
-373
-438
-524
-622
-710
-764
-762
-694
-566
-402
-238
-113
-60
-92
-195
-328
-429
-425
-258
107
661
1346
2060
2674
3053
3087
2715
1943
848
-429
-1707
-2798
-3538
-3823
-3622
-2988
-2044
-959
86
934
1476
1673
1555
1210
761
334
33
-85
-13
203
488
753
917
934
795
531
203
-115
-362
-494
-500
-405
-256
-110
-19
-15
-103
-261
-445
-608
-706
-716
-638
-495
-325
-171
-67
-26
-42
-89
-128
-124
-55
81
263
453
609
695
697
630
534
462
472
599
845
1166
1483
1689
1675
1362
718
-217
-1338
-2483
-3462
-4095
-4251
-3875
-3002
-1761
-343
1027
2140
2838
3047
2788
2167
1353
535
-115
-484
-531
-297
115
567
919
1068
968
640
163
-346
-770
-1013
-1028
-829
-484
-95
228
396
365
142
-210
-597
-914
-1075
-1034
-799
-428
-16
334
536
543
359
44
-307
-590
-714
-629
-341
91
566
969
1200
1202
976
589
153
-198
-345
-213
203
835
1544
2156
2496
2429
1895
922
-365
-1778
-3089
-4081
-4589
-4533
-3931
-2895
-1605
-274
895
1748
2203
2259
1993
1529
1012
572
300
230
341
565
813
1000
1060
971
746
439
117
-149
-311
-347
-273
-130
20
122
132
34
-157
-403
-646
-833
-921
-893
-761
-564
-353
-186
-103
-126
-245
-425
-612
-748
-786
-698
-489
-191
139
438
646
721
657
479
244
29
-87
-38
210
652
1239
1882
2467
2877
3009
2797
2224
1330
205
-1017
-2185
-3150
-3791
-4030
-3852
-3298
-2463
-1479
-492
363
984
1313
1350
1142
776
358
-7
-240
-295
-171
92
425
746
980
1073
1007
801
506
192
-68
-219
-230
-106
113
368
587
710
700
551
293
-17
-310
-521
-602
-541
-359
-107
141
315
359
249
-1
-342
-698
-986
-1139
-1116
-922
-604
-242
64
227
183
-83
-533
-1077
-1592
-1941
-2009
-1721
-1066
-99
1062
2257
3310
4063
4398
4265
3686
2748
1592
382
-718
-1579
-2120
-2318
-2208
-1871
-1414
-947
-563
-324
-249
-320
-489
-691
-861
-949
-926
-794
-577
-319
-70
128
246
275
230
139
43
-20
-22
49
188
369
557
714
809
824
761
639
492
359
275
262
324
442
581
697
747
701
551
315
32
-242
-451
-550
-523
-385
-185
0
86
0
-305
-827
-1512
-2257
-2926
-3373
-3475
-3155
-2403
-1284
67
1471
2729
3662
4145
4124
3633
2782
1734
677
-216
-821
-1078
-1003
-679
-230
204
506
598
464
143
-278
-694
-1005
-1140
-1076
-842
-506
-161
101
216
156
-56
-361
-672
-903
-986
-894
-644
-293
74
373
533
524
359
95
-185
-393
-454
-334
-46
354
776
1121
1306
1285
1065
704
299
-38
-209
-155
125
569
1063
1464
1633
1467
928
57
-1031
-2167
-3156
-3818
-4023
-3718
-2938
-1797
-470
842
1953
2719
3065
2992
2571
1922
1185
494
-48
-390
-529
-504
-381
-234
-123
-88
-135
-247
-388
-516
-598
-616
-570
-477
-361
-251
-165
-111
-82
-64
-39
7
82
179
283
375
435
453
432
385
333
299
302
344
417
494
545
539
455
293
71
-171
-388
-536
-584
-531
-403
-254
-152
-164
-335
-675
-1149
-1676
-2146
-2436
-2436
-2080
-1359
-331
881
2111
3178
3914
4203
4000
3337
2325
1125
-74
-1097
-1809
-2139
-2091
-1736
-1194
-606
-104
214
306
184
-91
-427
-725
-902
-913
-755
-467
-120
203
431
515
445
251
-9
-263
-442
-496
-410
-204
70
348
559
655
613
448
207
-42
-233
-309
-241
-41
247
557
810
941
912
725
422
75
-229
-411
-418
-243
72
446
766
919
817
420
-252
-1115
-2031
-2837
-3373
-3514
-3195
-2431
-1313
7
1340
2495
3314
3697
3619
3132
2350
1423
511
-251
-774
-1024
-1026
-848
-585
-332
-164
-121
-205
-382
-594
-779
-887
-888
-782
-596
-372
-158
5
96
116
84
33
0
12
80
198
342
482
585
630
613
545
450
361
301
287
313
360
396
390
317
172
-29
-252
-453
-589
-636
-593
-488
-376
-320
-381
-591
-945
-1390
-1833
-2156
-2240
-1994
-1381
-432
749
2004
3140
3971
4351
4207
3552
2489
1191
-134
-1280
-2085
-2457
-2390
-1965
-1320
-624
-39
318
396
213
-150
-576
-938
-1136
-1115
-880
-492
-46
348
602
662
527
247
-92
-394
-571
-570
-388
-67
313
659
886
940
813
544
208
-99
-294
-319
-162
140
512
857
1081
1119
952
612
175
-255
-575
-706
-619
-339
53
443
701
720
441
-133
-932
-1825
-2651
-3246
-3477
-3268
-2620
-1605
-361
940
2120
3023
3543
3640
3339
2723
1911
1038
230
-417
-848
-1050
-1049
-898
-665
-418
-210
-78
-36
-76
-175
-301
-421
-504
-530
-490
-389
-241
-71
92
223
300
311
257
152
22
-103
-193
-227
-193
-100
30
164
263
294
239
101
-98
-317
-506
-617
-619
-503
-291
-29
220
395
447
359
151
-119
-370
-508
-456
-169
343
1019
1747
2387
2793
2848
2490
1725
634
-637
-1908
-2989
-3719
-3997
-3795
-3164
-2224
-1136
-71
816
1423
1707
1688
1438
1062
671
356
177
149
246
416
592
713
740
659
485
254
13
-193
-335
-398
-390
-334
-259
-194
-159
-163
-199
-254
-308
-344
-352
-329
-278
-209
-131
-51
27
105
182
260
334
394
431
434
399
331
246
169
126
138
211
328
453
530
497
300
-84
-646
-1328
-2029
-2623
-2979
-2989
-2592
-1793
-673
626
1921
3018
3750
4007
3763
3075
2075
944
-125
-966
-1468
-1595
-1391
-962
-450
-1
270
306
111
-250
-676
-1050
-1271
-1283
-1083
-719
-281
126
410
513
424
181
-137
-436
-627
-652
-496
-193
182
541
795
881
783
528
187
-146
-384
-458
-342
-61
319
703
994
1116
1033
762
368
-47
-375
-520
-430
-106
388
944
1423
1692
1647
1240
493
-505
-1618
-2676
-3513
-3995
-4045
-3650
-2867
-1809
-620
541
1537
2264
2667
2743
2538
2129
1612
1081
618
277
82
28
84
206
340
439
468
409
265
56
-184
-414
-597
-703
-717
-644
-505
-336
-178
-68
-32
-78
-194
-349
-501
-606
-630
-556
-392
-166
71
270
382
379
260
55
-184
-397
-520
-516
-373
-120
183
459
631
637
459
122
-300
-703
-965
-985
-698
-102
739
1702
2622
3327
3668
3548
2951
1939
645
-745
-2037
-3053
-3668
-3831
-3566
-2967
-2172
-1334
-592
-45
262
344
257
88
-72
-154
-115
45
299
590
857
1048
1134
1111
1000
842
681
554
486
477
511
560
589
573
497
365
193
8
-160
-292
-376
-414
-420
-415
-418
-445
-498
-570
-645
-704
-730
-714
-657
-570
-469
-373
-297
-245
-212
-184
-144
-74
31
173
334
491
614
679
672
593
458
297
145
38
-207
-709
-1045
-1149
-1000
-629
-110
453
957
1309
1454
1378
1112
721
288
-102
-387
-526
-515
-381
-169
60
254
370
382
286
91
-179
-500
-843
-1182
-1490
-1743
-1912
-1971
-1895
-1664
-1271
-727
-64
667
1400
2061
2580
2901
2993
2852
2499
1980
1354
683
24
-575
-1083
-1478
-1748
-1886
-1886
-1745
-1466
-1061
-559
-3
543
1009
1324
1431
1300
941
402
-233
-860
-1372
-1681
-1736
-1535
-1126
-597
-61
374
627
656
476
149
-226
-538
-688
-613
-297
219
854
1496
2029
2360
2431
2235
1809
1229
586
-26
-537
-904
-1116
-1192
-1170
-1091
-993
-901
-827
-770
-728
-696
-678
-682
-715
-781
-867
-947
-977
-908
-697
-320
210
843
1490
2040
2381
2427
2139
1543
733
-147
-926
-1443
-1580
-1297
-641
258
1210
2002
2447
2421
1894
938
-282
-1551
-2634
-3338
-3542
-3226
-2469
-1427
-302
709
1456
1858
1919
1718
1377
1028
774
661
670
723
708
519
89
-582
-1423
-2289
-3002
-3384
-3307
-2719
-1671
-306
1160
2488
3454
3905
3782
3135
2109
913
-225
-1107
-1600
-1658
-1326
-724
-13
640
1103
1293
1196
857
361
-190
-704
-1117
-1397
-1548
-1595
-1569
-1495
-1382
-1223
-1003
-710
-346
62
466
802
1007
1038
887
590
223
-112
-310
-290
-15
488
1135
1796
2323
2582
2490
2027
1254
293
-690
-1531
-2090
-2295
-2145
-1715
-1133
-549
-98
126
99
-138
-492
-841
-1068
-1093
-890
-493
13
522
927
1155
1182
1038
799
560
406
391
513
718
911
980
833
424
-228
-1035
-1854
-2517
-2868
-2805
-2299
-1410
-276
915
1968
2717
3059
2977
2539
1874
1141
489
22
-222
-280
-239
-217
-321
-612
-1088
-1676
-2249
-2655
-2755
-2463
-1774
-768
395
1516
2385
2838
2785
2238
1303
162
-962
-1859
-2367
-2408
-2000
-1249
-322
586
1303
1706
1750
1469
970
398
-88
-362
-344
-27
528
1210
1872
2364
2564
2396
1843
952
-176
-1405
-2577
-3543
-4398
-4177
-3543
-2577
-1405
-176
952
1843
2396
2564
2364
1872
1210
528
-27
-344
-362
-88
398
970
1469
1750
1706
1303
586
-322
-1249
-2000
-2408
-2367
-1859
-962
162
1303
2238
2785
2838
2385
1516
395
-768
-1774
-2463
-2755
-2655
-2249
-1676
-1088
-612
-321
-217
-239
-280
-222
22
489
1141
1874
2539
2977
3059
2717
1968
915
-276
-1410
-2299
-2805
-2868
-2517
-1854
-1035
-228
424
833
980
911
718
513
391
406
560
799
1038
1182
1155
927
522
13
-493
-890
-1093
-1068
-841
-492
-138
99
126
-98
-549
-1133
-1715
-2145
-2295
-2090
-1531
-690
293
1254
2027
2490
2582
2323
1796
1135
488
-15
-290
-310
-112
223
590
887
1038
1007
802
466
62
-346
-710
-1003
-1223
-1382
-1495
-1569
-1595
-1548
-1397
-1117
-704
-190
361
857
1196
1293
1103
640
-13
-724
-1326
-1658
-1600
-1107
-225
913
2109
3135
3782
3905
3454
2488
1160
-306
-1671
-2719
-3307
-3384
-3002
-2289
-1423
-582
89
519
708
723
670
661
774
1028
1377
1718
1919
1858
1456
709
-302
-1427
-2469
-3226
-3542
-3338
-2634
-1551
-282
938
1894
2421
2447
2002
1210
258
-641
-1297
-1580
-1443
-926
-147
733
1543
2139
2427
2381
2040
1490
843
210
-320
-697
-908
-977
-947
-867
-781
-715
-682
-678
-696
-728
-770
-827
-901
-993
-1091
-1170
-1192
-1116
-904
-537
-26
586
1229
1809
2235
2431
2360
2029
1496
854
219
-297
-613
-688
-538
-226
149
476
656
627
374
-61
-597
-1126
-1535
-1736
-1681
-1372
-860
-233
402
941
1300
1431
1324
1009
543
-3
-559
-1061
-1466
-1745
-1886
-1886
-1748
-1478
-1083
-575
24
683
1354
1980
2499
2852
2993
2901
2580
2061
1400
667
-64
-727
-1271
-1664
-1895
-1971
-1912
-1743
-1490
-1182
-843
-500
-179
91
286
382
370
254
60
-169
-381
-515
-526
-387
-102
288
721
1112
1378
1454
1309
957
453
-110
-629
-1000
-1149
-1045
-709
-207
360
880
1253
1410
1328
1032
587
83
-389
-760
-989
-1079
-1063
-1001
-949
-949
-1013
-1113
-1193
-1179
-1000
-614
-20
732
1548
2301
2859
3110
2990
2495
1684
674
-384
-1340
-2063
-2469
-2538
-2307
-1865
-1325
-798
-373
-96
32
54
38
54
156
363
653
968
1229
1354
1287
1008
550
-5
-546
-946
-1100
-940
-464
266
1131
1967
2605
2896
2746
2130
1106
-199
-1606
-2914
-3936
-4530
-4620
-4208
-3371
-2243
-994
206
1212
1924
2303
2366
2179
1840
1454
1114
882
784
809
916
1045
1137
1145
1040
823
515
152
-221
-568
-861
-1089
-1255
-1368
-1443
-1486
-1497
-1462
-1365
-1186
-916
-559
-141
296
696
1004
1170
1170
1008
719
363
15
-250
-379
-343
-153
146
487
787
976
1004
860
568
186
-207
-535
-734
-773
-656
-423
-138
125
306
367
301
136
-76
-277
-413
-456
-403
-286
-153
-60
-47
-130
-288
-470
-605
-620
-466
-131
345
879
1355
1653
1676
1380
788
-6
-856
-1583
-2026
-2069
-1677
-907
97
1136
1987
2458
2428
1876
892
-344
-1592
-2604
-3172
-3177
-2607
-1566
-247
1106
2250
2988
3213
2920
2205
1236
216
-660
-1253
-1494
-1401
-1061
-605
-170
127
226
122
-132
-450
-733
-902
-913
-769
-514
-218
45
220
284
255
178
118
132
252
471
746
1001
1156
1142
930
538
35
-476
-882
-1084
-1033
-734
-260
272
723
968
928
592
24
-646
-1258
-1652
-1713
-1396
-747
108
990
1703
2081
2029
1543
720
-269
-1214
-1909
-2205
-2039
-1452
-577
391
1241
1791
1930
1646
1023
219
-568
-1155
-1408
-1281
-821
-157
533
1066
1297
1156
665
-65
-867
-1547
-1937
-1932
-1513
-756
190
1137
1896
2325
2354
2001
1366
600
-126
-665
-924
-886
-607
-202
189
437
453
211
-242
-806
-1347
-1731
-1859
-1691
-1254
-639
22
588
940
1005
782
331
-230
-761
-1125
-1219
-999
-487
234
1041
1792
2359
2654
2641
2343
1833
1213
594
69
-301
-502
-559
-532
-493
-511
-633
-873
-1209
-1587
-1937
-2182
-2261
-2139
-1815
-1323
-725
-100
470
918
1197
1292
1218
1016
746
473
254
132
127
235
429
666
897
1075
1164
1145
1020
811
553
289
60
-102
-183
-187
-136
-64
-14
-24
-121
-315
-594
-927
-1267
-1563
-1766
-1841
-1772
-1566
-1250
-867
-466
-95
211
434
576
654
700
746
822
943
1110
1304
1494
1641
1706
1658
1480
1174
758
266
-255
-758
-1197
-1530
-1732
-1786
-1693
-1464
-1123
-701
-239
220
634
961
1166
1226
1132
894
535
100
-359
-785
-1125
-1335
-1390
-1288
-1045
-700
-301
99
451
718
879
930
884
765
602
425
259
120
15
-54
-97
-119
-127
-125
-115
-95
-64
-19
38
106
180
254
322
378
416
433
422
378
295
167
-8
-226
-474
-729
-960
-1130
-1201
-1146
-949
-621
-193
278
721
1061
1229
1183
911
442
-158
-795
-1362
-1756
-1899
-1751
-1320
-661
130
938
1645
2148
2382
2328
2014
1507
900
296
-216
-571
-742
-736
-593
-372
-139
50
158
171
98
-32
-185
-327
-436
-505
-543
-573
-621
-707
-843
-1019
-1212
-1380
-1478
-1460
-1296
-974
-506
70
701
1319
1858
2258
2479
2503
2336
2008
1565
1063
558
101
-268
-529
-678
-726
-701
-633
-560
-512
-510
-564
-667
-801
-936
-1036
-1067
-1005
-837
-571
-230
143
501
789
963
996
880
633
296
-75
-422
-685
-824
-817
-669
-410
-85
249
541
749
848
834
721
539
323
108
-77
-212
-287
-300
-253
-146
17
236
504
805
1114
1385
1564
1589
1403
970
284
-614
-1644
-2684
-3586
-4204
-4415
-4145
-3389
-2213
-753
804
2256
3412
4128
4333
4039
3336
2376
1337
395
-313
-718
-821
-690
-444
-216
-127
-250
-600
-1123
-1711
-2231
-2549
-2568
-2245
-1610
-753
189
1069
1749
2143
2224
2032
1660
1231
866
655
636
783
1017
1225
1286
1106
644
-77
-973
-1907
-2723
-3279
-3476
-3279
-2726
-1918
-996
-115
593
1046
1221
1157
943
692
510
474
614
906
1283
1653
1924
2029
1937
1665
1269
824
407
72
-163
-322
-463
-657
-965
-1419
-1998
-2629
-3197
-3566
-3607
-3236
-2434
-1261
147
1606
2904
3853
4317
4242
3664
2702
1530
345
-675
-1402
-1780
-1826
-1621
-1283
-935
-675
-556
-572
-670
-767
-772
-621
-291
190
745
1270
1653
1810
1697
1329
777
149
-433
-861
-1064
-1026
-788
-436
-78
182
273
171
-92
-437
-755
-939
-909
-633
-141
479
1104
1592
1825
1727
1288
566
-321
-1222
-1976
-2451
-2563
-2294
-1695
-869
44
905
1591
2021
2169
2056
1744
1317
859
438
97
-155
-334
-470
-596
-733
-884
-1031
-1139
-1167
-1080
-858
-509
-65
416
865
1209
1391
1376
1160
775
277
-257
-748
-1124
-1331
-1346
-1172
-845
-418
42
470
808
1018
1083
1010
822
560
267
-14
-254
-434
-552
-617
-647
-660
-669
-674
-665
-619
-508
-308
-6
390
848
1313
1710
1960
1997
1778
1299
603
-226
-1072
-1807
-2309
-2491
-2317
-1810
-1049
-162
704
1408
1835
1927
1686
1175
503
-196
-798
-1202
-1357
-1268
-989
-608
-225
71
227
233
119
-47
-189
-234
-139
97
437
808
1120
1294
1274
1050
658
174
-301
-668
-852
-817
-579
-205
208
552
732
692
426
-17
-546
-1046
-1406
-1541
-1416
-1051
-516
82
626
1011
1170
1087
798
381
-61
-427
-638
-655
-488
-188
162
473
667
696
554
277
-68
-401
-641
-732
-654
-425
-94
263
571
766
809
697
458
150
-161
-410
-546
-545
-411
-175
115
406
643
789
821
737
550
287
-21
-345
-654
-926
-1142
-1285
-1345
-1311
-1180
-953
-642
-270
130
520
854
1094
1210
1189
1038
783
466
138
-148
-351
-440
-407
-262
-36
231
492
702
825
839
738
533
248
-81
-413
-706
-921
-1030
-1017
-881
-640
-325
18
340
589
724
722
579
319
-13
-362
-662
-859
-915
-822
-601
-300
13
270
409
396
231
-52
-387
-693
-887
-905
-715
-328
203
798
1358
1789
2021
2024
1809
1429
967
511
140
-95
-186
-162
-88
-41
-96
-301
-664
-1148
-1678
-2151
-2461
-2523
-2290
-1770
-1024
-157
698
1410
1869
2012
1829
1369
726
23
-613
-1078
-1300
-1259
-978
-521
22
561
1017
1334
1489
1491
1371
1176
952
736
552
406
290
189
87
-25
-152
-286
-412
-517
-588
-623
-630
-625
-630
-667
-752
-890
-1070
-1269
-1452
-1579
-1612
-1521
-1290
-921
-431
142
756
1356
1889
2305
2565
2641
2521
2210
1730
1118
429
-273
-920
-1442
-1779
-1889
-1754
-1385
-822
-136
584
1244
1748
2022
2024
1746
1222
523
-256
-1011
-1638
-2060
-2231
-2145
-1840
-1385
-874
-402
-55
111
76
-135
-468
-834
-1138
-1290
-1223
-907
-356
372
1192
1994
2666
3117
3284
3148
2734
2109
1363
603
-74
-592
-909
-1020
-958
-785
-575
-404
-333
-398
-602
-921
-1304
-1686
-2003
-2196
-2225
-2074
-1747
-1273
-690
-48
601
1209
1731
2129
2370
2431
2295
1962
1445
782
28
-736
-1422
-1935
-2190
-2130
-1738
-1045
-130
885
1855
2629
3080
3123
2738
1970
927
-233
-1339
-2223
-2759
-2881
-2597
-1984
-1175
-333
378
830
948
726
231
-416
-1063
-1554
-1765
-1621
-1120
-327
634
1608
2430
2959
3105
2840
2206
1304
277
-716
-1530
-2053
-2227
-2054
-1594
-947
-241
399
869
1100
1071
810
383
-116
-589
-945
-1120
-1087
-856
-476
-18
431
794
1009
1044
903
621
262
-96
-381
-528
-505
-311
19
425
825
1134
1281
1217
931
445
-181
-865
-1512
-2031
-2351
-2427
-2254
-1857
-1293
-639
23
618
1089
1400
1543
1535
1410
1214
994
790
635
544
520
554
626
710
780
806
765
637
411
83
-334
-820
-1338
-1840
-2270
-2572
-2696
-2606
-2291
-1764
-1068
-269
549
1299
1899
2286
2426
2317
1993
1511
946
378
-120
-497
-721
-791
-727
-563
-345
-115
89
248
349
393
390
352
288
206
111
4
-113
-240
-370
-494
-603
-685
-733
-744
-719
-662
-582
-484
-369
-235
-76
113
336
586
846
1084
1264
1345
1293
1092
749
300
-196
-663
-1020
-1198
-1158
-900
-467
59
572
959
1125
1012
617
-5
-753
-1487
-2063
-2356
-2287
-1842
-1074
-95
938
1863
2532
2844
2762
2318
1606
759
-76
-769
-1229
-1418
-1358
-1116
-789
-477
-261
-183
-243
-395
-568
-680
-661
-475
-125
341
848
1298
1602
1696
1554
1194
673
78
-497
-970
-1283
-1415
-1380
-1223
-1006
-787
-615
-509
-464
-449
-420
-333
-156
119
480
883
1275
1597
1799
1850
1746
1507
1171
790
411
75
-194
-392
-528
-623
-700
-774
-855
-940
-1017
-1072
-1092
-1068
-1003
-908
-800
-699
-618
-563
-531
-506
-466
-387
-250
-42
236
573
948
1333
1697
2012
2252
2396
2427
2333
2105
1741
1247
640
-47
-768
-1463
-2064
-2506
-2738
-2732
-2493
-2061
-1505
-915
-385
5
208
213
56
-190
-433
-576
-543
-297
149
736
1366
1922
2295
2404
2217
1757
1098
352
-355
-913
-1240
-1307
-1136
-793
-375
18
304
431
391
216
-33
-288
-482
-577
-562
-458
-309
-163
-61
-24
-43
-89
-116
-82
36
237
483
712
849
829
614
211
-325
-899
-1388
-1676
-1675
-1353
-741
59
903
1624
2069
2137
1797
1103
181
-790
-1621
-2143
-2248
-1910
-1188
-217
823
1745
2388
2654
2518
2036
1322
524
-209
-766
-1085
-1168
-1073
-895
-739
-692
-801
-1061
-1418
-1778
-2034
-2091
-1884
-1402
-684
183
1084
1893
2499
2827
2844
2568
2058
1402
703
57
-453
-777
-892
-808
-563
-216
162
497
718
769
615
250
-296
-964
-1662
-2282
-2713
-2858
-2660
-2110
-1256
-205
896
1883
2601
2935
2834
2323
1501
523
-429
-1182
-1606
-1639
-1302
-691
43
733
1226
1422
1296
901
354
-187
-573
-688
-487
-9
631
1271
1729
1849
1543
809
-263
-1506
-2709
-3660
-4187
-4196
-3687
-2749
-1545
-270
881
1764
2295
2475
2369
2090
1766
1505
1372
1376
1474
1587
1623
1509
1208
734
146
-466
-1003
-1382
-1557
-1530
-1352
-1102
-871
-736
-736
-865
-1073
-1276
-1384
-1322
-1057
-606
-36
545
1022
1293
1298
1039
576
22
-483
-812
-869
-621
-105
575
1279
1851
2160
2133
1763
1123
339
-425
-1018
-1321
-1279
-915
-318
372
999
1421
1542
1333
829
127
-643
-1349
-1878
-2165
-2197
-2016
-1699
-1338
-1017
-786
-656
-598
-552
-449
-231
130
620
1182
1725
2148
2355
2288
1934
1337
590
-178
-832
-1252
-1355
-1117
-573
183
1022
1798
2372
2639
2544
2086
1323
353
-697
-1696
-2526
-3099
-3366
-3324
-3009
-2488
-1846
-1176
-557
-52
301
497
556
518
434
359
338
401
556
787
1062
1333
1552
1674
1674
1544
1304
991
657
357
136
22
18
102
229
341
383
308
93
-256
-707
-1204
-1680
-2069
-2318
-2399
-2310
-2074
-1734
-1339
-935
-552
-202
123
446
792
1177
1598
2028
2414
2688
2777
2625
2202
1521
644
-327
-1265
-2032
-2507
-2611
-2320
-1673
-771
241
1200
1947
2361
2373
1986
1269
346
-629
-1496
-2120
-2413
-2347
-1960
-1346
-633
39
550
814
801
540
111
-372
-786
-1016
-986
-673
-107
626
1407
2099
2575
2741
2551
2019
1215
255
-721
-1573
-2181
-2466
-2404
-2026
-1414
-680
49
656
1054
1198
1089
776
340
-122
-517
-769
-837
-718
-447
-85
290
608
809
866
781
589
344
109
-59
-124
-77
61
244
408
486
427
203
-179
-678
-1222
-1720
-2078
-2217
-2086
-1675
-1017
-184
721
1583
2291
2752
2910
2751
2304
1637
844
29
-706
-1279
-1635
-1756
-1654
-1372
-972
-524
-96
256
496
607
593
475
285
60
-164
-358
-500
-581
-599
-559
-474
-359
-228
-96
26
131
213
270
304
317
315
305
293
286
290
309
343
392
450
509
560
593
596
560
476
340
149
-91
-375
-687
-1008
-1312
-1570
-1750
-1821
-1757
-1541
-1170
-657
-32
652
1335
1943
2405
2657
2656
2383
1854
1113
235
-685
-1545
-2244
-2700
-2858
-2700
-2244
-1545
-685
235
1113
1854
2383
2656
2657
2405
1943
1335
652
-32
-657
-1170
-1541
-1757
-1821
-1750
-1570
-1312
-1008
-687
-375
-91
149
340
476
560
596
593
560
509
450
392
343
309
290
286
293
305
315
317
304
270
213
131
26
-96
-228
-359
-474
-559
-599
-581
-500
-358
-164
60
285
475
593
607
496
256
-96
-524
-972
-1372
-1654
-1756
-1635
-1279
-706
29
844
1637
2304
2751
2910
2752
2291
1583
721
-184
-1017
-1675
-2086
-2217
-2078
-1720
-1222
-678
-179
203
427
486
408
244
61
-77
-124
-59
109
344
589
781
866
809
608
290
-85
-447
-718
-837
-769
-517
-122
340
776
1089
1198
1054
656
49
-680
-1414
-2026
-2404
-2466
-2181
-1573
-721
255
1215
2019
2551
2741
2575
2099
1407
626
-107
-673
-986
-1016
-786
-372
111
540
801
814
550
39
-633
-1346
-1960
-2347
-2413
-2120
-1496
-629
346
1269
1986
2373
2361
1947
1200
241
-771
-1673
-2320
-2611
-2507
-2032
-1265
-327
644
1521
2202
2625
2777
2688
2414
2028
1598
1177
792
446
123
-202
-552
-935
-1339
-1734
-2074
-2310
-2399
-2318
-2069
-1680
-1204
-707
-256
93
308
383
341
229
102
18
22
136
357
657
991
1304
1544
1674
1674
1552
1333
1062
787
556
401
338
359
434
518
556
497
301
-52
-557
-1176
-1846
-2488
-3009
-3324
-3366
-3099
-2526
-1696
-697
353
1323
2086
2544
2639
2372
1798
1022
183
-573
-1117
-1355
-1252
-832
-178
590
1337
1934
2288
2355
2148
1725
1182
620
130
-231
-449
-552
-598
-656
-786
-1017
-1338
-1699
-2016
-2197
-2165
-1878
-1349
-643
127
829
1333
1542
1421
999
372
-318
-915
-1279
-1321
-1018
-425
339
1123
1763
2133
2160
1851
1279
575
-105
-621
-869
-812
-483
22
576
1039
1298
1293
1022
545
-36
-606
-1057
-1322
-1384
-1276
-1073
-865
-736
-736
-871
-1102
-1352
-1530
-1557
-1382
-1003
-466
146
734
1208
1509
1623
1587
1474
1376
1372
1505
1766
2090
2369
2475
2295
1764
881
-270
-1545
-2749
-3687
-4196
-4187
-3660
-2709
-1506
-263
809
1543
1849
1729
1271
631
-9
-487
-688
-573
-187
354
901
1296
1422
1226
733
43
-691
-1302
-1639
-1606
-1182
-429
523
1501
2323
2834
2935
2601
1883
896
-205
-1256
-2110
-2660
-2858
-2713
-2282
-1662
-964
-296
250
615
769
718
497
162
-216
-563
-808
-892
-777
-453
57
703
1402
2058
2568
2844
2827
2499
1893
1084
183
-684
-1402
-1884
-2091
-2034
-1778
-1418
-1061
-801
-692
-739
-895
-1073
-1168
-1085
-766
-209
524
1322
2036
2518
2654
2388
1745
823
-217
-1188
-1910
-2248
-2143
-1621
-790
181
1103
1797
2137
2069
1624
903
59
-741
-1353
-1675
-1676
-1388
-899
-325
211
614
829
849
712
483
237
36
-82
-116
-89
-43
-24
-61
-163
-309
-458
-562
-577
-482
-288
-33
216
391
431
304
18
-375
-793
-1136
-1307
-1240
-913
-355
352
1098
1757
2217
2404
2295
1922
1366
736
149
-297
-543
-576
-433
-190
56
213
208
5
-385
-915
-1505
-2061
-2493
-2732
-2738
-2506
-2064
-1463
-768
-47
640
1247
1741
2105
2333
2427
2396
2252
2012
1697
1333
948
573
236
-42
-250
-387
-466
-506
-531
-563
-618
-699
-800
-908
-1003
-1068
-1092
-1072
-1017
-940
-855
-774
-700
-623
-528
-392
-194
75
411
790
1171
1507
1746
1850
1799
1597
1275
883
480
119
-156
-333
-420
-449
-464
-509
-615
-787
-1006
-1223
-1380
-1415
-1283
-970
-497
78
673
1194
1554
1696
1602
1298
848
341
-125
-475
-661
-680
-568
-395
-243
-183
-261
-477
-789
-1116
-1358
-1418
-1229
-769
-76
759
1606
2318
2762
2844
2532
1863
938
-95
-1074
-1842
-2287
-2356
-2063
-1487
-753
-5
617
1012
1125
959
572
59
-467
-900
-1158
-1198
-1020
-663
-196
300
749
1092
1293
1345
1264
1084
846
586
336
113
-76
-235
-369
-484
-582
-662
-719
-744
-733
-685
-603
-494
-370
-240
-113
4
111
206
288
352
390
393
349
248
89
-115
-345
-563
-727
-791
-721
-497
-120
378
946
1511
1993
2317
2426
2286
1899
1299
549
-269
-1068
-1764
-2291
-2606
-2696
-2572
-2270
-1840
-1338
-820
-334
83
411
637
765
806
780
710
626
554
520
544
635
790
994
1214
1410
1535
1543
1400
1089
618
23
-639
-1293
-1857
-2254
-2427
-2351
-2031
-1512
-865
-181
445
931
1217
1281
1134
825
425
19
-311
-505
-528
-381
-96
262
621
903
1044
1009
794
431
-18
-476
-856
-1087
-1120
-945
-589
-116
383
810
1071
1100
869
399
-241
-947
-1594
-2054
-2227
-2053
-1530
-716
277
1304
2206
2840
3105
2959
2430
1608
634
-327
-1120
-1621
-1765
-1554
-1063
-416
231
726
948
830
378
-333
-1175
-1984
-2597
-2881
-2759
-2223
-1339
-233
927
1970
2738
3123
3080
2629
1855
885
-130
-1045
-1738
-2130
-2190
-1935
-1422
-736
28
782
1445
1962
2295
2431
2370
2129
1731
1209
601
-48
-690
-1273
-1747
-2074
-2225
-2196
-2003
-1686
-1304
-921
-602
-398
-333
-404
-575
-785
-958
-1020
-909
-592
-74
603
1363
2109
2734
3148
3284
3117
2666
1994
1192
372
-356
-907
-1223
-1290
-1138
-834
-468
-135
76
111
-55
-402
-874
-1385
-1840
-2145
-2231
-2060
-1638
-1011
-256
523
1222
1746
2024
2022
1748
1244
584
-136
-822
-1385
-1754
-1889
-1779
-1442
-920
-273
429
1118
1730
2210
2521
2641
2565
2305
1889
1356
756
142
-431
-921
-1290
-1521
-1612
-1579
-1452
-1269
-1070
-890
-752
-667
-630
-625
-630
-623
-588
-517
-412
-286
-152
-25
87
189
290
406
552
736
952
1176
1371
1491
1489
1334
1017
561
22
-521
-978
-1259
-1300
-1078
-613
23
726
1369
1829
2012
1869
1410
698
-157
-1024
-1770
-2290
-2523
-2461
-2151
-1678
-1148
-664
-301
-96
-41
-88
-162
-186
-95
140
511
967
1429
1809
2024
2021
1789
1358
798
203
-328
-715
-905
-887
-693
-387
-52
231
396
409
270
13
-300
-601
-822
-915
-859
-662
-362
-13
319
579
722
724
589
340
18
-325
-640
-881
-1017
-1030
-921
-706
-413
-81
248
533
738
839
825
702
492
231
-36
-262
-407
-440
-351
-148
138
466
783
1038
1189
1210
1094
854
520
130
-270
-642
-953
-1180
-1311
-1345
-1285
-1142
-926
-654
-345
-21
287
550
737
821
789
643
406
115
-175
-411
-545
-546
-410
-161
150
458
697
809
766
571
263
-94
-425
-654
-732
-641
-401
-68
277
554
696
667
473
162
-188
-488
-655
-638
-427
-61
381
798
1087
1170
1011
626
82
-516
-1051
-1416
-1541
-1406
-1046
-546
-17
426
692
732
552
208
-205
-579
-817
-852
-668
-301
174
658
1050
1274
1294
1120
808
437
97
-139
-234
-189
-47
119
233
227
71
-225
-608
-989
-1268
-1357
-1202
-798
-196
503
1175
1686
1927
1835
1408
704
-162
-1049
-1810
-2317
-2491
-2309
-1807
-1072
-226
603
1299
1778
1997
1960
1710
1313
848
390
-6
-308
-508
-619
-665
-674
-669
-660
-647
-617
-552
-434
-254
-14
267
560
822
1010
1083
1018
808
470
42
-418
-845
-1172
-1346
-1331
-1124
-748
-257
277
775
1160
1376
1391
1209
865
416
-65
-509
-858
-1080
-1167
-1139
-1031
-884
-733
-596
-470
-334
-155
97
438
859
1317
1744
2056
2169
2021
1591
905
44
-869
-1695
-2294
-2563
-2451
-1976
-1222
-321
566
1288
1727
1825
1592
1104
479
-141
-633
-909
-939
-755
-437
-92
171
273
182
-78
-436
-788
-1026
-1064
-861
-433
149
777
1329
1697
1810
1653
1270
745
190
-291
-621
-772
-767
-670
-572
-556
-675
-935
-1283
-1621
-1826
-1780
-1402
-675
345
1530
2702
3664
4242
4317
3853
2904
1606
147
-1261
-2434
-3236
-3607
-3566
-3197
-2629
-1998
-1419
-965
-657
-463
-322
-163
72
407
824
1269
1665
1937
2029
1924
1653
1283
906
614
474
510
692
943
1157
1221
1046
593
-115
-996
-1918
-2726
-3279
-3476
-3279
-2723
-1907
-973
-77
644
1106
1286
1225
1017
783
636
655
866
1231
1660
2032
2224
2143
1749
1069
189
-753
-1610
-2245
-2568
-2549
-2231
-1711
-1123
-600
-250
-127
-216
-444
-690
-821
-718
-313
395
1337
2376
3336
4039
4333
4128
3412
2256
804
-753
-2213
-3389
-4145
-4415
-4204
-3586
-2684
-1644
-614
284
970
1403
1589
1564
1385
1114
805
504
236
17
-146
-253
-300
-287
-212
-77
108
323
539
721
834
848
749
541
249
-85
-410
-669
-817
-824
-685
-422
-75
296
633
880
996
963
789
501
143
-230
-571
-837
-1005
-1067
-1036
-936
-801
-667
-564
-510
-512
-560
-633
-701
-726
-678
-529
-268
101
558
1063
1565
2008
2336
2503
2479
2258
1858
1319
701
70
-506
-974
-1296
-1460
-1478
-1380
-1212
-1019
-843
-707
-621
-573
-543
-505
-436
-327
-185
-32
98
171
158
50
-139
-372
-593
-736
-742
-571
-216
296
900
1507
2014
2328
2382
2148
1645
938
130
-661
-1320
-1751
-1899
-1756
-1362
-795
-158
442
911
1183
1229
1061
721
278
-193
-621
-949
-1146
-1201
-1130
-960
-729
-474
-226
-8
167
295
378
422
433
416
378
322
254
180
106
38
-19
-64
-95
-115
-125
-127
-119
-97
-54
15
120
259
425
602
765
884
930
879
718
451
99
-301
-700
-1045
-1288
-1390
-1335
-1125
-785
-359
100
535
894
1132
1226
1166
961
634
220
-239
-701
-1123
-1464
-1693
-1786
-1732
-1530
-1197
-758
-255
266
758
1174
1480
1658
1706
1641
1494
1304
1110
943
822
746
700
654
576
434
211
-95
-466
-867
-1250
-1566
-1772
-1841
-1766
-1563
-1267
-927
-594
-315
-121
-24
-14
-64
-136
-187
-183
-102
60
289
553
811
1020
1145
1164
1075
897
666
429
235
127
132
254
473
746
1016
1218
1292
1197
918
470
-100
-725
-1323
-1815
-2139
-2261
-2182
-1937
-1587
-1209
-873
-633
-511
-493
-532
-559
-502
-301
69
594
1213
1833
2343
2641
2654
2359
1792
1041
234
-487
-999
-1219
-1125
-761
-230
331
782
1005
940
588
22
-639
-1254
-1691
-1859
-1731
-1347
-806
-242
211
453
437
189
-202
-607
-886
-924
-665
-126
600
1366
2001
2354
2325
1896
1137
190
-756
-1513
-1932
-1937
-1547
-867
-65
665
1156
1297
1066
533
-157
-821
-1281
-1408
-1155
-568
219
1023
1646
1930
1791
1241
391
-577
-1452
-2039
-2205
-1909
-1214
-269
720
1543
2029
2081
1703
990
108
-747
-1396
-1713
-1652
-1258
-646
24
592
928
968
723
272
-260
-734
-1033
-1084
-882
-476
35
538
930
1142
1156
1001
746
471
252
132
118
178
255
284
220
45
-218
-514
-769
-913
-902
-733
-450
-132
122
226
127
-170
-605
-1061
-1401
-1494
-1253
-660
216
1236
2205
2920
3213
2988
2250
1106
-247
-1566
-2607
-3177
-3172
-2604
-1592
-344
892
1876
2428
2458
1987
1136
97
-907
-1677
-2069
-2026
-1583
-856
-6
788
1380
1676
1653
1355
879
345
-131
-466
-620
-605
-470
-288
-130
-47
-60
-153
-286
-403
-456
-413
-277
-76
136
301
367
306
125
-138
-423
-656
-773
-734
-535
-207
186
568
860
1004
976
787
487
146
-153
-343
-379
-250
15
363
719
1008
1170
1170
1004
696
296
-141
-559
-916
-1186
-1365
-1462
-1497
-1486
-1443
-1368
-1255
-1089
-861
-568
-221
152
515
823
1040
1145
1137
1045
916
809
784
882
1114
1454
1840
2179
2366
2303
1924
1212
206
-994
-2243
-3371
-4208
-4620
-4530
-3936
-2914
-1606
-199
1106
2130
2746
2896
2605
1967
1131
266
-464
-940
-1100
-946
-546
-5
550
1008
1287
1354
1229
968
653
363
156
54
38
54
32
-96
-373
-798
-1325
-1865
-2307
-2538
-2469
-2063
-1340
-384
674
1684
2495
2990
3110
2859
2301
1548
732
-20
-614
-1000
-1179
-1193
-1113
-1013
-949
-949
-1001
-1063
-1079
-989
-760
-389
83
587
1032
1328
1410
1253
880
360
-207
-709
-1045
-1149
-1000
-629
-110
453
957
1309
1454
1378
1112
721
288
-102
-387
-526
-515
-381
-169
60
254
370
382
286
91
-179
-500
-843
-1182
-1490
-1743
-1912
-1971
-1895
-1664
-1271
-727
-64
667
1400
2061
2580
2901
2993
2852
2499
1980
1354
683
24
-575
-1083
-1478
-1748
-1886
-1886
-1745
-1466
-1061
-559
-3
543
1009
1324
1431
1300
941
402
-233
-860
-1372
-1681
-1736
-1535
-1126
-597
-61
374
627
656
476
149
-226
-538
-688
-613
-297
219
854
1496
2029
2360
2431
2235
1809
1229
586
-26
-537
-904
-1116
-1192
-1170
-1091
-993
-901
-827
-770
-728
-696
-678
-682
-715
-781
-867
-947
-977
-908
-697
-320
210
843
1490
2040
2381
2427
2139
1543
733
-147
-926
-1443
-1580
-1297
-641
258
1210
2002
2447
2421
1894
938
-282
-1551
-2634
-3338
-3542
-3226
-2469
-1427
-302
709
1456
1858
1919
1718
1377
1028
774
661
670
723
708
519
89
-582
-1423
-2289
-3002
-3384
-3307
-2719
-1671
-306
1160
2488
3454
3905
3782
3135
2109
913
-225
-1107
-1600
-1658
-1326
-724
-13
640
1103
1293
1196
857
361
-190
-704
-1117
-1397
-1548
-1595
-1569
-1495
-1382
-1223
-1003
-710
-346
62
466
802
1007
1038
887
590
223
-112
-310
-290
-15
488
1135
1796
2323
2582
2490
2027
1254
293
-690
-1531
-2090
-2295
-2145
-1715
-1133
-549
-98
126
99
-138
-492
-841
-1068
-1093
-890
-493
13
522
927
1155
1182
1038
799
560
406
391
513
718
911
980
833
424
-228
-1035
-1854
-2517
-2868
-2805
-2299
-1410
-276
915
1968
2717
3059
2977
2539
1874
1141
489
22
-222
-280
-239
-217
-321
-612
-1088
-1676
-2249
-2655
-2755
-2463
-1774
-768
395
1516
2385
2838
2785
2238
1303
162
-962
-1859
-2367
-2408
-2000
-1249
-322
586
1303
1706
1750
1469
970
398
-88
-362
-344
-27
528
1210
1872
2364
2564
2396
1843
952
-176
-1405
-2577
-3543
-4177
