0
4278
8485
12550
16402
19973
23203
26035
28419
30314
31684
32507
32766
32456
31581
30156
28203
25758
22860
19561
15917
11991
7852
3573
-771
-5106
-9352
-13436
-17284
-20829
-24006
-26759
-29038
-30801
-32015
-32660
-32720
-32196
-31094
-29434
-27244
-24563
-21439
-17925
-14087
-9991
-5712
-1327
3083
7441
11667
15683
19415
22796
25762
28259
30239
31667
32514
32764
32412
31462
29931
27847
25247
22178
18696
14865
10755
6443
2009
-2465
-6896
-11201
-15299
-19113
-22570
-25606
-28162
-30190
-31650
-32514
-32764
-32394
-31411
-29832
-27686
-25012
-21861
-18292
-14372
-10175
-5781
-1274
3259
7733
12062
16161
19951
23359
26318
28771
30668
31973
32659
32711
32127
30919
29107
26727
23823
20452
16679
12577
8226
3711
-879
-5455
-9926
-14204
-18204
-21846
-25058
-27775
-29942
-31516
-32464
-32766
-32415
-31417
-29790
-27567
-24790
-21514
-17805
-13736
-9388
-4849
-209
4437
8997
13377
17489
21248
24578
27411
29687
31359
32393
32765
32468
31507
29899
27676
24884
21579
17828
13707
9301
4700
0
-4703
-9311
-13729
-17864
-21629
-24947
-27746
-29968
-31566
-32503
-32761
-32332
-31225
-29460
-27076
-24119
-20653
-16748
-12488
-7961
-3263
1506
6246
10856
15238
19298
22949
26112
28719
30713
32051
32702
32651
31900
30461
28366
25658
22395
18646
14492
10022
5332
524
-4298
-9029
-13567
-17811
-21669
-25055
-27896
-30127
-31699
-32577
-32739
-32182
-30916
-28967
-26379
-23206
-19519
-15397
-10932
-6222
-1372
3511
8320
12945
17284
21240
24723
27655
29968
31611
32545
32748
32214
30954
28995
26381
23169
19431
15252
10724
5950
1038
-3899
-8751
-13405
-17757
-21705
-25159
-28038
-30277
-31822
-32637
-32702
-32014
-30588
-28456
-25665
-22280
-18377
-14047
-9388
-4509
477
5455
10308
14924
19194
23018
26305
28979
30974
32243
32756
32498
31476
29711
27244
24133
20449
16280
11722
6884
1880
-3170
-8148
-12935
-17416
-21484
-25041
-28000
-30291
-31856
-32659
-32677
-31909
-30373
-28105
-25157
-21600
-17520
-13013
-8189
-3163
1941
7001
11893
16499
20705
24407
27516
29953
31659
32589
32721
32049
30590
28377
25463
21921
17836
13307
8448
3377
-1780
-6896
-11843
-16499
-20746
-24479
-27603
-30040
-31727
-32621
-32699
-31957
-30413
-28105
-25088
-21439
-17247
-12618
-7668
-2522
2689
7836
12787
17416
21605
25247
28248
30530
32035
32723
32574
31592
29801
27244
23987
20112
15718
10917
5832
595
-4660
-9798
-14685
-19194
-23208
-26622
-29345
-31307
-32455
-32757
-32206
-30813
-28614
-25665
-22043
-17841
-13169
-8148
-2911
2405
7661
12717
17440
21705
25397
28419
30689
32146
32750
32483
31352
29385
26633
23169
19084
14487
9500
4255
-1105
-6439
-11603
-16457
-20870
-24723
-27911
-30346
-31961
-32712
-32578
-31559
-29684
-27001
-23582
-19519
-14922
-9916
-4636
771
6162
11386
16301
20770
24671
27896
30354
31977
32719
32558
31498
29565
26813
23317
19172
14492
9407
4058
-1405
-6833
-12073
-16978
-21411
-25247
-28377
-30713
-32188
-32760
-32410
-31148
-29007
-26047
-22351
-18021
-13179
-7961
-2516
3003
8440
13640
18454
22745
26389
29282
31340
32503
32737
32033
30409
27913
24613
20604
16000
10932
5547
0
-5550
-10942
-16021
-20637
-24657
-27963
-30458
-32068
-32745
-32468
-31244
-29107
-26118
-22364
-17952
-13013
-7689
-2137
3479
8997
14252
19090
23367
26955
29748
31662
32640
32650
31691
29790
27003
23411
19119
14256
8965
3403
-2262
-7862
-13230
-18204
-22633
-26385
-29345
-31423
-32556
-32707
-31871
-30072
-27362
-23823
-19561
-14703
-9397
-3803
1908
7565
12994
18030
22517
26318
29316
31419
32559
32702
31841
30001
27238
23635
19302
14372
8996
3339
-2422
-8112
-13553
-18577
-23026
-26761
-29667
-31650
-32648
-32629
-31591
-29565
-26615
-22829
-18327
-13249
-7752
-2009
3799
9491
14886
19815
24120
27666
30338
32052
32751
32412
31044
28690
25423
21345
16586
11295
5642
-193
-6025
-11667
-16938
-21669
-25706
-28920
-31206
-32489
-32726
-31909
-30063
-27244
-23544
-19081
-13998
-8460
-2644
3259
9060
14569
19606
24006
27626
30346
32075
32756
32366
30916
28451
25051
20827
15917
10480
4696
-1244
-7147
-12817
-18065
-22719
-26622
-29644
-31684
-32674
-32578
-31398
-29173
-25975
-21909
-17110
-11737
-5969
0
5972
11747
17130
21941
26016
29217
31436
32596
32657
31615
29504
26395
22390
17625
12260
6476
470
-5554
-11392
-16845
-21726
-25867
-29127
-31393
-32585
-32662
-31619
-29491
-26349
-22301
-17483
-12062
-6222
-166
5898
11762
17222
22088
26191
29387
31566
32648
32597
31411
29131
25835
21636
16679
11138
5205
-912
-7001
-12847
-18244
-23003
-26955
-29960
-31912
-32739
-32412
-30940
-28374
-24803
-20353
-15179
-9465
-3413
2763
8843
14612
19863
24407
28083
30758
32334
32755
32003
30103
27124
23169
18381
12929
7010
836
-5370
-11386
-16993
-21989
-26191
-29446
-31636
-32680
-32538
-31214
-28754
-25247
-20819
-15630
-9868
-3744
2518
8692
14551
19879
24480
28184
30855
32393
32739
31880
29845
26709
22585
17625
12011
5950
-333
-6607
-12639
-18204
-23094
-27128
-30152
-32055
-32763
-32248
-30528
-27666
-23767
-18976
-13473
-7461
-1167
5173
11322
17047
22132
26385
29644
31785
32724
32427
30901
28203
24435
19738
14288
8294
1981
-4409
-10635
-16457
-21654
-26025
-29402
-31656
-32697
-32485
-31027
-28377
-24634
-19943
-14481
-8460
-2109
4324
10594
16457
21686
26077
29459
31699
32710
32451
30929
28203
24378
19601
14056
7961
1552
-4919
-11201
-17047
-22227
-26537
-29806
-31906
-32751
-32307
-30590
-27666
-23648
-18696
-13002
-6791
-309
6187
12441
18204
23246
27366
30398
32222
32762
31995
29951
26709
22398
17189
11289
4935
-1619
-8112
-14281
-19879
-24678
-28486
-31147
-32552
-32643
-31416
-28917
-25247
-20553
-15023
-8882
-2378
4225
10659
16662
21989
26421
29777
31918
32756
32254
30432
27362
23169
18024
12137
5748
-879
-7473
-13762
-19485
-24407
-28323
-31070
-32533
-32650
-31414
-28875
-25136
-20353
-14721
-8475
-1874
4807
11292
17307
22602
26955
30182
32146
32765
32010
29911
26556
22083
16679
10571
4016
-2711
-9326
-15551
-21121
-25799
-29387
-31732
-32732
-32344
-30582
-27520
-23286
-18060
-12062
-5547
1206
7911
14280
20041
24947
28786
31393
32653
32513
30975
28105
24024
18906
12972
6476
-301
-7069
-13534
-19415
-24458
-28443
-31196
-32596
-32580
-31148
-28360
-24336
-19250
-13322
-6811
0
6813
13332
19269
24364
28393
31178
32594
32578
31129
28309
24241
19103
13120
6555
-301
-7147
-13680
-19609
-24671
-28641
-31340
-32648
-32505
-30916
-27948
-23735
-18460
-12360
-5706
1206
8067
14569
20421
25359
29162
31656
32728
32328
30473
27244
22786
17298
11027
4255
-2711
-9557
-15974
-21669
-26383
-29901
-32062
-32766
-31979
-29736
-26137
-21345
-15577
-9095
-2195
4807
11593
17850
23291
27666
30771
32464
32665
31362
28614
24546
19345
13249
6538
-477
-7473
-14125
-20126
-25196
-29098
-31650
-32732
-32292
-30349
-26991
-22374
-16712
-10266
-3339
3746
10659
17076
22694
27251
30530
32377
32702
31489
28793
24740
19519
13375
6597
-494
-7565
-14281
-20323
-25404
-29282
-31772
-32753
-32178
-30072
-26533
-21729
-15887
-9285
-2238
4919
11843
18204
23695
28052
31066
32589
32548
30942
27847
23411
17845
11416
4435
-2763
-9830
-16425
-22227
-26955
-30378
-32330
-32713
-31507
-28769
-24631
-19293
-13013
-6096
1120
8285
15047
21076
26077
29802
32068
32763
31850
29372
25451
20276
14101
7230
0
-7232
-14111
-20295
-25478
-29402
-31872
-32764
-32033
-29711
-25913
-20827
-14703
-7845
-595
6688
13640
19914
25196
29220
31785
32759
32093
29819
26047
20967
14832
7950
664
-6656
-13645
-19948
-25247
-29273
-31822
-32763
-32046
-29706
-25861
-20703
-14492
-7543
-209
7138
14125
20396
25629
29557
31977
32766
31880
29363
25342
20022
13674
6622
-771
-8129
-15071
-21240
-26318
-30042
-32219
-32734
-31559
-28754
-24461
-18901
-12360
-5177
2276
9615
16457
22447
27271
30678
32489
32608
31026
27825
23169
17302
10527
3199
-4298
-11573
-18244
-23960
-28419
-31387
-32705
-32302
-30198
-26501
-21406
-15179
-8148
-684
6817
13962
20369
25700
29668
32064
32757
31710
28975
24698
19103
12488
5205
-2358
-9798
-16717
-22745
-27557
-30894
-32577
-32513
-30703
-27244
-22319
-16192
-9191
-1693
5898
13175
19743
25247
29388
31941
32765
31816
29141
24884
19276
12618
5272
-2362
-9871
-16845
-22903
-27714
-31014
-32621
-32445
-30495
-26875
-21781
-15492
-8351
-749
6896
14165
20658
26016
29942
32220
32721
31417
28377
23767
17841
10926
3403
-4310
-11787
-18613
-24407
-28847
-31684
-32759
-32010
-29476
-25298
-19707
-13013
-5590
2148
9769
16845
22980
27828
31116
32659
32366
30254
26438
21133
14635
7310
-430
-8148
-15409
-21801
-26962
-30598
-32502
-32563
-30778
-27244
-22162
-15818
-8572
-836
6950
14343
20920
26305
30190
32350
32661
31103
27762
22829
16586
9388
1649
-6187
-13670
-20369
-25898
-29936
-32249
-32702
-31267
-28024
-23161
-16955
-9766
-2009
5867
13405
20168
25762
29860
32222
32709
31291
28049
23169
16936
9711
1916
-5992
-13553
-20323
-25904
-29968
-32275
-32687
-31179
-27837
-22855
-16527
-9222
-1372
6562
14111
20829
26318
30252
32397
32623
30916
27374
22206
15718
8294
373
-7571
-15067
-21669
-26980
-30683
-32556
-32483
-30469
-26631
-21197
-14492
-6916
1077
9009
16402
22811
27851
31216
32702
32218
29790
25564
19793
12824
5078
-2978
-10856
-18080
-24210
-28873
-31785
-32766
-31757
-28816
-24119
-17952
-10689
-2772
5316
13083
20053
25799
29968
32304
32662
31017
27469
22233
15630
8064
0
-8067
-15639
-22251
-27492
-31038
-32669
-32282
-29899
-25665
-19840
-12785
-4935
3223
11185
18454
24578
29176
31960
32754
31507
28295
23317
16881
9388
1306
-6859
-14599
-21426
-26913
-30713
-32587
-32415
-30206
-26096
-20343
-13307
-5431
2789
10837
18204
24423
29100
31937
32755
31498
28244
23199
16679
9099
938
-7285
-15047
-21854
-27271
-30951
-32659
-32282
-29844
-25497
-19519
-12290
-4271
4023
12062
19330
25359
29762
32252
32670
30984
27303
21861
15008
7184
-1105
-9326
-16947
-23474
-28484
-31650
-32766
-31757
-28687
-23753
-17274
-9670
-1435
6896
14781
21705
27215
30951
32666
32248
29720
25247
19119
11737
3583
-4807
-12886
-20121
-26035
-30239
-32455
-32534
-30469
-26395
-20578
-13400
-5336
3083
11302
18775
25007
29584
32200
32681
30992
27244
21684
14679
6695
-1736
-10055
-17706
-24178
-29038
-31959
-32744
-31340
-27837
-22468
-15592
-7668
771
9163
16942
23583
28641
31772
32764
31548
28203
22955
16155
8261
-193
-8637
-16499
-23246
-28419
-31667
-32766
-31641
-28366
-23161
-16378
-8479
0
8482
16388
23178
28387
31659
32766
31633
28334
23092
16267
8323
-193
-8699
-16610
-23382
-28547
-31748
-32764
-31521
-28105
-22748
-15818
-7793
771
9287
17161
23850
28887
31923
32744
31292
27666
22114
15023
6884
-1736
-10238
-18030
-24565
-29387
-32158
-32681
-30919
-26991
-21173
-13868
-5590
3083
11543
19194
25499
30012
32414
32534
30361
26047
19895
12336
3903
-4807
-13181
-20625
-26610
-30711
-32637
-32248
-29569
-24790
-18247
-10405
-1820
6896
15124
22277
27843
31423
32760
31757
28483
23169
16196
8060
-655
-9326
-17331
-24094
-29127
-32068
-32703
-30984
-27033
-21133
-13707
-5289
3511
12062
19743
25999
30374
32552
32371
29844
25150
18630
10754
2094
-6719
-15047
-22282
-27896
-31478
-32765
-31661
-28244
-22763
-15616
-7324
1506
10228
18204
24847
29668
32313
32585
30461
26096
19809
12062
3423
-5469
-13962
-21426
-27310
-31178
-32740
-31881
-28661
-23317
-16242
-7961
912
9721
17811
24578
29519
32265
32608
30520
26157
19840
12041
3339
-5613
-14150
-21629
-27492
-31296
-32755
-31758
-28377
-22863
-15630
-7219
1736
10564
18599
25234
29968
32443
32468
30041
25342
18725
10689
1842
-7147
-15598
-22868
-28404
-31785
-32751
-31227
-27327
-21345
-13736
-5078
3969
12717
20496
26712
30887
32702
32014
28875
23522
16364
7950
-1077
-10024
-18204
-24986
-29848
-32414
-32483
-30050
-25298
-18593
-10451
-1499
7571
16058
23305
28750
31969
32711
30916
26720
20449
12587
3744
-5391
-14111
-21734
-27666
-31442
-32766
-31533
-27837
-21964
-14372
-5653
3510
12401
20323
26654
30894
32710
31957
28692
23169
15822
7226
-1941
-10958
-19113
-25762
-30378
-32596
-32237
-29328
-24096
-16955
-8469
691
9799
18132
25028
29936
32465
32412
29778
24772
17791
9388
234
-8940
-17404
-24479
-29598
-32350
-32513
-30072
-25219
-18342
-9991
-836
8388
16942
24135
29387
32275
32563
30226
25451
18620
10283
1113
-8148
-16754
-24006
-29316
-32252
-32574
-30254
-25477
-18630
-10266
-1066
8222
16845
24098
29390
32286
32549
30156
25298
18372
9941
695
-8610
-17213
-24407
-29603
-32371
-32482
-29925
-24908
-17841
-9305
0
9307
17850
24924
29942
32491
32356
29546
24293
17028
8351
-1019
-10308
-18745
-25629
-30386
-32621
-32145
-28995
-23432
-15917
-7073
2362
11603
19879
26497
30903
32728
31816
28241
22301
14491
5464
-4023
-13175
-21224
-27492
-31451
-32766
-31324
-27244
-20868
-12732
-3519
5992
15001
22745
28568
31977
32682
30619
25962
19103
10622
1238
-8253
-17047
-24394
-29668
-32420
-32412
-29643
-24347
-16973
-8148
1373
10781
19269
26112
30723
32705
31886
28334
22351
14449
5304
-4298
-13534
-21608
-27826
-31650
-32749
-31026
-26627
-19930
-11510
-2094
7504
16457
23989
29446
32355
32460
29752
24461
17046
8148
-1459
-10942
-19477
-26318
-30870
-32732
-31742
-27983
-21780
-13674
-4371
5316
14541
22496
28484
31977
32669
30495
25645
18541
9807
209
-9410
-18204
-25397
-30356
-32640
-32046
-28625
-22675
-14721
-5464
4278
13645
21806
28038
31787
32719
30748
26047
19032
10324
695
-8997
-17892
-25196
-30256
-32621
-32077
-28669
-22701
-14703
-5389
4409
13816
21989
28193
31872
32694
30582
25725
18555
9715
0
-9718
-18563
-25739
-30598
-32699
-31850
-28126
-21861
-13619
-4144
5708
15047
23026
28920
32194
32549
29951
24631
17073
7961
-1876
-11547
-20168
-26955
-31287
-32766
-31257
-26894
-20073
-11416
-1713
8148
17267
24807
30076
32589
32113
28690
22632
14492
5018
-4919
-14407
-22570
-28657
-32104
-32591
-30072
-24775
-17189
-8012
1907
11653
20323
27113
31393
32763
31094
26539
19519
10683
852
-9060
-18132
-25519
-30530
-32697
-31816
-27965
-21503
-13031
-3339
6667
16052
23938
29584
32459
32292
29097
23169
15065
5543
-4501
-14125
-22423
-28612
-32108
-32578
-29977
-24546
-16798
-7461
2582
12385
21019
27666
31694
32721
30647
25665
18247
9095
-923
-10856
-19760
-26786
-31264
-32766
-31146
-26556
-19431
-10451
-470
9557
18675
26008
30855
32749
31507
27244
20368
11537
1595
-8501
-17784
-25359
-30497
-32702
-31758
-27754
-21074
-12360
-2451
7696
17103
24860
30215
32648
31922
28105
21563
12929
3039
-7147
-16643
-24525
-30025
-32607
-32016
-28309
-21844
-13249
-3359
6859
16412
24364
29939
32588
32050
28377
21924
13322
3413
-6833
-16412
-24382
-29960
-32596
-32028
-28309
-21804
-13150
-3199
7069
16643
24578
30089
32630
31946
28105
21482
12732
2719
-7565
-17103
-24947
-30318
-32680
-31797
-27754
-20951
-12062
-1970
8320
17784
25478
30633
32732
31565
27244
20200
11134
952
-9326
-18675
-26154
-31014
-32765
-31228
-26556
-19215
-9941
333
10578
19760
26955
31436
32749
30759
25665
17979
8475
-1887
-12062
-21019
-27851
-31864
-32650
-30126
-24546
-16475
-6728
3703
13762
22423
28806
32258
32427
29291
23169
14683
4696
-5772
-15653
-23938
-29777
-32571
-32033
-28214
-21503
-12587
-2378
8077
17706
25519
30711
32748
31416
26850
19519
10175
-219
-10594
-19879
-27113
-31549
-32726
-30520
-25157
-17189
-7439
3083
13289
22119
28657
32222
32441
29289
23092
14492
4381
-6187
-16114
-24364
-30076
-32652
-31820
-27666
-20619
-11416
-1017
9491
19008
26537
31287
32757
30792
25595
17709
7961
-2625
-12939
-21894
-28547
-32194
-32451
-29286
-23032
-14346
-4144
6498
16457
24678
30291
32699
31644
27238
19943
10531
0
-10533
-19951
-27251
-31656
-32694
-30254
-24592
-16309
-6286
4409
14637
23305
29487
32519
32077
28203
21312
12137
1660
-8997
-18692
-26385
-31248
-32757
-30748
-25434
-17383
-7461
3266
13645
22556
29038
32390
32248
28625
21909
12824
2351
-8378
-18204
-26061
-31098
-32765
-30880
-25645
-17625
-7689
3083
13524
22496
29023
32393
32235
28565
21780
12618
2077
-8692
-18516
-26318
-31245
-32755
-30681
-25247
-17046
-6975
3863
14280
23132
29446
32527
32033
28015
20915
11510
836
-9932
-19609
-27125
-31650
-32682
-30103
-24198
-15616
-5304
5596
15880
24407
30232
32705
31550
26894
19250
9465
-1373
-12062
-21411
-28379
-32188
-32412
-29022
-22395
-13267
-2656
8253
18244
26197
31222
32754
30619
25054
16679
6433
-4537
-15001
-23783
-29895
-32648
-31731
-27244
-19690
-9916
976
11762
21224
28293
32170
32415
28997
22301
13080
2378
-8595
-18599
-26497
-31393
-32729
-30352
-24528
-15917
-5494
5554
15974
24578
30386
32734
31352
26395
18425
8351
-2679
-13405
-22602
-29217
-32491
-32046
-27932
-20616
-10936
0
10939
20625
27944
32055
32482
29173
22507
13249
2462
-8610
-18692
-26622
-31481
-32707
-30156
-24119
-15293
-4696
6446
16845
25296
30817
32766
30916
25477
17079
6695
-4468
-15115
-24006
-30106
-32702
-31489
-26606
-18620
-8460
2689
13528
22788
29387
32552
31909
27532
19930
9991
-1120
-12103
-21669
-28693
-32350
-32208
-28280
-21025
-11295
-234
10856
20671
28052
32127
32412
28871
21921
12379
1372
-9799
-19815
-27487
-31906
-32545
-29328
-22632
-13249
-2291
8940
19113
27016
31708
32629
29666
23169
13911
2992
-8285
-18577
-26654
-31549
-32677
-29899
-23544
-14372
-3477
7836
18214
26411
31442
32702
30037
23764
14635
3744
-7598
-18030
-26293
-31393
-32711
-30086
-23833
-14703
-3796
7571
18026
26305
31405
32707
30050
23753
14577
3632
-7754
-18204
-26446
-31479
-32688
-29925
-23522
-14256
-3253
8148
18560
26712
31608
32650
29706
23135
13736
2656
-8751
-19090
-27095
-31785
-32581
-29385
-22585
-13013
-1842
9557
19786
27585
31994
32468
28947
21861
12081
809
-10564
-20637
-28166
-32219
-32293
-28377
-20951
-10932
440
11762
21629
28819
32437
32033
27653
19840
9561
-1907
-13142
-22745
-29519
-32621
-31661
-26755
-18514
-7961
3586
14689
23960
30239
32740
31148
25658
16955
6128
-5469
-16384
-25247
-30944
-32759
-30461
-24336
-15151
-4058
7546
18204
26572
31595
32638
29565
22763
13087
1756
-9798
-20118
-27896
-32148
-32332
-28424
-20915
-10754
771
12203
22088
29171
32552
31797
27001
18769
8148
-3511
-14727
-24069
-30346
-32754
-30984
-25260
-16309
-5272
6439
17331
26008
31359
32696
29845
23169
13521
2137
-9523
-19964
-27843
-32146
-32318
-28334
-20703
-10405
1234
12717
22564
29503
32637
31559
26407
17841
6968
-4807
-15965
-25058
-30909
-32757
-30361
-24028
-14577
-3233
8533
19194
27364
31977
32433
28669
21173
10917
-762
-12345
-22321
-29387
-32619
-31592
-26438
-17828
-6884
4961
16161
25247
31028
32744
30168
23635
13998
2522
-9287
-19879
-27860
-32179
-32265
-28105
-20242
-9711
2101
13640
23382
30040
32733
31103
25362
16267
5018
-6896
-17901
-26537
-31659
-32585
-29190
-21921
-11741
0
11743
21929
29201
32589
31641
26480
17791
6728
-5233
-16499
-25566
-31222
-32709
-29826
-22955
-13013
-1327
10537
20994
28641
32450
31909
27088
18630
7668
-4324
-15739
-25041
-30976
-32744
-30105
-23411
-13561
-1880
10055
20637
28436
32397
31982
27244
18822
7852
-4182
-15653
-25007
-30974
-32743
-30072
-23319
-13400
-1660
10308
20879
28612
32455
31881
26966
18377
7282
-4807
-16245
-25468
-31216
-32702
-29720
-22675
-12528
-664
11292
21705
29147
32596
31576
26225
17274
5950
-6193
-17489
-26383
-31650
-32564
-28995
-21433
-10917
1105
12978
23064
29968
32737
30984
24950
15465
3839
-8320
-19330
-27666
-32170
-32217
-27796
-19519
-8531
3643
15314
24860
30951
32739
29972
23032
12884
938
-11141
-21669
-29176
-32613
-31498
-25982
-16835
-5332
6918
18204
26944
31912
32410
28366
20343
9465
-2743
-14569
-24351
-30713
-32759
-30198
-23387
-13283
-1306
10856
21492
29100
32604
31507
25962
16748
5166
-7147
-18454
-27152
-32008
-32332
-28076
-19840
-8789
3510
15314
24947
31038
32720
29752
22551
12140
0
-12143
-22559
-29762
-32723
-31017
-24884
-15198
-3339
8998
20053
28242
32393
31908
26854
17952
6476
-5930
-17489
-26541
-31785
-32465
-28481
-20402
-9388
2978
14918
24714
30951
32730
29790
22554
12062
-172
-12385
-22811
-29942
-32746
-30813
-24421
-14492
-2462
9926
20879
28806
32556
31581
26021
16679
4912
-7571
-18956
-27585
-32200
-32127
-27374
-18630
-7167
5342
17076
26318
31719
32485
28504
20353
9222
-3259
-15267
-25041
-31147
-32687
-29434
-21861
-11077
1334
13553
23783
30517
32764
30189
23169
12736
423
-11953
-22570
-29860
-32743
-30792
-24293
-14202
-2009
10483
21426
29201
32652
31267
25247
15482
3419
-9153
-20369
-28563
-32514
-31633
-26047
-16586
-4654
7973
19415
27967
32350
31910
26709
17520
5712
-6950
-18577
-27428
-32179
-32116
-27244
-18292
-6597
6088
17864
26962
32015
32263
27666
18910
7310
-5391
-17284
-26579
-31872
-32366
-27983
-19380
-7852
4862
16845
26287
31760
32433
28203
19707
8226
-4501
-16550
-26094
-31684
-32472
-28334
-19895
-8434
4310
16402
26003
31651
32486
28377
19946
8475
-4288
-16402
-26016
-31662
-32478
-28334
-19861
-8351
4437
16550
26133
31717
32445
28203
19638
8060
-4756
-16845
-26351
-31812
-32386
-27983
-19276
-7602
5243
17284
26666
31941
32293
27666
18769
6975
-5898
-17864
-27071
-32095
-32157
-27244
-18113
-6176
6719
18577
27557
32265
31968
26709
17302
5205
-7702
-19415
-28111
-32434
-31710
-26047
-16326
-4058
8843
20369
28719
32588
31368
25247
15179
2736
-10137
-21426
-29364
-32705
-30922
-24293
-13853
-1238
11573
22570
30025
32764
30353
23169
12339
-434
-13142
-23783
-30678
-32739
-29638
-21861
-10632
2276
14829
25041
31296
32604
28754
20353
8727
-4282
-16616
-26318
-31849
-32328
-27676
-18630
-6622
6439
18480
27585
32302
31880
26381
16679
4318
-8734
-20396
-28806
-32620
-31227
-24845
-14492
-1820
11144
22329
29942
32763
30335
23047
12062
-859
-13645
-24243
-30951
-32688
-29173
-20967
-9388
3703
16202
26094
31785
32354
27709
18593
6476
-6688
-18775
-27832
-32393
-31718
-25913
-15915
-3339
9779
21317
29402
32723
30737
23764
12933
0
-12935
-23772
-30745
-32720
-29372
-21243
-9654
3510
16105
26077
31798
32332
27590
18342
6096
-7147
-19226
-28162
-32493
-31507
-25362
-15061
-2291
10856
22227
29953
32765
30198
22670
11416
-1716
-14569
-25028
-31370
-32548
-28366
-19509
-7435
5867
18204
27539
32330
31782
25982
15887
3163
-10086
-21669
-29667
-32753
-30413
-23032
-11831
1334
14281
24860
31312
32563
28403
19519
7387
-5976
-18347
-27666
-32377
-31693
-25725
-15465
-2622
10659
22164
29968
32766
30086
22374
10917
-2369
-15261
-25599
-31650
-32396
-27709
-18372
-5950
7473
19643
28516
32596
31195
24546
13765
664
-12550
-23653
-30771
-32702
-29116
-20616
-8634
4807
17440
27128
32230
31881
26137
15968
3092
-10308
-21966
-29901
-32766
-30072
-22272
-10689
2711
15653
25937
31812
32275
27244
17574
4908
-8595
-20637
-29162
-32712
-30681
-23411
-12140
1206
14349
25041
31451
32480
27948
18630
6117
-7445
-19735
-28641
-32634
-31026
-24089
-13013
301
13567
24501
31222
32570
28309
19172
6728
-6876
-19298
-28393
-32589
-31159
-24347
-13326
0
13328
24354
31166
32585
28360
19220
6748
-6896
-19347
-28443
-32604
-31103
-24198
-13087
301
13640
24608
31294
32533
28105
18778
6176
-7504
-19879
-28786
-32669
-30847
-23635
-12290
1206
14493
25247
31583
32389
27520
17828
5008
-8692
-20870
-29387
-32745
-30352
-22624
-10917
2711
15865
26229
31977
32094
26556
16335
3233
-10442
-22277
-30182
-32757
-29546
-21112
-8944
4807
17712
27483
32390
31559
25136
14256
845
-12717
-24026
-31070
-32598
-28334
-19032
-6345
7473
19964
28903
32697
30666
23169
11540
-2148
-15456
-26008
-31918
-32127
-26596
-16309
-3103
10659
22517
30346
32741
29270
20553
8148
-5719
-18563
-28078
-32552
-31179
-24202
-12874
771
14281
25223
31625
32332
27214
17189
4062
-9798
-21894
-30040
-32762
-29565
-21025
-8682
5233
18204
27882
32514
31257
24336
13002
-691
-14262
-25247
-31650
-32307
-27094
-16955
-3732
10171
22227
30239
32747
29289
20494
7961
-6025
-18915
-28356
-32621
-30929
-23586
-11931
1907
15400
26077
31982
32033
26215
15592
2109
-11762
-23479
-30889
-32629
-28377
-18910
-5966
8077
20637
29402
32756
30080
21861
9613
-4409
-17621
-27585
-32459
-31342
-24435
-13013
816
14497
25499
31785
32188
26631
16140
2656
-11322
-23203
-30782
-32650
-28456
-18976
-5969
8148
20755
29503
32763
29925
21514
9095
-5021
-18204
-27995
-32564
-31058
-23753
-12011
1977
15598
26305
32095
31880
25698
14703
952
-12978
-24480
-31393
-32418
-27360
-17165
-3744
10381
22559
30497
32702
28754
19394
6380
-7836
-20580
-29446
-32762
-29899
-21393
-8847
5370
18577
28275
32630
30814
23169
11138
-3003
-16579
-27016
-32334
-31523
-24733
-13249
751
14612
25700
31906
32048
26096
15179
1372
-12698
-24354
-31371
-32412
-27273
-16932
-3359
10856
23003
30758
32638
28280
18514
5205
-9101
-21669
-30089
-32747
-29131
-19930
-6905
7445
20371
29387
32762
29844
21189
8460
-5898
-19125
-28673
-32702
-30433
-22301
-9868
4468
17946
27963
32585
30916
23274
11134
-3159
-16845
-27275
-32428
-31305
-24119
-12260
1977
15833
26622
32247
31615
24845
13249
-923
-14918
-26016
-32055
-31858
-25461
-14105
0
14107
25468
31864
32046
25975
14832
792
-13405
-24986
-31684
-32188
-26395
-15435
-1452
12817
24578
31525
32292
26727
15917
1981
-12345
-24250
-31393
-32366
-26976
-16280
-2378
11993
24006
31293
32415
27148
16527
2644
-11762
-23850
-31230
-32442
-27244
-16660
-2779
11653
23783
31206
32451
27267
16679
2783
-11667
-23806
-31222
-32441
-27217
-16586
-2656
11803
23919
31277
32412
27094
16378
2398
-12062
-24120
-31370
-32361
-26894
-16056
-2009
12441
24407
31496
32285
26615
15616
1488
-12939
-24777
-31650
-32178
-26251
-15055
-836
13553
25223
31826
32033
25797
14372
52
-14280
-25739
-32015
-31841
-25247
-13561
863
15115
26318
32208
31592
24592
12618
-1908
-16052
-26950
-32393
-31276
-23823
-11540
3083
17085
27622
32556
30880
22932
10324
-4384
-18204
-28323
-32682
-30389
-21909
-8965
5807
19399
29038
32755
29790
20744
7461
-7347
-20658
-29748
-32757
-29067
-19428
-5811
8997
21966
30436
32669
28203
17952
4016
-10746
-23305
-31079
-32468
-27184
-16309
-2077
12583
24657
31656
32135
25992
14491
0
-14493
-25999
-32139
-31644
-24613
-12494
2208
16457
27304
32503
30975
23032
10317
-4537
-18454
-28547
-32719
-30103
-21238
-7961
6971
20458
29694
32757
29007
19220
5431
-9491
-22439
-30713
-32587
-27666
-16973
-2736
12073
24364
31568
32177
26060
14492
-108
-14689
-26197
-32222
-31498
-24174
-11781
3083
17304
27896
32634
30520
21996
8847
-6162
-19879
-29416
-32766
-29219
-19519
-5706
9311
22368
30711
32578
27570
16743
2378
-12491
-24723
-31732
-32033
-25558
-13674
1105
15653
26888
32428
31095
23169
10328
-4707
-18745
-28806
-32750
-29736
-20402
-6728
8378
21705
30414
32650
27932
17262
2911
-12062
-24465
-31651
-32083
-25665
-13765
1077
15692
26955
32455
31012
22932
9941
-5180
-19194
-29098
-32765
-29406
-19738
-5832
9326
22486
30817
32526
27244
16102
1495
-13436
-25478
-32035
-31693
-24521
-12062
2999
17416
28078
32680
30226
21243
7668
-7565
-21167
-30192
-32685
-28105
-17438
-2992
12103
24578
31727
31995
25321
13150
-1876
-16499
-27539
-32596
-30567
-21889
-8448
6833
20630
29936
32722
28377
17845
3419
-11753
-24364
-31659
-32040
-25423
-13249
1823
16499
27568
32607
30508
21729
8189
-7147
-20920
-30108
-32693
-28105
-17347
-2779
12401
24860
31856
31850
24838
12360
-2839
-17416
-28160
-32702
-30037
-20749
-6884
8501
22013
30668
32552
27244
15915
1066
-14020
-26008
-32243
-31342
-23500
-10451
4915
19194
29220
32766
29042
18871
4509
-10856
-23813
-31479
-32147
-25665
-13473
1720
16533
27666
32637
30335
21271
7461
-8015
-21705
-30552
-32578
-27327
-15968
-1038
14125
26133
32294
31228
23169
9920
-5554
-19786
-29584
-32748
-28565
-17970
-3339
12043
24723
31849
31816
24627
11897
-3511
-18132
-28673
-32755
-29458
-19519
-5177
10334
23516
31393
32182
25702
13414
-1907
-16800
-27896
-32682
-30072
-20653
-6555
9029
22570
30997
32395
26445
14492
-751
-15827
-27310
-32589
-30461
-21406
-7481
8148
21926
30713
32507
26894
15151
-48
-15238
-26955
-32522
-30664
-21804
-7961
7702
21608
30575
32549
27076
15403
202
-15047
-26852
-32503
-30703
-21861
-8002
7696
21629
30598
32538
27001
15255
0
-15257
-27007
-32541
-30582
-21579
-7602
8129
21989
30779
32468
26664
14703
-655
-15865
-27411
-32621
-30288
-20948
-6758
8997
22672
31098
32318
26047
13736
-1763
-16855
-28038
-32713
-29790
-19946
-5464
10289
23653
31516
32046
25116
12336
-3319
-18204
-28847
-32766
-29042
-18541
-3711
11987
24889
31977
31593
23823
10480
-5316
-19871
-29777
-32711
-27983
-16697
-1495
14059
26318
32404
30885
22114
8148
-7733
-21801
-30745
-32460
-26539
-14372
1180
16457
27860
32699
29832
19930
5325
-10537
-23916
-31650
-31910
-24631
-11530
4298
19113
29409
32747
28334
17210
2009
-13670
-26112
-32365
-30942
-22178
-8148
7817
21929
30833
32412
26285
13907
-1780
-17047
-28259
-32743
-29429
-19103
-4222
11667
24777
31977
31548
23586
9991
-5992
-20546
-30192
-32619
-27244
-15350
219
15739
27492
32660
30001
20149
5464
-10533
-24006
-31719
-31816
-24270
-10892
5106
19879
29873
32681
27625
15917
373
-15261
-27221
-32621
-30156
-20416
-5748
10308
23879
31684
31836
24293
10875
-5173
-19973
-29942
-32665
-27477
-15633
0
15636
27483
32666
29925
19920
5078
-10999
-24407
-31886
-31615
-23656
-9941
6193
20824
30386
32549
26782
14487
-1341
-16845
-28242
-32749
-29262
-18630
-3445
12583
25539
32252
31078
22301
8064
-8148
-22368
-31111
-32231
-25451
-12429
3643
18824
29387
32737
28047
16465
836
-15001
-27152
-32625
-30072
-20115
-5205
10989
24479
31937
31523
23335
9388
-6876
-21447
-30723
-32412
-26092
-13322
2743
18132
29038
32759
28371
16955
1338
-14612
-26944
-32596
-30164
-20247
-5304
10958
24501
31960
31477
23169
9099
-7236
-21774
-30894
-32323
-25702
-12676
3510
18824
29446
32724
27837
16000
166
-15711
-27666
-32707
-29572
-19041
-3744
12491
25602
32304
30916
21780
7184
-9215
-23305
-31551
-31880
-24205
-10451
5930
20824
30486
32483
26311
13518
-2679
-18204
-29147
-32749
-28098
-16364
-502
15488
27574
32702
29574
18976
3583
-12717
-25806
-32371
-30748
-21345
-6538
9926
23879
31785
31636
23467
9346
-7147
-21830
-30974
-32254
-25342
-11991
4409
19692
29968
32623
26976
14462
-1736
-17495
-28798
-32764
-28377
-16752
-852
15267
27492
32699
29554
18857
3339
-13034
-26077
-32450
-30520
-20777
-5712
10817
24578
32042
31291
22515
7961
-8637
-23021
-31496
-31881
-24075
-10079
6509
21426
30833
32307
25463
12062
-4448
-19815
-30076
-32585
-26689
-13907
2465
18204
29244
32732
27762
15616
-569
-16610
-28356
-32765
-28692
-17189
-1231
15047
27428
32699
29490
18630
2932
-13528
-26478
-32552
-30168
-19943
-4530
12062
25519
32337
30737
21133
6022
-10659
-24565
-32068
-31208
-22206
-7407
9326
23628
31760
31593
23169
8686
-8070
-22719
-31423
-31903
-24028
-9858
6896
21846
31070
32147
24790
10926
-5807
-21019
-30711
-32336
-25461
-11891
4807
20244
30356
32478
26047
12755
-3899
-19528
-30012
-32581
-26556
-13521
3083
18877
29687
32654
26991
14192
-2362
-18294
-29387
-32703
-27360
-14769
1736
17784
29119
32734
27666
15255
-1206
-17349
-28887
-32752
-27913
-15652
771
16993
28695
32761
28105
15962
-434
-16717
-28547
-32765
-28244
-16186
193
16523
28443
32766
28334
16326
-48
-16412
-28387
-32766
-28374
-16382
0
0
0
0
0
0
0
0
0
0
0
0
0
0
0
0
0
0
0
0
0
0
0
0
0
0
0
0
0
0
0
0
0
0
0
0
0
0
0
0
0
0
0
0
0
0
0
0
0
0
0
0
0
0
0
0
0
0
0
0
0
0
0
0
0
0
0
0
0
0
0
0
0
0
0
0
0
0
0
0
0
0
0
0
0
0
0
0
0
0
0
0
0
0
0
0
0
0
0
0
0
0
0
0
0
0
0
0
0
0
0
0
0
0
0
0
0
0
0
0
0
0
0
0
0
0
0
0
0
0
0
0
0
0
0
0
0
0
0
0
0
0
0
0
0
0
0
0
0
0
0
0
0
0
0
0
0
0
0
0
0
0
0
0
0
0
0
0
0
0
0
0
0
0
0
0
0
0
0
0
0
0
0
0
0
0
0
0
0
0
0
0
0
0
0
0
0
0
0
0
0
0
0
0
0
0
0
0
0
0
0
0
0
0
0
0
0
0
0
0
0
0
0
0
0
0
0
0
0
0
0
0
0
0
0
0
0
0
0
0
0
0
0
0
0
0
0
0
0
0
0
0
0
0
0
0
0
0
0
0
0
0
0
0
0
0
0
0
0
0
0
0
0
0
0
0
0
0
0
0
0
0
0
0
0
0
0
0
0
0
0
0
0
0
0
0
0
0
0
0
0
0
0
0
0
0
0
0
0
0
0
0
0
0
0
0
0
0
0
0
0
0
0
0
0
0
0
0
0
0
0
0
0
0
0
0
0
0
0
0
0
0
0
0
0
0
0
0
0
0
0
0
0
0
0
0
0
0
0
0
0
0
0
0
0
0
0
0
0
0
0
0
0
0
0
0
0
0
0
0
0
0
0
0
0
0
0
0
0
0
0
0
0
0
0
0
0
0
0
0
0
0
0
0
0
0
0
0
0
0
0
0
0
0
0
0
0
0
0
0
0
0
0
0
0
0
0
0
0
0
0
0
0
0
0
0
0
0
0
0
0
0
0
0
0
0
0
0
0
0
0
0
0
0
0
0
0
0
0
0
0
0
0
0
0
0
0
0
0
0
0
0
0
0
0
0
0
0
0
0
0
0
0
0
0
0
0
0
0
0
0
0
0
0
0
0
0
0
0
0
0
0
0
0
0
0
0
0
0
0
0
0
0
0
0
0
0
0
0
0
0
0
0
0
0
0
0
0
0
0
0
0
0
0
0
0
0
0
0
0
0
0
0
0
0
0
0
0
0
0
0
0
0
0
0
0
0
0
0
0
0
0
0
0
0
0
0
0
0
0
0
0
0
0
0
0
0
0
0
0
0
0
0
0
0
0
0
0
0
0
0
0
0
0
0
0
0
0
0
0
0
0
0
0
0
0
0
0
0
0
0
0
0
0
0
0
0
0
0
0
0
0
0
0
0
0
0
0
0
0
0
0
0
0
0
0
0
0
0
0
0
0
0
0
0
0
0
0
0
0
0
0
0
0
0
0
0
0
0
0
0
0
0
0
0
0
0
0
0
0
0
0
0
0
0
0
0
0
0
0
0
0
0
0
0
0
0
0
0
0
0
0
0
0
0
0
0
0
0
0
0
0
0
0
0
0
0
0
0
0
0
0
0
0
0
0
0
0
0
0
0
0
0
0
0
0
0
0
0
0
0
0
0
0
0
0
0
0
0
0
0
0
0
0
0
0
0
0
0
0
0
0
0
0
0
0
0
0
0
0
0
0
0
0
0
0
0
0
0
0
0
0
0
0
0
0
0
0
0
0
0
0
0
0
0
0
0
0
0
0
0
0
0
0
0
0
0
0
0
0
0
0
0
0
0
0
0
0
0
0
0
0
0
0
0
0
0
0
0
0
0
0
0
0
0
0
0
0
0
0
0
0
0
0
0
0
0
0
0
0
0
0
0
0
0
0
0
0
0
0
0
0
0
0
0
0
0
0
0
0
0
0
0
0
0
0
0
0
0
0
0
0
0
0
0
0
0
0
0
0
0
0
0
0
0
0
0
0
0
0
0
0
0
0
0
0
0
0
0
0
0
0
0
0
0
0
0
0
0
0
0
0
0
0
0
0
0
0
0
0
0
0
0
0
0
0
0
0
0
0
0
0
0
0
0
0
0
0
0
0
0
0
0
0
0
0
0
0
0
0
0
0
0
0
0
0
0
0
0
0
7561
7182
6076
4339
2124
-364
-2885
-5174
-6976
-8064
-8278
-7544
-5897
-3487
-571
2512
5381
7660
9030
9282
8351
6329
3465
133
-3222
-6144
-8232
-9203
-8934
-7481
-5070
-2062
1100
3970
6155
7381
7531
6656
4956
2747
396
-1737
-3363
-4302
-4506
-4059
-3145
-2006
-889
3
552
735
627
372
146
105
350
894
1655
2469
3123
3405
3150
2286
860
-956
-2894
-4625
-5825
-6235
-5714
-4276
-2094
518
3161
5408
6889
7351
6705
5047
2644
-115
-2784
-4936
-6240
-6517
-5767
-4166
-2030
245
2263
3691
4325
4121
3194
1792
240
-1126
-2032
-2313
-1945
-1050
136
1317
2197
2546
2248
1330
-44
-1608
-3038
-4029
-4348
-3889
-2696
-953
1044
2950
4429
5221
5193
4360
2878
1015
-905
-2564
-3711
-4204
-4033
-3312
-2247
-1085
-62
655
997
1000
796
567
497
718
1268
2070
2942
3631
3867
3435
2229
301
-2131
-4703
-6962
-8445
-8773
-7730
-5326
-1815
2329
6481
9958
12146
12602
11151
7920
3341
-1916
-7049
-11247
-13832
-14371
-12753
-9214
-4296
1235
6523
10751
13286
13770
12181
8826
4281
-704
-5343
-8935
-10978
-11241
-9793
-6968
-3304
565
4016
6542
7821
7767
6513
4382
1807
-747
-2867
-4259
-4782
-4460
-3456
-2031
-483
908
1932
2473
2517
2141
1483
705
-38
-636
-1026
-1202
-1199
-1076
-893
-693
-494
-291
-58
228
578
975
1368
1683
1832
1737
1353
680
-218
-1227
-2191
-2937
-3315
-3221
-2623
-1576
-216
1260
2626
3661
4193
4125
3457
2284
783
-818
-2280
-3388
-3990
-4015
-3488
-2515
-1263
67
1280
2215
2766
2897
2640
2080
1337
543
-185
-758
-1125
-1279
-1244
-1070
-820
-551
-312
-136
-36
-9
-41
-109
-185
-243
-254
-196
-52
184
507
892
1294
1649
1880
1907
1664
1114
265
-819
-2019
-3165
-4063
-4523
-4394
-3598
-2157
-204
2023
4213
6022
7126
7287
6393
4493
1804
-1317
-4421
-7031
-8725
-9209
-8365
-6284
-3255
277
3780
6723
8659
9304
8581
6632
3792
529
-2633
-5215
-6847
-7338
-6699
-5128
-2966
-629
1470
3006
3786
3781
3120
2050
878
-101
-669
-726
-313
403
1174
1725
1827
1352
308
-1150
-2749
-4148
-5011
-5077
-4224
-2506
-152
2464
4894
6686
7483
7085
5499
2946
-173
-3347
-6037
-7777
-8260
-7392
-5311
-2367
938
4045
6428
7692
7639
6300
3929
956
-2095
-4700
-6419
-6981
-6319
-4582
-2100
677
3265
5224
6238
6162
5043
3101
687
-1783
-3904
-5341
-5889
-5495
-4260
-2412
-263
1848
3610
4783
5231
4934
3980
2541
844
-871
-2384
-3516
-4158
-4265
-3862
-3030
-1892
-593
711
1877
2781
3331
3476
3213
2582
1668
592
-505
-1480
-2203
-2583
-2578
-2208
-1551
-733
93
777
1197
1284
1039
536
-90
-674
-1048
-1082
-714
25
1018
2066
2934
3388
3251
2443
1009
-875
-2924
-4785
-6100
-6571
-6023
-4442
-1997
982
4048
6710
8511
9113
8361
6311
3236
-417
-4097
-7235
-9341
-10082
-9341
-7235
-4097
-417
3236
6311
8361
9113
8511
6710
4048
982
-1997
-4442
-6023
-6571
-6100
-4785
-2924
-875
1009
2443
3251
3388
2934
2066
1018
25
-714
-1082
-1048
-674
-90
536
1039
1284
1197
777
93
-733
-1551
-2208
-2578
-2583
-2203
-1480
-505
592
1668
2582
3213
3476
3331
2781
1877
711
-593
-1892
-3030
-3862
-4265
-4158
-3516
-2384
-871
844
2541
3980
4934
5231
4783
3610
1848
-263
-2412
-4260
-5495
-5889
-5341
-3904
-1783
687
3101
5043
6162
6238
5224
3265
677
-2100
-4582
-6319
-6981
-6419
-4700
-2095
956
3929
6300
7639
7692
6428
4045
938
-2367
-5311
-7392
-8260
-7777
-6037
-3347
-173
2946
5499
7085
7483
6686
4894
2464
-152
-2506
-4224
-5077
-5011
-4148
-2749
-1150
308
1352
1827
1725
1174
403
-313
-726
-669
-101
878
2050
3120
3781
3786
3006
1470
-629
-2966
-5128
-6699
-7338
-6847
-5215
-2633
529
3792
6632
8581
9304
8659
6723
3780
277
-3255
-6284
-8365
-9209
-8725
-7031
-4421
-1317
1804
4493
6393
7287
7126
6022
4213
2023
-204
-2157
-3598
-4394
-4523
-4063
-3165
-2019
-819
265
1114
1664
1907
1880
1649
1294
892
507
184
-52
-196
-254
-243
-185
-109
-41
-9
-36
-136
-312
-551
-820
-1070
-1244
-1279
-1125
-758
-185
543
1337
2080
2640
2897
2766
2215
1280
67
-1263
-2515
-3488
-4015
-3990
-3388
-2280
-818
783
2284
3457
4125
4193
3661
2626
1260
-216
-1576
-2623
-3221
-3315
-2937
-2191
-1227
-218
680
1353
1737
1832
1683
1368
975
578
228
-58
-291
-494
-693
-893
-1076
-1199
-1202
-1026
-636
-38
705
1483
2141
2517
2473
1932
908
-483
-2031
-3456
-4460
-4782
-4259
-2867
-747
1807
4382
6513
7767
7821
6542
4016
565
-3304
-6968
-9793
-11241
-10978
-8935
-5343
-704
4281
8826
12181
13770
13286
10751
6523
1235
-4296
-9214
-12753
-14371
-13832
-11247
-7049
-1916
3341
7920
11151
12602
12146
9958
6481
2329
-1815
-5326
-7730
-8773
-8445
-6962
-4703
-2131
301
2229
3435
3867
3631
2942
2070
1268
718
497
567
796
1000
997
655
-62
-1085
-2247
-3312
-4033
-4204
-3711
-2564
-905
1015
2878
4360
5193
5221
4429
2950
1044
-953
-2696
-3889
-4348
-4029
-3038
-1608
-44
1330
2248
2546
2197
1317
136
-1050
-1945
-2313
-2032
-1126
240
1792
3194
4121
4325
3691
2263
245
-2030
-4166
-5767
-6517
-6240
-4936
-2784
-115
2644
5047
6705
7351
6889
5408
3161
518
-2094
-4276
-5714
-6235
-5825
-4625
-2894
-956
860
2286
3150
3405
3123
2469
1655
894
350
105
146
372
627
735
552
3
-889
-2006
-3145
-4059
-4506
-4302
-3363
-1737
396
2747
4956
6656
7531
7381
6155
3970
1100
-2062
-5070
-7481
-8934
-9203
-8232
-6144
-3222
133
3465
6329
8351
9282
9030
7660
5381
2512
-571
-3487
-5897
-7544
-8278
-8064
-6976
-5174
-2885
-364
2124
4339
6076
7182
0
0
0
0
0
0
0
0
0
0
0
0
0
0
0
0
0
0
0
0
0
0
0
0
0
0
0
0
0
0
0
0
0
0
0
0
0
0
0
0
0
0
0
0
0
0
0
0
0
0
0
0
0
0
0
0
0
0
0
0
0
0
0
0
0
0
0
-5041
-4778
-4017
-2833
-1343
301
1934
3386
4502
5157
5270
4815
3821
2380
632
-1238
-3029
-4533
-5565
-5985
-5718
-4763
-3207
-1210
999
3159
4996
6265
6784
6459
5304
3444
1100
-1428
-3814
-5735
-6926
-7217
-6557
-5027
-2830
-264
2322
4576
6193
6959
6784
5710
3904
1634
-777
-2998
-4734
-5774
-6012
-5459
-4236
-2547
-646
1205
2773
3883
4439
4427
3907
2995
1839
596
-593
-1617
-2398
-2897
-3104
-3033
-2710
-2170
-1454
-610
303
1220
2059
2731
3150
3246
2976
2340
1389
222
-1018
-2168
-3063
-3568
-3597
-3138
-2251
-1065
240
1467
2431
2992
3081
2711
1971
1015
22
-826
-1393
-1602
-1458
-1038
-478
59
422
505
269
-238
-899
-1540
-1973
-2035
-1629
-748
507
1948
3319
4347
4791
4494
3417
1658
-555
-2902
-5009
-6521
-7158
-6767
-5353
-3087
-276
2674
5330
7295
8272
8110
6830
4618
1794
-1239
-4058
-6283
-7631
-7955
-7258
-5682
-3480
-969
1513
3667
5259
6150
6301
5767
4674
3193
1511
-191
-1760
-3078
-4060
-4657
-4849
-4634
-4033
-3085
-1851
-417
1102
2575
3851
4786
5252
5166
4504
3311
1703
-141
-2003
-3650
-4871
-5506
-5470
-4771
-3505
-1843
-11
1750
3219
4219
4649
4491
3807
2729
1429
94
-1103
-2031
-2609
-2817
-2690
-2301
-1749
-1136
-546
-43
343
613
786
894
969
1033
1094
1143
1158
1110
975
737
397
-22
-487
-946
-1345
-1633
-1772
-1740
-1537
-1183
-717
-186
353
850
1260
1551
1705
1719
1603
1375
1059
682
270
-153
-571
-965
-1321
-1624
-1855
-1994
-2017
-1897
-1613
-1149
-505
296
1207
2153
3032
3725
4113
4087
3577
2562
1091
-715
-2667
-4524
-6024
-6918
-7009
-6194
-4487
-2034
895
3936
6674
8701
9684
9415
7858
5161
1649
-2215
-5900
-8877
-10703
-11094
-9969
-7469
-3943
108
4104
7474
9744
10612
9990
8016
5026
1496
-2035
-5056
-7162
-8110
-7854
-6536
-4454
-1997
424
2448
3820
4426
4295
3582
2520
1367
353
-362
-718
-749
-564
-315
-150
-175
-428
-867
-1385
-1834
-2064
-1964
-1492
-691
316
1349
2207
2717
2766
2338
1513
459
-605
-1459
-1925
-1912
-1437
-627
308
1123
1589
1550
968
-66
-1340
-2561
-3411
-3626
-3053
-1696
265
2505
4600
6112
6675
6078
4317
1614
-1611
-4807
-7391
-8857
-8876
-7369
-4532
-815
3152
6675
9114
10011
9176
6730
3094
-1088
-5063
-8105
-9652
-9416
-7438
-4083
19
4097
7374
9221
9274
7507
4242
89
-4162
-7694
-9812
-10078
-8400
-5049
-615
4096
8216
10967
11812
10553
7371
2797
-2384
-7272
-11011
-12944
-12728
-10392
-6331
-1232
4046
8630
11774
12992
12131
9387
5262
468
-4202
-8014
-10409
-11087
-10047
-7564
-4128
-346
3168
5898
7498
7840
7008
5268
2995
605
-1527
-3123
-4034
-4247
-3866
-3067
-2061
-1038
-144
543
1010
1289
1438
1512
1543
1535
1460
1276
946
457
-164
-853
-1508
-2012
-2258
-2173
-1740
-1007
-81
888
1737
2315
2520
2315
1737
888
-81
-1007
-1740
-2173
-2258
-2012
-1508
-853
-164
457
946
1276
1460
1535
1543
1512
1438
1289
1010
543
-144
-1038
-2061
-3067
-3866
-4247
-4034
-3123
-1527
605
2995
5268
7008
7840
7498
5898
3168
-346
-4128
-7564
-10047
-11087
-10409
-8014
-4202
468
5262
9387
12131
12992
11774
8630
4046
-1232
-6331
-10392
-12728
-12944
-11011
-7272
-2384
2797
7371
10553
11812
10967
8216
4096
-615
-5049
-8400
-10078
-9812
-7694
-4162
89
4242
7507
9274
9221
7374
4097
19
-4083
-7438
-9416
-9652
-8105
-5063
-1088
3094
6730
9176
10011
9114
6675
3152
-815
-4532
-7369
-8876
-8857
-7391
-4807
-1611
1614
4317
6078
6675
6112
4600
2505
265
-1696
-3053
-3626
-3411
-2561
-1340
-66
968
1550
1589
1123
308
-627
-1437
-1912
-1925
-1459
-605
459
1513
2338
2766
2717
2207
1349
316
-691
-1492
-1964
-2064
-1834
-1385
-867
-428
-175
-150
-315
-564
-749
-718
-362
353
1367
2520
3582
4295
4426
3820
2448
424
-1997
-4454
-6536
-7854
-8110
-7162
-5056
-2035
1496
5026
8016
9990
10612
9744
7474
4104
108
-3943
-7469
-9969
-11094
-10703
-8877
-5900
-2215
1649
5161
7858
9415
9684
8701
6674
3936
895
-2034
-4487
-6194
-7009
-6918
-6024
-4524
-2667
-715
1091
2562
3577
4087
4113
3725
3032
2153
1207
296
-505
-1149
-1613
-1897
-2017
-1994
-1855
-1624
-1321
-965
-571
-153
270
682
1059
1375
1603
1719
1705
1551
1260
850
353
-186
-717
-1183
-1537
-1740
-1772
-1633
-1345
-946
-487
-22
397
737
975
1110
1158
1143
1094
1033
969
894
786
613
343
-43
-546
-1136
-1749
-2301
-2690
-2817
-2609
-2031
-1103
94
1429
2729
3807
4491
4649
4219
3219
1750
-11
-1843
-3505
-4771
-5470
-5506
-4871
-3650
-2003
-141
1703
3311
4504
5166
5252
4786
3851
2575
1102
-417
-1851
-3085
-4033
-4634
-4849
-4657
-4060
-3078
-1760
-191
1511
3193
4674
5767
6301
6150
5259
3667
1513
-969
-3480
-5682
-7258
-7955
-7631
-6283
-4058
-1239
1794
4618
6830
8110
8272
7295
5330
2674
-276
-3087
-5353
-6767
-7158
-6521
-5009
-2902
-555
1658
3417
4494
4791
4347
3319
1948
507
-748
-1629
-2035
-1973
-1540
-899
-238
269
505
422
59
-478
-1038
-1458
-1602
-1393
-826
22
1015
1971
2711
3081
2992
2431
1467
240
-1065
-2251
-3138
-3597
-3568
-3063
-2168
-1018
222
1389
2340
2976
3246
3150
2731
2059
1220
303
-610
-1454
-2170
-2710
-3033
-3104
-2897
-2398
-1617
-593
596
1839
2995
3907
4427
4439
3883
2773
1205
-646
-2547
-4236
-5459
-6012
-5774
-4734
-2998
-777
1634
3904
5710
6784
6959
6193
4576
2322
-264
-2830
-5027
-6557
-7217
-6926
-5735
-3814
-1428
1100
3444
5304
6459
6784
6265
4996
3159
999
-1210
-3207
-4763
-5718
-5985
-5565
-4533
-3029
-1238
632
2380
3821
4815
5270
5157
4502
3386
1934
301
-1343
-2833
-4017
-4778
0
0
0
0
0
0
0
0
0
0
0
0
0
0
0
0
0
0
0
0
0
0
0
0
0
0
0
0
0
0
0
0
0
0
0
0
0
0
0
0
0
0
0
0
0
0
0
0
0
0
0
0
0
0
0
0
0
0
0
0
0
0
0
0
0
0
0
0
185
683
1336
1925
2219
2039
1304
61
-1515
-3146
-4505
-5278
-5236
-4288
-2509
-139
2450
4823
6553
7307
6908
5378
2939
-21
-3015
-5540
-7166
-7620
-6827
-4935
-2278
674
3410
5462
6494
6357
5119
3045
543
-1908
-3855
-4953
-5023
-4092
-2375
-237
1882
3555
4444
4372
3352
1585
-577
-2706
-4371
-5228
-5082
-3929
-1956
489
2968
5024
6271
6462
5537
3633
1061
-1746
-4319
-6220
-7131
-6899
-5568
-3360
-644
2135
4534
6180
6834
6424
5054
2975
543
-1848
-3834
-5133
-5590
-5192
-4065
-2436
-594
1163
2581
3484
3795
3540
2828
1830
733
-286
-1097
-1625
-1856
-1832
-1627
-1325
-1001
-701
-441
-206
38
326
677
1079
1487
1827
2008
1944
1574
891
-56
-1156
-2243
-3132
-3638
-3624
-3023
-1865
-282
1508
3229
4587
5324
5265
4353
2672
439
-2018
-4316
-6070
-6959
-6790
-5529
-3323
-480
2571
5350
7397
8352
8021
6411
3735
389
-3109
-6205
-8393
-9301
-8758
-6822
-3780
-103
3629
6820
8953
9678
8872
6657
3387
-413
-4133
-7175
-9053
-9472
-8377
-5958
-2621
1085
4559
7243
8718
8771
7421
4917
1690
-1721
-4764
-6961
-7984
-7706
-6217
-3798
-870
2078
4578
6253
6875
6397
4950
2815
364
-1999
-3912
-5107
-5446
-4938
-3724
-2045
-196
1524
2867
3662
3840
3436
2569
1420
192
-921
-1766
-2246
-2333
-2060
-1512
-806
-67
585
1061
1301
1290
1049
633
117
-406
-850
-1136
-1208
-1041
-646
-73
598
1260
1796
2095
2073
1690
960
-40
-1177
-2279
-3157
-3637
-3594
-2976
-1826
-278
1452
3103
4400
5108
5076
4264
2760
773
-1398
-3415
-4949
-5745
-5666
-4718
-3057
-957
1230
3143
4469
5006
4695
3632
2049
266
-1367
-2547
-3066
-2862
-2023
-776
566
1671
2250
2131
1295
-110
-1797
-3387
-4490
-4784
-4088
-2407
49
2897
5640
7754
8786
8444
6661
3617
-272
-4424
-8180
-10910
-12132
-11586
-9293
-5550
-891
4000
8397
11648
13278
13061
11049
7561
3122
-1621
-6008
-9457
-11552
-12092
-11104
-8819
-5622
-1981
1627
4786
7185
8644
9115
8662
7432
5617
3424
1052
-1320
-3534
-5446
-6921
-7836
-8083
-7588
-6326
-4351
-1799
1097
4033
6659
8624
9635
9503
8185
5805
2644
-891
-4329
-7198
-9104
-9791
-9182
-7391
-4705
-1532
1661
4430
6417
7404
7343
6346
4657
2597
508
-1312
-2655
-3426
-3641
-3410
-2898
-2279
-1697
-1233
-902
-651
-394
-39
476
1157
1939
2698
3276
3512
3286
2555
1370
-123
-1703
-3109
-4096
-4476
-4168
-3207
-1753
-57
1585
2884
3617
3670
3059
1930
526
-860
-1947
-2521
-2475
-1839
-765
498
1663
2461
2696
2295
1316
-53
-1542
-2842
-3676
-3852
-3307
-2120
-496
1269
2852
3963
4399
4091
3108
1648
-8
-1553
-2714
-3305
-3264
-2658
-1668
-539
467
1139
1353
1106
509
-238
-896
-1242
-1124
-506
520
1754
2913
3702
3876
3297
1975
75
-2101
-4174
-5747
-6494
-6216
-4897
-2705
25
2854
5309
6973
7561
6973
5309
2854
25
-2705
-4897
-6216
-6494
-5747
-4174
-2101
75
1975
3297
3876
3702
2913
1754
520
-506
-1124
-1242
-896
-238
509
1106
1353
1139
467
-539
-1668
-2658
-3264
-3305
-2714
-1553
-8
1648
3108
4091
4399
3963
2852
1269
-496
-2120
-3307
-3852
-3676
-2842
-1542
-53
1316
2295
2696
2461
1663
498
-765
-1839
-2475
-2521
-1947
-860
526
1930
3059
3670
3617
2884
1585
-57
-1753
-3207
-4168
-4476
-4096
-3109
-1703
-123
1370
2555
3286
3512
3276
2698
1939
1157
476
-39
-394
-651
-902
-1233
-1697
-2279
-2898
-3410
-3641
-3426
-2655
-1312
508
2597
4657
6346
7343
7404
6417
4430
1661
-1532
-4705
-7391
-9182
-9791
-9104
-7198
-4329
-891
2644
5805
8185
9503
9635
8624
6659
4033
1097
-1799
-4351
-6326
-7588
-8083
-7836
-6921
-5446
-3534
-1320
1052
3424
5617
7432
8662
9115
8644
7185
4786
1627
-1981
-5622
-8819
-11104
-12092
-11552
-9457
-6008
-1621
3122
7561
11049
13061
13278
11648
8397
4000
-891
-5550
-9293
-11586
-12132
-10910
-8180
-4424
-272
3617
6661
8444
8786
7754
5640
2897
49
-2407
-4088
-4784
-4490
-3387
-1797
-110
1295
2131
2250
1671
566
-776
-2023
-2862
-3066
-2547
-1367
266
2049
3632
4695
5006
4469
3143
1230
-957
-3057
-4718
-5666
-5745
-4949
-3415
-1398
773
2760
4264
5076
5108
4400
3103
1452
-278
-1826
-2976
-3594
-3637
-3157
-2279
-1177
-40
960
1690
2073
2095
1796
1260
598
-73
-646
-1041
-1208
-1136
-850
-406
117
633
1049
1290
1301
1061
585
-67
-806
-1512
-2060
-2333
-2246
-1766
-921
192
1420
2569
3436
3840
3662
2867
1524
-196
-2045
-3724
-4938
-5446
-5107
-3912
-1999
364
2815
4950
6397
6875
6253
4578
2078
-870
-3798
-6217
-7706
-7984
-6961
-4764
-1721
1690
4917
7421
8771
8718
7243
4559
1085
-2621
-5958
-8377
-9472
-9053
-7175
-4133
-413
3387
6657
8872
9678
8953
6820
3629
-103
-3780
-6822
-8758
-9301
-8393
-6205
-3109
389
3735
6411
8021
8352
7397
5350
2571
-480
-3323
-5529
-6790
-6959
-6070
-4316
-2018
439
2672
4353
5265
5324
4587
3229
1508
-282
-1865
-3023
-3624
-3638
-3132
-2243
-1156
-56
891
1574
1944
2008
1827
1487
1079
677
326
38
-206
-441
-701
-1001
-1325
-1627
-1832
-1856
-1625
-1097
-286
733
1830
2828
3540
3795
3484
2581
1163
-594
-2436
-4065
-5192
-5590
-5133
-3834
-1848
543
2975
5054
6424
6834
6180
4534
2135
-644
-3360
-5568
-6899
-7131
-6220
-4319
-1746
1061
3633
5537
6462
6271
5024
2968
489
-1956
-3929
-5082
-5228
-4371
-2706
-577
1585
3352
4372
4444
3555
1882
-237
-2375
-4092
-5023
-4953
-3855
-1908
543
3045
5119
6357
6494
5462
3410
674
-2278
-4935
-6827
-7620
-7166
-5540
-3015
-21
2939
5378
6908
7307
6553
4823
2450
-139
-2509
-4288
-5236
-5278
-4505
-3146
-1515
61
1304
2039
2219
1925
1336
683
185
0
0
0
0
0
0
0
0
0
0
0
0
0
0
0
0
0
0
0
0
0
0
0
0
0
0
0
0
0
0
0
0
0
0
0
0
0
0
0
0
0
0
0
0
0
0
0
0
0
0
0
0
0
0
0
0
0
0
0
0
0
0
0
0
0
0
0
