0
4278
8485
12550
16402
19973
23203
26035
28419
30314
31684
32507
32766
32456
31581
30156
28203
25758
22860
19561
15917
11991
7852
3573
-771
-5106
-9352
-13436
-17284
-20829
-24006
-26759
-29038
-30801
-32015
-32660
-32720
-32196
-31094
-29434
-27244
-24563
-21439
-17925
-14087
-9991
-5712
-1327
3083
7441
11667
15683
19415
22796
25762
28259
30239
31667
32514
32764
32412
31462
29931
27847
25247
22178
18696
14865
10755
6443
2009
-2465
-6896
-11201
-15299
-19113
-22570
-25606
-28162
-30190
-31650
-32514
-32764
-32394
-31411
-29832
-27686
-25012
-21861
-18292
-14372
-10175
-5781
-1274
3259
7733
12062
16161
19951
23359
26318
28771
30668
31973
32659
32711
32127
30919
29107
26727
23823
20452
16679
12577
8226
3711
-879
-5455
-9926
-14204
-18204
-21846
-25058
-27775
-29942
-31516
-32464
-32766
-32415
-31417
-29790
-27567
-24790
-21514
-17805
-13736
-9388
-4849
-209
4437
8997
13377
17489
21248
24578
27411
29687
31359
32393
32765
32468
31507
29899
27676
24884
21579
17828
13707
9301
4700
0
-4703
-9311
-13729
-17864
-21629
-24947
-27746
-29968
-31566
-32503
-32761
-32332
-31225
-29460
-27076
-24119
-20653
-16748
-12488
-7961
-3263
1506
6246
10856
15238
19298
22949
26112
28719
30713
32051
32702
32651
31900
30461
28366
25658
22395
18646
14492
10022
5332
524
-4298
-9029
-13567
-17811
-21669
-25055
-27896
-30127
-31699
-32577
-32739
-32182
-30916
-28967
-26379
-23206
-19519
-15397
-10932
-6222
-1372
3511
8320
12945
17284
21240
24723
27655
29968
31611
32545
32748
32214
30954
28995
26381
23169
19431
15252
10724
5950
1038
-3899
-8751
-13405
-17757
-21705
-25159
-28038
-30277
-31822
-32637
-32702
-32014
-30588
-28456
-25665
-22280
-18377
-14047
-9388
-4509
477
5455
10308
14924
19194
23018
26305
28979
30974
32243
32756
32498
31476
29711
27244
24133
20449
16280
11722
6884
1880
-3170
-8148
-12935
-17416
-21484
-25041
-28000
-30291
-31856
-32659
-32677
-31909
-30373
-28105
-25157
-21600
-17520
-13013
-8189
-3163
1941
7001
11893
16499
20705
24407
27516
29953
31659
32589
32721
32049
30590
28377
25463
21921
17836
13307
8448
3377
-1780
-6896
-11843
-16499
-20746
-24479
-27603
-30040
-31727
-32621
-32699
-31957
-30413
-28105
-25088
-21439
-17247
-12618
-7668
-2522
2689
7836
12787
17416
21605
25247
28248
30530
32035
32723
32574
31592
29801
27244
23987
20112
15718
10917
5832
595
-4660
-9798
-14685
-19194
-23208
-26622
-29345
-31307
-32455
-32757
-32206
-30813
-28614
-25665
-22043
-17841
-13169
-8148
-2911
2405
7661
12717
17440
21705
25397
28419
30689
32146
32750
32483
31352
29385
26633
23169
19084
14487
9500
4255
-1105
-6439
-11603
-16457
-20870
-24723
-27911
-30346
-31961
-32712
-32578
-31559
-29684
-27001
-23582
-19519
-14922
-9916
-4636
771
6162
11386
16301
20770
24671
27896
30354
31977
32719
32558
31498
29565
26813
23317
19172
14492
9407
4058
-1405
-6833
-12073
-16978
-21411
-25247
-28377
-30713
-32188
-32760
-32410
-31148
-29007
-26047
-22351
-18021
-13179
-7961
-2516
3003
8440
13640
18454
22745
26389
29282
31340
32503
32737
32033
30409
27913
24613
20604
16000
10932
5547
0
-5550
-10942
-16021
-20637
-24657
-27963
-30458
-32068
-32745
-32468
-31244
-29107
-26118
-22364
-17952
-13013
-7689
-2137
3479
8997
14252
19090
23367
26955
29748
31662
32640
32650
31691
29790
27003
23411
19119
14256
8965
3403
-2262
-7862
-13230
-18204
-22633
-26385
-29345
-31423
-32556
-32707
-31871
-30072
-27362
-23823
-19561
-14703
-9397
-3803
1908
7565
12994
18030
22517
26318
29316
31419
32559
32702
31841
30001
27238
23635
19302
14372
8996
3339
-2422
-8112
-13553
-18577
-23026
-26761
-29667
-31650
-32648
-32629
-31591
-29565
-26615
-22829
-18327
-13249
-7752
-2009
3799
9491
14886
19815
24120
27666
30338
32052
32751
32412
31044
28690
25423
21345
16586
11295
5642
-193
-6025
-11667
-16938
-21669
-25706
-28920
-31206
-32489
-32726
-31909
-30063
-27244
-23544
-19081
-13998
-8460
-2644
3259
9060
14569
19606
24006
27626
30346
32075
32756
32366
30916
28451
25051
20827
15917
10480
4696
-1244
-7147
-12817
-18065
-22719
-26622
-29644
-31684
-32674
-32578
-31398
-29173
-25975
-21909
-17110
-11737
-5969
0
5972
11747
17130
21941
26016
29217
31436
32596
32657
31615
29504
26395
22390
17625
12260
6476
470
-5554
-11392
-16845
-21726
-25867
-29127
-31393
-32585
-32662
-31619
-29491
-26349
-22301
-17483
-12062
-6222
-166
5898
11762
17222
22088
26191
29387
31566
32648
32597
31411
29131
25835
21636
16679
11138
5205
-912
-7001
-12847
-18244
-23003
-26955
-29960
-31912
-32739
-32412
-30940
-28374
-24803
-20353
-15179
-9465
-3413
2763
8843
14612
19863
24407
28083
30758
32334
32755
32003
30103
27124
23169
18381
12929
7010
836
-5370
-11386
-16993
-21989
-26191
-29446
-31636
-32680
-32538
-31214
-28754
-25247
-20819
-15630
-9868
-3744
2518
8692
14551
19879
24480
28184
30855
32393
32739
31880
29845
26709
22585
17625
12011
5950
-333
-6607
-12639
-18204
-23094
-27128
-30152
-32055
-32763
-32248
-30528
-27666
-23767
-18976
-13473
-7461
-1167
5173
11322
17047
22132
26385
29644
31785
32724
32427
30901
28203
24435
19738
14288
8294
1981
-4409
-10635
-16457
-21654
-26025
-29402
-31656
-32697
-32485
-31027
-28377
-24634
-19943
-14481
-8460
-2109
4324
10594
16457
21686
26077
29459
31699
32710
32451
30929
28203
24378
19601
14056
7961
1552
-4919
-11201
-17047
-22227
-26537
-29806
-31906
-32751
-32307
-30590
-27666
-23648
-18696
-13002
-6791
-309
6187
12441
18204
23246
27366
30398
32222
32762
31995
29951
26709
22398
17189
11289
4935
-1619
-8112
-14281
-19879
-24678
-28486
-31147
-32552
-32643
-31416
-28917
-25247
-20553
-15023
-8882
-2378
4225
10659
16662
21989
26421
29777
31918
32756
32254
30432
27362
23169
18024
12137
5748
-879
-7473
-13762
-19485
-24407
-28323
-31070
-32533
-32650
-31414
-28875
-25136
-20353
-14721
-8475
-1874
4807
11292
17307
22602
26955
30182
32146
32765
32010
29911
26556
22083
16679
10571
4016
-2711
-9326
-15551
-21121
-25799
-29387
-31732
-32732
-32344
-30582
-27520
-23286
-18060
-12062
-5547
1206
7911
14280
20041
24947
28786
31393
32653
32513
30975
28105
24024
18906
12972
6476
-301
-7069
-13534
-19415
-24458
-28443
-31196
-32596
-32580
-31148
-28360
-24336
-19250
-13322
-6811
0
6813
13332
19269
24364
28393
31178
32594
32578
31129
28309
24241
19103
13120
6555
-301
-7147
-13680
-19609
-24671
-28641
-31340
-32648
-32505
-30916
-27948
-23735
-18460
-12360
-5706
1206
8067
14569
20421
25359
29162
31656
32728
32328
30473
27244
22786
17298
11027
4255
-2711
-9557
-15974
-21669
-26383
-29901
-32062
-32766
-31979
-29736
-26137
-21345
-15577
-9095
-2195
4807
11593
17850
23291
27666
30771
32464
32665
31362
28614
24546
19345
13249
6538
-477
-7473
-14125
-20126
-25196
-29098
-31650
-32732
-32292
-30349
-26991
-22374
-16712
-10266
-3339
3746
10659
17076
22694
27251
30530
32377
32702
31489
28793
24740
19519
13375
6597
-494
-7565
-14281
-20323
-25404
-29282
-31772
-32753
-32178
-30072
-26533
-21729
-15887
-9285
-2238
4919
11843
18204
23695
28052
31066
32589
32548
30942
27847
23411
17845
11416
4435
-2763
-9830
-16425
-22227
-26955
-30378
-32330
-32713
-31507
-28769
-24631
-19293
-13013
-6096
1120
8285
15047
21076
26077
29802
32068
32763
31850
29372
25451
20276
14101
7230
0
-7232
-14111
-20295
-25478
-29402
-31872
-32764
-32033
-29711
-25913
-20827
-14703
-7845
-595
6688
13640
19914
25196
29220
31785
32759
32093
29819
26047
20967
14832
7950
664
-6656
-13645
-19948
-25247
-29273
-31822
-32763
-32046
-29706
-25861
-20703
-14492
-7543
-209
7138
14125
20396
25629
29557
31977
32766
31880
29363
25342
20022
13674
6622
-771
-8129
-15071
-21240
-26318
-30042
-32219
-32734
-31559
-28754
-24461
-18901
-12360
-5177
2276
9615
16457
22447
27271
30678
32489
32608
31026
27825
23169
17302
10527
3199
-4298
-11573
-18244
-23960
-28419
-31387
-32705
-32302
-30198
-26501
-21406
-15179
-8148
-684
6817
13962
20369
25700
29668
32064
32757
31710
28975
24698
19103
12488
5205
-2358
-9798
-16717
-22745
-27557
-30894
-32577
-32513
-30703
-27244
-22319
-16192
-9191
-1693
5898
13175
19743
25247
29388
31941
32765
31816
29141
24884
19276
12618
5272
-2362
-9871
-16845
-22903
-27714
-31014
-32621
-32445
-30495
-26875
-21781
-15492
-8351
-749
6896
14165
20658
26016
29942
32220
32721
31417
28377
23767
17841
10926
3403
-4310
-11787
-18613
-24407
-28847
-31684
-32759
-32010
-29476
-25298
-19707
-13013
-5590
2148
9769
16845
22980
27828
31116
32659
32366
30254
26438
21133
14635
7310
-430
-8148
-15409
-21801
-26962
-30598
-32502
-32563
-30778
-27244
-22162
-15818
-8572
-836
6950
14343
20920
26305
30190
32350
32661
31103
27762
22829
16586
9388
1649
-6187
-13670
-20369
-25898
-29936
-32249
-32702
-31267
-28024
-23161
-16955
-9766
-2009
5867
13405
20168
25762
29860
32222
32709
31291
28049
23169
16936
9711
1916
-5992
-13553
-20323
-25904
-29968
-32275
-32687
-31179
-27837
-22855
-16527
-9222
-1372
6562
14111
20829
26318
30252
32397
32623
30916
27374
22206
15718
8294
373
-7571
-15067
-21669
-26980
-30683
-32556
-32483
-30469
-26631
-21197
-14492
-6916
1077
9009
16402
22811
27851
31216
32702
32218
29790
25564
19793
12824
5078
-2978
-10856
-18080
-24210
-28873
-31785
-32766
-31757
-28816
-24119
-17952
-10689
-2772
5316
13083
20053
25799
29968
32304
32662
31017
27469
22233
15630
8064
0
-8067
-15639
-22251
-27492
-31038
-32669
-32282
-29899
-25665
-19840
-12785
-4935
3223
11185
18454
24578
29176
31960
32754
31507
28295
23317
16881
9388
1306
-6859
-14599
-21426
-26913
-30713
-32587
-32415
-30206
-26096
-20343
-13307
-5431
2789
10837
18204
24423
29100
31937
32755
31498
28244
23199
16679
9099
938
-7285
-15047
-21854
-27271
-30951
-32659
-32282
-29844
-25497
-19519
-12290
-4271
4023
12062
19330
25359
29762
32252
32670
30984
27303
21861
15008
7184
-1105
-9326
-16947
-23474
-28484
-31650
-32766
-31757
-28687
-23753
-17274
-9670
-1435
6896
14781
21705
27215
30951
32666
32248
29720
25247
19119
11737
3583
-4807
-12886
-20121
-26035
-30239
-32455
-32534
-30469
-26395
-20578
-13400
-5336
3083
11302
18775
25007
29584
32200
32681
30992
27244
21684
14679
6695
-1736
-10055
-17706
-24178
-29038
-31959
-32744
-31340
-27837
-22468
-15592
-7668
771
9163
16942
23583
28641
31772
32764
31548
28203
22955
16155
8261
-193
-8637
-16499
-23246
-28419
-31667
-32766
-31641
-28366
-23161
-16378
-8479
0
8482
16388
23178
28387
31659
32766
31633
28334
23092
16267
8323
-193
-8699
-16610
-23382
-28547
-31748
-32764
-31521
-28105
-22748
-15818
-7793
771
9287
17161
23850
28887
31923
32744
31292
27666
22114
15023
6884
-1736
-10238
-18030
-24565
-29387
-32158
-32681
-30919
-26991
-21173
-13868
-5590
3083
11543
19194
25499
30012
32414
32534
30361
26047
19895
12336
3903
-4807
-13181
-20625
-26610
-30711
-32637
-32248
-29569
-24790
-18247
-10405
-1820
6896
15124
22277
27843
31423
32760
31757
28483
23169
16196
8060
-655
-9326
-17331
-24094
-29127
-32068
-32703
-30984
-27033
-21133
-13707
-5289
3511
12062
19743
25999
30374
32552
32371
29844
25150
18630
10754
2094
-6719
-15047
-22282
-27896
-31478
-32765
-31661
-28244
-22763
-15616
-7324
1506
10228
18204
24847
29668
32313
32585
30461
26096
19809
12062
3423
-5469
-13962
-21426
-27310
-31178
-32740
-31881
-28661
-23317
-16242
-7961
912
9721
17811
24578
29519
32265
32608
30520
26157
19840
12041
3339
-5613
-14150
-21629
-27492
-31296
-32755
-31758
-28377
-22863
-15630
-7219
1736
10564
18599
25234
29968
32443
32468
30041
25342
18725
10689
1842
-7147
-15598
-22868
-28404
-31785
-32751
-31227
-27327
-21345
-13736
-5078
3969
12717
20496
26712
30887
32702
32014
28875
23522
16364
7950
-1077
-10024
-18204
-24986
-29848
-32414
-32483
-30050
-25298
-18593
-10451
-1499
7571
16058
23305
28750
31969
32711
30916
26720
20449
12587
3744
-5391
-14111
-21734
-27666
-31442
-32766
-31533
-27837
-21964
-14372
-5653
3510
12401
20323
26654
30894
32710
31957
28692
23169
15822
7226
-1941
-10958
-19113
-25762
-30378
-32596
-32237
-29328
-24096
-16955
-8469
691
9799
18132
25028
29936
32465
32412
29778
24772
17791
9388
234
-8940
-17404
-24479
-29598
-32350
-32513
-30072
-25219
-18342
-9991
-836
8388
16942
24135
29387
32275
32563
30226
25451
18620
10283
1113
-8148
-16754
-24006
-29316
-32252
-32574
-30254
-25477
-18630
-10266
-1066
8222
16845
24098
29390
32286
32549
30156
25298
18372
9941
695
-8610
-17213
-24407
-29603
-32371
-32482
-29925
-24908
-17841
-9305
0
9307
17850
24924
29942
32491
32356
29546
24293
17028
8351
-1019
-10308
-18745
-25629
-30386
-32621
-32145
-28995
-23432
-15917
-7073
2362
11603
19879
26497
30903
32728
31816
28241
22301
14491
5464
-4023
-13175
-21224
-27492
-31451
-32766
-31324
-27244
-20868
-12732
-3519
5992
15001
22745
28568
31977
32682
30619
25962
19103
10622
1238
-8253
-17047
-24394
-29668
-32420
-32412
-29643
-24347
-16973
-8148
1373
10781
19269
26112
30723
32705
31886
28334
22351
14449
5304
-4298
-13534
-21608
-27826
-31650
-32749
-31026
-26627
-19930
-11510
-2094
7504
16457
23989
29446
32355
32460
29752
24461
17046
8148
-1459
-10942
-19477
-26318
-30870
-32732
-31742
-27983
-21780
-13674
-4371
5316
14541
22496
28484
31977
32669
30495
25645
18541
9807
209
-9410
-18204
-25397
-30356
-32640
-32046
-28625
-22675
-14721
-5464
4278
13645
21806
28038
31787
32719
30748
26047
19032
10324
695
-8997
-17892
-25196
-30256
-32621
-32077
-28669
-22701
-14703
-5389
4409
13816
21989
28193
31872
32694
30582
25725
18555
9715
0
-9718
-18563
-25739
-30598
-32699
-31850
-28126
-21861
-13619
-4144
5708
15047
23026
28920
32194
32549
29951
24631
17073
7961
-1876
-11547
-20168
-26955
-31287
-32766
-31257
-26894
-20073
-11416
-1713
8148
17267
24807
30076
32589
32113
28690
22632
14492
5018
-4919
-14407
-22570
-28657
-32104
-32591
-30072
-24775
-17189
-8012
1907
11653
20323
27113
31393
32763
31094
26539
19519
10683
852
-9060
-18132
-25519
-30530
-32697
-31816
-27965
-21503
-13031
-3339
6667
16052
23938
29584
32459
32292
29097
23169
15065
5543
-4501
-14125
-22423
-28612
-32108
-32578
-29977
-24546
-16798
-7461
2582
12385
21019
27666
31694
32721
30647
25665
18247
9095
-923
-10856
-19760
-26786
-31264
-32766
-31146
-26556
-19431
-10451
-470
9557
18675
26008
30855
32749
31507
27244
20368
11537
1595
-8501
-17784
-25359
-30497
-32702
-31758
-27754
-21074
-12360
-2451
7696
17103
24860
30215
32648
31922
28105
21563
12929
3039
-7147
-16643
-24525
-30025
-32607
-32016
-28309
-21844
-13249
-3359
6859
16412
24364
29939
32588
32050
28377
21924
13322
3413
-6833
-16412
-24382
-29960
-32596
-32028
-28309
-21804
-13150
-3199
7069
16643
24578
30089
32630
31946
28105
21482
12732
2719
-7565
-17103
-24947
-30318
-32680
-31797
-27754
-20951
-12062
-1970
8320
17784
25478
30633
32732
31565
27244
20200
11134
952
-9326
-18675
-26154
-31014
-32765
-31228
-26556
-19215
-9941
333
10578
19760
26955
31436
32749
30759
25665
17979
8475
-1887
-12062
-21019
-27851
-31864
-32650
-30126
-24546
-16475
-6728
3703
13762
22423
28806
32258
32427
29291
23169
14683
4696
-5772
-15653
-23938
-29777
-32571
-32033
-28214
-21503
-12587
-2378
8077
17706
25519
30711
32748
31416
26850
19519
10175
-219
-10594
-19879
-27113
-31549
-32726
-30520
-25157
-17189
-7439
3083
13289
22119
28657
32222
32441
29289
23092
14492
4381
-6187
-16114
-24364
-30076
-32652
-31820
-27666
-20619
-11416
-1017
9491
19008
26537
31287
32757
30792
25595
17709
7961
-2625
-12939
-21894
-28547
-32194
-32451
-29286
-23032
-14346
-4144
6498
16457
24678
30291
32699
31644
27238
19943
10531
0
-10533
-19951
-27251
-31656
-32694
-30254
-24592
-16309
-6286
4409
14637
23305
29487
32519
32077
28203
21312
12137
1660
-8997
-18692
-26385
-31248
-32757
-30748
-25434
-17383
-7461
3266
13645
22556
29038
32390
32248
28625
21909
12824
2351
-8378
-18204
-26061
-31098
-32765
-30880
-25645
-17625
-7689
3083
13524
22496
29023
32393
32235
28565
21780
12618
2077
-8692
-18516
-26318
-31245
-32755
-30681
-25247
-17046
-6975
3863
14280
23132
29446
32527
32033
28015
20915
11510
836
-9932
-19609
-27125
-31650
-32682
-30103
-24198
-15616
-5304
5596
15880
24407
30232
32705
31550
26894
19250
9465
-1373
-12062
-21411
-28379
-32188
-32412
-29022
-22395
-13267
-2656
8253
18244
26197
31222
32754
30619
25054
16679
6433
-4537
-15001
-23783
-29895
-32648
-31731
-27244
-19690
-9916
976
11762
21224
28293
32170
32415
28997
22301
13080
2378
-8595
-18599
-26497
-31393
-32729
-30352
-24528
-15917
-5494
5554
15974
24578
30386
32734
31352
26395
18425
8351
-2679
-13405
-22602
-29217
-32491
-32046
-27932
-20616
-10936
0
10939
20625
27944
32055
32482
29173
22507
13249
2462
-8610
-18692
-26622
-31481
-32707
-30156
-24119
-15293
-4696
6446
16845
25296
30817
32766
30916
25477
17079
6695
-4468
-15115
-24006
-30106
-32702
-31489
-26606
-18620
-8460
2689
13528
22788
29387
32552
31909
27532
19930
9991
-1120
-12103
-21669
-28693
-32350
-32208
-28280
-21025
-11295
-234
10856
20671
28052
32127
32412
28871
21921
12379
1372
-9799
-19815
-27487
-31906
-32545
-29328
-22632
-13249
-2291
8940
19113
27016
31708
32629
29666
23169
13911
2992
-8285
-18577
-26654
-31549
-32677
-29899
-23544
-14372
-3477
7836
18214
26411
31442
32702
30037
23764
14635
3744
-7598
-18030
-26293
-31393
-32711
-30086
-23833
-14703
-3796
7571
18026
26305
31405
32707
30050
23753
14577
3632
-7754
-18204
-26446
-31479
-32688
-29925
-23522
-14256
-3253
8148
18560
26712
31608
32650
29706
23135
13736
2656
-8751
-19090
-27095
-31785
-32581
-29385
-22585
-13013
-1842
9557
19786
27585
31994
32468
28947
21861
12081
809
-10564
-20637
-28166
-32219
-32293
-28377
-20951
-10932
440
11762
21629
28819
32437
32033
27653
19840
9561
-1907
-13142
-22745
-29519
-32621
-31661
-26755
-18514
-7961
3586
14689
23960
30239
32740
31148
25658
16955
6128
-5469
-16384
-25247
-30944
-32759
-30461
-24336
-15151
-4058
7546
18204
26572
31595
32638
29565
22763
13087
1756
-9798
-20118
-27896
-32148
-32332
-28424
-20915
-10754
771
12203
22088
29171
32552
31797
27001
18769
8148
-3511
-14727
-24069
-30346
-32754
-30984
-25260
-16309
-5272
6439
17331
26008
31359
32696
29845
23169
13521
2137
-9523
-19964
-27843
-32146
-32318
-28334
-20703
-10405
1234
12717
22564
29503
32637
31559
26407
17841
6968
-4807
-15965
-25058
-30909
-32757
-30361
-24028
-14577
-3233
8533
19194
27364
31977
32433
28669
21173
10917
-762
-12345
-22321
-29387
-32619
-31592
-26438
-17828
-6884
4961
16161
25247
31028
32744
30168
23635
13998
2522
-9287
-19879
-27860
-32179
-32265
-28105
-20242
-9711
2101
13640
23382
30040
32733
31103
25362
16267
5018
-6896
-17901
-26537
-31659
-32585
-29190
-21921
-11741
0
11743
21929
29201
32589
31641
26480
17791
6728
-5233
-16499
-25566
-31222
-32709
-29826
-22955
-13013
-1327
10537
20994
28641
32450
31909
27088
18630
7668
-4324
-15739
-25041
-30976
-32744
-30105
-23411
-13561
-1880
10055
20637
28436
32397
31982
27244
18822
7852
-4182
-15653
-25007
-30974
-32743
-30072
-23319
-13400
-1660
10308
20879
28612
32455
31881
26966
18377
7282
-4807
-16245
-25468
-31216
-32702
-29720
-22675
-12528
-664
11292
21705
29147
32596
31576
26225
17274
5950
-6193
-17489
-26383
-31650
-32564
-28995
-21433
-10917
1105
12978
23064
29968
32737
30984
24950
15465
3839
-8320
-19330
-27666
-32170
-32217
-27796
-19519
-8531
3643
15314
24860
30951
32739
29972
23032
12884
938
-11141
-21669
-29176
-32613
-31498
-25982
-16835
-5332
6918
18204
26944
31912
32410
28366
20343
9465
-2743
-14569
-24351
-30713
-32759
-30198
-23387
-13283
-1306
10856
21492
29100
32604
31507
25962
16748
5166
-7147
-18454
-27152
-32008
-32332
-28076
-19840
-8789
3510
15314
24947
31038
32720
29752
22551
12140
0
-12143
-22559
-29762
-32723
-31017
-24884
-15198
-3339
8998
20053
28242
32393
31908
26854
17952
6476
-5930
-17489
-26541
-31785
-32465
-28481
-20402
-9388
2978
14918
24714
30951
32730
29790
22554
12062
-172
-12385
-22811
-29942
-32746
-30813
-24421
-14492
-2462
9926
20879
28806
32556
31581
26021
16679
4912
-7571
-18956
-27585
-32200
-32127
-27374
-18630
-7167
5342
17076
26318
31719
32485
28504
20353
9222
-3259
-15267
-25041
-31147
-32687
-29434
-21861
-11077
1334
13553
23783
30517
32764
30189
23169
12736
423
-11953
-22570
-29860
-32743
-30792
-24293
-14202
-2009
10483
21426
29201
32652
31267
25247
15482
3419
-9153
-20369
-28563
-32514
-31633
-26047
-16586
-4654
7973
19415
27967
32350
31910
26709
17520
5712
-6950
-18577
-27428
-32179
-32116
-27244
-18292
-6597
6088
17864
26962
32015
32263
27666
18910
7310
-5391
-17284
-26579
-31872
-32366
-27983
-19380
-7852
4862
16845
26287
31760
32433
28203
19707
8226
-4501
-16550
-26094
-31684
-32472
-28334
-19895
-8434
4310
16402
26003
31651
32486
28377
19946
8475
-4288
-16402
-26016
-31662
-32478
-28334
-19861
-8351
4437
16550
26133
31717
32445
28203
19638
8060
-4756
-16845
-26351
-31812
-32386
-27983
-19276
-7602
5243
17284
26666
31941
32293
27666
18769
6975
-5898
-17864
-27071
-32095
-32157
-27244
-18113
-6176
6719
18577
27557
32265
31968
26709
17302
5205
-7702
-19415
-28111
-32434
-31710
-26047
-16326
-4058
8843
20369
28719
32588
31368
25247
15179
2736
-10137
-21426
-29364
-32705
-30922
-24293
-13853
-1238
11573
22570
30025
32764
30353
23169
12339
-434
-13142
-23783
-30678
-32739
-29638
-21861
-10632
2276
14829
25041
31296
32604
28754
20353
8727
-4282
-16616
-26318
-31849
-32328
-27676
-18630
-6622
6439
18480
27585
32302
31880
26381
16679
4318
-8734
-20396
-28806
-32620
-31227
-24845
-14492
-1820
11144
22329
29942
32763
30335
23047
12062
-859
-13645
-24243
-30951
-32688
-29173
-20967
-9388
3703
16202
26094
31785
32354
27709
18593
6476
-6688
-18775
-27832
-32393
-31718
-25913
-15915
-3339
9779
21317
29402
32723
30737
23764
12933
0
-12935
-23772
-30745
-32720
-29372
-21243
-9654
3510
16105
26077
31798
32332
27590
18342
6096
-7147
-19226
-28162
-32493
-31507
-25362
-15061
-2291
10856
22227
29953
32765
30198
22670
11416
-1716
-14569
-25028
-31370
-32548
-28366
-19509
-7435
5867
18204
27539
32330
31782
25982
15887
3163
-10086
-21669
-29667
-32753
-30413
-23032
-11831
1334
14281
24860
31312
32563
28403
19519
7387
-5976
-18347
-27666
-32377
-31693
-25725
-15465
-2622
10659
22164
29968
32766
30086
22374
10917
-2369
-15261
-25599
-31650
-32396
-27709
-18372
-5950
7473
19643
28516
32596
31195
24546
13765
664
-12550
-23653
-30771
-32702
-29116
-20616
-8634
4807
17440
27128
32230
31881
26137
15968
3092
-10308
-21966
-29901
-32766
-30072
-22272
-10689
2711
15653
25937
31812
32275
27244
17574
4908
-8595
-20637
-29162
-32712
-30681
-23411
-12140
1206
14349
25041
31451
32480
27948
18630
6117
-7445
-19735
-28641
-32634
-31026
-24089
-13013
301
13567
24501
31222
32570
28309
19172
6728
-6876
-19298
-28393
-32589
-31159
-24347
-13326
0
13328
24354
31166
32585
28360
19220
6748
-6896
-19347
-28443
-32604
-31103
-24198
-13087
301
13640
24608
31294
32533
28105
18778
6176
-7504
-19879
-28786
-32669
-30847
-23635
-12290
1206
14493
25247
31583
32389
27520
17828
5008
-8692
-20870
-29387
-32745
-30352
-22624
-10917
2711
15865
26229
31977
32094
26556
16335
3233
-10442
-22277
-30182
-32757
-29546
-21112
-8944
4807
17712
27483
32390
31559
25136
14256
845
-12717
-24026
-31070
-32598
-28334
-19032
-6345
7473
19964
28903
32697
30666
23169
11540
-2148
-15456
-26008
-31918
-32127
-26596
-16309
-3103
10659
22517
30346
32741
29270
20553
8148
-5719
-18563
-28078
-32552
-31179
-24202
-12874
771
14281
25223
31625
32332
27214
17189
4062
-9798
-21894
-30040
-32762
-29565
-21025
-8682
5233
18204
27882
32514
31257
24336
13002
-691
-14262
-25247
-31650
-32307
-27094
-16955
-3732
10171
22227
30239
32747
29289
20494
7961
-6025
-18915
-28356
-32621
-30929
-23586
-11931
1907
15400
26077
31982
32033
26215
15592
2109
-11762
-23479
-30889
-32629
-28377
-18910
-5966
8077
20637
29402
32756
30080
21861
9613
-4409
-17621
-27585
-32459
-31342
-24435
-13013
816
14497
25499
31785
32188
26631
16140
2656
-11322
-23203
-30782
-32650
-28456
-18976
-5969
8148
20755
29503
32763
29925
21514
9095
-5021
-18204
-27995
-32564
-31058
-23753
-12011
1977
15598
26305
32095
31880
25698
14703
952
-12978
-24480
-31393
-32418
-27360
-17165
-3744
10381
22559
30497
32702
28754
19394
6380
-7836
-20580
-29446
-32762
-29899
-21393
-8847
5370
18577
28275
32630
30814
23169
11138
-3003
-16579
-27016
-32334
-31523
-24733
-13249
751
14612
25700
31906
32048
26096
15179
1372
-12698
-24354
-31371
-32412
-27273
-16932
-3359
10856
23003
30758
32638
28280
18514
5205
-9101
-21669
-30089
-32747
-29131
-19930
-6905
7445
20371
29387
32762
29844
21189
8460
-5898
-19125
-28673
-32702
-30433
-22301
-9868
4468
17946
27963
32585
30916
23274
11134
-3159
-16845
-27275
-32428
-31305
-24119
-12260
1977
15833
26622
32247
31615
24845
13249
-923
-14918
-26016
-32055
-31858
-25461
-14105
0
14107
25468
31864
32046
25975
14832
792
-13405
-24986
-31684
-32188
-26395
-15435
-1452
12817
24578
31525
32292
26727
15917
1981
-12345
-24250
-31393
-32366
-26976
-16280
-2378
11993
24006
31293
32415
27148
16527
2644
-11762
-23850
-31230
-32442
-27244
-16660
-2779
11653
23783
31206
32451
27267
16679
2783
-11667
-23806
-31222
-32441
-27217
-16586
-2656
11803
23919
31277
32412
27094
16378
2398
-12062
-24120
-31370
-32361
-26894
-16056
-2009
12441
24407
31496
32285
26615
15616
1488
-12939
-24777
-31650
-32178
-26251
-15055
-836
13553
25223
31826
32033
25797
14372
52
-14280
-25739
-32015
-31841
-25247
-13561
863
15115
26318
32208
31592
24592
12618
-1908
-16052
-26950
-32393
-31276
-23823
-11540
3083
17085
27622
32556
30880
22932
10324
-4384
-18204
-28323
-32682
-30389
-21909
-8965
5807
19399
29038
32755
29790
20744
7461
-7347
-20658
-29748
-32757
-29067
-19428
-5811
8997
21966
30436
32669
28203
17952
4016
-10746
-23305
-31079
-32468
-27184
-16309
-2077
12583
24657
31656
32135
25992
14491
0
-14493
-25999
-32139
-31644
-24613
-12494
2208
16457
27304
32503
30975
23032
10317
-4537
-18454
-28547
-32719
-30103
-21238
-7961
6971
20458
29694
32757
29007
19220
5431
-9491
-22439
-30713
-32587
-27666
-16973
-2736
12073
24364
31568
32177
26060
14492
-108
-14689
-26197
-32222
-31498
-24174
-11781
3083
17304
27896
32634
30520
21996
8847
-6162
-19879
-29416
-32766
-29219
-19519
-5706
9311
22368
30711
32578
27570
16743
2378
-12491
-24723
-31732
-32033
-25558
-13674
1105
15653
26888
32428
31095
23169
10328
-4707
-18745
-28806
-32750
-29736
-20402
-6728
8378
21705
30414
32650
27932
17262
2911
-12062
-24465
-31651
-32083
-25665
-13765
1077
15692
26955
32455
31012
22932
9941
-5180
-19194
-29098
-32765
-29406
-19738
-5832
9326
22486
30817
32526
27244
16102
1495
-13436
-25478
-32035
-31693
-24521
-12062
2999
17416
28078
32680
30226
21243
7668
-7565
-21167
-30192
-32685
-28105
-17438
-2992
12103
24578
31727
31995
25321
13150
-1876
-16499
-27539
-32596
-30567
-21889
-8448
6833
20630
29936
32722
28377
17845
3419
-11753
-24364
-31659
-32040
-25423
-13249
1823
16499
27568
32607
30508
21729
8189
-7147
-20920
-30108
-32693
-28105
-17347
-2779
12401
24860
31856
31850
24838
12360
-2839
-17416
-28160
-32702
-30037
-20749
-6884
8501
22013
30668
32552
27244
15915
1066
-14020
-26008
-32243
-31342
-23500
-10451
4915
19194
29220
32766
29042
18871
4509
-10856
-23813
-31479
-32147
-25665
-13473
1720
16533
27666
32637
30335
21271
7461
-8015
-21705
-30552
-32578
-27327
-15968
-1038
14125
26133
32294
31228
23169
9920
-5554
-19786
-29584
-32748
-28565
-17970
-3339
12043
24723
31849
31816
24627
11897
-3511
-18132
-28673
-32755
-29458
-19519
-5177
10334
23516
31393
32182
25702
13414
-1907
-16800
-27896
-32682
-30072
-20653
-6555
9029
22570
30997
32395
26445
14492
-751
-15827
-27310
-32589
-30461
-21406
-7481
8148
21926
30713
32507
26894
15151
-48
-15238
-26955
-32522
-30664
-21804
-7961
7702
21608
30575
32549
27076
15403
202
-15047
-26852
-32503
-30703
-21861
-8002
7696
21629
30598
32538
27001
15255
0
-15257
-27007
-32541
-30582
-21579
-7602
8129
21989
30779
32468
26664
14703
-655
-15865
-27411
-32621
-30288
-20948
-6758
8997
22672
31098
32318
26047
13736
-1763
-16855
-28038
-32713
-29790
-19946
-5464
10289
23653
31516
32046
25116
12336
-3319
-18204
-28847
-32766
-29042
-18541
-3711
11987
24889
31977
31593
23823
10480
-5316
-19871
-29777
-32711
-27983
-16697
-1495
14059
26318
32404
30885
22114
8148
-7733
-21801
-30745
-32460
-26539
-14372
1180
16457
27860
32699
29832
19930
5325
-10537
-23916
-31650
-31910
-24631
-11530
4298
19113
29409
32747
28334
17210
2009
-13670
-26112
-32365
-30942
-22178
-8148
7817
21929
30833
32412
26285
13907
-1780
-17047
-28259
-32743
-29429
-19103
-4222
11667
24777
31977
31548
23586
9991
-5992
-20546
-30192
-32619
-27244
-15350
219
15739
27492
32660
30001
20149
5464
-10533
-24006
-31719
-31816
-24270
-10892
5106
19879
29873
32681
27625
15917
373
-15261
-27221
-32621
-30156
-20416
-5748
10308
23879
31684
31836
24293
10875
-5173
-19973
-29942
-32665
-27477
-15633
0
15636
27483
32666
29925
19920
5078
-10999
-24407
-31886
-31615
-23656
-9941
6193
20824
30386
32549
26782
14487
-1341
-16845
-28242
-32749
-29262
-18630
-3445
12583
25539
32252
31078
22301
8064
-8148
-22368
-31111
-32231
-25451
-12429
3643
18824
29387
32737
28047
16465
836
-15001
-27152
-32625
-30072
-20115
-5205
10989
24479
31937
31523
23335
9388
-6876
-21447
-30723
-32412
-26092
-13322
2743
18132
29038
32759
28371
16955
1338
-14612
-26944
-32596
-30164
-20247
-5304
10958
24501
31960
31477
23169
9099
-7236
-21774
-30894
-32323
-25702
-12676
3510
18824
29446
32724
27837
16000
166
-15711
-27666
-32707
-29572
-19041
-3744
12491
25602
32304
30916
21780
7184
-9215
-23305
-31551
-31880
-24205
-10451
5930
20824
30486
32483
26311
13518
-2679
-18204
-29147
-32749
-28098
-16364
-502
15488
27574
32702
29574
18976
3583
-12717
-25806
-32371
-30748
-21345
-6538
9926
23879
31785
31636
23467
9346
-7147
-21830
-30974
-32254
-25342
-11991
4409
19692
29968
32623
26976
14462
-1736
-17495
-28798
-32764
-28377
-16752
-852
15267
27492
32699
29554
18857
3339
-13034
-26077
-32450
-30520
-20777
-5712
10817
24578
32042
31291
22515
7961
-8637
-23021
-31496
-31881
-24075
-10079
6509
21426
30833
32307
25463
12062
-4448
-19815
-30076
-32585
-26689
-13907
2465
18204
29244
32732
27762
15616
-569
-16610
-28356
-32765
-28692
-17189
-1231
15047
27428
32699
29490
18630
2932
-13528
-26478
-32552
-30168
-19943
-4530
12062
25519
32337
30737
21133
6022
-10659
-24565
-32068
-31208
-22206
-7407
9326
23628
31760
31593
23169
8686
-8070
-22719
-31423
-31903
-24028
-9858
6896
21846
31070
32147
24790
10926
-5807
-21019
-30711
-32336
-25461
-11891
4807
20244
30356
32478
26047
12755
-3899
-19528
-30012
-32581
-26556
-13521
3083
18877
29687
32654
26991
14192
-2362
-18294
-29387
-32703
-27360
-14769
1736
17784
29119
32734
27666
15255
-1206
-17349
-28887
-32752
-27913
-15652
771
16993
28695
32761
28105
15962
-434
-16717
-28547
-32765
-28244
-16186
193
16523
28443
32766
28334
16326
-48
-16412
-28387
-32766
-28374
-16382
0
0
0
0
0
0
0
0
0
0
0
0
0
0
0
0
0
0
0
0
0
0
0
0
0
0
0
0
0
0
0
0
0
0
0
0
0
0
0
0
0
0
0
0
0
0
0
0
0
0
0
0
0
0
0
0
0
0
0
0
0
0
0
0
0
0
0
0
0
0
0
0
0
0
0
0
0
0
0
0
0
0
0
0
0
0
0
0
0
0
0
0
0
0
0
0
0
0
0
0
0
0
0
0
0
0
0
0
0
0
0
0
0
0
0
0
0
0
0
0
0
0
0
0
0
0
0
0
0
0
0
0
0
0
0
0
0
0
0
0
0
0
0
0
0
0
0
0
0
0
0
0
0
0
0
0
0
0
0
0
0
0
0
0
0
0
0
0
0
0
0
0
0
0
0
0
0
0
0
0
0
0
0
0
0
0
0
0
0
0
0
0
0
0
0
0
0
0
0
0
0
0
0
0
0
0
0
0
0
0
0
0
0
0
0
0
0
0
0
0
0
0
0
0
0
0
0
0
0
0
0
0
0
0
0
0
0
0
0
0
0
0
0
0
0
0
0
0
0
0
0
0
0
0
0
0
0
0
0
0
0
0
0
0
0
0
0
0
0
0
0
0
0
0
0
0
0
0
0
0
0
0
0
0
0
0
0
0
0
0
0
0
0
0
0
0
0
0
0
0
0
0
0
0
0
0
0
0
0
0
0
0
0
0
0
0
0
0
0
0
0
0
0
0
0
0
0
0
0
0
0
0
0
0
0
0
0
0
0
0
0
0
0
0
0
0
0
0
0
0
0
0
0
0
0
0
0
0
0
0
0
0
0
0
0
0
0
0
0
0
0
0
0
0
0
0
0
0
0
0
0
0
0
0
0
0
0
0
0
0
0
0
0
0
0
0
0
0
0
0
0
0
0
0
0
0
0
0
0
0
0
0
0
0
0
0
0
0
0
0
0
0
0
0
0
0
0
0
0
0
0
0
0
0
0
0
0
0
0
0
0
0
0
0
0
0
0
0
0
0
0
0
0
0
0
0
0
0
0
0
0
0
0
0
0
0
0
0
0
0
0
0
0
0
0
0
0
0
0
0
0
0
0
0
0
0
0
0
0
0
0
0
0
0
0
0
0
0
0
0
0
0
0
0
0
0
0
0
0
0
0
0
0
0
0
0
0
0
0
0
0
0
0
0
0
0
0
0
0
0
0
0
0
0
0
0
0
0
0
0
0
0
0
0
0
0
0
0
0
0
0
0
0
0
0
0
0
0
0
0
0
0
0
0
0
0
0
0
0
0
0
0
0
0
0
0
0
0
0
0
0
0
0
0
0
0
0
0
0
0
0
0
0
0
0
0
0
0
0
0
0
0
0
0
0
0
0
0
0
0
0
0
0
0
0
0
0
0
0
0
0
0
0
0
0
0
0
0
0
0
0
0
0
0
0
0
0
0
0
0
0
0
0
0
0
0
0
0
0
0
0
0
0
0
0
0
0
0
0
0
0
0
0
0
0
0
0
0
0
0
0
0
0
0
0
0
0
0
0
0
0
0
0
0
0
0
0
0
0
0
0
0
0
0
0
0
0
0
0
0
0
0
0
0
0
0
0
0
0
0
0
0
0
0
0
0
0
0
0
0
0
0
0
0
0
0
0
0
0
0
0
0
0
0
0
0
0
0
0
0
0
0
0
0
0
0
0
0
0
0
0
0
0
0
0
0
0
0
0
0
0
0
0
0
0
0
0
0
0
0
0
0
0
0
0
0
0
0
0
0
0
0
0
0
0
0
0
0
0
0
0
0
0
0
0
0
0
0
0
0
0
0
0
0
0
0
0
0
0
0
0
0
0
0
0
0
0
0
0
0
0
0
0
0
0
0
0
0
0
0
0
0
0
0
0
0
0
0
0
0
0
0
0
0
0
0
0
0
0
0
0
0
0
0
0
0
0
0
0
0
0
0
0
0
0
0
0
0
0
0
0
0
0
0
0
0
0
0
0
0
0
0
0
0
0
0
0
0
0
0
0
0
0
0
0
0
0
0
0
0
0
0
0
0
0
0
0
0
0
0
0
0
0
0
0
0
0
0
0
0
0
0
0
0
0
0
0
0
0
0
0
0
0
0
0
0
0
0
0
0
0
0
0
0
0
0
0
0
0
0
0
0
0
0
0
0
0
0
0
0
546
630
860
1170
1474
1681
1721
1566
1232
780
298
-121
-406
-523
-489
-366
-252
-251
-448
-883
-1540
-2338
-3149
-3817
-4195
-4173
-3704
-2815
-1608
-239
1107
2253
3057
3440
3394
2980
2310
1525
767
152
-246
-403
-336
-99
240
617
977
1285
1525
1694
1789
1803
1718
1506
1140
599
-113
-964
-1886
-2779
-3530
-4026
-4178
-3940
-3321
-2393
-1275
-124
899
1652
2037
2021
1640
992
223
-502
-1029
-1241
-1078
-551
262
1231
2197
2996
3491
3592
3275
2576
1593
462
-664
-1642
-2357
-2742
-2782
-2512
-2010
-1372
-702
-88
408
759
967
1058
1068
1033
973
892
771
581
291
-117
-640
-1243
-1860
-2402
-2775
-2893
-2698
-2180
-1376
-375
700
1707
2510
3003
3130
2888
2335
1570
721
-82
-729
-1145
-1301
-1210
-922
-508
-41
413
811
1131
1365
1517
1588
1572
1449
1192
777
193
-545
-1388
-2251
-3024
-3588
-3836
-3700
-3166
-2285
-1170
19
1106
1925
2356
2349
1933
1216
365
-427
-981
-1159
-900
-232
735
1829
2844
3582
3890
3689
2985
1871
507
-909
-2178
-3135
-3670
-3750
-3416
-2769
-1948
-1100
-352
208
547
682
674
605
563
613
789
1080
1438
1783
2022
2070
1866
1386
655
-259
-1252
-2199
-2972
-3461
-3592
-3338
-2724
-1824
-752
353
1353
2122
2573
2663
2405
1866
1151
393
-270
-721
-878
-710
-243
443
1227
1963
2509
2747
2604
2068
1186
66
-1148
-2294
-3218
-3800
-3969
-3720
-3107
-2234
-1239
-262
571
1174
1510
1595
1485
1269
1037
866
799
835
933
1022
1016
841
455
-137
-878
-1662
-2355
-2816
-2929
-2627
-1908
-845
425
1725
2861
3663
4013
3866
3262
2315
1193
87
-821
-1400
-1583
-1383
-888
-240
394
853
1013
810
251
-591
-1593
-2600
-3460
-4041
-4260
-4085
-3538
-2689
-1638
-500
612
1600
2392
2938
3220
3244
3039
2650
2139
1578
1044
610
340
273
417
747
1195
1667
2048
2227
2111
1654
860
-204
-1423
-2643
-3703
-4456
-4800
-4693
-4162
-3295
-2226
-1108
-90
711
1230
1451
1410
1178
844
492
193
-11
-105
-91
16
206
468
803
1212
1688
2209
2726
3167
3444
3466
3164
2507
1519
284
-1060
-2344
-3392
-4060
-4257
-3973
-3280
-2319
-1277
-349
301
570
439
-27
-692
-1377
-1896
-2096
-1886
-1257
-278
914
2145
3233
4023
4408
4349
3872
3056
2022
901
-176
-1108
-1820
-2272
-2460
-2405
-2149
-1751
-1279
-803
-396
-118
-13
-98
-354
-725
-1122
-1434
-1549
-1373
-862
-31
1034
2187
3240
3999
4302
4054
3253
1997
468
-1092
-2440
-3363
-3736
-3536
-2854
-1872
-818
76
637
778
525
6
-580
-1016
-1117
-782
-20
1042
2189
3159
3705
3652
2946
1663
6
-1736
-3253
-4269
-4605
-4218
-3203
-1775
-218
1173
2162
2614
2522
2000
1253
522
25
-91
204
833
1620
2336
2758
2718
2147
1092
-291
-1774
-3101
-4043
-4448
-4266
-3556
-2471
-1218
-12
963
1596
1855
1787
1495
1104
729
443
270
182
123
29
-143
-395
-682
-918
-1002
-845
-403
307
1198
2122
2900
3358
3367
2876
1925
645
-766
-2085
-3101
-3664
-3712
-3278
-2485
-1512
-554
221
708
883
801
581
363
276
398
733
1210
1697
2034
2075
1728
984
-73
-1282
-2427
-3289
-3687
-3525
-2808
-1649
-245
1164
2341
3102
3351
3093
2434
1547
632
-129
-615
-787
-691
-445
-196
-84
-199
-555
-1079
-1633
-2041
-2137
-1808
-1034
104
1429
2702
3669
4117
3925
3089
1733
83
-1574
-2953
-3824
-4064
-3680
-2804
-1666
-535
334
765
690
173
-614
-1427
-2009
-2147
-1727
-760
618
2176
3630
4708
5207
5032
4215
2909
1349
-197
-1486
-2340
-2687
-2558
-2077
-1420
-770
-277
-21
-6
-162
-375
-525
-518
-320
32
444
779
900
707
167
-670
-1677
-2669
-3445
-3826
-3698
-3036
-1911
-481
1043
2437
3504
4110
4208
3841
3125
2227
1324
574
85
-99
-1
300
694
1054
1270
1257
977
432
-330
-1232
-2173
-3042
-3733
-4153
-4233
-3942
-3286
-2319
-1138
127
1328
2315
2966
3206
3026
2483
1698
835
67
-459
-652
-498
-68
495
1013
1304
1234
749
-103
-1179
-2263
-3111
-3505
-3304
-2478
-1125
545
2251
3693
4614
4855
4389
3323
1876
330
-1028
-1973
-2382
-2259
-1732
-1012
-347
43
19
-447
-1266
-2250
-3156
-3746
-3838
-3351
-2323
-902
682
2177
3345
4024
4146
3752
2969
1980
978
126
-470
-781
-843
-734
-552
-379
-262
-203
-167
-98
53
309
650
1010
1291
1387
1208
716
-68
-1057
-2105
-3043
-3702
-3955
-3738
-3067
-2032
-783
500
1643
2501
2988
3083
2829
2319
1674
1020
466
90
-71
-21
199
524
873
1157
1296
1225
903
323
-483
-1443
-2448
-3363
-4044
-4362
-4227
-3611
-2557
-1186
323
1758
2912
3622
3803
3466
2721
1755
791
46
-321
-248
223
946
1705
2264
2418
2048
1150
-161
-1671
-3108
-4203
-4747
-4635
-3888
-2652
-1157
325
1545
2325
2588
2373
1811
1087
393
-119
-376
-387
-237
-52
40
-41
-314
-713
-1113
-1357
-1305
-876
-79
980
2117
3103
3719
3805
3304
2275
885
-625
-1994
-2993
-3476
-3406
-2860
-2003
-1045
-188
418
709
713
532
308
179
232
480
854
1224
1434
1346
890
86
-950
-2024
-2909
-3392
-3332
-2691
-1552
-103
1401
2698
3564
3869
3600
2855
1823
730
-211
-851
-1130
-1085
-836
-541
-353
-378
-638
-1073
-1549
-1900
-1970
-1655
-941
90
1276
2402
3248
3641
3490
2803
1693
345
-1016
-2179
-2976
-3322
-3215
-2735
-2014
-1205
-453
135
503
641
582
380
97
-210
-499
-736
-890
-932
-829
-547
-63
622
1474
2413
3324
4063
4488
4488
4007
3068
1774
298
-1149
-2359
-3166
-3482
-3315
-2770
-2021
-1280
-742
-546
-742
-1280
-2021
-2770
-3315
-3482
-3166
-2359
-1149
298
1774
3068
4007
4488
4488
4063
3324
2413
1474
622
-63
-547
-829
-932
-890
-736
-499
-210
97
380
582
641
503
135
-453
-1205
-2014
-2735
-3215
-3322
-2976
-2179
-1016
345
1693
2803
3490
3641
3248
2402
1276
90
-941
-1655
-1970
-1900
-1549
-1073
-638
-378
-353
-541
-836
-1085
-1130
-851
-211
730
1823
2855
3600
3869
3564
2698
1401
-103
-1552
-2691
-3332
-3392
-2909
-2024
-950
86
890
1346
1434
1224
854
480
232
179
308
532
713
709
418
-188
-1045
-2003
-2860
-3406
-3476
-2993
-1994
-625
885
2275
3304
3805
3719
3103
2117
980
-79
-876
-1305
-1357
-1113
-713
-314
-41
40
-52
-237
-387
-376
-119
393
1087
1811
2373
2588
2325
1545
325
-1157
-2652
-3888
-4635
-4747
-4203
-3108
-1671
-161
1150
2048
2418
2264
1705
946
223
-248
-321
46
791
1755
2721
3466
3803
3622
2912
1758
323
-1186
-2557
-3611
-4227
-4362
-4044
-3363
-2448
-1443
-483
323
903
1225
1296
1157
873
524
199
-21
-71
90
466
1020
1674
2319
2829
3083
2988
2501
1643
500
-783
-2032
-3067
-3738
-3955
-3702
-3043
-2105
-1057
-68
716
1208
1387
1291
1010
650
309
53
-98
-167
-203
-262
-379
-552
-734
-843
-781
-470
126
978
1980
2969
3752
4146
4024
3345
2177
682
-902
-2323
-3351
-3838
-3746
-3156
-2250
-1266
-447
19
43
-347
-1012
-1732
-2259
-2382
-1973
-1028
330
1876
3323
4389
4855
4614
3693
2251
545
-1125
-2478
-3304
-3505
-3111
-2263
-1179
-103
749
1234
1304
1013
495
-68
-498
-652
-459
67
835
1698
2483
3026
3206
2966
2315
1328
127
-1138
-2319
-3286
-3942
-4233
-4153
-3733
-3042
-2173
-1232
-330
432
977
1257
1270
1054
694
300
-1
-99
85
574
1324
2227
3125
3841
4208
4110
3504
2437
1043
-481
-1911
-3036
-3698
-3826
-3445
-2669
-1677
-670
167
707
900
779
444
32
-320
-518
-525
-375
-162
-6
-21
-277
-770
-1420
-2077
-2558
-2687
-2340
-1486
-197
1349
2909
4215
5032
5207
4708
3630
2176
618
-760
-1727
-2147
-2009
-1427
-614
173
690
765
334
-535
-1666
-2804
-3680
-4064
-3824
-2953
-1574
83
1733
3089
3925
4117
3669
2702
1429
104
-1034
-1808
-2137
-2041
-1633
-1079
-555
-199
-84
-196
-445
-691
-787
-615
-129
632
1547
2434
3093
3351
3102
2341
1164
-245
-1649
-2808
-3525
-3687
-3289
-2427
-1282
-73
984
1728
2075
2034
1697
1210
733
398
276
363
581
801
883
708
221
-554
-1512
-2485
-3278
-3712
-3664
-3101
-2085
-766
645
1925
2876
3367
3358
2900
2122
1198
307
-403
-845
-1002
-918
-682
-395
-143
29
123
182
270
443
729
1104
1495
1787
1855
1596
963
-12
-1218
-2471
-3556
-4266
-4448
-4043
-3101
-1774
-291
1092
2147
2718
2758
2336
1620
833
204
-91
25
522
1253
2000
2522
2614
2162
1173
-218
-1775
-3203
-4218
-4605
-4269
-3253
-1736
6
1663
2946
3652
3705
3159
2189
1042
-20
-782
-1117
-1016
-580
6
525
778
637
76
-818
-1872
-2854
-3536
-3736
-3363
-2440
-1092
468
1997
3253
4054
4302
3999
3240
2187
1034
-31
-862
-1373
-1549
-1434
-1122
-725
-354
-98
-13
-118
-396
-803
-1279
-1751
-2149
-2405
-2460
-2272
-1820
-1108
-176
901
2022
3056
3872
4349
4408
4023
3233
2145
914
-278
-1257
-1886
-2096
-1896
-1377
-692
-27
439
570
301
-349
-1277
-2319
-3280
-3973
-4257
-4060
-3392
-2344
-1060
284
1519
2507
3164
3466
3444
3167
2726
2209
1688
1212
803
468
206
16
-91
-105
-11
193
492
844
1178
1410
1451
1230
711
-90
-1108
-2226
-3295
-4162
-4693
-4800
-4456
-3703
-2643
-1423
-204
860
1654
2111
2227
2048
1667
1195
747
417
273
340
610
1044
1578
2139
2650
3039
3244
3220
2938
2392
1600
612
-500
-1638
-2689
-3538
-4085
-4260
-4041
-3460
-2600
-1593
-591
251
810
1013
853
394
-240
-888
-1383
-1583
-1400
-821
87
1193
2315
3262
3866
4013
3663
2861
1725
425
-845
-1908
-2627
-2929
-2816
-2355
-1662
-878
-137
455
841
1016
1022
933
835
799
866
1037
1269
1485
1595
1510
1174
571
-262
-1239
-2234
-3107
-3720
-3969
-3800
-3218
-2294
-1148
66
1186
2068
2604
2747
2509
1963
1227
443
-243
-710
-878
-721
-270
393
1151
1866
2405
2663
2573
2122
1353
353
-752
-1824
-2724
-3338
-3592
-3461
-2972
-2199
-1252
-259
655
1386
1866
2070
2022
1783
1438
1080
789
613
563
605
674
682
547
208
-352
-1100
-1948
-2769
-3416
-3750
-3670
-3135
-2178
-909
507
1871
2985
3689
3890
3582
2844
1829
735
-232
-900
-1159
-981
-427
365
1216
1933
2349
2356
1925
1106
19
-1170
-2285
-3166
-3700
-3836
-3588
-3024
-2251
-1388
-545
193
777
1192
1449
1572
1588
1517
1365
1131
811
413
-41
-508
-922
-1210
-1301
-1145
-729
-82
721
1570
2335
2888
3130
3003
2510
1707
700
-375
-1376
-2180
-2698
-2893
-2775
-2402
-1860
-1243
-640
-117
291
581
771
892
973
1033
1068
1058
967
759
408
-88
-702
-1372
-2010
-2512
-2782
-2742
-2357
-1642
-664
462
1593
2576
3275
3592
3491
2996
2197
1231
262
-551
-1078
-1241
-1029
-502
223
992
1640
2021
2037
1652
899
-124
-1275
-2393
-3321
-3940
-4178
-4026
-3530
-2779
-1886
-964
-113
599
1140
1506
1718
1803
1789
1694
1525
1285
977
617
240
-99
-336
-403
-246
152
767
1525
2310
2980
3394
3440
3057
2253
1107
-239
-1608
-2815
-3704
-4173
-4195
-3817
-3149
-2338
-1540
-883
-448
-251
-252
-366
-489
-523
-406
-121
298
780
1232
1566
1721
1681
1474
1170
860
630
0
0
0
0
0
0
0
0
0
0
0
0
0
0
0
0
0
0
0
0
0
0
0
0
0
0
0
0
0
0
0
0
0
0
0
0
0
0
0
0
0
0
0
0
0
0
0
0
0
0
0
0
0
0
0
0
0
0
0
0
0
0
0
0
0
0
0
-4915
-4529
-3445
-1865
-79
1596
2888
3611
3709
3251
2410
1414
492
-178
-508
-504
-260
79
362
471
352
28
-414
-857
-1181
-1310
-1232
-1004
-738
-568
-611
-927
-1493
-2204
-2884
-3331
-3362
-2859
-1808
-308
1442
3179
4626
5551
5814
5395
4395
3015
1507
126
-925
-1537
-1701
-1510
-1120
-711
-442
-409
-624
-1020
-1471
-1823
-1940
-1742
-1222
-456
415
1217
1778
1968
1726
1077
122
-980
-2048
-2908
-3429
-3540
-3243
-2600
-1716
-716
277
1169
1900
2446
2816
3036
3139
3149
3080
2929
2684
2332
1863
1283
614
-103
-818
-1471
-2008
-2382
-2566
-2554
-2358
-2013
-1566
-1074
-595
-179
133
323
388
344
222
62
-100
-237
-340
-417
-496
-608
-786
-1040
-1353
-1671
-1908
-1956
-1710
-1091
-74
1294
2888
4512
5924
6881
7176
6690
5414
3468
1086
-1417
-3698
-5444
-6427
-6548
-5848
-4506
-2794
-1030
485
1525
1972
1836
1239
381
-509
-1228
-1636
-1684
-1418
-954
-442
-26
197
207
54
-145
-253
-137
278
996
1930
2924
3781
4307
4352
3852
2839
1442
-136
-1663
-2912
-3715
-3985
-3732
-3054
-2114
-1101
-197
459
799
819
581
192
-224
-553
-707
-642
-360
97
660
1242
1752
2110
2253
2142
1763
1134
300
-661
-1651
-2553
-3248
-3631
-3631
-3224
-2446
-1393
-208
937
1877
2480
2673
2462
1934
1237
553
59
-112
96
652
1438
2269
2939
3258
3099
2423
1295
-130
-1638
-2993
-3987
-4479
-4420
-3858
-2925
-1803
-690
244
884
1186
1176
934
567
180
-143
-363
-478
-517
-521
-528
-550
-575
-561
-458
-219
180
728
1376
2043
2633
3058
3253
3197
2912
2455
1906
1347
837
400
23
-339
-746
-1250
-1873
-2595
-3349
-4031
-4521
-4709
-4525
-3954
-3049
-1921
-719
395
1286
1866
2114
2077
1856
1584
1391
1374
1575
1973
2483
2981
3330
3407
3135
2500
1552
402
-801
-1896
-2739
-3225
-3308
-3003
-2385
-1573
-709
60
614
865
781
383
-252
-1008
-1739
-2297
-2550
-2412
-1852
-913
290
1590
2779
3654
4047
3862
3099
1866
362
-1147
-2383
-3101
-3143
-2477
-1209
426
2109
3491
4262
4217
3301
1628
-536
-2821
-4818
-6160
-6594
-6028
-4549
-2410
24
2349
4194
5291
5524
4937
3719
2154
557
-788
-1688
-2061
-1947
-1481
-849
-239
202
401
367
171
-76
-267
-328
-244
-61
130
224
136
-169
-659
-1231
-1735
-2011
-1928
-1428
-542
602
1804
2826
3451
3523
2992
1927
506
-1017
-2367
-3294
-3638
-3347
-2498
-1270
89
1319
2198
2587
2452
1868
995
40
-789
-1330
-1491
-1268
-737
-29
701
1311
1701
1828
1710
1412
1022
628
295
49
-124
-272
-452
-718
-1098
-1584
-2130
-2660
-3082
-3312
-3288
-2987
-2426
-1662
-775
143
1007
1755
2349
2781
3066
3228
3293
3277
3183
2999
2708
2294
1753
1102
378
-360
-1044
-1604
-1986
-2161
-2132
-1935
-1638
-1321
-1066
-943
-988
-1202
-1547
-1948
-2310
-2534
-2535
-2260
-1697
-884
94
1124
2075
2823
3271
3370
3120
2580
1851
1064
351
-171
-430
-405
-132
303
787
1192
1412
1378
1072
536
-141
-842
-1441
-1833
-1953
-1791
-1394
-854
-290
174
439
447
195
-269
-853
-1440
-1914
-2179
-2179
-1903
-1387
-705
48
779
1401
1858
2119
2187
2085
1850
1524
1150
762
390
60
-205
-382
-452
-401
-228
50
397
756
1059
1236
1227
999
553
-72
-802
-1540
-2179
-2626
-2813
-2715
-2350
-1776
-1080
-358
297
819
1166
1334
1344
1237
1057
848
637
442
267
114
-15
-109
-150
-115
16
248
566
926
1265
1502
1562
1385
949
277
-559
-1452
-2270
-2881
-3181
-3109
-2664
-1902
-928
123
1112
1916
2450
2676
2605
2286
1793
1208
605
40
-450
-847
-1143
-1331
-1403
-1346
-1151
-813
-349
199
764
1259
1588
1669
1451
930
158
-758
-1681
-2457
-2950
-3068
-2780
-2125
-1202
-155
861
1709
2295
2580
2587
2384
2064
1717
1405
1148
924
677
342
-130
-751
-1473
-2199
-2790
-3103
-3017
-2474
-1501
-210
1206
2516
3485
3928
3747
2955
1676
123
-1438
-2750
-3602
-3880
-3579
-2802
-1735
-601
386
1069
1374
1321
1012
597
239
64
135
438
884
1337
1649
1702
1437
876
117
-683
-1354
-1739
-1745
-1357
-650
230
1099
1773
2111
2044
1594
862
5
-798
-1394
-1681
-1638
-1320
-844
-359
-5
117
-21
-385
-871
-1344
-1666
-1732
-1497
-986
-287
470
1147
1624
1833
1769
1489
1093
696
400
267
301
455
644
768
748
543
172
-294
-749
-1074
-1178
-1017
-617
-68
494
920
1082
913
424
-291
-1073
-1733
-2095
-2040
-1539
-665
417
1488
2314
2700
2539
1833
699
-658
-1985
-3034
-3612
-3626
-3094
-2137
-951
240
1239
1911
2211
2185
1950
1655
1439
1391
1524
1775
2022
2119
1940
1418
572
-492
-1602
-2551
-3155
-3291
-2936
-2174
-1181
-184
588
964
869
349
-437
-1256
-1847
-1992
-1569
-588
805
2349
3725
4619
4793
4144
2726
746
-1471
-3548
-5128
-5941
-5861
-4924
-3314
-1328
689
2415
3603
4131
4010
3371
2429
1426
582
50
-110
61
449
892
1222
1306
1070
515
-288
-1222
-2138
-2897
-3386
-3539
-3342
-2828
-2070
-1160
-200
712
1497
2092
2455
2572
2447
2110
1611
1017
404
-149
-579
-843
-931
-868
-708
-526
-398
-383
-503
-738
-1027
-1275
-1378
-1251
-848
-183
664
1565
2361
2898
3063
2810
2177
1280
291
-594
-1208
-1437
-1261
-753
-65
599
1041
1100
703
-120
-1243
-2460
-3537
-4255
-4461
-4100
-3221
-1969
-550
812
1929
2678
3027
3030
2806
2503
2257
2153
2207
2358
2493
2474
2179
1538
560
-666
-1983
-3197
-4113
-4583
-4531
-3968
-2994
-1769
-485
673
1562
2100
2272
2128
1756
1262
745
279
-89
-348
-497
-546
-497
-348
-89
279
745
1262
1756
2128
2272
2100
1562
673
-485
-1769
-2994
-3968
-4531
-4583
-4113
-3197
-1983
-666
560
1538
2179
2474
2493
2358
2207
2153
2257
2503
2806
3030
3027
2678
1929
812
-550
-1969
-3221
-4100
-4461
-4255
-3537
-2460
-1243
-120
703
1100
1041
599
-65
-753
-1261
-1437
-1208
-594
291
1280
2177
2810
3063
2898
2361
1565
664
-183
-848
-1251
-1378
-1275
-1027
-738
-503
-383
-398
-526
-708
-868
-931
-843
-579
-149
404
1017
1611
2110
2447
2572
2455
2092
1497
712
-200
-1160
-2070
-2828
-3342
-3539
-3386
-2897
-2138
-1222
-288
515
1070
1306
1222
892
449
61
-110
50
582
1426
2429
3371
4010
4131
3603
2415
689
-1328
-3314
-4924
-5861
-5941
-5128
-3548
-1471
746
2726
4144
4793
4619
3725
2349
805
-588
-1569
-1992
-1847
-1256
-437
349
869
964
588
-184
-1181
-2174
-2936
-3291
-3155
-2551
-1602
-492
572
1418
1940
2119
2022
1775
1524
1391
1439
1655
1950
2185
2211
1911
1239
240
-951
-2137
-3094
-3626
-3612
-3034
-1985
-658
699
1833
2539
2700
2314
1488
417
-665
-1539
-2040
-2095
-1733
-1073
-291
424
913
1082
920
494
-68
-617
-1017
-1178
-1074
-749
-294
172
543
748
768
644
455
301
267
400
696
1093
1489
1769
1833
1624
1147
470
-287
-986
-1497
-1732
-1666
-1344
-871
-385
-21
117
-5
-359
-844
-1320
-1638
-1681
-1394
-798
5
862
1594
2044
2111
1773
1099
230
-650
-1357
-1745
-1739
-1354
-683
117
876
1437
1702
1649
1337
884
438
135
64
239
597
1012
1321
1374
1069
386
-601
-1735
-2802
-3579
-3880
-3602
-2750
-1438
123
1676
2955
3747
3928
3485
2516
1206
-210
-1501
-2474
-3017
-3103
-2790
-2199
-1473
-751
-130
342
677
924
1148
1405
1717
2064
2384
2587
2580
2295
1709
861
-155
-1202
-2125
-2780
-3068
-2950
-2457
-1681
-758
158
930
1451
1669
1588
1259
764
199
-349
-813
-1151
-1346
-1403
-1331
-1143
-847
-450
40
605
1208
1793
2286
2605
2676
2450
1916
1112
123
-928
-1902
-2664
-3109
-3181
-2881
-2270
-1452
-559
277
949
1385
1562
1502
1265
926
566
248
16
-115
-150
-109
-15
114
267
442
637
848
1057
1237
1344
1334
1166
819
297
-358
-1080
-1776
-2350
-2715
-2813
-2626
-2179
-1540
-802
-72
553
999
1227
1236
1059
756
397
50
-228
-401
-452
-382
-205
60
390
762
1150
1524
1850
2085
2187
2119
1858
1401
779
48
-705
-1387
-1903
-2179
-2179
-1914
-1440
-853
-269
195
447
439
174
-290
-854
-1394
-1791
-1953
-1833
-1441
-842
-141
536
1072
1378
1412
1192
787
303
-132
-405
-430
-171
351
1064
1851
2580
3120
3370
3271
2823
2075
1124
94
-884
-1697
-2260
-2535
-2534
-2310
-1948
-1547
-1202
-988
-943
-1066
-1321
-1638
-1935
-2132
-2161
-1986
-1604
-1044
-360
378
1102
1753
2294
2708
2999
3183
3277
3293
3228
3066
2781
2349
1755
1007
143
-775
-1662
-2426
-2987
-3288
-3312
-3082
-2660
-2130
-1584
-1098
-718
-452
-272
-124
49
295
628
1022
1412
1710
1828
1701
1311
701
-29
-737
-1268
-1491
-1330
-789
40
995
1868
2452
2587
2198
1319
89
-1270
-2498
-3347
-3638
-3294
-2367
-1017
506
1927
2992
3523
3451
2826
1804
602
-542
-1428
-1928
-2011
-1735
-1231
-659
-169
136
224
130
-61
-244
-328
-267
-76
171
367
401
202
-239
-849
-1481
-1947
-2061
-1688
-788
557
2154
3719
4937
5524
5291
4194
2349
24
-2410
-4549
-6028
-6594
-6160
-4818
-2821
-536
1628
3301
4217
4262
3491
2109
426
-1209
-2477
-3143
-3101
-2383
-1147
362
1866
3099
3862
4047
3654
2779
1590
290
-913
-1852
-2412
-2550
-2297
-1739
-1008
-252
383
781
865
614
60
-709
-1573
-2385
-3003
-3308
-3225
-2739
-1896
-801
402
1552
2500
3135
3407
3330
2981
2483
1973
1575
1374
1391
1584
1856
2077
2114
1866
1286
395
-719
-1921
-3049
-3954
-4525
-4709
-4521
-4031
-3349
-2595
-1873
-1250
-746
-339
23
400
837
1347
1906
2455
2912
3197
3253
3058
2633
2043
1376
728
180
-219
-458
-561
-575
-550
-528
-521
-517
-478
-363
-143
180
567
934
1176
1186
884
244
-690
-1803
-2925
-3858
-4420
-4479
-3987
-2993
-1638
-130
1295
2423
3099
3258
2939
2269
1438
652
96
-112
59
553
1237
1934
2462
2673
2480
1877
937
-208
-1393
-2446
-3224
-3631
-3631
-3248
-2553
-1651
-661
300
1134
1763
2142
2253
2110
1752
1242
660
97
-360
-642
-707
-553
-224
192
581
819
799
459
-197
-1101
-2114
-3054
-3732
-3985
-3715
-2912
-1663
-136
1442
2839
3852
4352
4307
3781
2924
1930
996
278
-137
-253
-145
54
207
197
-26
-442
-954
-1418
-1684
-1636
-1228
-509
381
1239
1836
1972
1525
485
-1030
-2794
-4506
-5848
-6548
-6427
-5444
-3698
-1417
1086
3468
5414
6690
7176
6881
5924
4512
2888
1294
-74
-1091
-1710
-1956
-1908
-1671
-1353
-1040
-786
-608
-496
-417
-340
-237
-100
62
222
344
388
323
133
-179
-595
-1074
-1566
-2013
-2358
-2554
-2566
-2382
-2008
-1471
-818
-103
614
1283
1863
2332
2684
2929
3080
3149
3139
3036
2816
2446
1900
1169
277
-716
-1716
-2600
-3243
-3540
-3429
-2908
-2048
-980
122
1077
1726
1968
1778
1217
415
-456
-1222
-1742
-1940
-1823
-1471
-1020
-624
-409
-442
-711
-1120
-1510
-1701
-1537
-925
126
1507
3015
4395
5395
5814
5551
4626
3179
1442
-308
-1808
-2859
-3362
-3331
-2884
-2204
-1493
-927
-611
-568
-738
-1004
-1232
-1310
-1181
-857
-414
28
352
471
362
79
-260
-504
-508
-178
492
1414
2410
3251
3709
3611
2888
1596
-79
-1865
-3445
-4529
0
0
0
0
0
0
0
0
0
0
0
0
0
0
0
0
0
0
0
0
0
0
0
0
0
0
0
0
0
0
0
0
0
0
0
0
0
0
0
0
0
0
0
0
0
0
0
0
0
0
0
0
0
0
0
0
0
0
0
0
0
0
0
0
0
0
0
