0
4278
8485
12550
16402
19973
23203
26035
28419
30314
31684
32507
32766
32456
31581
30156
28203
25758
22860
19561
15917
11991
7852
3573
-771
-5106
-9352
-13436
-17284
-20829
-24006
-26759
-29038
-30801
-32015
-32660
-32720
-32196
-31094
-29434
-27244
-24563
-21439
-17925
-14087
-9991
-5712
-1327
3083
7441
11667
15683
19415
22796
25762
28259
30239
31667
32514
32764
32412
31462
29931
27847
25247
22178
18696
14865
10755
6443
2009
-2465
-6896
-11201
-15299
-19113
-22570
-25606
-28162
-30190
-31650
-32514
-32764
-32394
-31411
-29832
-27686
-25012
-21861
-18292
-14372
-10175
-5781
-1274
3259
7733
12062
16161
19951
23359
26318
28771
30668
31973
32659
32711
32127
30919
29107
26727
23823
20452
16679
12577
8226
3711
-879
-5455
-9926
-14204
-18204
-21846
-25058
-27775
-29942
-31516
-32464
-32766
-32415
-31417
-29790
-27567
-24790
-21514
-17805
-13736
-9388
-4849
-209
4437
8997
13377
17489
21248
24578
27411
29687
31359
32393
32765
32468
31507
29899
27676
24884
21579
17828
13707
9301
4700
0
-4703
-9311
-13729
-17864
-21629
-24947
-27746
-29968
-31566
-32503
-32761
-32332
-31225
-29460
-27076
-24119
-20653
-16748
-12488
-7961
-3263
1506
6246
10856
15238
19298
22949
26112
28719
30713
32051
32702
32651
31900
30461
28366
25658
22395
18646
14492
10022
5332
524
-4298
-9029
-13567
-17811
-21669
-25055
-27896
-30127
-31699
-32577
-32739
-32182
-30916
-28967
-26379
-23206
-19519
-15397
-10932
-6222
-1372
3511
8320
12945
17284
21240
24723
27655
29968
31611
32545
32748
32214
30954
28995
26381
23169
19431
15252
10724
5950
1038
-3899
-8751
-13405
-17757
-21705
-25159
-28038
-30277
-31822
-32637
-32702
-32014
-30588
-28456
-25665
-22280
-18377
-14047
-9388
-4509
477
5455
10308
14924
19194
23018
26305
28979
30974
32243
32756
32498
31476
29711
27244
24133
20449
16280
11722
6884
1880
-3170
-8148
-12935
-17416
-21484
-25041
-28000
-30291
-31856
-32659
-32677
-31909
-30373
-28105
-25157
-21600
-17520
-13013
-8189
-3163
1941
7001
11893
16499
20705
24407
27516
29953
31659
32589
32721
32049
30590
28377
25463
21921
17836
13307
8448
3377
-1780
-6896
-11843
-16499
-20746
-24479
-27603
-30040
-31727
-32621
-32699
-31957
-30413
-28105
-25088
-21439
-17247
-12618
-7668
-2522
2689
7836
12787
17416
21605
25247
28248
30530
32035
32723
32574
31592
29801
27244
23987
20112
15718
10917
5832
595
-4660
-9798
-14685
-19194
-23208
-26622
-29345
-31307
-32455
-32757
-32206
-30813
-28614
-25665
-22043
-17841
-13169
-8148
-2911
2405
7661
12717
17440
21705
25397
28419
30689
32146
32750
32483
31352
29385
26633
23169
19084
14487
9500
4255
-1105
-6439
-11603
-16457
-20870
-24723
-27911
-30346
-31961
-32712
-32578
-31559
-29684
-27001
-23582
-19519
-14922
-9916
-4636
771
6162
11386
16301
20770
24671
27896
30354
31977
32719
32558
31498
29565
26813
23317
19172
14492
9407
4058
-1405
-6833
-12073
-16978
-21411
-25247
-28377
-30713
-32188
-32760
-32410
-31148
-29007
-26047
-22351
-18021
-13179
-7961
-2516
3003
8440
13640
18454
22745
26389
29282
31340
32503
32737
32033
30409
27913
24613
20604
16000
10932
5547
0
-5550
-10942
-16021
-20637
-24657
-27963
-30458
-32068
-32745
-32468
-31244
-29107
-26118
-22364
-17952
-13013
-7689
-2137
3479
8997
14252
19090
23367
26955
29748
31662
32640
32650
31691
29790
27003
23411
19119
14256
8965
3403
-2262
-7862
-13230
-18204
-22633
-26385
-29345
-31423
-32556
-32707
-31871
-30072
-27362
-23823
-19561
-14703
-9397
-3803
1908
7565
12994
18030
22517
26318
29316
31419
32559
32702
31841
30001
27238
23635
19302
14372
8996
3339
-2422
-8112
-13553
-18577
-23026
-26761
-29667
-31650
-32648
-32629
-31591
-29565
-26615
-22829
-18327
-13249
-7752
-2009
3799
9491
14886
19815
24120
27666
30338
32052
32751
32412
31044
28690
25423
21345
16586
11295
5642
-193
-6025
-11667
-16938
-21669
-25706
-28920
-31206
-32489
-32726
-31909
-30063
-27244
-23544
-19081
-13998
-8460
-2644
3259
9060
14569
19606
24006
27626
30346
32075
32756
32366
30916
28451
25051
20827
15917
10480
4696
-1244
-7147
-12817
-18065
-22719
-26622
-29644
-31684
-32674
-32578
-31398
-29173
-25975
-21909
-17110
-11737
-5969
0
5972
11747
17130
21941
26016
29217
31436
32596
32657
31615
29504
26395
22390
17625
12260
6476
470
-5554
-11392
-16845
-21726
-25867
-29127
-31393
-32585
-32662
-31619
-29491
-26349
-22301
-17483
-12062
-6222
-166
5898
11762
17222
22088
26191
29387
31566
32648
32597
31411
29131
25835
21636
16679
11138
5205
-912
-7001
-12847
-18244
-23003
-26955
-29960
-31912
-32739
-32412
-30940
-28374
-24803
-20353
-15179
-9465
-3413
2763
8843
14612
19863
24407
28083
30758
32334
32755
32003
30103
27124
23169
18381
12929
7010
836
-5370
-11386
-16993
-21989
-26191
-29446
-31636
-32680
-32538
-31214
-28754
-25247
-20819
-15630
-9868
-3744
2518
8692
14551
19879
24480
28184
30855
32393
32739
31880
29845
26709
22585
17625
12011
5950
-333
-6607
-12639
-18204
-23094
-27128
-30152
-32055
-32763
-32248
-30528
-27666
-23767
-18976
-13473
-7461
-1167
5173
11322
17047
22132
26385
29644
31785
32724
32427
30901
28203
24435
19738
14288
8294
1981
-4409
-10635
-16457
-21654
-26025
-29402
-31656
-32697
-32485
-31027
-28377
-24634
-19943
-14481
-8460
-2109
4324
10594
16457
21686
26077
29459
31699
32710
32451
30929
28203
24378
19601
14056
7961
1552
-4919
-11201
-17047
-22227
-26537
-29806
-31906
-32751
-32307
-30590
-27666
-23648
-18696
-13002
-6791
-309
6187
12441
18204
23246
27366
30398
32222
32762
31995
29951
26709
22398
17189
11289
4935
-1619
-8112
-14281
-19879
-24678
-28486
-31147
-32552
-32643
-31416
-28917
-25247
-20553
-15023
-8882
-2378
4225
10659
16662
21989
26421
29777
31918
32756
32254
30432
27362
23169
18024
12137
5748
-879
-7473
-13762
-19485
-24407
-28323
-31070
-32533
-32650
-31414
-28875
-25136
-20353
-14721
-8475
-1874
4807
11292
17307
22602
26955
30182
32146
32765
32010
29911
26556
22083
16679
10571
4016
-2711
-9326
-15551
-21121
-25799
-29387
-31732
-32732
-32344
-30582
-27520
-23286
-18060
-12062
-5547
1206
7911
14280
20041
24947
28786
31393
32653
32513
30975
28105
24024
18906
12972
6476
-301
-7069
-13534
-19415
-24458
-28443
-31196
-32596
-32580
-31148
-28360
-24336
-19250
-13322
-6811
0
6813
13332
19269
24364
28393
31178
32594
32578
31129
28309
24241
19103
13120
6555
-301
-7147
-13680
-19609
-24671
-28641
-31340
-32648
-32505
-30916
-27948
-23735
-18460
-12360
-5706
1206
8067
14569
20421
25359
29162
31656
32728
32328
30473
27244
22786
17298
11027
4255
-2711
-9557
-15974
-21669
-26383
-29901
-32062
-32766
-31979
-29736
-26137
-21345
-15577
-9095
-2195
4807
11593
17850
23291
27666
30771
32464
32665
31362
28614
24546
19345
13249
6538
-477
-7473
-14125
-20126
-25196
-29098
-31650
-32732
-32292
-30349
-26991
-22374
-16712
-10266
-3339
3746
10659
17076
22694
27251
30530
32377
32702
31489
28793
24740
19519
13375
6597
-494
-7565
-14281
-20323
-25404
-29282
-31772
-32753
-32178
-30072
-26533
-21729
-15887
-9285
-2238
4919
11843
18204
23695
28052
31066
32589
32548
30942
27847
23411
17845
11416
4435
-2763
-9830
-16425
-22227
-26955
-30378
-32330
-32713
-31507
-28769
-24631
-19293
-13013
-6096
1120
8285
15047
21076
26077
29802
32068
32763
31850
29372
25451
20276
14101
7230
0
-7232
-14111
-20295
-25478
-29402
-31872
-32764
-32033
-29711
-25913
-20827
-14703
-7845
-595
6688
13640
19914
25196
29220
31785
32759
32093
29819
26047
20967
14832
7950
664
-6656
-13645
-19948
-25247
-29273
-31822
-32763
-32046
-29706
-25861
-20703
-14492
-7543
-209
7138
14125
20396
25629
29557
31977
32766
31880
29363
25342
20022
13674
6622
-771
-8129
-15071
-21240
-26318
-30042
-32219
-32734
-31559
-28754
-24461
-18901
-12360
-5177
2276
9615
16457
22447
27271
30678
32489
32608
31026
27825
23169
17302
10527
3199
-4298
-11573
-18244
-23960
-28419
-31387
-32705
-32302
-30198
-26501
-21406
-15179
-8148
-684
6817
13962
20369
25700
29668
32064
32757
31710
28975
24698
19103
12488
5205
-2358
-9798
-16717
-22745
-27557
-30894
-32577
-32513
-30703
-27244
-22319
-16192
-9191
-1693
5898
13175
19743
25247
29388
31941
32765
31816
29141
24884
19276
12618
5272
-2362
-9871
-16845
-22903
-27714
-31014
-32621
-32445
-30495
-26875
-21781
-15492
-8351
-749
6896
14165
20658
26016
29942
32220
32721
31417
28377
23767
17841
10926
3403
-4310
-11787
-18613
-24407
-28847
-31684
-32759
-32010
-29476
-25298
-19707
-13013
-5590
2148
9769
16845
22980
27828
31116
32659
32366
30254
26438
21133
14635
7310
-430
-8148
-15409
-21801
-26962
-30598
-32502
-32563
-30778
-27244
-22162
-15818
-8572
-836
6950
14343
20920
26305
30190
32350
32661
31103
27762
22829
16586
9388
1649
-6187
-13670
-20369
-25898
-29936
-32249
-32702
-31267
-28024
-23161
-16955
-9766
-2009
5867
13405
20168
25762
29860
32222
32709
31291
28049
23169
16936
9711
1916
-5992
-13553
-20323
-25904
-29968
-32275
-32687
-31179
-27837
-22855
-16527
-9222
-1372
6562
14111
20829
26318
30252
32397
32623
30916
27374
22206
15718
8294
373
-7571
-15067
-21669
-26980
-30683
-32556
-32483
-30469
-26631
-21197
-14492
-6916
1077
9009
16402
22811
27851
31216
32702
32218
29790
25564
19793
12824
5078
-2978
-10856
-18080
-24210
-28873
-31785
-32766
-31757
-28816
-24119
-17952
-10689
-2772
5316
13083
20053
25799
29968
32304
32662
31017
27469
22233
15630
8064
0
-8067
-15639
-22251
-27492
-31038
-32669
-32282
-29899
-25665
-19840
-12785
-4935
3223
11185
18454
24578
29176
31960
32754
31507
28295
23317
16881
9388
1306
-6859
-14599
-21426
-26913
-30713
-32587
-32415
-30206
-26096
-20343
-13307
-5431
2789
10837
18204
24423
29100
31937
32755
31498
28244
23199
16679
9099
938
-7285
-15047
-21854
-27271
-30951
-32659
-32282
-29844
-25497
-19519
-12290
-4271
4023
12062
19330
25359
29762
32252
32670
30984
27303
21861
15008
7184
-1105
-9326
-16947
-23474
-28484
-31650
-32766
-31757
-28687
-23753
-17274
-9670
-1435
6896
14781
21705
27215
30951
32666
32248
29720
25247
19119
11737
3583
-4807
-12886
-20121
-26035
-30239
-32455
-32534
-30469
-26395
-20578
-13400
-5336
3083
11302
18775
25007
29584
32200
32681
30992
27244
21684
14679
6695
-1736
-10055
-17706
-24178
-29038
-31959
-32744
-31340
-27837
-22468
-15592
-7668
771
9163
16942
23583
28641
31772
32764
31548
28203
22955
16155
8261
-193
-8637
-16499
-23246
-28419
-31667
-32766
-31641
-28366
-23161
-16378
-8479
0
8482
16388
23178
28387
31659
32766
31633
28334
23092
16267
8323
-193
-8699
-16610
-23382
-28547
-31748
-32764
-31521
-28105
-22748
-15818
-7793
771
9287
17161
23850
28887
31923
32744
31292
27666
22114
15023
6884
-1736
-10238
-18030
-24565
-29387
-32158
-32681
-30919
-26991
-21173
-13868
-5590
3083
11543
19194
25499
30012
32414
32534
30361
26047
19895
12336
3903
-4807
-13181
-20625
-26610
-30711
-32637
-32248
-29569
-24790
-18247
-10405
-1820
6896
15124
22277
27843
31423
32760
31757
28483
23169
16196
8060
-655
-9326
-17331
-24094
-29127
-32068
-32703
-30984
-27033
-21133
-13707
-5289
3511
12062
19743
25999
30374
32552
32371
29844
25150
18630
10754
2094
-6719
-15047
-22282
-27896
-31478
-32765
-31661
-28244
-22763
-15616
-7324
1506
10228
18204
24847
29668
32313
32585
30461
26096
19809
12062
3423
-5469
-13962
-21426
-27310
-31178
-32740
-31881
-28661
-23317
-16242
-7961
912
9721
17811
24578
29519
32265
32608
30520
26157
19840
12041
3339
-5613
-14150
-21629
-27492
-31296
-32755
-31758
-28377
-22863
-15630
-7219
1736
10564
18599
25234
29968
32443
32468
30041
25342
18725
10689
1842
-7147
-15598
-22868
-28404
-31785
-32751
-31227
-27327
-21345
-13736
-5078
3969
12717
20496
26712
30887
32702
32014
28875
23522
16364
7950
-1077
-10024
-18204
-24986
-29848
-32414
-32483
-30050
-25298
-18593
-10451
-1499
7571
16058
23305
28750
31969
32711
30916
26720
20449
12587
3744
-5391
-14111
-21734
-27666
-31442
-32766
-31533
-27837
-21964
-14372
-5653
3510
12401
20323
26654
30894
32710
31957
28692
23169
15822
7226
-1941
-10958
-19113
-25762
-30378
-32596
-32237
-29328
-24096
-16955
-8469
691
9799
18132
25028
29936
32465
32412
29778
24772
17791
9388
234
-8940
-17404
-24479
-29598
-32350
-32513
-30072
-25219
-18342
-9991
-836
8388
16942
24135
29387
32275
32563
30226
25451
18620
10283
1113
-8148
-16754
-24006
-29316
-32252
-32574
-30254
-25477
-18630
-10266
-1066
8222
16845
24098
29390
32286
32549
30156
25298
18372
9941
695
-8610
-17213
-24407
-29603
-32371
-32482
-29925
-24908
-17841
-9305
0
9307
17850
24924
29942
32491
32356
29546
24293
17028
8351
-1019
-10308
-18745
-25629
-30386
-32621
-32145
-28995
-23432
-15917
-7073
2362
11603
19879
26497
30903
32728
31816
28241
22301
14491
5464
-4023
-13175
-21224
-27492
-31451
-32766
-31324
-27244
-20868
-12732
-3519
5992
15001
22745
28568
31977
32682
30619
25962
19103
10622
1238
-8253
-17047
-24394
-29668
-32420
-32412
-29643
-24347
-16973
-8148
1373
10781
19269
26112
30723
32705
31886
28334
22351
14449
5304
-4298
-13534
-21608
-27826
-31650
-32749
-31026
-26627
-19930
-11510
-2094
7504
16457
23989
29446
32355
32460
29752
24461
17046
8148
-1459
-10942
-19477
-26318
-30870
-32732
-31742
-27983
-21780
-13674
-4371
5316
14541
22496
28484
31977
32669
30495
25645
18541
9807
209
-9410
-18204
-25397
-30356
-32640
-32046
-28625
-22675
-14721
-5464
4278
13645
21806
28038
31787
32719
30748
26047
19032
10324
695
-8997
-17892
-25196
-30256
-32621
-32077
-28669
-22701
-14703
-5389
4409
13816
21989
28193
31872
32694
30582
25725
18555
9715
0
-9718
-18563
-25739
-30598
-32699
-31850
-28126
-21861
-13619
-4144
5708
15047
23026
28920
32194
32549
29951
24631
17073
7961
-1876
-11547
-20168
-26955
-31287
-32766
-31257
-26894
-20073
-11416
-1713
8148
17267
24807
30076
32589
32113
28690
22632
14492
5018
-4919
-14407
-22570
-28657
-32104
-32591
-30072
-24775
-17189
-8012
1907
11653
20323
27113
31393
32763
31094
26539
19519
10683
852
-9060
-18132
-25519
-30530
-32697
-31816
-27965
-21503
-13031
-3339
6667
16052
23938
29584
32459
32292
29097
23169
15065
5543
-4501
-14125
-22423
-28612
-32108
-32578
-29977
-24546
-16798
-7461
2582
12385
21019
27666
31694
32721
30647
25665
18247
9095
-923
-10856
-19760
-26786
-31264
-32766
-31146
-26556
-19431
-10451
-470
9557
18675
26008
30855
32749
31507
27244
20368
11537
1595
-8501
-17784
-25359
-30497
-32702
-31758
-27754
-21074
-12360
-2451
7696
17103
24860
30215
32648
31922
28105
21563
12929
3039
-7147
-16643
-24525
-30025
-32607
-32016
-28309
-21844
-13249
-3359
6859
16412
24364
29939
32588
32050
28377
21924
13322
3413
-6833
-16412
-24382
-29960
-32596
-32028
-28309
-21804
-13150
-3199
7069
16643
24578
30089
32630
31946
28105
21482
12732
2719
-7565
-17103
-24947
-30318
-32680
-31797
-27754
-20951
-12062
-1970
8320
17784
25478
30633
32732
31565
27244
20200
11134
952
-9326
-18675
-26154
-31014
-32765
-31228
-26556
-19215
-9941
333
10578
19760
26955
31436
32749
30759
25665
17979
8475
-1887
-12062
-21019
-27851
-31864
-32650
-30126
-24546
-16475
-6728
3703
13762
22423
28806
32258
32427
29291
23169
14683
4696
-5772
-15653
-23938
-29777
-32571
-32033
-28214
-21503
-12587
-2378
8077
17706
25519
30711
32748
31416
26850
19519
10175
-219
-10594
-19879
-27113
-31549
-32726
-30520
-25157
-17189
-7439
3083
13289
22119
28657
32222
32441
29289
23092
14492
4381
-6187
-16114
-24364
-30076
-32652
-31820
-27666
-20619
-11416
-1017
9491
19008
26537
31287
32757
30792
25595
17709
7961
-2625
-12939
-21894
-28547
-32194
-32451
-29286
-23032
-14346
-4144
6498
16457
24678
30291
32699
31644
27238
19943
10531
0
-10533
-19951
-27251
-31656
-32694
-30254
-24592
-16309
-6286
4409
14637
23305
29487
32519
32077
28203
21312
12137
1660
-8997
-18692
-26385
-31248
-32757
-30748
-25434
-17383
-7461
3266
13645
22556
29038
32390
32248
28625
21909
12824
2351
-8378
-18204
-26061
-31098
-32765
-30880
-25645
-17625
-7689
3083
13524
22496
29023
32393
32235
28565
21780
12618
2077
-8692
-18516
-26318
-31245
-32755
-30681
-25247
-17046
-6975
3863
14280
23132
29446
32527
32033
28015
20915
11510
836
-9932
-19609
-27125
-31650
-32682
-30103
-24198
-15616
-5304
5596
15880
24407
30232
32705
31550
26894
19250
9465
-1373
-12062
-21411
-28379
-32188
-32412
-29022
-22395
-13267
-2656
8253
18244
26197
31222
32754
30619
25054
16679
6433
-4537
-15001
-23783
-29895
-32648
-31731
-27244
-19690
-9916
976
11762
21224
28293
32170
32415
28997
22301
13080
2378
-8595
-18599
-26497
-31393
-32729
-30352
-24528
-15917
-5494
5554
15974
24578
30386
32734
31352
26395
18425
8351
-2679
-13405
-22602
-29217
-32491
-32046
-27932
-20616
-10936
0
10939
20625
27944
32055
32482
29173
22507
13249
2462
-8610
-18692
-26622
-31481
-32707
-30156
-24119
-15293
-4696
6446
16845
25296
30817
32766
30916
25477
17079
6695
-4468
-15115
-24006
-30106
-32702
-31489
-26606
-18620
-8460
2689
13528
22788
29387
32552
31909
27532
19930
9991
-1120
-12103
-21669
-28693
-32350
-32208
-28280
-21025
-11295
-234
10856
20671
28052
32127
32412
28871
21921
12379
1372
-9799
-19815
-27487
-31906
-32545
-29328
-22632
-13249
-2291
8940
19113
27016
31708
32629
29666
23169
13911
2992
-8285
-18577
-26654
-31549
-32677
-29899
-23544
-14372
-3477
7836
18214
26411
31442
32702
30037
23764
14635
3744
-7598
-18030
-26293
-31393
-32711
-30086
-23833
-14703
-3796
7571
18026
26305
31405
32707
30050
23753
14577
3632
-7754
-18204
-26446
-31479
-32688
-29925
-23522
-14256
-3253
8148
18560
26712
31608
32650
29706
23135
13736
2656
-8751
-19090
-27095
-31785
-32581
-29385
-22585
-13013
-1842
9557
19786
27585
31994
32468
28947
21861
12081
809
-10564
-20637
-28166
-32219
-32293
-28377
-20951
-10932
440
11762
21629
28819
32437
32033
27653
19840
9561
-1907
-13142
-22745
-29519
-32621
-31661
-26755
-18514
-7961
3586
14689
23960
30239
32740
31148
25658
16955
6128
-5469
-16384
-25247
-30944
-32759
-30461
-24336
-15151
-4058
7546
18204
26572
31595
32638
29565
22763
13087
1756
-9798
-20118
-27896
-32148
-32332
-28424
-20915
-10754
771
12203
22088
29171
32552
31797
27001
18769
8148
-3511
-14727
-24069
-30346
-32754
-30984
-25260
-16309
-5272
6439
17331
26008
31359
32696
29845
23169
13521
2137
-9523
-19964
-27843
-32146
-32318
-28334
-20703
-10405
1234
12717
22564
29503
32637
31559
26407
17841
6968
-4807
-15965
-25058
-30909
-32757
-30361
-24028
-14577
-3233
8533
19194
27364
31977
32433
28669
21173
10917
-762
-12345
-22321
-29387
-32619
-31592
-26438
-17828
-6884
4961
16161
25247
31028
32744
30168
23635
13998
2522
-9287
-19879
-27860
-32179
-32265
-28105
-20242
-9711
2101
13640
23382
30040
32733
31103
25362
16267
5018
-6896
-17901
-26537
-31659
-32585
-29190
-21921
-11741
0
11743
21929
29201
32589
31641
26480
17791
6728
-5233
-16499
-25566
-31222
-32709
-29826
-22955
-13013
-1327
10537
20994
28641
32450
31909
27088
18630
7668
-4324
-15739
-25041
-30976
-32744
-30105
-23411
-13561
-1880
10055
20637
28436
32397
31982
27244
18822
7852
-4182
-15653
-25007
-30974
-32743
-30072
-23319
-13400
-1660
10308
20879
28612
32455
31881
26966
18377
7282
-4807
-16245
-25468
-31216
-32702
-29720
-22675
-12528
-664
11292
21705
29147
32596
31576
26225
17274
5950
-6193
-17489
-26383
-31650
-32564
-28995
-21433
-10917
1105
12978
23064
29968
32737
30984
24950
15465
3839
-8320
-19330
-27666
-32170
-32217
-27796
-19519
-8531
3643
15314
24860
30951
32739
29972
23032
12884
938
-11141
-21669
-29176
-32613
-31498
-25982
-16835
-5332
6918
18204
26944
31912
32410
28366
20343
9465
-2743
-14569
-24351
-30713
-32759
-30198
-23387
-13283
-1306
10856
21492
29100
32604
31507
25962
16748
5166
-7147
-18454
-27152
-32008
-32332
-28076
-19840
-8789
3510
15314
24947
31038
32720
29752
22551
12140
0
-12143
-22559
-29762
-32723
-31017
-24884
-15198
-3339
8998
20053
28242
32393
31908
26854
17952
6476
-5930
-17489
-26541
-31785
-32465
-28481
-20402
-9388
2978
14918
24714
30951
32730
29790
22554
12062
-172
-12385
-22811
-29942
-32746
-30813
-24421
-14492
-2462
9926
20879
28806
32556
31581
26021
16679
4912
-7571
-18956
-27585
-32200
-32127
-27374
-18630
-7167
5342
17076
26318
31719
32485
28504
20353
9222
-3259
-15267
-25041
-31147
-32687
-29434
-21861
-11077
1334
13553
23783
30517
32764
30189
23169
12736
423
-11953
-22570
-29860
-32743
-30792
-24293
-14202
-2009
10483
21426
29201
32652
31267
25247
15482
3419
-9153
-20369
-28563
-32514
-31633
-26047
-16586
-4654
7973
19415
27967
32350
31910
26709
17520
5712
-6950
-18577
-27428
-32179
-32116
-27244
-18292
-6597
6088
17864
26962
32015
32263
27666
18910
7310
-5391
-17284
-26579
-31872
-32366
-27983
-19380
-7852
4862
16845
26287
31760
32433
28203
19707
8226
-4501
-16550
-26094
-31684
-32472
-28334
-19895
-8434
4310
16402
26003
31651
32486
28377
19946
8475
-4288
-16402
-26016
-31662
-32478
-28334
-19861
-8351
4437
16550
26133
31717
32445
28203
19638
8060
-4756
-16845
-26351
-31812
-32386
-27983
-19276
-7602
5243
17284
26666
31941
32293
27666
18769
6975
-5898
-17864
-27071
-32095
-32157
-27244
-18113
-6176
6719
18577
27557
32265
31968
26709
17302
5205
-7702
-19415
-28111
-32434
-31710
-26047
-16326
-4058
8843
20369
28719
32588
31368
25247
15179
2736
-10137
-21426
-29364
-32705
-30922
-24293
-13853
-1238
11573
22570
30025
32764
30353
23169
12339
-434
-13142
-23783
-30678
-32739
-29638
-21861
-10632
2276
14829
25041
31296
32604
28754
20353
8727
-4282
-16616
-26318
-31849
-32328
-27676
-18630
-6622
6439
18480
27585
32302
31880
26381
16679
4318
-8734
-20396
-28806
-32620
-31227
-24845
-14492
-1820
11144
22329
29942
32763
30335
23047
12062
-859
-13645
-24243
-30951
-32688
-29173
-20967
-9388
3703
16202
26094
31785
32354
27709
18593
6476
-6688
-18775
-27832
-32393
-31718
-25913
-15915
-3339
9779
21317
29402
32723
30737
23764
12933
0
-12935
-23772
-30745
-32720
-29372
-21243
-9654
3510
16105
26077
31798
32332
27590
18342
6096
-7147
-19226
-28162
-32493
-31507
-25362
-15061
-2291
10856
22227
29953
32765
30198
22670
11416
-1716
-14569
-25028
-31370
-32548
-28366
-19509
-7435
5867
18204
27539
32330
31782
25982
15887
3163
-10086
-21669
-29667
-32753
-30413
-23032
-11831
1334
14281
24860
31312
32563
28403
19519
7387
-5976
-18347
-27666
-32377
-31693
-25725
-15465
-2622
10659
22164
29968
32766
30086
22374
10917
-2369
-15261
-25599
-31650
-32396
-27709
-18372
-5950
7473
19643
28516
32596
31195
24546
13765
664
-12550
-23653
-30771
-32702
-29116
-20616
-8634
4807
17440
27128
32230
31881
26137
15968
3092
-10308
-21966
-29901
-32766
-30072
-22272
-10689
2711
15653
25937
31812
32275
27244
17574
4908
-8595
-20637
-29162
-32712
-30681
-23411
-12140
1206
14349
25041
31451
32480
27948
18630
6117
-7445
-19735
-28641
-32634
-31026
-24089
-13013
301
13567
24501
31222
32570
28309
19172
6728
-6876
-19298
-28393
-32589
-31159
-24347
-13326
0
13328
24354
31166
32585
28360
19220
6748
-6896
-19347
-28443
-32604
-31103
-24198
-13087
301
13640
24608
31294
32533
28105
18778
6176
-7504
-19879
-28786
-32669
-30847
-23635
-12290
1206
14493
25247
31583
32389
27520
17828
5008
-8692
-20870
-29387
-32745
-30352
-22624
-10917
2711
15865
26229
31977
32094
26556
16335
3233
-10442
-22277
-30182
-32757
-29546
-21112
-8944
4807
17712
27483
32390
31559
25136
14256
845
-12717
-24026
-31070
-32598
-28334
-19032
-6345
7473
19964
28903
32697
30666
23169
11540
-2148
-15456
-26008
-31918
-32127
-26596
-16309
-3103
10659
22517
30346
32741
29270
20553
8148
-5719
-18563
-28078
-32552
-31179
-24202
-12874
771
14281
25223
31625
32332
27214
17189
4062
-9798
-21894
-30040
-32762
-29565
-21025
-8682
5233
18204
27882
32514
31257
24336
13002
-691
-14262
-25247
-31650
-32307
-27094
-16955
-3732
10171
22227
30239
32747
29289
20494
7961
-6025
-18915
-28356
-32621
-30929
-23586
-11931
1907
15400
26077
31982
32033
26215
15592
2109
-11762
-23479
-30889
-32629
-28377
-18910
-5966
8077
20637
29402
32756
30080
21861
9613
-4409
-17621
-27585
-32459
-31342
-24435
-13013
816
14497
25499
31785
32188
26631
16140
2656
-11322
-23203
-30782
-32650
-28456
-18976
-5969
8148
20755
29503
32763
29925
21514
9095
-5021
-18204
-27995
-32564
-31058
-23753
-12011
1977
15598
26305
32095
31880
25698
14703
952
-12978
-24480
-31393
-32418
-27360
-17165
-3744
10381
22559
30497
32702
28754
19394
6380
-7836
-20580
-29446
-32762
-29899
-21393
-8847
5370
18577
28275
32630
30814
23169
11138
-3003
-16579
-27016
-32334
-31523
-24733
-13249
751
14612
25700
31906
32048
26096
15179
1372
-12698
-24354
-31371
-32412
-27273
-16932
-3359
10856
23003
30758
32638
28280
18514
5205
-9101
-21669
-30089
-32747
-29131
-19930
-6905
7445
20371
29387
32762
29844
21189
8460
-5898
-19125
-28673
-32702
-30433
-22301
-9868
4468
17946
27963
32585
30916
23274
11134
-3159
-16845
-27275
-32428
-31305
-24119
-12260
1977
15833
26622
32247
31615
24845
13249
-923
-14918
-26016
-32055
-31858
-25461
-14105
0
14107
25468
31864
32046
25975
14832
792
-13405
-24986
-31684
-32188
-26395
-15435
-1452
12817
24578
31525
32292
26727
15917
1981
-12345
-24250
-31393
-32366
-26976
-16280
-2378
11993
24006
31293
32415
27148
16527
2644
-11762
-23850
-31230
-32442
-27244
-16660
-2779
11653
23783
31206
32451
27267
16679
2783
-11667
-23806
-31222
-32441
-27217
-16586
-2656
11803
23919
31277
32412
27094
16378
2398
-12062
-24120
-31370
-32361
-26894
-16056
-2009
12441
24407
31496
32285
26615
15616
1488
-12939
-24777
-31650
-32178
-26251
-15055
-836
13553
25223
31826
32033
25797
14372
52
-14280
-25739
-32015
-31841
-25247
-13561
863
15115
26318
32208
31592
24592
12618
-1908
-16052
-26950
-32393
-31276
-23823
-11540
3083
17085
27622
32556
30880
22932
10324
-4384
-18204
-28323
-32682
-30389
-21909
-8965
5807
19399
29038
32755
29790
20744
7461
-7347
-20658
-29748
-32757
-29067
-19428
-5811
8997
21966
30436
32669
28203
17952
4016
-10746
-23305
-31079
-32468
-27184
-16309
-2077
12583
24657
31656
32135
25992
14491
0
-14493
-25999
-32139
-31644
-24613
-12494
2208
16457
27304
32503
30975
23032
10317
-4537
-18454
-28547
-32719
-30103
-21238
-7961
6971
20458
29694
32757
29007
19220
5431
-9491
-22439
-30713
-32587
-27666
-16973
-2736
12073
24364
31568
32177
26060
14492
-108
-14689
-26197
-32222
-31498
-24174
-11781
3083
17304
27896
32634
30520
21996
8847
-6162
-19879
-29416
-32766
-29219
-19519
-5706
9311
22368
30711
32578
27570
16743
2378
-12491
-24723
-31732
-32033
-25558
-13674
1105
15653
26888
32428
31095
23169
10328
-4707
-18745
-28806
-32750
-29736
-20402
-6728
8378
21705
30414
32650
27932
17262
2911
-12062
-24465
-31651
-32083
-25665
-13765
1077
15692
26955
32455
31012
22932
9941
-5180
-19194
-29098
-32765
-29406
-19738
-5832
9326
22486
30817
32526
27244
16102
1495
-13436
-25478
-32035
-31693
-24521
-12062
2999
17416
28078
32680
30226
21243
7668
-7565
-21167
-30192
-32685
-28105
-17438
-2992
12103
24578
31727
31995
25321
13150
-1876
-16499
-27539
-32596
-30567
-21889
-8448
6833
20630
29936
32722
28377
17845
3419
-11753
-24364
-31659
-32040
-25423
-13249
1823
16499
27568
32607
30508
21729
8189
-7147
-20920
-30108
-32693
-28105
-17347
-2779
12401
24860
31856
31850
24838
12360
-2839
-17416
-28160
-32702
-30037
-20749
-6884
8501
22013
30668
32552
27244
15915
1066
-14020
-26008
-32243
-31342
-23500
-10451
4915
19194
29220
32766
29042
18871
4509
-10856
-23813
-31479
-32147
-25665
-13473
1720
16533
27666
32637
30335
21271
7461
-8015
-21705
-30552
-32578
-27327
-15968
-1038
14125
26133
32294
31228
23169
9920
-5554
-19786
-29584
-32748
-28565
-17970
-3339
12043
24723
31849
31816
24627
11897
-3511
-18132
-28673
-32755
-29458
-19519
-5177
10334
23516
31393
32182
25702
13414
-1907
-16800
-27896
-32682
-30072
-20653
-6555
9029
22570
30997
32395
26445
14492
-751
-15827
-27310
-32589
-30461
-21406
-7481
8148
21926
30713
32507
26894
15151
-48
-15238
-26955
-32522
-30664
-21804
-7961
7702
21608
30575
32549
27076
15403
202
-15047
-26852
-32503
-30703
-21861
-8002
7696
21629
30598
32538
27001
15255
0
-15257
-27007
-32541
-30582
-21579
-7602
8129
21989
30779
32468
26664
14703
-655
-15865
-27411
-32621
-30288
-20948
-6758
8997
22672
31098
32318
26047
13736
-1763
-16855
-28038
-32713
-29790
-19946
-5464
10289
23653
31516
32046
25116
12336
-3319
-18204
-28847
-32766
-29042
-18541
-3711
11987
24889
31977
31593
23823
10480
-5316
-19871
-29777
-32711
-27983
-16697
-1495
14059
26318
32404
30885
22114
8148
-7733
-21801
-30745
-32460
-26539
-14372
1180
16457
27860
32699
29832
19930
5325
-10537
-23916
-31650
-31910
-24631
-11530
4298
19113
29409
32747
28334
17210
2009
-13670
-26112
-32365
-30942
-22178
-8148
7817
21929
30833
32412
26285
13907
-1780
-17047
-28259
-32743
-29429
-19103
-4222
11667
24777
31977
31548
23586
9991
-5992
-20546
-30192
-32619
-27244
-15350
219
15739
27492
32660
30001
20149
5464
-10533
-24006
-31719
-31816
-24270
-10892
5106
19879
29873
32681
27625
15917
373
-15261
-27221
-32621
-30156
-20416
-5748
10308
23879
31684
31836
24293
10875
-5173
-19973
-29942
-32665
-27477
-15633
0
15636
27483
32666
29925
19920
5078
-10999
-24407
-31886
-31615
-23656
-9941
6193
20824
30386
32549
26782
14487
-1341
-16845
-28242
-32749
-29262
-18630
-3445
12583
25539
32252
31078
22301
8064
-8148
-22368
-31111
-32231
-25451
-12429
3643
18824
29387
32737
28047
16465
836
-15001
-27152
-32625
-30072
-20115
-5205
10989
24479
31937
31523
23335
9388
-6876
-21447
-30723
-32412
-26092
-13322
2743
18132
29038
32759
28371
16955
1338
-14612
-26944
-32596
-30164
-20247
-5304
10958
24501
31960
31477
23169
9099
-7236
-21774
-30894
-32323
-25702
-12676
3510
18824
29446
32724
27837
16000
166
-15711
-27666
-32707
-29572
-19041
-3744
12491
25602
32304
30916
21780
7184
-9215
-23305
-31551
-31880
-24205
-10451
5930
20824
30486
32483
26311
13518
-2679
-18204
-29147
-32749
-28098
-16364
-502
15488
27574
32702
29574
18976
3583
-12717
-25806
-32371
-30748
-21345
-6538
9926
23879
31785
31636
23467
9346
-7147
-21830
-30974
-32254
-25342
-11991
4409
19692
29968
32623
26976
14462
-1736
-17495
-28798
-32764
-28377
-16752
-852
15267
27492
32699
29554
18857
3339
-13034
-26077
-32450
-30520
-20777
-5712
10817
24578
32042
31291
22515
7961
-8637
-23021
-31496
-31881
-24075
-10079
6509
21426
30833
32307
25463
12062
-4448
-19815
-30076
-32585
-26689
-13907
2465
18204
29244
32732
27762
15616
-569
-16610
-28356
-32765
-28692
-17189
-1231
15047
27428
32699
29490
18630
2932
-13528
-26478
-32552
-30168
-19943
-4530
12062
25519
32337
30737
21133
6022
-10659
-24565
-32068
-31208
-22206
-7407
9326
23628
31760
31593
23169
8686
-8070
-22719
-31423
-31903
-24028
-9858
6896
21846
31070
32147
24790
10926
-5807
-21019
-30711
-32336
-25461
-11891
4807
20244
30356
32478
26047
12755
-3899
-19528
-30012
-32581
-26556
-13521
3083
18877
29687
32654
26991
14192
-2362
-18294
-29387
-32703
-27360
-14769
1736
17784
29119
32734
27666
15255
-1206
-17349
-28887
-32752
-27913
-15652
771
16993
28695
32761
28105
15962
-434
-16717
-28547
-32765
-28244
-16186
193
16523
28443
32766
28334
16326
-48
-16412
-28387
-32766
-28374
-16382
0
0
0
0
0
0
0
0
0
0
0
0
0
0
0
0
0
0
0
0
0
0
0
0
0
0
0
0
0
0
0
0
0
0
0
0
0
0
0
0
0
0
0
0
0
0
0
0
0
0
0
0
0
0
0
0
0
0
0
0
0
0
0
0
0
0
0
0
0
0
0
0
0
0
0
0
0
0
0
0
0
0
0
0
0
0
0
0
0
0
0
0
0
0
0
0
0
0
0
0
0
0
0
0
0
0
0
0
0
0
0
0
0
0
0
0
0
0
0
0
0
0
0
0
0
0
0
0
0
0
0
0
0
0
0
0
0
0
0
0
0
0
0
0
0
0
0
0
0
0
0
0
0
0
0
0
0
0
0
0
0
0
0
0
0
0
0
0
0
0
0
0
0
0
0
0
0
0
0
0
0
0
0
0
0
0
0
0
0
0
0
0
0
0
0
0
0
0
0
0
0
0
0
0
0
0
0
0
0
0
0
0
0
0
0
0
0
0
0
0
0
0
0
0
0
0
0
0
0
0
0
0
0
0
0
0
0
0
0
0
0
0
0
0
0
0
0
0
0
0
0
0
0
0
0
0
0
0
0
0
0
0
0
0
0
0
0
0
0
0
0
0
0
0
0
0
0
0
0
0
0
0
0
0
0
0
0
0
0
0
0
0
0
0
0
0
0
0
0
0
0
0
0
0
0
0
0
0
0
0
0
0
0
0
0
0
0
0
0
0
0
0
0
0
0
0
0
0
0
0
0
0
0
0
0
0
0
0
0
0
0
0
0
0
0
0
0
0
0
0
0
0
0
0
0
0
0
0
0
0
0
0
0
0
0
0
0
0
0
0
0
0
0
0
0
0
0
0
0
0
0
0
0
0
0
0
0
0
0
0
0
0
0
0
0
0
0
0
0
0
0
0
0
0
0
0
0
0
0
0
0
0
0
0
0
0
0
0
0
0
0
0
0
0
0
0
0
0
0
0
0
0
0
0
0
0
0
0
0
0
0
0
0
0
0
0
0
0
0
0
0
0
0
0
0
0
0
0
0
0
0
0
0
0
0
0
0
0
0
0
0
0
0
0
0
0
0
0
0
0
0
0
0
0
0
0
0
0
0
0
0
0
0
0
0
0
0
0
0
0
0
0
0
0
0
0
0
0
0
0
0
0
0
0
0
0
0
0
0
0
0
0
0
0
0
0
0
0
0
0
0
0
0
0
0
0
0
0
0
0
0
0
0
0
0
0
0
0
0
0
0
0
0
0
0
0
0
0
0
0
0
0
0
0
0
0
0
0
0
0
0
0
0
0
0
0
0
0
0
0
0
0
0
0
0
0
0
0
0
0
0
0
0
0
0
0
0
0
0
0
0
0
0
0
0
0
0
0
0
0
0
0
0
0
0
0
0
0
0
0
0
0
0
0
0
0
0
0
0
0
0
0
0
0
0
0
0
0
0
0
0
0
0
0
0
0
0
0
0
0
0
0
0
0
0
0
0
0
0
0
0
0
0
0
0
0
0
0
0
0
0
0
0
0
0
0
0
0
0
0
0
0
0
0
0
0
0
0
0
0
0
0
0
0
0
0
0
0
0
0
0
0
0
0
0
0
0
0
0
0
0
0
0
0
0
0
0
0
0
0
0
0
0
0
0
0
0
0
0
0
0
0
0
0
0
0
0
0
0
0
0
0
0
0
0
0
0
0
0
0
0
0
0
0
0
0
0
0
0
0
0
0
0
0
0
0
0
0
0
0
0
0
0
0
0
0
0
0
0
0
0
0
0
0
0
0
0
0
0
0
0
0
0
0
0
0
0
0
0
0
0
0
0
0
0
0
0
0
0
0
0
0
0
0
0
0
0
0
0
0
0
0
0
0
0
0
0
0
0
0
0
0
0
0
0
0
0
0
0
0
0
0
0
0
0
0
0
0
0
0
0
0
0
0
0
0
0
0
0
0
0
0
0
0
0
0
0
0
0
0
0
0
0
0
0
0
0
0
0
0
0
0
0
0
0
0
0
0
0
0
0
0
0
0
0
0
0
0
0
0
0
0
0
0
0
0
0
0
0
0
0
0
0
0
0
0
0
0
0
0
0
0
0
0
0
0
0
0
0
0
0
0
0
0
0
0
0
0
0
0
0
0
0
0
0
0
0
0
0
0
0
0
0
0
0
0
0
0
0
0
13106
12943
12458
11664
10581
9238
7669
5914
4020
2034
8
-2006
-3960
-5803
-7489
-8977
-10232
-11223
-11929
-12335
-12433
-12225
-11721
-10935
-9893
-8623
-7160
-5545
-3819
-2028
-216
1569
3286
4893
6353
7633
8705
9547
10145
10488
10576
10412
10007
9377
8542
7529
6368
5089
3728
2318
894
-507
-1857
-3125
-4284
-5311
-6187
-6898
-7434
-7789
-7962
-7958
-7782
-7447
-6965
-6355
-5634
-4823
-3943
-3015
-2061
-1102
-157
755
1618
2419
3143
3782
4328
4775
5119
5360
5498
5536
5477
5326
5090
4777
4393
3946
3447
2904
2325
1720
1098
468
-160
-779
-1381
-1956
-2498
-2997
-3447
-3842
-4174
-4439
-4631
-4747
-4783
-4737
-4609
-4400
-4110
-3745
-3308
-2806
-2246
-1639
-994
-323
362
1047
1721
2367
2974
3529
4018
4431
4759
4993
5128
5158
5083
4903
4620
4240
3770
3221
2602
1928
1212
470
-280
-1025
-1747
-2430
-3059
-3621
-4103
-4496
-4791
-4981
-5065
-5040
-4908
-4673
-4341
-3920
-3421
-2856
-2238
-1580
-899
-210
473
1134
1761
2339
2857
3306
3676
3961
4158
4264
4279
4206
4046
3808
3497
3123
2695
2224
1721
1198
667
139
-374
-863
-1318
-1731
-2094
-2402
-2650
-2837
-2959
-3018
-3016
-2955
-2839
-2674
-2465
-2219
-1945
-1648
-1337
-1019
-702
-393
-97
179
432
659
855
1021
1154
1257
1329
1374
1393
1392
1372
1340
1298
1251
1203
1156
1114
1079
1052
1033
1022
1017
1016
1016
1012
1002
980
941
880
794
678
529
346
127
-127
-416
-734
-1078
-1440
-1813
-2188
-2553
-2898
-3210
-3478
-3690
-3834
-3900
-3879
-3764
-3550
-3234
-2817
-2302
-1694
-1003
-242
573
1427
2299
3167
4008
4799
5515
6135
6635
6998
7206
7246
7108
6788
6285
5603
4753
3749
2610
1361
31
-1350
-2749
-4128
-5452
-6684
-7788
-8731
-9484
-10021
-10321
-10369
-10156
-9681
-8949
-7971
-6768
-5364
-3793
-2090
-297
1539
3373
5156
6841
8381
9733
10858
11723
12301
12571
12524
12154
11468
10479
9211
7692
5961
4061
2041
-45
-2146
-4204
-6164
-7975
-9586
-10954
-12042
-12819
-13263
-13363
-13114
-12523
-11605
-10385
-8896
-7177
-5276
-3244
-1136
990
3079
5073
6919
8568
9976
11107
11932
12431
12593
12417
11911
11093
9987
8628
7056
5317
3462
1542
-386
-2272
-4062
-5709
-7167
-8401
-9379
-10077
-10483
-10589
-10398
-9922
-9179
-8197
-7009
-5652
-4170
-2607
-1012
569
2091
3511
4789
5892
6792
7467
7902
8091
8035
7741
7225
6508
5616
4582
3440
2228
985
-249
-1439
-2547
-3542
-4396
-5085
-5594
-5909
-6026
-5947
-5678
-5233
-4630
-3892
-3045
-2118
-1143
-152
823
1752
2606
3358
3988
4476
4811
4983
4990
4835
4524
4071
3490
2802
2030
1199
336
-532
-1380
-2180
-2910
-3546
-4072
-4473
-4737
-4858
-4834
-4667
-4363
-3933
-3390
-2750
-2034
-1262
-457
358
1161
1929
2641
3278
3824
4263
4587
4787
4860
4804
4624
4325
3916
3410
2822
2166
1462
728
-17
-755
-1466
-2134
-2742
-3276
-3725
-4078
-4329
-4472
-4508
-4436
-4259
-3986
-3622
-3180
-2670
-2106
-1503
-875
-239
391
1001
1577
2105
2575
2976
3300
3542
3698
3766
3746
3641
3456
3197
2871
2489
2060
1597
1112
615
122
-357
-812
-1231
-1605
-1926
-2188
-2387
-2519
-2585
-2585
-2522
-2401
-2227
-2009
-1754
-1471
-1171
-863
-558
-264
8
254
465
637
766
851
891
889
848
773
671
548
413
275
142
23
-73
-142
-175
-168
-120
-29
103
275
480
711
959
1216
1468
1706
1915
2085
2205
2263
2252
2166
1998
1749
1419
1012
535
-1
-585
-1202
-1834
-2463
-3069
-3632
-4133
-4552
-4872
-5078
-5157
-5099
-4900
-4557
-4073
-3456
-2716
-1869
-934
66
1106
2159
3196
4187
5103
5916
6602
7136
7499
7677
7660
7443
7026
6416
5626
4671
3576
2366
1072
-272
-1633
-2973
-4256
-5447
-6513
-7424
-8155
-8683
-8994
-9077
-8929
-8552
-7955
-7154
-6169
-5026
-3755
-2390
-966
477
1904
3276
4558
5716
6721
7549
8179
8597
8796
8772
8530
8080
7437
6621
5656
4571
3397
2166
910
-335
-1541
-2676
-3714
-4632
-5409
-6031
-6489
-6776
-6892
-6842
-6634
-6280
-5797
-5202
-4517
-3762
-2960
-2134
-1305
-493
284
1010
1672
2260
2766
3185
3516
3759
3919
3998
4005
3947
3831
3667
3463
3227
2965
2684
2388
2082
1767
1446
1119
786
446
99
-254
-616
-984
-1357
-1732
-2103
-2466
-2813
-3137
-3429
-3678
-3874
-4009
-4073
-4057
-3955
-3762
-3475
-3095
-2624
-2068
-1438
-743
0
773
1558
2335
3080
3772
4388
4909
5315
5590
5723
5704
5528
5196
4713
4089
3337
2479
1535
532
-499
-1531
-2532
-3469
-4315
-5041
-5623
-6041
-6280
-6329
-6185
-5851
-5333
-4647
-3813
-2856
-1804
-692
445
1572
2650
3646
4525
5257
5817
6186
6349
6299
6037
5570
4912
4083
3109
2024
862
-336
-1533
-2686
-3755
-4704
-5498
-6109
-6515
-6698
-6650
-6370
-5865
-5150
-4247
-3184
-1995
-720
599
1919
3195
4382
5440
6330
7022
7490
7714
7684
7399
6864
6095
5113
3950
2641
1228
-244
-1727
-3174
-4537
-5771
-6834
-7691
-8313
-8678
-8774
-8594
-8145
-7438
-6496
-5348
-4030
-2583
-1054
508
2055
3538
4909
6126
7151
7951
8503
8791
8807
8554
8041
7288
6321
5172
3882
2493
1051
-396
-1802
-3123
-4318
-5349
-6186
-6807
-7194
-7342
-7250
-6928
-6393
-5667
-4783
-3774
-2678
-1538
-394
711
1741
2660
3438
4050
4479
4715
4754
4602
4271
3780
3153
2421
1617
777
-60
-860
-1587
-2210
-2702
-3041
-3212
-3207
-3025
-2674
-2166
-1524
-773
54
924
1797
2635
3400
4055
4568
4911
5062
5007
4738
4257
3573
2702
1671
512
-738
-2037
-3339
-4596
-5762
-6790
-7640
-8274
-8663
-8782
-8619
-8168
-7435
-6435
-5191
-3737
-2113
-368
1445
3272
5053
6732
8252
9562
10616
11377
11813
11907
11648
11039
10092
8832
7293
5518
3558
1471
-681
-2834
-4924
-6886
-8661
-10194
-11438
-12355
-12917
-13106
-12917
-12355
-11438
-10194
-8661
-6886
-4924
-2834
-681
1471
3558
5518
7293
8832
10092
11039
11648
11907
11813
11377
10616
9562
8252
6732
5053
3272
1445
-368
-2113
-3737
-5191
-6435
-7435
-8168
-8619
-8782
-8663
-8274
-7640
-6790
-5762
-4596
-3339
-2037
-738
512
1671
2702
3573
4257
4738
5007
5062
4911
4568
4055
3400
2635
1797
924
54
-773
-1524
-2166
-2674
-3025
-3207
-3212
-3041
-2702
-2210
-1587
-860
-60
777
1617
2421
3153
3780
4271
4602
4754
4715
4479
4050
3438
2660
1741
711
-394
-1538
-2678
-3774
-4783
-5667
-6393
-6928
-7250
-7342
-7194
-6807
-6186
-5349
-4318
-3123
-1802
-396
1051
2493
3882
5172
6321
7288
8041
8554
8807
8791
8503
7951
7151
6126
4909
3538
2055
508
-1054
-2583
-4030
-5348
-6496
-7438
-8145
-8594
-8774
-8678
-8313
-7691
-6834
-5771
-4537
-3174
-1727
-244
1228
2641
3950
5113
6095
6864
7399
7684
7714
7490
7022
6330
5440
4382
3195
1919
599
-720
-1995
-3184
-4247
-5150
-5865
-6370
-6650
-6698
-6515
-6109
-5498
-4704
-3755
-2686
-1533
-336
862
2024
3109
4083
4912
5570
6037
6299
6349
6186
5817
5257
4525
3646
2650
1572
445
-692
-1804
-2856
-3813
-4647
-5333
-5851
-6185
-6329
-6280
-6041
-5623
-5041
-4315
-3469
-2532
-1531
-499
532
1535
2479
3337
4089
4713
5196
5528
5704
5723
5590
5315
4909
4388
3772
3080
2335
1558
773
0
-743
-1438
-2068
-2624
-3095
-3475
-3762
-3955
-4057
-4073
-4009
-3874
-3678
-3429
-3137
-2813
-2466
-2103
-1732
-1357
-984
-616
-254
99
446
786
1119
1446
1767
2082
2388
2684
2965
3227
3463
3667
3831
3947
4005
3998
3919
3759
3516
3185
2766
2260
1672
1010
284
-493
-1305
-2134
-2960
-3762
-4517
-5202
-5797
-6280
-6634
-6842
-6892
-6776
-6489
-6031
-5409
-4632
-3714
-2676
-1541
-335
910
2166
3397
4571
5656
6621
7437
8080
8530
8772
8796
8597
8179
7549
6721
5716
4558
3276
1904
477
-966
-2390
-3755
-5026
-6169
-7154
-7955
-8552
-8929
-9077
-8994
-8683
-8155
-7424
-6513
-5447
-4256
-2973
-1633
-272
1072
2366
3576
4671
5626
6416
7026
7443
7660
7677
7499
7136
6602
5916
5103
4187
3196
2159
1106
66
-934
-1869
-2716
-3456
-4073
-4557
-4900
-5099
-5157
-5078
-4872
-4552
-4133
-3632
-3069
-2463
-1834
-1202
-585
-1
535
1012
1419
1749
1998
2166
2252
2263
2205
2085
1915
1706
1468
1216
959
711
480
275
103
-29
-120
-168
-175
-142
-73
23
142
275
413
548
671
773
848
889
891
851
766
637
465
254
8
-264
-558
-863
-1171
-1471
-1754
-2009
-2227
-2401
-2522
-2585
-2585
-2519
-2387
-2188
-1926
-1605
-1231
-812
-357
122
615
1112
1597
2060
2489
2871
3197
3456
3641
3746
3766
3698
3542
3300
2976
2575
2105
1577
1001
391
-239
-875
-1503
-2106
-2670
-3180
-3622
-3986
-4259
-4436
-4508
-4472
-4329
-4078
-3725
-3276
-2742
-2134
-1466
-755
-17
728
1462
2166
2822
3410
3916
4325
4624
4804
4860
4787
4587
4263
3824
3278
2641
1929
1161
358
-457
-1262
-2034
-2750
-3390
-3933
-4363
-4667
-4834
-4858
-4737
-4473
-4072
-3546
-2910
-2180
-1380
-532
336
1199
2030
2802
3490
4071
4524
4835
4990
4983
4811
4476
3988
3358
2606
1752
823
-152
-1143
-2118
-3045
-3892
-4630
-5233
-5678
-5947
-6026
-5909
-5594
-5085
-4396
-3542
-2547
-1439
-249
985
2228
3440
4582
5616
6508
7225
7741
8035
8091
7902
7467
6792
5892
4789
3511
2091
569
-1012
-2607
-4170
-5652
-7009
-8197
-9179
-9922
-10398
-10589
-10483
-10077
-9379
-8401
-7167
-5709
-4062
-2272
-386
1542
3462
5317
7056
8628
9987
11093
11911
12417
12593
12431
11932
11107
9976
8568
6919
5073
3079
990
-1136
-3244
-5276
-7177
-8896
-10385
-11605
-12523
-13114
-13363
-13263
-12819
-12042
-10954
-9586
-7975
-6164
-4204
-2146
-45
2041
4061
5961
7692
9211
10479
11468
12154
12524
12571
12301
11723
10858
9733
8381
6841
5156
3373
1539
-297
-2090
-3793
-5364
-6768
-7971
-8949
-9681
-10156
-10369
-10321
-10021
-9484
-8731
-7788
-6684
-5452
-4128
-2749
-1350
31
1361
2610
3749
4753
5603
6285
6788
7108
7246
7206
6998
6635
6135
5515
4799
4008
3167
2299
1427
573
-242
-1003
-1694
-2302
-2817
-3234
-3550
-3764
-3879
-3900
-3834
-3690
-3478
-3210
-2898
-2553
-2188
-1813
-1440
-1078
-734
-416
-127
127
346
529
678
794
880
941
980
1002
1012
1016
1016
1017
1022
1033
1052
1079
1114
1156
1203
1251
1298
1340
1372
1392
1393
1374
1329
1257
1154
1021
855
659
432
179
-97
-393
-702
-1019
-1337
-1648
-1945
-2219
-2465
-2674
-2839
-2955
-3016
-3018
-2959
-2837
-2650
-2402
-2094
-1731
-1318
-863
-374
139
667
1198
1721
2224
2695
3123
3497
3808
4046
4206
4279
4264
4158
3961
3676
3306
2857
2339
1761
1134
473
-210
-899
-1580
-2238
-2856
-3421
-3920
-4341
-4673
-4908
-5040
-5065
-4981
-4791
-4496
-4103
-3621
-3059
-2430
-1747
-1025
-280
470
1212
1928
2602
3221
3770
4240
4620
4903
5083
5158
5128
4993
4759
4431
4018
3529
2974
2367
1721
1047
362
-323
-994
-1639
-2246
-2806
-3308
-3745
-4110
-4400
-4609
-4737
-4783
-4747
-4631
-4439
-4174
-3842
-3447
-2997
-2498
-1956
-1381
-779
-160
468
1098
1720
2325
2904
3447
3946
4393
4777
5090
5326
5477
5536
5498
5360
5119
4775
4328
3782
3143
2419
1618
755
-157
-1102
-2061
-3015
-3943
-4823
-5634
-6355
-6965
-7447
-7782
-7958
-7962
-7789
-7434
-6898
-6187
-5311
-4284
-3125
-1857
-507
894
2318
3728
5089
6368
7529
8542
9377
10007
10412
10576
10488
10145
9547
8705
7633
6353
4893
3286
1569
-216
-2028
-3819
-5545
-7160
-8623
-9893
-10935
-11721
-12225
-12433
-12335
-11929
-11223
-10232
-8977
-7489
-5803
-3960
-2006
8
2034
4020
5914
7669
9238
10581
11664
12458
12943
0
0
0
0
0
0
0
0
0
0
0
0
0
0
0
0
0
0
0
0
0
0
0
0
0
0
0
0
0
0
0
0
0
0
0
0
0
0
0
0
0
0
0
0
0
0
0
0
0
0
0
0
0
0
0
0
0
0
0
0
0
0
0
0
0
0
0
0
38
150
330
568
852
1165
1490
1807
2096
2338
2514
2608
2605
2496
2274
1937
1488
933
284
-440
-1223
-2040
-2865
-3669
-4426
-5105
-5681
-6127
-6423
-6551
-6497
-6253
-5818
-5196
-4396
-3435
-2334
-1121
173
1515
2867
4190
5444
6594
7601
8434
9065
9469
9632
9541
9193
8594
7753
6689
5428
3999
2440
790
-906
-2606
-4262
-5830
-7267
-8532
-9592
-10415
-10979
-11266
-11268
-10983
-10417
-9583
-8503
-7204
-5720
-4088
-2350
-552
1260
3042
4746
6331
7755
8985
9990
10746
11237
11450
11384
11043
10436
9583
8505
7232
5798
4238
2593
902
-791
-2448
-4028
-5497
-6819
-7966
-8915
-9645
-10143
-10402
-10420
-10200
-9752
-9090
-8233
-7204
-6029
-4739
-3363
-1934
-485
950
2342
3661
4878
5969
6914
7693
8294
8706
8925
8949
8781
8429
7902
7216
6387
5435
4383
3254
2073
866
-340
-1522
-2654
-3713
-4678
-5530
-6252
-6831
-7257
-7521
-7622
-7559
-7335
-6958
-6437
-5787
-5022
-4162
-3227
-2238
-1218
-190
822
1796
2711
3547
4287
4915
5419
5790
6023
6115
6067
5885
5575
5150
4622
4008
3326
2594
1833
1062
301
-430
-1116
-1740
-2290
-2755
-3128
-3404
-3582
-3663
-3653
-3558
-3388
-3155
-2871
-2551
-2208
-1856
-1509
-1179
-876
-608
-382
-202
-68
21
69
84
72
44
10
-17
-28
-11
42
141
291
493
750
1057
1409
1797
2209
2630
3044
3434
3780
4064
4268
4373
4367
4236
3973
3572
3036
2367
1576
678
-307
-1357
-2444
-3538
-4606
-5616
-6532
-7324
-7960
-8413
-8660
-8684
-8473
-8022
-7332
-6414
-5283
-3963
-2485
-885
795
2512
4217
5862
7398
8777
9957
10898
11566
11936
11989
11718
11121
10208
8999
7522
5813
3917
1884
-231
-2369
-4470
-6474
-8323
-9963
-11344
-12425
-13172
-13561
-13578
-13219
-12492
-11416
-10020
-8341
-6428
-4334
-2118
154
2421
4615
6673
8536
10151
11472
12461
13091
13344
13216
12712
11850
10656
9169
7434
5505
3440
1302
-845
-2938
-4915
-6718
-8295
-9602
-10604
-11274
-11597
-11568
-11193
-10489
-9483
-8211
-6716
-5048
-3261
-1413
436
2232
3917
5441
6760
7835
8638
9148
9356
9260
8869
8203
7288
6160
4858
3430
1923
389
-1121
-2560
-3880
-5041
-6007
-6752
-7254
-7502
-7493
-7232
-6733
-6017
-5112
-4052
-2876
-1625
-342
929
2147
3272
4268
5104
5756
6206
6442
6461
6267
5870
5288
4543
3663
2680
1629
545
-535
-1578
-2549
-3421
-4166
-4764
-5201
-5467
-5558
-5478
-5233
-4839
-4312
-3674
-2949
-2164
-1346
-523
280
1039
1731
2340
2850
3251
3538
3709
3768
3719
3575
3348
3052
2705
2323
1923
1522
1135
773
446
163
-73
-262
-404
-505
-573
-614
-641
-663
-693
-739
-811
-916
-1059
-1241
-1462
-1716
-1998
-2296
-2599
-2889
-3153
-3371
-3528
-3605
-3589
-3467
-3228
-2869
-2386
-1783
-1068
-254
641
1596
2586
3580
4549
5459
6279
6976
7522
7889
8057
8008
7733
7226
6491
5539
4388
3063
1594
19
-1619
-3276
-4905
-6457
-7884
-9140
-10184
-10979
-11495
-11708
-11606
-11181
-10439
-9392
-8064
-6487
-4700
-2751
-690
1423
3533
5577
7498
9239
10748
11980
12898
13471
13682
13520
12987
12097
10871
9343
7555
5556
3402
1153
-1126
-3373
-5523
-7517
-9298
-10816
-12031
-12908
-13425
-13570
-13340
-12746
-11807
-10553
-9022
-7262
-5324
-3266
-1148
967
3022
4957
6720
8261
9542
10529
11201
11543
11553
11238
10612
9703
8543
7171
5633
3979
2261
529
-1161
-2765
-4235
-5531
-6621
-7477
-8081
-8423
-8502
-8323
-7901
-7258
-6421
-5423
-4301
-3096
-1847
-598
613
1749
2775
3663
4389
4936
5294
5457
5428
5216
4836
4307
3654
2903
2086
1232
373
-459
-1237
-1936
-2532
-3008
-3351
-3554
-3612
-3529
-3312
-2973
-2527
-1995
-1397
-758
-101
547
1166
1732
2226
2632
2936
3130
3209
3171
3020
2763
2411
1978
1479
933
359
-222
-792
-1333
-1825
-2255
-2610
-2879
-3057
-3139
-3126
-3020
-2828
-2557
-2220
-1827
-1394
-936
-466
0
448
867
1244
1572
1842
2050
2195
2275
2294
2255
2164
2028
1856
1655
1436
1206
974
748
533
336
158
3
-127
-236
-325
-397
-455
-504
-550
-596
-647
-707
-778
-863
-961
-1071
-1192
-1320
-1450
-1576
-1692
-1790
-1863
-1904
-1906
-1863
-1770
-1623
-1422
-1165
-856
-498
-98
336
795
1267
1740
2199
2631
3023
3360
3631
3824
3930
3943
3857
3671
3386
3006
2537
1989
1374
707
4
-717
-1439
-2143
-2808
-3418
-3955
-4404
-4751
-4987
-5104
-5098
-4967
-4713
-4343
-3865
-3291
-2635
-1913
-1143
-346
459
1252
2013
2723
3364
3922
4382
4735
4973
5091
5088
4967
4731
4389
3951
3429
2837
2193
1511
810
107
-580
-1238
-1850
-2404
-2889
-3294
-3615
-3845
-3984
-4031
-3990
-3865
-3663
-3391
-3060
-2678
-2259
-1812
-1349
-881
-419
28
452
845
1201
1515
1784
2006
2179
2305
2385
2421
2416
2374
2299
2195
2066
1917
1752
1574
1388
1194
997
798
599
401
205
11
-179
-366
-550
-729
-902
-1070
-1231
-1383
-1525
-1654
-1768
-1866
-1943
-1999
-2029
-2032
-2007
-1950
-1861
-1739
-1584
-1396
-1178
-932
-659
-365
-53
270
601
932
1258
1571
1865
2133
2370
2568
2723
2831
2887
2889
2836
2726
2561
2342
2072
1756
1399
1007
588
149
-300
-752
-1197
-1626
-2028
-2397
-2723
-2998
-3217
-3374
-3465
-3486
-3437
-3317
-3128
-2872
-2555
-2183
-1762
-1301
-809
-296
226
747
1256
1742
2194
2601
2956
3250
3475
3627
3703
3699
3617
3457
3223
2920
2555
2135
1671
1173
651
118
-412
-931
-1425
-1883
-2295
-2651
-2945
-3169
-3320
-3395
-3392
-3314
-3163
-2943
-2661
-2326
-1945
-1529
-1089
-636
-181
263
689
1085
1442
1753
2011
2212
2353
2432
2450
2408
2312
2164
1973
1745
1488
1210
921
630
344
71
-180
-405
-598
-756
-876
-958
-1001
-1008
-982
-927
-847
-749
-638
-521
-405
-294
-195
-113
-51
-12
0
-12
-51
-113
-195
-294
-405
-521
-638
-749
-847
-927
-982
-1008
-1001
-958
-876
-756
-598
-405
-180
71
344
630
921
1210
1488
1745
1973
2164
2312
2408
2450
2432
2353
2212
2011
1753
1442
1085
689
263
-181
-636
-1089
-1529
-1945
-2326
-2661
-2943
-3163
-3314
-3392
-3395
-3320
-3169
-2945
-2651
-2295
-1883
-1425
-931
-412
118
651
1173
1671
2135
2555
2920
3223
3457
3617
3699
3703
3627
3475
3250
2956
2601
2194
1742
1256
747
226
-296
-809
-1301
-1762
-2183
-2555
-2872
-3128
-3317
-3437
-3486
-3465
-3374
-3217
-2998
-2723
-2397
-2028
-1626
-1197
-752
-300
149
588
1007
1399
1756
2072
2342
2561
2726
2836
2889
2887
2831
2723
2568
2370
2133
1865
1571
1258
932
601
270
-53
-365
-659
-932
-1178
-1396
-1584
-1739
-1861
-1950
-2007
-2032
-2029
-1999
-1943
-1866
-1768
-1654
-1525
-1383
-1231
-1070
-902
-729
-550
-366
-179
11
205
401
599
798
997
1194
1388
1574
1752
1917
2066
2195
2299
2374
2416
2421
2385
2305
2179
2006
1784
1515
1201
845
452
28
-419
-881
-1349
-1812
-2259
-2678
-3060
-3391
-3663
-3865
-3990
-4031
-3984
-3845
-3615
-3294
-2889
-2404
-1850
-1238
-580
107
810
1511
2193
2837
3429
3951
4389
4731
4967
5088
5091
4973
4735
4382
3922
3364
2723
2013
1252
459
-346
-1143
-1913
-2635
-3291
-3865
-4343
-4713
-4967
-5098
-5104
-4987
-4751
-4404
-3955
-3418
-2808
-2143
-1439
-717
4
707
1374
1989
2537
3006
3386
3671
3857
3943
3930
3824
3631
3360
3023
2631
2199
1740
1267
795
336
-98
-498
-856
-1165
-1422
-1623
-1770
-1863
-1906
-1904
-1863
-1790
-1692
-1576
-1450
-1320
-1192
-1071
-961
-863
-778
-707
-647
-596
-550
-504
-455
-397
-325
-236
-127
3
158
336
533
748
974
1206
1436
1655
1856
2028
2164
2255
2294
2275
2195
2050
1842
1572
1244
867
448
0
-466
-936
-1394
-1827
-2220
-2557
-2828
-3020
-3126
-3139
-3057
-2879
-2610
-2255
-1825
-1333
-792
-222
359
933
1479
1978
2411
2763
3020
3171
3209
3130
2936
2632
2226
1732
1166
547
-101
-758
-1397
-1995
-2527
-2973
-3312
-3529
-3612
-3554
-3351
-3008
-2532
-1936
-1237
-459
373
1232
2086
2903
3654
4307
4836
5216
5428
5457
5294
4936
4389
3663
2775
1749
613
-598
-1847
-3096
-4301
-5423
-6421
-7258
-7901
-8323
-8502
-8423
-8081
-7477
-6621
-5531
-4235
-2765
-1161
529
2261
3979
5633
7171
8543
9703
10612
11238
11553
11543
11201
10529
9542
8261
6720
4957
3022
967
-1148
-3266
-5324
-7262
-9022
-10553
-11807
-12746
-13340
-13570
-13425
-12908
-12031
-10816
-9298
-7517
-5523
-3373
-1126
1153
3402
5556
7555
9343
10871
12097
12987
13520
13682
13471
12898
11980
10748
9239
7498
5577
3533
1423
-690
-2751
-4700
-6487
-8064
-9392
-10439
-11181
-11606
-11708
-11495
-10979
-10184
-9140
-7884
-6457
-4905
-3276
-1619
19
1594
3063
4388
5539
6491
7226
7733
8008
8057
7889
7522
6976
6279
5459
4549
3580
2586
1596
641
-254
-1068
-1783
-2386
-2869
-3228
-3467
-3589
-3605
-3528
-3371
-3153
-2889
-2599
-2296
-1998
-1716
-1462
-1241
-1059
-916
-811
-739
-693
-663
-641
-614
-573
-505
-404
-262
-73
163
446
773
1135
1522
1923
2323
2705
3052
3348
3575
3719
3768
3709
3538
3251
2850
2340
1731
1039
280
-523
-1346
-2164
-2949
-3674
-4312
-4839
-5233
-5478
-5558
-5467
-5201
-4764
-4166
-3421
-2549
-1578
-535
545
1629
2680
3663
4543
5288
5870
6267
6461
6442
6206
5756
5104
4268
3272
2147
929
-342
-1625
-2876
-4052
-5112
-6017
-6733
-7232
-7493
-7502
-7254
-6752
-6007
-5041
-3880
-2560
-1121
389
1923
3430
4858
6160
7288
8203
8869
9260
9356
9148
8638
7835
6760
5441
3917
2232
436
-1413
-3261
-5048
-6716
-8211
-9483
-10489
-11193
-11568
-11597
-11274
-10604
-9602
-8295
-6718
-4915
-2938
-845
1302
3440
5505
7434
9169
10656
11850
12712
13216
13344
13091
12461
11472
10151
8536
6673
4615
2421
154
-2118
-4334
-6428
-8341
-10020
-11416
-12492
-13219
-13578
-13561
-13172
-12425
-11344
-9963
-8323
-6474
-4470
-2369
-231
1884
3917
5813
7522
8999
10208
11121
11718
11989
11936
11566
10898
9957
8777
7398
5862
4217
2512
795
-885
-2485
-3963
-5283
-6414
-7332
-8022
-8473
-8684
-8660
-8413
-7960
-7324
-6532
-5616
-4606
-3538
-2444
-1357
-307
678
1576
2367
3036
3572
3973
4236
4367
4373
4268
4064
3780
3434
3044
2630
2209
1797
1409
1057
750
493
291
141
42
-11
-28
-17
10
44
72
84
69
21
-68
-202
-382
-608
-876
-1179
-1509
-1856
-2208
-2551
-2871
-3155
-3388
-3558
-3653
-3663
-3582
-3404
-3128
-2755
-2290
-1740
-1116
-430
301
1062
1833
2594
3326
4008
4622
5150
5575
5885
6067
6115
6023
5790
5419
4915
4287
3547
2711
1796
822
-190
-1218
-2238
-3227
-4162
-5022
-5787
-6437
-6958
-7335
-7559
-7622
-7521
-7257
-6831
-6252
-5530
-4678
-3713
-2654
-1522
-340
866
2073
3254
4383
5435
6387
7216
7902
8429
8781
8949
8925
8706
8294
7693
6914
5969
4878
3661
2342
950
-485
-1934
-3363
-4739
-6029
-7204
-8233
-9090
-9752
-10200
-10420
-10402
-10143
-9645
-8915
-7966
-6819
-5497
-4028
-2448
-791
902
2593
4238
5798
7232
8505
9583
10436
11043
11384
11450
11237
10746
9990
8985
7755
6331
4746
3042
1260
-552
-2350
-4088
-5720
-7204
-8503
-9583
-10417
-10983
-11268
-11266
-10979
-10415
-9592
-8532
-7267
-5830
-4262
-2606
-906
790
2440
3999
5428
6689
7753
8594
9193
9541
9632
9469
9065
8434
7601
6594
5444
4190
2867
1515
173
-1121
-2334
-3435
-4396
-5196
-5818
-6253
-6497
-6551
-6423
-6127
-5681
-5105
-4426
-3669
-2865
-2040
-1223
-440
284
933
1488
1937
2274
2496
2605
2608
2514
2338
2096
1807
1490
1165
852
568
330
150
38
0
0
0
0
0
0
0
0
0
0
0
0
0
0
0
0
0
0
0
0
0
0
0
0
0
0
0
0
0
0
0
0
0
0
0
0
0
0
0
0
0
0
0
0
0
0
0
0
0
0
0
0
0
0
0
0
0
0
0
0
0
0
0
0
0
0
0
3276
3253
3182
3063
2898
2685
2425
2119
1769
1376
945
479
-14
-531
-1060
-1593
-2119
-2626
-3101
-3531
-3904
-4206
-4425
-4551
-4575
-4490
-4293
-3980
-3555
-3022
-2390
-1671
-880
-34
844
1735
2612
3452
4230
4921
5502
5954
6259
6402
6375
6173
5795
5247
4539
3687
2710
1635
488
-699
-1894
-3061
-4168
-5180
-6066
-6799
-7353
-7710
-7855
-7780
-7483
-6970
-6251
-5345
-4275
-3068
-1760
-385
1015
2403
3736
4977
6088
7035
7790
8329
8635
8698
8513
8085
7425
6551
5487
4263
2914
1479
-1
-1484
-2926
-4287
-5526
-6609
-7504
-8186
-8637
-8842
-8799
-8508
-7979
-7229
-6281
-5162
-3906
-2549
-1131
306
1723
3080
4338
5463
6426
7200
7767
8113
8232
8125
7798
7263
6539
5651
4625
3493
2288
1045
-199
-1413
-2563
-3618
-4554
-5347
-5980
-6440
-6720
-6818
-6738
-6486
-6076
-5524
-4850
-4076
-3226
-2326
-1400
-474
427
1283
2075
2784
3398
3905
4300
4578
4739
4787
4726
4566
4315
3986
3590
3142
2655
2142
1614
1085
563
59
-419
-867
-1279
-1652
-1983
-2271
-2515
-2717
-2876
-2993
-3070
-3106
-3104
-3063
-2984
-2868
-2713
-2520
-2290
-2023
-1720
-1382
-1012
-614
-191
250
704
1164
1619
2062
2483
2870
3215
3508
3738
3898
3980
3980
3893
3718
3456
3109
2684
2189
1632
1026
386
-274
-939
-1592
-2216
-2794
-3313
-3758
-4116
-4379
-4540
-4593
-4538
-4375
-4109
-3748
-3300
-2779
-2197
-1572
-918
-253
404
1040
1638
2184
2665
3072
3396
3634
3782
3840
3812
3702
3516
3265
2958
2606
2220
1813
1395
977
570
180
-184
-518
-820
-1086
-1316
-1513
-1678
-1814
-1926
-2018
-2093
-2156
-2209
-2255
-2295
-2327
-2352
-2366
-2365
-2344
-2298
-2220
-2105
-1946
-1738
-1478
-1162
-791
-366
109
629
1184
1763
2353
2939
3504
4029
4498
4891
5192
5385
5456
5394
5192
4846
4357
3729
2971
2098
1128
83
-1011
-2128
-3235
-4302
-5297
-6189
-6949
-7551
-7971
-8191
-8199
-7988
-7556
-6909
-6059
-5025
-3830
-2505
-1084
394
1891
3363
4769
6067
7217
8186
8943
9462
9726
9724
9453
8917
8129
7109
5884
4488
2960
1344
-315
-1968
-3569
-5069
-6425
-7597
-8550
-9257
-9696
-9855
-9729
-9321
-8646
-7724
-6582
-5256
-3786
-2217
-596
1026
2602
4085
5429
6595
7549
8262
8715
8897
8804
8441
7822
6968
5910
4681
3322
1877
392
-1084
-2506
-3829
-5011
-6017
-6815
-7382
-7702
-7767
-7576
-7139
-6471
-5597
-4545
-3352
-2058
-704
662
1999
3262
4411
5408
6223
6828
7206
7345
7241
6899
6329
5552
4592
3481
2254
951
-386
-1716
-2997
-4187
-5250
-6153
-6867
-7370
-7648
-7692
-7501
-7080
-6443
-5610
-4605
-3459
-2207
-886
464
1805
3098
4304
5390
6324
7080
7639
7985
8110
8012
7696
7171
6454
5566
4533
3385
2153
871
-424
-1702
-2927
-4067
-5096
-5988
-6721
-7281
-7656
-7839
-7829
-7630
-7251
-6704
-6005
-5174
-4234
-3208
-2124
-1007
116
1221
2282
3276
4184
4987
5670
6221
6632
6896
7012
6980
6804
6491
6049
5491
4828
4075
3250
2368
1447
506
-436
-1365
-2261
-3109
-3892
-4596
-5209
-5719
-6117
-6395
-6548
-6572
-6467
-6234
-5876
-5400
-4813
-4127
-3354
-2509
-1608
-669
288
1245
2181
3075
3910
4664
5322
5868
6288
6572
6712
6703
6546
6242
5797
5221
4527
3731
2852
1910
929
-68
-1057
-2013
-2912
-3733
-4456
-5063
-5539
-5873
-6060
-6095
-5981
-5722
-5327
-4811
-4188
-3478
-2702
-1883
-1045
-211
594
1351
2039
2641
3143
3533
3805
3957
3989
3907
3719
3436
3074
2650
2182
1690
1193
710
258
-144
-487
-757
-950
-1060
-1087
-1037
-915
-733
-503
-241
36
312
567
786
953
1053
1076
1013
862
621
295
-107
-576
-1096
-1649
-2213
-2766
-3285
-3747
-4130
-4411
-4574
-4603
-4487
-4221
-3802
-3235
-2529
-1699
-764
252
1322
2416
3500
4542
5506
6363
7079
7630
7992
8147
8084
7797
7288
6563
5638
4533
3276
1898
436
-1071
-2582
-4054
-5446
-6716
-7829
-8750
-9452
-9912
-10116
-10056
-9731
-9149
-8325
-7279
-6041
-4644
-3127
-1530
101
1723
3292
4765
6102
7268
8234
8976
9476
9724
9718
9462
8969
8256
7348
6275
5069
3768
2410
1033
-322
-1621
-2830
-3918
-4861
-5639
-6237
-6647
-6868
-6903
-6763
-6460
-6015
-5449
-4788
-4058
-3286
-2500
-1724
-981
-294
322
856
1297
1643
1893
2053
2130
2137
2087
1996
1882
1760
1647
1558
1505
1497
1541
1638
1787
1982
2215
2472
2739
2997
3228
3411
3527
3558
3488
3303
2994
2556
1989
1298
492
-411
-1393
-2429
-3489
-4542
-5554
-6491
-7318
-8003
-8515
-8828
-8920
-8777
-8389
-7754
-6879
-5777
-4469
-2983
-1355
375
2162
3958
5712
7373
8892
10220
11316
12141
12666
12867
12731
12253
11439
10304
8873
7179
5264
3177
973
-1288
-3547
-5741
-7809
-9691
-11336
-12694
-13726
-14402
-14699
-14607
-14127
-13270
-12057
-10521
-8702
-6651
-4424
-2080
313
2694
4995
7153
9109
10812
12214
13280
13982
14303
14237
13791
12978
11826
10371
8654
6729
4649
2476
270
-1905
-3991
-5930
-7671
-9169
-10386
-11293
-11871
-12111
-12012
-11584
-10848
-9831
-8569
-7103
-5481
-3753
-1971
-188
1543
3176
4665
5972
7063
7914
8507
8833
8892
8690
8243
7572
6707
5679
4526
3289
2008
724
-522
-1694
-2757
-3684
-4449
-5036
-5433
-5635
-5645
-5469
-5124
-4626
-4000
-3272
-2473
-1631
-780
52
836
1546
2160
2660
3032
3268
3365
3324
3153
2863
2469
1990
1447
864
265
-326
-887
-1396
-1834
-2184
-2434
-2576
-2605
-2523
-2334
-2045
-1670
-1223
-723
-189
356
894
1402
1861
2253
2564
2780
2893
2899
2796
2589
2283
1890
1423
899
337
-243
-822
-1378
-1890
-2342
-2716
-2999
-3180
-3253
-3215
-3066
-2811
-2459
-2022
-1514
-953
-358
250
851
1423
1948
2407
2784
3066
3243
3309
3262
3104
2839
2478
2031
1515
948
349
-261
-863
-1434
-1955
-2408
-2778
-3051
-3220
-3276
-3220
-3051
-2778
-2408
-1955
-1434
-863
-261
349
948
1515
2031
2478
2839
3104
3262
3309
3243
3066
2784
2407
1948
1423
851
250
-358
-953
-1514
-2022
-2459
-2811
-3066
-3215
-3253
-3180
-2999
-2716
-2342
-1890
-1378
-822
-243
337
899
1423
1890
2283
2589
2796
2899
2893
2780
2564
2253
1861
1402
894
356
-189
-723
-1223
-1670
-2045
-2334
-2523
-2605
-2576
-2434
-2184
-1834
-1396
-887
-326
265
864
1447
1990
2469
2863
3153
3324
3365
3268
3032
2660
2160
1546
836
52
-780
-1631
-2473
-3272
-4000
-4626
-5124
-5469
-5645
-5635
-5433
-5036
-4449
-3684
-2757
-1694
-522
724
2008
3289
4526
5679
6707
7572
8243
8690
8892
8833
8507
7914
7063
5972
4665
3176
1543
-188
-1971
-3753
-5481
-7103
-8569
-9831
-10848
-11584
-12012
-12111
-11871
-11293
-10386
-9169
-7671
-5930
-3991
-1905
270
2476
4649
6729
8654
10371
11826
12978
13791
14237
14303
13982
13280
12214
10812
9109
7153
4995
2694
313
-2080
-4424
-6651
-8702
-10521
-12057
-13270
-14127
-14607
-14699
-14402
-13726
-12694
-11336
-9691
-7809
-5741
-3547
-1288
973
3177
5264
7179
8873
10304
11439
12253
12731
12867
12666
12141
11316
10220
8892
7373
5712
3958
2162
375
-1355
-2983
-4469
-5777
-6879
-7754
-8389
-8777
-8920
-8828
-8515
-8003
-7318
-6491
-5554
-4542
-3489
-2429
-1393
-411
492
1298
1989
2556
2994
3303
3488
3558
3527
3411
3228
2997
2739
2472
2215
1982
1787
1638
1541
1497
1505
1558
1647
1760
1882
1996
2087
2137
2130
2053
1893
1643
1297
856
322
-294
-981
-1724
-2500
-3286
-4058
-4788
-5449
-6015
-6460
-6763
-6903
-6868
-6647
-6237
-5639
-4861
-3918
-2830
-1621
-322
1033
2410
3768
5069
6275
7348
8256
8969
9462
9718
9724
9476
8976
8234
7268
6102
4765
3292
1723
101
-1530
-3127
-4644
-6041
-7279
-8325
-9149
-9731
-10056
-10116
-9912
-9452
-8750
-7829
-6716
-5446
-4054
-2582
-1071
436
1898
3276
4533
5638
6563
7288
7797
8084
8147
7992
7630
7079
6363
5506
4542
3500
2416
1322
252
-764
-1699
-2529
-3235
-3802
-4221
-4487
-4603
-4574
-4411
-4130
-3747
-3285
-2766
-2213
-1649
-1096
-576
-107
295
621
862
1013
1076
1053
953
786
567
312
36
-241
-503
-733
-915
-1037
-1087
-1060
-950
-757
-487
-144
258
710
1193
1690
2182
2650
3074
3436
3719
3907
3989
3957
3805
3533
3143
2641
2039
1351
594
-211
-1045
-1883
-2702
-3478
-4188
-4811
-5327
-5722
-5981
-6095
-6060
-5873
-5539
-5063
-4456
-3733
-2912
-2013
-1057
-68
929
1910
2852
3731
4527
5221
5797
6242
6546
6703
6712
6572
6288
5868
5322
4664
3910
3075
2181
1245
288
-669
-1608
-2509
-3354
-4127
-4813
-5400
-5876
-6234
-6467
-6572
-6548
-6395
-6117
-5719
-5209
-4596
-3892
-3109
-2261
-1365
-436
506
1447
2368
3250
4075
4828
5491
6049
6491
6804
6980
7012
6896
6632
6221
5670
4987
4184
3276
2282
1221
116
-1007
-2124
-3208
-4234
-5174
-6005
-6704
-7251
-7630
-7829
-7839
-7656
-7281
-6721
-5988
-5096
-4067
-2927
-1702
-424
871
2153
3385
4533
5566
6454
7171
7696
8012
8110
7985
7639
7080
6324
5390
4304
3098
1805
464
-886
-2207
-3459
-4605
-5610
-6443
-7080
-7501
-7692
-7648
-7370
-6867
-6153
-5250
-4187
-2997
-1716
-386
951
2254
3481
4592
5552
6329
6899
7241
7345
7206
6828
6223
5408
4411
3262
1999
662
-704
-2058
-3352
-4545
-5597
-6471
-7139
-7576
-7767
-7702
-7382
-6815
-6017
-5011
-3829
-2506
-1084
392
1877
3322
4681
5910
6968
7822
8441
8804
8897
8715
8262
7549
6595
5429
4085
2602
1026
-596
-2217
-3786
-5256
-6582
-7724
-8646
-9321
-9729
-9855
-9696
-9257
-8550
-7597
-6425
-5069
-3569
-1968
-315
1344
2960
4488
5884
7109
8129
8917
9453
9724
9726
9462
8943
8186
7217
6067
4769
3363
1891
394
-1084
-2505
-3830
-5025
-6059
-6909
-7556
-7988
-8199
-8191
-7971
-7551
-6949
-6189
-5297
-4302
-3235
-2128
-1011
83
1128
2098
2971
3729
4357
4846
5192
5394
5456
5385
5192
4891
4498
4029
3504
2939
2353
1763
1184
629
109
-366
-791
-1162
-1478
-1738
-1946
-2105
-2220
-2298
-2344
-2365
-2366
-2352
-2327
-2295
-2255
-2209
-2156
-2093
-2018
-1926
-1814
-1678
-1513
-1316
-1086
-820
-518
-184
180
570
977
1395
1813
2220
2606
2958
3265
3516
3702
3812
3840
3782
3634
3396
3072
2665
2184
1638
1040
404
-253
-918
-1572
-2197
-2779
-3300
-3748
-4109
-4375
-4538
-4593
-4540
-4379
-4116
-3758
-3313
-2794
-2216
-1592
-939
-274
386
1026
1632
2189
2684
3109
3456
3718
3893
3980
3980
3898
3738
3508
3215
2870
2483
2062
1619
1164
704
250
-191
-614
-1012
-1382
-1720
-2023
-2290
-2520
-2713
-2868
-2984
-3063
-3104
-3106
-3070
-2993
-2876
-2717
-2515
-2271
-1983
-1652
-1279
-867
-419
59
563
1085
1614
2142
2655
3142
3590
3986
4315
4566
4726
4787
4739
4578
4300
3905
3398
2784
2075
1283
427
-474
-1400
-2326
-3226
-4076
-4850
-5524
-6076
-6486
-6738
-6818
-6720
-6440
-5980
-5347
-4554
-3618
-2563
-1413
-199
1045
2288
3493
4625
5651
6539
7263
7798
8125
8232
8113
7767
7200
6426
5463
4338
3080
1723
306
-1131
-2549
-3906
-5162
-6281
-7229
-7979
-8508
-8799
-8842
-8637
-8186
-7504
-6609
-5526
-4287
-2926
-1484
-1
1479
2914
4263
5487
6551
7425
8085
8513
8698
8635
8329
7790
7035
6088
4977
3736
2403
1015
-385
-1760
-3068
-4275
-5345
-6251
-6970
-7483
-7780
-7855
-7710
-7353
-6799
-6066
-5180
-4168
-3061
-1894
-699
488
1635
2710
3687
4539
5247
5795
6173
6375
6402
6259
5954
5502
4921
4230
3452
2612
1735
844
-34
-880
-1671
-2390
-3022
-3555
-3980
-4293
-4490
-4575
-4551
-4425
-4206
-3904
-3531
-3101
-2626
-2119
-1593
-1060
-531
-14
479
945
1376
1769
2119
2425
2685
2898
3063
3182
3253
0
0
0
0
0
0
0
0
0
0
0
0
0
0
0
0
0
0
0
0
0
0
0
0
0
0
0
0
0
0
0
0
0
0
0
0
0
0
0
0
0
0
0
0
0
0
0
0
0
0
0
0
0
0
0
0
0
0
0
0
0
0
0
0
0
0
0
6553
6471
6229
5832
5290
4619
3835
2959
2013
1022
11
-993
-1967
-2885
-3726
-4468
-5095
-5592
-5948
-6157
-6214
-6122
-5884
-5508
-5007
-4394
-3687
-2904
-2065
-1192
-305
572
1421
2223
2960
3616
4179
4639
4988
5221
5336
5335
5220
4998
4676
4264
3773
3215
2604
1953
1276
586
-102
-777
-1427
-2041
-2608
-3121
-3572
-3954
-4263
-4494
-4645
-4714
-4701
-4606
-4431
-4178
-3851
-3453
-2991
-2470
-1898
-1283
-634
38
724
1413
2092
2748
3369
3942
4454
4893
5248
5507
5663
5707
5634
5442
5128
4695
4148
3495
2745
1912
1012
63
-915
-1901
-2872
-3804
-4675
-5461
-6141
-6696
-7107
-7363
-7450
-7364
-7101
-6663
-6057
-5294
-4389
-3361
-2233
-1031
215
1478
2723
3921
5040
6051
6927
7644
8182
8525
8662
8587
8301
7809
7121
6254
5228
4069
2805
1468
92
-1287
-2636
-3921
-5107
-6166
-7071
-7799
-8332
-8657
-8768
-8662
-8344
-7824
-7117
-6241
-5222
-4087
-2864
-1588
-290
995
2238
3405
4471
5409
6198
6823
7270
7533
7609
7501
7217
6769
6171
5444
4609
3691
2714
1704
689
-308
-1263
-2155
-2965
-3675
-4275
-4754
-5107
-5331
-5429
-5403
-5262
-5016
-4676
-4255
-3768
-3230
-2657
-2063
-1463
-870
-295
249
758
1222
1637
2000
2309
2565
2768
2921
3026
3087
3108
3092
3042
2962
2854
2720
2562
2381
2177
1950
1701
1429
1133
815
476
117
-259
-649
-1049
-1453
-1854
-2245
-2617
-2961
-3269
-3532
-3739
-3882
-3955
-3950
-3863
-3691
-3432
-3089
-2664
-2164
-1597
-973
-306
390
1101
1807
2493
3140
3731
4249
4678
5007
5223
5318
5287
5127
4840
4430
3905
3276
2558
1767
923
45
-842
-1717
-2559
-3343
-4050
-4660
-5157
-5527
-5759
-5847
-5788
-5582
-5235
-4754
-4152
-3445
-2650
-1789
-885
39
960
1853
2693
3460
4133
4695
5131
5431
5587
5597
5460
5181
4769
4236
3597
2871
2076
1236
373
-488
-1326
-2117
-2842
-3479
-4015
-4434
-4728
-4889
-4915
-4806
-4568
-4209
-3740
-3176
-2533
-1831
-1090
-331
423
1154
1840
2463
3005
3452
3794
4022
4132
4120
3991
3748
3401
2961
2442
1861
1234
580
-79
-726
-1343
-1910
-2412
-2834
-3166
-3398
-3525
-3543
-3454
-3262
-2973
-2596
-2145
-1633
-1077
-494
98
682
1239
1753
2209
2592
2891
3099
3209
3218
3127
2939
2661
2302
1873
1389
864
316
-239
-783
-1299
-1771
-2185
-2528
-2788
-2959
-3036
-3016
-2901
-2694
-2403
-2038
-1611
-1135
-626
-101
421
927
1398
1820
2179
2464
2664
2775
2794
2719
2555
2306
1982
1595
1158
685
194
-298
-776
-1222
-1620
-1957
-2222
-2404
-2498
-2500
-2411
-2233
-1973
-1640
-1247
-807
-336
147
627
1085
1503
1866
2160
2373
2495
2522
2451
2283
2022
1677
1260
783
264
-278
-825
-1356
-1851
-2292
-2660
-2940
-3120
-3191
-3147
-2986
-2711
-2329
-1850
-1289
-663
8
702
1395
2064
2684
3233
3690
4036
4259
4345
4289
4090
3750
3276
2682
1984
1204
363
-509
-1387
-2242
-3044
-3767
-4386
-4879
-5226
-5415
-5436
-5286
-4967
-4487
-3857
-3098
-2230
-1281
-280
741
1750
2715
3604
4387
5039
5537
5864
6008
5963
5729
5313
4727
3989
3123
2155
1118
44
-1029
-2070
-3042
-3913
-4655
-5242
-5656
-5881
-5910
-5743
-5384
-4846
-4147
-3310
-2364
-1341
-277
791
1829
2799
3667
4404
4982
5382
5590
5596
5400
5009
4435
3698
2823
1841
786
-304
-1392
-2438
-3404
-4254
-4958
-5487
-5822
-5946
-5854
-5546
-5028
-4317
-3435
-2410
-1275
-70
1164
2386
3552
4620
5553
6314
6874
7211
7309
7159
6762
6126
5269
4215
2995
1647
213
-1260
-2727
-4138
-5447
-6610
-7585
-8340
-8846
-9084
-9042
-8717
-8116
-7254
-6155
-4851
-3381
-1787
-120
1571
3233
4816
6269
7548
8612
9427
9969
10218
10168
9819
9181
8273
7124
5767
4245
2603
891
-838
-2535
-4147
-5627
-6933
-8026
-8877
-9462
-9768
-9789
-9530
-9001
-8224
-7227
-6042
-4711
-3276
-1783
-278
1192
2585
3859
4980
5918
6649
7159
7438
7487
7313
6930
6360
5628
4765
3806
2787
1744
716
-265
-1167
-1962
-2630
-3152
-3518
-3725
-3775
-3676
-3443
-3093
-2650
-2141
-1592
-1032
-490
6
436
777
1014
1136
1137
1019
787
453
34
-448
-971
-1508
-2029
-2506
-2912
-3221
-3411
-3465
-3368
-3115
-2703
-2139
-1433
-604
324
1324
2363
3407
4416
5356
6188
6878
7396
7716
7816
7684
7313
6704
5867
4818
3582
2190
678
-910
-2530
-4135
-5675
-7103
-8374
-9447
-10285
-10858
-11144
-11128
-10807
-10182
-9267
-8084
-6662
-5038
-3256
-1364
585
2539
4442
6241
7884
9327
10528
11454
12078
12384
12363
12015
11353
10394
9167
7706
6053
4253
2358
418
-1511
-3381
-5141
-6744
-8151
-9327
-10243
-10881
-11229
-11283
-11047
-10536
-9768
-8770
-7575
-6219
-4743
-3188
-1599
-18
1513
2957
4278
5447
6439
7234
7820
8189
8343
8285
8028
7587
6981
6236
5376
4431
3428
2397
1364
358
-599
-1487
-2286
-2983
-3568
-4033
-4376
-4597
-4699
-4690
-4578
-4375
-4092
-3743
-3341
-2902
-2437
-1961
-1483
-1016
-568
-147
241
592
903
1171
1396
1579
1719
1819
1880
1905
1897
1857
1790
1697
1581
1446
1294
1127
950
765
577
389
205
29
-132
-278
-402
-501
-571
-610
-615
-586
-523
-427
-301
-150
20
203
392
577
749
897
1012
1085
1107
1071
972
806
572
272
-89
-505
-966
-1459
-1968
-2477
-2966
-3417
-3808
-4121
-4336
-4437
-4410
-4244
-3932
-3470
-2862
-2114
-1239
-255
817
1950
3114
4275
5399
6448
7386
8179
8794
9201
9377
9303
8968
8366
7501
6385
5036
3483
1759
-93
-2029
-3995
-5939
-7804
-9534
-11076
-12379
-13398
-14095
-14439
-14408
-13991
-13187
-12007
-10472
-8615
-6476
-4109
-1571
1071
3749
6389
8919
11267
13366
15152
16573
17582
18145
18240
17857
17000
15684
13940
11810
9347
6614
3682
629
-2464
-5516
-8442
-11163
-13606
-15704
-17398
-18643
-19404
-19660
-19404
-18643
-17398
-15704
-13606
-11163
-8442
-5516
-2464
629
3682
6614
9347
11810
13940
15684
17000
17857
18240
18145
17582
16573
15152
13366
11267
8919
6389
3749
1071
-1571
-4109
-6476
-8615
-10472
-12007
-13187
-13991
-14408
-14439
-14095
-13398
-12379
-11076
-9534
-7804
-5939
-3995
-2029
-93
1759
3483
5036
6385
7501
8366
8968
9303
9377
9201
8794
8179
7386
6448
5399
4275
3114
1950
817
-255
-1239
-2114
-2862
-3470
-3932
-4244
-4410
-4437
-4336
-4121
-3808
-3417
-2966
-2477
-1968
-1459
-966
-505
-89
272
572
806
972
1071
1107
1085
1012
897
749
577
392
203
20
-150
-301
-427
-523
-586
-615
-610
-571
-501
-402
-278
-132
29
205
389
577
765
950
1127
1294
1446
1581
1697
1790
1857
1897
1905
1880
1819
1719
1579
1396
1171
903
592
241
-147
-568
-1016
-1483
-1961
-2437
-2902
-3341
-3743
-4092
-4375
-4578
-4690
-4699
-4597
-4376
-4033
-3568
-2983
-2286
-1487
-599
358
1364
2397
3428
4431
5376
6236
6981
7587
8028
8285
8343
8189
7820
7234
6439
5447
4278
2957
1513
-18
-1599
-3188
-4743
-6219
-7575
-8770
-9768
-10536
-11047
-11283
-11229
-10881
-10243
-9327
-8151
-6744
-5141
-3381
-1511
418
2358
4253
6053
7706
9167
10394
11353
12015
12363
12384
12078
11454
10528
9327
7884
6241
4442
2539
585
-1364
-3256
-5038
-6662
-8084
-9267
-10182
-10807
-11128
-11144
-10858
-10285
-9447
-8374
-7103
-5675
-4135
-2530
-910
678
2190
3582
4818
5867
6704
7313
7684
7816
7716
7396
6878
6188
5356
4416
3407
2363
1324
324
-604
-1433
-2139
-2703
-3115
-3368
-3465
-3411
-3221
-2912
-2506
-2029
-1508
-971
-448
34
453
787
1019
1137
1136
1014
777
436
6
-490
-1032
-1592
-2141
-2650
-3093
-3443
-3676
-3775
-3725
-3518
-3152
-2630
-1962
-1167
-265
716
1744
2787
3806
4765
5628
6360
6930
7313
7487
7438
7159
6649
5918
4980
3859
2585
1192
-278
-1783
-3276
-4711
-6042
-7227
-8224
-9001
-9530
-9789
-9768
-9462
-8877
-8026
-6933
-5627
-4147
-2535
-838
891
2603
4245
5767
7124
8273
9181
9819
10168
10218
9969
9427
8612
7548
6269
4816
3233
1571
-120
-1787
-3381
-4851
-6155
-7254
-8116
-8717
-9042
-9084
-8846
-8340
-7585
-6610
-5447
-4138
-2727
-1260
213
1647
2995
4215
5269
6126
6762
7159
7309
7211
6874
6314
5553
4620
3552
2386
1164
-70
-1275
-2410
-3435
-4317
-5028
-5546
-5854
-5946
-5822
-5487
-4958
-4254
-3404
-2438
-1392
-304
786
1841
2823
3698
4435
5009
5400
5596
5590
5382
4982
4404
3667
2799
1829
791
-277
-1341
-2364
-3310
-4147
-4846
-5384
-5743
-5910
-5881
-5656
-5242
-4655
-3913
-3042
-2070
-1029
44
1118
2155
3123
3989
4727
5313
5729
5963
6008
5864
5537
5039
4387
3604
2715
1750
741
-280
-1281
-2230
-3098
-3857
-4487
-4967
-5286
-5436
-5415
-5226
-4879
-4386
-3767
-3044
-2242
-1387
-509
363
1204
1984
2682
3276
3750
4090
4289
4345
4259
4036
3690
3233
2684
2064
1395
702
8
-663
-1289
-1850
-2329
-2711
-2986
-3147
-3191
-3120
-2940
-2660
-2292
-1851
-1356
-825
-278
264
783
1260
1677
2022
2283
2451
2522
2495
2373
2160
1866
1503
1085
627
147
-336
-807
-1247
-1640
-1973
-2233
-2411
-2500
-2498
-2404
-2222
-1957
-1620
-1222
-776
-298
194
685
1158
1595
1982
2306
2555
2719
2794
2775
2664
2464
2179
1820
1398
927
421
-101
-626
-1135
-1611
-2038
-2403
-2694
-2901
-3016
-3036
-2959
-2788
-2528
-2185
-1771
-1299
-783
-239
316
864
1389
1873
2302
2661
2939
3127
3218
3209
3099
2891
2592
2209
1753
1239
682
98
-494
-1077
-1633
-2145
-2596
-2973
-3262
-3454
-3543
-3525
-3398
-3166
-2834
-2412
-1910
-1343
-726
-79
580
1234
1861
2442
2961
3401
3748
3991
4120
4132
4022
3794
3452
3005
2463
1840
1154
423
-331
-1090
-1831
-2533
-3176
-3740
-4209
-4568
-4806
-4915
-4889
-4728
-4434
-4015
-3479
-2842
-2117
-1326
-488
373
1236
2076
2871
3597
4236
4769
5181
5460
5597
5587
5431
5131
4695
4133
3460
2693
1853
960
39
-885
-1789
-2650
-3445
-4152
-4754
-5235
-5582
-5788
-5847
-5759
-5527
-5157
-4660
-4050
-3343
-2559
-1717
-842
45
923
1767
2558
3276
3905
4430
4840
5127
5287
5318
5223
5007
4678
4249
3731
3140
2493
1807
1101
390
-306
-973
-1597
-2164
-2664
-3089
-3432
-3691
-3863
-3950
-3955
-3882
-3739
-3532
-3269
-2961
-2617
-2245
-1854
-1453
-1049
-649
-259
117
476
815
1133
1429
1701
1950
2177
2381
2562
2720
2854
2962
3042
3092
3108
3087
3026
2921
2768
2565
2309
2000
1637
1222
758
249
-295
-870
-1463
-2063
-2657
-3230
-3768
-4255
-4676
-5016
-5262
-5403
-5429
-5331
-5107
-4754
-4275
-3675
-2965
-2155
-1263
-308
689
1704
2714
3691
4609
5444
6171
6769
7217
7501
7609
7533
7270
6823
6198
5409
4471
3405
2238
995
-290
-1588
-2864
-4087
-5222
-6241
-7117
-7824
-8344
-8662
-8768
-8657
-8332
-7799
-7071
-6166
-5107
-3921
-2636
-1287
92
1468
2805
4069
5228
6254
7121
7809
8301
8587
8662
8525
8182
7644
6927
6051
5040
3921
2723
1478
215
-1031
-2233
-3361
-4389
-5294
-6057
-6663
-7101
-7364
-7450
-7363
-7107
-6696
-6141
-5461
-4675
-3804
-2872
-1901
-915
63
1012
1912
2745
3495
4148
4695
5128
5442
5634
5707
5663
5507
5248
4893
4454
3942
3369
2748
2092
1413
724
38
-634
-1283
-1898
-2470
-2991
-3453
-3851
-4178
-4431
-4606
-4701
-4714
-4645
-4494
-4263
-3954
-3572
-3121
-2608
-2041
-1427
-777
-102
586
1276
1953
2604
3215
3773
4264
4676
4998
5220
5335
5336
5221
4988
4639
4179
3616
2960
2223
1421
572
-305
-1192
-2065
-2904
-3687
-4394
-5007
-5508
-5884
-6122
-6214
-6157
-5948
-5592
-5095
-4468
-3726
-2885
-1967
-993
11
1022
2013
2959
3835
4619
5290
5832
6229
6471
0
0
0
0
0
0
0
0
0
0
0
0
0
0
0
0
0
0
0
0
0
0
0
0
0
0
0
0
0
0
0
0
0
0
0
0
0
0
0
0
0
0
0
0
0
0
0
0
0
0
0
0
0
0
0
0
0
0
0
0
0
0
0
0
0
0
0
