17269
10860
2323
-6503
-13675
-17624
-17552
-13646
-7044
438
6748
10116
9502
4874
-2766
-11612
-19489
-24393
-24992
-20975
-13146
-3247
6453
13713
16874
15271
9419
894
-8039
-14981
-17991
-16075
-9452
484
11483
20977
26708
27284
22529
13547
2464
-8071
-15531
-18124
-15240
-7608
2863
13539
21694
25174
22923
15258
3804
-8879
-19903
-26744
-27847
-23008
-13430
-1444
10040
18230
21115
17953
9452
-2389
-14751
-24660
-29696
-28562
-21402
-9768
3740
16081
24488
27110
23450
14470
2370
-9933
-19489
-23995
-22337
-14836
-3174
10002
21698
29260
30980
26482
16796
4110
-8737
-18907
-24204
-23562
-17269
-6882
5141
16010
23227
25144
21317
12579
836
-11371
-21439
-27272
-27724
-22829
-13764
-2566
8328
16611
20598
19566
13876
4870
-5444
-14830
-21300
-23513
-21037
-14409
-4991
5321
14505
20812
23111
21086
15278
6950
-2178
-10279
-15767
-17601
-15467
-9822
-1797
7032
14943
20394
22308
20275
14624
6366
-2997
-11743
-18255
-21326
-20385
-15618
-7946
1143
9863
16470
19603
18552
13416
5102
-4831
-14468
-21899
-25605
-24765
-19436
-10561
202
10793
19159
23661
23411
18457
9790
-852
-11321
-19489
-23676
-22989
-17506
-8259
2970
14002
22701
27390
27185
22159
13316
2383
-8538
-17386
-22537
-23111
-19117
-11435
-1619
8414
16757
21866
22839
19557
12675
3479
-6373
-15156
-21389
-24077
-22861
-18059
-10579
-1745
6935
14023
18380
19340
16806
11247
3621
-4785
-12557
-18379
-21238
-20593
-16466
-9452
-634
8577
16669
22278
24419
22671
17266
9070
-547
-9934
-17446
-21735
-21998
-18136
-10784
-1216
8878
17691
23626
25585
23172
16768
7458
-3158
-13264
-21146
-25502
-25659
-21680
-14337
-4956
4831
13373
19282
21658
20214
15302
7819
-962
-9610
-16770
-21364
-22742
-20752
-15744
-8489
-60
8328
15489
20425
22454
21302
17139
10562
2517
-5819
-13200
-18490
-20833
-19793
-15444
-8376
370
9452
17427
22985
25167
23534
18256
10098
306
-9595
-18051
-23738
-25781
-23899
-18445
-10342
-916
8328
15950
20809
22233
20100
14836
7317
-1280
-9676
-16676
-21335
-23071
-21720
-17531
-11107
-3316
4831
12303
18167
21692
22436
20294
15522
8715
749
-7315
-14367
-19391
-21614
-20635
-16499
-9718
-1216
7793
15984
22118
25243
24846
20941
14071
5225
-4317
-13185
-20136
-24233
-24981
-22385
-16923
-9452
-1064
7079
13917
18615
20664
19908
16541
11055
4160
-3299
-10441
-16433
-20571
-22346
-21500
-18059
-12350
-4978
3219
11256
18121
22898
24907
23810
19683
13021
4692
-4186
-12397
-18810
-22546
-23111
-20461
-15010
-7549
873
9116
16108
20992
23227
22631
19380
13947
7025
-575
-8021
-14540
-19489
-22393
-22979
-21192
-17198
-11380
-4318
3252
10500
16581
20738
22403
21287
17441
11278
3530
-4831
-12726
-19119
-23164
-24330
-22475
-17858
-11093
-3053
5263
12871
18928
22826
24245
23158
19803
14624
8203
1193
-5740
-11965
-16925
-20162
-21356
-20348
-17173
-12078
-5526
1827
9185
15695
20553
23111
22980
20099
14756
7561
-632
-8844
-16108
-21593
-24718
-25209
-23119
-18786
-12774
-5772
1491
8328
14156
18525
21131
21815
20554
17456
12759
6829
157
-6661
-12962
-18074
-21393
-22467
-21073
-17269
-11407
-4108
3815
11459
17953
22575
24845
24580
21894
17166
10967
3970
-3141
-9741
-15316
-19489
-22014
-22770
-21741
-19008
-14749
-9242
-2876
3856
10372
16048
20279
22562
22571
20219
15695
9452
2160
-5382
-12349
-18005
-21791
-23390
-22743
-20034
-15633
-10027
-3752
2675
8791
14203
18591
21694
23307
23278
21529
18082
13090
6866
-124
-7279
-13920
-19371
-23050
-24552
-23716
-20646
-15704
-9452
-2566
4252
10371
15295
18702
20448
20539
19094
16300
12377
7562
2112
-3683
-9486
-14901
-19489
-22805
-24451
-24142
-21768
-17438
-11484
-4439
3027
10196
16398
21097
23949
24833
23833
21195
17269
12441
7082
1521
-3964
-9127
-13732
-17535
-20273
-21685
-21548
-19726
-16225
-11226
-5098
1631
8328
14339
19077
22108
23198
22340
19731
15719
10741
5241
-379
-5798
-10778
-15145
-18756
-21466
-23111
-23512
-22505
-19986
-15959
-10586
-4196
2727
9595
15790
20750
24052
25465
24976
22770
19180
14624
9523
4248
-917
-5776
-10197
-14077
-17297
-19700
-21088
-21249
-20007
-17276
-13115
-7755
-1596
4831
10938
16157
20031
22272
22793
21697
19237
15748
11578
7027
2319
-2403
-7049
-11537
-15747
-19489
-22499
-24467
-25085
-24121
-21478
-17245
-11701
-5294
1425
7882
13568
18106
21295
23105
23647
23111
21701
19579
16838
13498
9548
4992
-89
-5505
-10937
-15966
-20131
-23004
-24269
-23789
-21632
-18059
-13479
-8369
-3188
1692
6031
9732
12810
15333
17361
18889
19825
19992
19174
17181
13920
9452
4016
-1983
-8031
-13586
-18168
-21437
-23239
-23614
-22759
-20961
-18517
-15660
-12521
-9114
-5374
-1216
3394
8381
13521
18461
22755
25952
27680
27728
26088
22961
18716
13812
8707
3772
-764
-4831
-8490
-11867
-15078
-18157
-21005
-23396
-25007
-25498
-24600
-22191
-18354
-13373
-7699
-1865
3613
8328
12050
14744
16547
17693
18431
18934
19241
19243
18710
17367
14982
11457
6883
1553
-4073
-9452
-14062
-17506
-19582
-20313
-19919
-18745
-17163
-15467
-13805
-12147
-10313
-8037
-5073
-1287
3267
8328
13456
18116
21785
24065
24768
23951
21896
19028
15815
12647
9751
7146
4666
2023
-1077
-4831
-9250
-14115
-19011
-23395
-26721
-28561
-28704
-27204
-24367
-20675
-16664
-12802
-9378
-6445
-3833
-1216
1772
5409
9781
14721
19828
24540
28256
30482
30944
29657
26921
23245
19226
15398
12111
9452
7239
5094
2565
-728
-4965
-10045
-15584
-20986
-25578
-28767
-30179
-29755
-27760
-24720
-21282
-18059
-15470
-13644
-12393
-11282
-9753
-7294
-3603
1312
7104
13150
18690
23005
25590
26278
25276
23111
20490
18120
16519
15885
16045
16506
16589
15621
13129
8982
3453
-2828
-9013
-14239
-17836
-19489
-19316
-17833
-15814
-14091
-13329
-13846
-15527
-17844
-19995
-21112
-20496
-17815
-13207
-7266
-912
4831
9088
11343
11577
10263
8243
6510
5936
7044
9852
13860
18163
21681
23433
22803
19704
14624
8515
2563
-2101
-4690
-4961
-3277
-517
2150
3571
2915
-95
-5096
-11155
-16996
-21313
-23111
-21957
-18111
-12473
-6364
-1202
1858
2218
0
-3978
-8403
-11804
-12923
-11061
-6263
661
8328
15110
19547
20709
18446
13439
7038
933
-3268
-4451
-2288
2670
9109
15281
19436
20270
-17269
-10860
-2323
6503
13675
17624
17552
13646
7044
-438
-6748
-10116
-9502
-4874
2766
11612
19489
24393
24992
20975
13146
3247
-6453
-13713
-16874
-15271
-9419
-894
8039
14981
17991
16075
9452
-484
-11483
-20977
-26708
-27284
-22529
-13547
-2464
8071
15531
18124
15240
7608
-2863
-13539
-21694
-25174
-22923
-15258
-3804
8879
19903
26744
27847
23008
13430
1444
-10040
-18230
-21115
-17953
-9452
2389
14751
24660
29696
28562
21402
9768
-3740
-16081
-24488
-27110
-23450
-14470
-2370
9933
19489
23995
22337
14836
3174
-10002
-21698
-29260
-30980
-26482
-16796
-4110
8737
18907
24204
23562
17269
6882
-5141
-16010
-23227
-25144
-21317
-12579
-836
11371
21439
27272
27724
22829
13764
2566
-8328
-16611
-20598
-19566
-13876
-4870
5444
14830
21300
23513
21037
14409
4991
-5321
-14505
-20812
-23111
-21086
-15278
-6950
2178
10279
15767
17601
15467
9822
1797
-7032
-14943
-20394
-22308
-20275
-14624
-6366
2997
11743
18255
21326
20385
15618
7946
-1143
-9863
-16470
-19603
-18552
-13416
-5102
4831
14468
21899
25605
24765
19436
10561
-202
-10793
-19159
-23661
-23411
-18457
-9790
852
11321
19489
23676
22989
17506
8259
-2970
-14002
-22701
-27390
-27185
-22159
-13316
-2383
8538
17386
22537
23111
19117
11435
1619
-8414
-16757
-21866
-22839
-19557
-12675
-3479
6373
15156
21389
24077
22861
18059
10579
1745
-6935
-14023
-18380
-19340
-16806
-11247
-3621
4785
12557
18379
21238
20593
16466
9452
634
-8577
-16669
-22278
-24419
-22671
-17266
-9070
547
9934
17446
21735
21998
18136
10784
1216
-8878
-17691
-23626
-25585
-23172
-16768
-7458
3158
13264
21146
25502
25659
21680
14337
4956
-4831
-13373
-19282
-21658
-20214
-15302
-7819
962
9610
16770
21364
22742
20752
15744
8489
60
-8328
-15489
-20425
-22454
-21302
-17139
-10562
-2517
5819
13200
18490
20833
19793
15444
8376
-370
-9452
-17427
-22985
-25167
-23534
-18256
-10098
-306
9595
18051
23738
25781
23899
18445
10342
916
-8328
-15950
-20809
-22233
-20100
-14836
-7317
1280
9676
16676
21335
23071
21720
17531
11107
3316
-4831
-12303
-18167
-21692
-22436
-20294
-15522
-8715
-749
7315
14367
19391
21614
20635
16499
9718
1216
-7793
-15984
-22118
-25243
-24846
-20941
-14071
-5225
4317
13185
20136
24233
24981
22385
16923
9452
1064
-7079
-13917
-18615
-20664
-19908
-16541
-11055
-4160
3299
10441
16433
20571
22346
21500
18059
12350
4978
-3219
-11256
-18121
-22898
-24907
-23810
-19683
-13021
-4692
4186
12397
18810
22546
23111
20461
15010
7549
-873
-9116
-16108
-20992
-23227
-22631
-19380
-13947
-7025
575
8021
14540
19489
22393
22979
21192
17198
11380
4318
-3252
-10500
-16581
-20738
-22403
-21287
-17441
-11278
-3530
4831
12726
19119
23164
24330
22475
17858
11093
3053
-5263
-12871
-18928
-22826
-24245
-23158
-19803
-14624
-8203
-1193
5740
11965
16925
20162
21356
20348
17173
12078
5526
-1827
-9185
-15695
-20553
-23111
-22980
-20099
-14756
-7561
632
8844
16108
21593
24718
25209
23119
18786
12774
5772
-1491
-8328
-14156
-18525
-21131
-21815
-20554
-17456
-12759
-6829
-157
6661
12962
18074
21393
22467
21073
17269
11407
4108
-3815
-11459
-17953
-22575
-24845
-24580
-21894
-17166
-10967
-3970
3141
9741
15316
19489
22014
22770
21741
19008
14749
9242
2876
-3856
-10372
-16048
-20279
-22562
-22571
-20219
-15695
-9452
-2160
5382
12349
18005
21791
23390
22743
20034
15633
10027
3752
-2675
-8791
-14203
-18591
-21694
-23307
-23278
-21529
-18082
-13090
-6866
124
7279
13920
19371
23050
24552
23716
20646
15704
9452
2566
-4252
-10371
-15295
-18702
-20448
-20539
-19094
-16300
-12377
-7562
-2112
3683
9486
14901
19489
22805
24451
24142
21768
17438
11484
4439
-3027
-10196
-16398
-21097
-23949
-24833
-23833
-21195
-17269
-12441
-7082
-1521
3964
9127
13732
17535
20273
21685
21548
19726
16225
11226
5098
-1631
-8328
-14339
-19077
-22108
-23198
-22340
-19731
-15719
-10741
-5241
379
5798
10778
15145
18756
21466
23111
23512
22505
19986
15959
10586
4196
-2727
-9595
-15790
-20750
-24052
-25465
-24976
-22770
-19180
-14624
-9523
-4248
917
5776
10197
14077
17297
19700
21088
21249
20007
17276
13115
7755
1596
-4831
-10938
-16157
-20031
-22272
-22793
-21697
-19237
-15748
-11578
-7027
-2319
2403
7049
11537
15747
19489
22499
24467
25085
24121
21478
17245
11701
5294
-1425
-7882
-13568
-18106
-21295
-23105
-23647
-23111
-21701
-19579
-16838
-13498
-9548
-4992
89
5505
10937
15966
20131
23004
24269
23789
21632
18059
13479
8369
3188
-1692
-6031
-9732
-12810
-15333
-17361
-18889
-19825
-19992
-19174
-17181
-13920
-9452
-4016
1983
8031
13586
18168
21437
23239
23614
22759
20961
18517
15660
12521
9114
5374
1216
-3394
-8381
-13521
-18461
-22755
-25952
-27680
-27728
-26088
-22961
-18716
-13812
-8707
-3772
764
4831
8490
11867
15078
18157
21005
23396
25007
25498
24600
22191
18354
13373
7699
1865
-3613
-8328
-12050
-14744
-16547
-17693
-18431
-18934
-19241
-19243
-18710
-17367
-14982
-11457
-6883
-1553
4073
9452
14062
17506
19582
20313
19919
18745
17163
15467
13805
12147
10313
8037
5073
1287
-3267
-8328
-13456
-18116
-21785
-24065
-24768
-23951
-21896
-19028
-15815
-12647
-9751
-7146
-4666
-2023
1077
4831
9250
14115
19011
23395
26721
28561
28704
27204
24367
20675
16664
12802
9378
6445
3833
1216
-1772
-5409
-9781
-14721
-19828
-24540
-28256
-30482
-30944
-29657
-26921
-23245
-19226
-15398
-12111
-9452
-7239
-5094
-2565
728
4965
10045
15584
20986
25578
28767
30179
29755
27760
24720
21282
18059
15470
13644
12393
11282
9753
7294
3603
-1312
-7104
-13150
-18690
-23005
-25590
-26278
-25276
-23111
-20490
-18120
-16519
-15885
-16045
-16506
-16589
-15621
-13129
-8982
-3453
2828
9013
14239
17836
19489
19316
17833
15814
14091
13329
13846
15527
17844
19995
21112
20496
17815
13207
7266
912
-4831
-9088
-11343
-11577
-10263
-8243
-6510
-5936
-7044
-9852
-13860
-18163
-21681
-23433
-22803
-19704
-14624
-8515
-2563
2101
4690
4961
3277
517
-2150
-3571
-2915
95
5096
11155
16996
21313
23111
21957
18111
12473
6364
1202
-1858
-2218
0
3978
8403
11804
12923
11061
6263
-661
-8328
-15110
-19547
-20709
-18446
-13439
-7038
-933
3268
4451
2288
-2670
-9109
-15281
-19436
-20270
-17269
-10860
-2323
6503
13675
17624
17552
13646
7044
-438
-6748
-10116
-9502
-4874
2766
11612
19489
24393
24992
20975
13146
3247
-6453
-13713
-16874
-15271
-9419
-894
8039
14981
17991
16075
9452
-484
-11483
-20977
-26708
-27284
-22529
-13547
-2464
8071
15531
18124
15240
7608
-2863
-13539
-21694
-25174
-22923
-15258
-3804
8879
19903
26744
27847
23008
13430
1444
-10040
-18230
-21115
-17953
-9452
2389
14751
24660
29696
28562
21402
9768
-3740
-16081
-24488
-27110
-23450
-14470
-2370
9933
19489
23995
22337
14836
3174
-10002
-21698
-29260
-30980
-26482
-16796
-4110
8737
18907
24204
23562
17269
6882
-5141
-16010
-23227
-25144
-21317
-12579
-836
11371
21439
27272
27724
22829
13764
2566
-8328
-16611
-20598
-19566
-13876
-4870
5444
14830
21300
23513
21037
14409
4991
-5321
-14505
-20812
-23111
-21086
-15278
-6950
2178
10279
15767
17601
15467
9822
1797
-7032
-14943
-20394
-22308
-20275
-14624
-6366
2997
11743
18255
21326
20385
15618
7946
-1143
-9863
-16470
-19603
-18552
-13416
-5102
4831
14468
21899
25605
24765
19436
10561
-202
-10793
-19159
-23661
-23411
-18457
-9790
852
11321
19489
23676
22989
17506
8259
-2970
-14002
-22701
-27390
-27185
-22159
-13316
-2383
8538
17386
22537
23111
19117
11435
1619
-8414
-16757
-21866
-22839
-19557
-12675
-3479
6373
15156
21389
24077
22861
18059
10579
1745
-6935
-14023
-18380
-19340
-16806
-11247
-3621
4785
12557
18379
21238
20593
16466
9452
634
-8577
-16669
-22278
-24419
-22671
-17266
-9070
547
9934
17446
21735
21998
18136
10784
1216
-8878
-17691
-23626
-25585
-23172
-16768
-7458
3158
13264
21146
25502
25659
21680
14337
4956
-4831
-13373
-19282
-21658
-20214
-15302
-7819
962
9610
16770
21364
22742
20752
15744
8489
60
-8328
-15489
-20425
-22454
-21302
-17139
-10562
-2517
5819
13200
18490
20833
19793
15444
8376
-370
-9452
-17427
-22985
-25167
-23534
-18256
-10098
-306
9595
18051
23738
25781
23899
18445
10342
916
-8328
-15950
-20809
-22233
-20100
-14836
-7317
1280
9676
16676
21335
23071
21720
17531
11107
3316
-4831
-12303
-18167
-21692
-22436
-20294
-15522
-8715
-749
7315
14367
19391
21614
20635
16499
9718
1216
-7793
-15984
-22118
-25243
-24846
-20941
-14071
-5225
4317
13185
20136
24233
24981
22385
16923
9452
1064
-7079
-13917
-18615
-20664
-19908
-16541
-11055
-4160
3299
10441
16433
20571
22346
21500
18059
12350
4978
-3219
-11256
-18121
-22898
-24907
-23810
-19683
-13021
-4692
4186
12397
18810
22546
23111
20461
15010
7549
-873
-9116
-16108
-20992
-23227
-22631
-19380
-13947
-7025
575
8021
14540
19489
22393
22979
21192
17198
11380
4318
-3252
-10500
-16581
-20738
-22403
-21287
-17441
-11278
-3530
4831
12726
19119
23164
24330
22475
17858
11093
3053
-5263
-12871
-18928
-22826
-24245
-23158
-19803
-14624
-8203
-1193
5740
11965
16925
20162
21356
20348
17173
12078
5526
-1827
-9185
-15695
-20553
-23111
-22980
-20099
-14756
-7561
632
8844
16108
21593
24718
25209
23119
18786
12774
5772
-1491
-8328
-14156
-18525
-21131
-21815
-20554
-17456
-12759
-6829
-157
6661
12962
18074
21393
22467
21073
17269
11407
4108
-3815
-11459
-17953
-22575
-24845
-24580
-21894
-17166
-10967
-3970
3141
9741
15316
19489
22014
22770
21741
19008
14749
9242
2876
-3856
-10372
-16048
-20279
-22562
-22571
-20219
-15695
-9452
-2160
5382
12349
18005
21791
23390
22743
20034
15633
10027
3752
-2675
-8791
-14203
-18591
-21694
-23307
-23278
-21529
-18082
-13090
-6866
124
7279
13920
19371
23050
24552
23716
20646
15704
9452
2566
-4252
-10371
-15295
-18702
-20448
-20539
-19094
-16300
-12377
-7562
-2112
3683
9486
14901
19489
22805
24451
24142
21768
17438
11484
4439
-3027
-10196
-16398
-21097
-23949
-24833
-23833
-21195
-17269
-12441
-7082
-1521
3964
9127
13732
17535
20273
21685
21548
19726
16225
11226
5098
-1631
-8328
-14339
-19077
-22108
-23198
-22340
-19731
-15719
-10741
-5241
379
5798
10778
15145
18756
21466
23111
23512
22505
19986
15959
10586
4196
-2727
-9595
-15790
-20750
-24052
-25465
-24976
-22770
-19180
-14624
-9523
-4248
917
5776
10197
14077
17297
19700
21088
21249
20007
17276
13115
7755
1596
-4831
-10938
-16157
-20031
-22272
-22793
-21697
-19237
-15748
-11578
-7027
-2319
2403
7049
11537
15747
19489
22499
24467
25085
24121
21478
17245
11701
5294
-1425
-7882
-13568
-18106
-21295
-23105
-23647
-23111
-21701
-19579
-16838
-13498
-9548
-4992
89
5505
10937
15966
20131
23004
24269
23789
21632
18059
13479
8369
3188
-1692
-6031
-9732
-12810
-15333
-17361
-18889
-19825
-19992
-19174
-17181
-13920
-9452
-4016
1983
8031
13586
18168
21437
23239
23614
22759
20961
18517
15660
12521
9114
5374
1216
-3394
-8381
-13521
-18461
-22755
-25952
-27680
-27728
-26088
-22961
-18716
-13812
-8707
-3772
764
4831
8490
11867
15078
18157
21005
23396
25007
25498
24600
22191
18354
13373
7699
1865
-3613
-8328
-12050
-14744
-16547
-17693
-18431
-18934
-19241
-19243
-18710
-17367
-14982
-11457
-6883
-1553
4073
9452
14062
17506
19582
20313
19919
18745
17163
15467
13805
12147
10313
8037
5073
1287
-3267
-8328
-13456
-18116
-21785
-24065
-24768
-23951
-21896
-19028
-15815
-12647
-9751
-7146
-4666
-2023
1077
4831
9250
14115
19011
23395
26721
28561
28704
27204
24367
20675
16664
12802
9378
6445
3833
1216
-1772
-5409
-9781
-14721
-19828
-24540
-28256
-30482
-30944
-29657
-26921
-23245
-19226
-15398
-12111
-9452
-7239
-5094
-2565
728
4965
10045
15584
20986
25578
28767
30179
29755
27760
24720
21282
18059
15470
13644
12393
11282
9753
7294
3603
-1312
-7104
-13150
-18690
-23005
-25590
-26278
-25276
-23111
-20490
-18120
-16519
-15885
-16045
-16506
-16589
-15621
-13129
-8982
-3453
2828
9013
14239
17836
19489
19316
17833
15814
14091
13329
13846
15527
17844
19995
21112
20496
17815
13207
7266
912
-4831
-9088
-11343
-11577
-10263
-8243
-6510
-5936
-7044
-9852
-13860
-18163
-21681
-23433
-22803
-19704
-14624
-8515
-2563
2101
4690
4961
3277
517
-2150
-3571
-2915
95
5096
11155
16996
21313
23111
21957
18111
12473
6364
1202
-1858
-2218
0
3978
8403
11804
12923
11061
6263
-661
-8328
-15110
-19547
-20709
-18446
-13439
-7038
-933
3268
4451
2288
-2670
-9109
-15281
-19436
-20270
-17269
-10860
-2323
6503
13675
17624
17552
13646
7044
-438
-6748
-10116
-9502
-4874
2766
11612
19489
24393
24992
20975
13146
3247
-6453
-13713
-16874
-15271
-9419
-894
8039
14981
17991
16075
9452
-484
-11483
-20977
-26708
-27284
-22529
-13547
-2464
8071
15531
18124
15240
7608
-2863
-13539
-21694
-25174
-22923
-15258
-3804
8879
19903
26744
27847
23008
13430
1444
-10040
-18230
-21115
-17953
-9452
2389
14751
24660
29696
28562
21402
9768
-3740
-16081
-24488
-27110
-23450
-14470
-2370
9933
19489
23995
22337
14836
3174
-10002
-21698
-29260
-30980
-26482
-16796
-4110
8737
18907
24204
23562
17269
6882
-5141
-16010
-23227
-25144
-21317
-12579
-836
11371
21439
27272
27724
22829
13764
2566
-8328
-16611
-20598
-19566
-13876
-4870
5444
14830
21300
23513
21037
14409
4991
-5321
-14505
-20812
-23111
-21086
-15278
-6950
2178
10279
15767
17601
15467
9822
1797
-7032
-14943
-20394
-22308
-20275
-14624
-6366
2997
11743
18255
21326
20385
15618
7946
-1143
-9863
-16470
-19603
-18552
-13416
-5102
4831
14468
21899
25605
24765
19436
10561
-202
-10793
-19159
-23661
-23411
-18457
-9790
852
11321
19489
23676
22989
17506
8259
-2970
-14002
-22701
-27390
-27185
-22159
-13316
-2383
8538
17386
22537
23111
19117
11435
1619
-8414
-16757
-21866
-22839
-19557
-12675
-3479
6373
15156
21389
24077
22861
18059
10579
1745
-6935
-14023
-18380
-19340
-16806
-11247
-3621
4785
12557
18379
21238
20593
16466
9452
634
-8577
-16669
-22278
-24419
-22671
-17266
-9070
547
9934
17446
21735
21998
18136
10784
1216
-8878
-17691
-23626
-25585
-23172
-16768
-7458
3158
13264
21146
25502
25659
21680
14337
4956
-4831
-13373
-19282
-21658
-20214
-15302
-7819
962
9610
16770
21364
22742
20752
15744
8489
60
-8328
-15489
-20425
-22454
-21302
-17139
-10562
-2517
5819
13200
18490
20833
19793
15444
8376
-370
-9452
-17427
-22985
-25167
-23534
-18256
-10098
-306
9595
18051
23738
25781
23899
18445
10342
916
-8328
-15950
-20809
-22233
-20100
-14836
-7317
1280
9676
16676
21335
23071
21720
17531
11107
3316
-4831
-12303
-18167
-21692
-22436
-20294
-15522
-8715
-749
7315
14367
19391
21614
20635
16499
9718
1216
-7793
-15984
-22118
-25243
-24846
-20941
-14071
-5225
4317
13185
20136
24233
24981
22385
16923
9452
1064
-7079
-13917
-18615
-20664
-19908
-16541
-11055
-4160
3299
10441
16433
20571
22346
21500
18059
12350
4978
-3219
-11256
-18121
-22898
-24907
-23810
-19683
-13021
-4692
4186
12397
18810
22546
23111
20461
15010
7549
-873
-9116
-16108
-20992
-23227
-22631
-19380
-13947
-7025
575
8021
14540
19489
22393
22979
21192
17198
11380
4318
-3252
-10500
-16581
-20738
-22403
-21287
-17441
-11278
-3530
4831
12726
19119
23164
24330
22475
17858
11093
3053
-5263
-12871
-18928
-22826
-24245
-23158
-19803
-14624
-8203
-1193
5740
11965
16925
20162
21356
20348
17173
12078
5526
-1827
-9185
-15695
-20553
-23111
-22980
-20099
-14756
-7561
632
8844
16108
21593
24718
25209
23119
18786
12774
5772
-1491
-8328
-14156
-18525
-21131
-21815
-20554
-17456
-12759
-6829
-157
6661
12962
18074
21393
22467
21073
17269
11407
4108
-3815
-11459
-17953
-22575
-24845
-24580
-21894
-17166
-10967
-3970
3141
9741
15316
19489
22014
22770
21741
19008
14749
9242
2876
-3856
-10372
-16048
-20279
-22562
-22571
-20219
-15695
-9452
-2160
5382
12349
18005
21791
23390
22743
20034
15633
10027
3752
-2675
-8791
-14203
-18591
-21694
-23307
-23278
-21529
-18082
-13090
-6866
124
7279
13920
19371
23050
24552
23716
20646
15704
9452
2566
-4252
-10371
-15295
-18702
-20448
-20539
-19094
-16300
-12377
-7562
-2112
3683
9486
14901
19489
22805
24451
24142
21768
17438
11484
4439
-3027
-10196
-16398
-21097
-23949
-24833
-23833
-21195
-17269
-12441
-7082
-1521
3964
9127
13732
17535
20273
21685
21548
19726
16225
11226
5098
-1631
-8328
-14339
-19077
-22108
-23198
-22340
-19731
-15719
-10741
-5241
379
5798
10778
15145
18756
21466
23111
23512
22505
19986
15959
10586
4196
-2727
-9595
-15790
-20750
-24052
-25465
-24976
-22770
-19180
-14624
-9523
-4248
917
5776
10197
14077
17297
19700
21088
21249
20007
17276
13115
7755
1596
-4831
-10938
-16157
-20031
-22272
-22793
-21697
-19237
-15748
-11578
-7027
-2319
2403
7049
11537
15747
19489
22499
24467
25085
24121
21478
17245
11701
5294
-1425
-7882
-13568
-18106
-21295
-23105
-23647
-23111
-21701
-19579
-16838
-13498
-9548
-4992
89
5505
10937
15966
20131
23004
24269
23789
21632
18059
13479
8369
3188
-1692
-6031
-9732
-12810
-15333
-17361
-18889
-19825
-19992
-19174
-17181
-13920
-9452
-4016
1983
8031
13586
18168
21437
23239
23614
22759
20961
18517
15660
12521
9114
5374
1216
-3394
-8381
-13521
-18461
-22755
-25952
-27680
-27728
-26088
-22961
-18716
-13812
-8707
-3772
764
4831
8490
11867
15078
18157
21005
23396
25007
25498
24600
22191
18354
13373
7699
1865
-3613
-8328
-12050
-14744
-16547
-17693
-18431
-18934
-19241
-19243
-18710
-17367
-14982
-11457
-6883
-1553
4073
9452
14062
17506
19582
20313
19919
18745
17163
15467
13805
12147
10313
8037
5073
1287
-3267
-8328
-13456
-18116
-21785
-24065
-24768
-23951
-21896
-19028
-15815
-12647
-9751
-7146
-4666
-2023
1077
4831
9250
14115
19011
23395
26721
28561
28704
27204
24367
20675
16664
12802
9378
6445
3833
1216
-1772
-5409
-9781
-14721
-19828
-24540
-28256
-30482
-30944
-29657
-26921
-23245
-19226
-15398
-12111
-9452
-7239
-5094
-2565
728
4965
10045
15584
20986
25578
28767
30179
29755
27760
24720
21282
18059
15470
13644
12393
11282
9753
7294
3603
-1312
-7104
-13150
-18690
-23005
-25590
-26278
-25276
-23111
-20490
-18120
-16519
-15885
-16045
-16506
-16589
-15621
-13129
-8982
-3453
2828
9013
14239
17836
19489
19316
17833
15814
14091
13329
13846
15527
17844
19995
21112
20496
17815
13207
7266
912
-4831
-9088
-11343
-11577
-10263
-8243
-6510
-5936
-7044
-9852
-13860
-18163
-21681
-23433
-22803
-19704
-14624
-8515
-2563
2101
4690
4961
3277
517
-2150
-3571
-2915
95
5096
11155
16996
21313
23111
21957
18111
12473
6364
1202
-1858
-2218
0
3978
8403
11804
12923
11061
6263
-661
-8328
-15110
-19547
-20709
-18446
-13439
-7038
-933
3268
4451
2288
-2670
-9109
-15281
-19436
-20270
-17269
-10860
-2323
6503
13675
17624
17552
13646
7044
-438
-6748
-10116
-9502
-4874
2766
11612
19489
24393
24992
20975
13146
3247
-6453
-13713
-16874
-15271
-9419
-894
8039
14981
17991
16075
9452
-484
-11483
-20977
-26708
-27284
-22529
-13547
-2464
8071
15531
18124
15240
7608
-2863
-13539
-21694
-25174
-22923
-15258
-3804
8879
19903
26744
27847
23008
13430
1444
-10040
-18230
-21115
-17953
-9452
2389
14751
24660
29696
28562
21402
9768
-3740
-16081
-24488
-27110
-23450
-14470
-2370
9933
19489
23995
22337
14836
3174
-10002
-21698
-29260
-30980
-26482
-16796
-4110
8737
18907
24204
23562
17269
6882
-5141
-16010
-23227
-25144
-21317
-12579
-836
11371
21439
27272
27724
22829
13764
2566
-8328
-16611
-20598
-19566
-13876
-4870
5444
14830
21300
23513
21037
14409
4991
-5321
-14505
-20812
-23111
-21086
-15278
-6950
2178
10279
15767
17601
15467
9822
1797
-7032
-14943
-20394
-22308
-20275
-14624
-6366
2997
11743
18255
21326
20385
15618
7946
-1143
-9863
-16470
-19603
-18552
-13416
-5102
4831
14468
21899
25605
24765
19436
10561
-202
-10793
-19159
-23661
-23411
-18457
-9790
852
11321
19489
23676
22989
17506
8259
-2970
-14002
-22701
-27390
-27185
-22159
-13316
-2383
8538
17386
22537
23111
19117
11435
1619
-8414
-16757
-21866
-22839
-19557
-12675
-3479
6373
15156
21389
24077
22861
18059
10579
1745
-6935
-14023
-18380
-19340
-16806
-11247
-3621
4785
12557
18379
21238
20593
16466
9452
634
-8577
-16669
-22278
-24419
-22671
-17266
-9070
547
9934
17446
21735
21998
18136
10784
1216
-8878
-17691
-23626
-25585
-23172
-16768
-7458
3158
13264
21146
25502
25659
21680
14337
4956
-4831
-13373
-19282
-21658
-20214
-15302
-7819
962
9610
16770
21364
22742
20752
15744
8489
60
-8328
-15489
-20425
-22454
-21302
-17139
-10562
-2517
5819
13200
18490
20833
19793
15444
8376
-370
-9452
-17427
-22985
-25167
-23534
-18256
-10098
-306
9595
18051
23738
25781
23899
18445
10342
916
-8328
-15950
-20809
-22233
-20100
-14836
-7317
1280
9676
16676
21335
23071
21720
17531
11107
3316
-4831
-12303
-18167
-21692
-22436
-20294
-15522
-8715
-749
7315
14367
19391
21614
20635
16499
9718
1216
-7793
-15984
-22118
-25243
-24846
-20941
-14071
-5225
4317
13185
20136
24233
24981
22385
16923
9452
1064
-7079
-13917
-18615
-20664
-19908
-16541
-11055
-4160
3299
10441
16433
20571
22346
21500
18059
12350
4978
-3219
-11256
-18121
-22898
-24907
-23810
-19683
-13021
-4692
4186
12397
18810
22546
23111
20461
15010
7549
-873
-9116
-16108
-20992
-23227
-22631
-19380
-13947
-7025
575
8021
14540
19489
22393
22979
21192
17198
11380
4318
-3252
-10500
-16581
-20738
-22403
-21287
-17441
-11278
-3530
4831
12726
19119
23164
24330
22475
17858
11093
3053
-5263
-12871
-18928
-22826
-24245
-23158
-19803
-14624
-8203
-1193
5740
11965
16925
20162
21356
20348
17173
12078
5526
-1827
-9185
-15695
-20553
-23111
-22980
-20099
-14756
-7561
632
8844
16108
21593
24718
25209
23119
18786
12774
5772
-1491
-8328
-14156
-18525
-21131
-21815
-20554
-17456
-12759
-6829
-157
6661
12962
18074
21393
22467
21073
17269
11407
4108
-3815
-11459
-17953
-22575
-24845
-24580
-21894
-17166
-10967
-3970
3141
9741
15316
19489
22014
22770
21741
19008
14749
9242
2876
-3856
-10372
-16048
-20279
-22562
-22571
-20219
-15695
-9452
-2160
5382
12349
18005
21791
23390
22743
20034
15633
10027
3752
-2675
-8791
-14203
-18591
-21694
-23307
-23278
-21529
-18082
-13090
-6866
124
7279
13920
19371
23050
24552
23716
20646
15704
9452
2566
-4252
-10371
-15295
-18702
-20448
-20539
-19094
-16300
-12377
-7562
-2112
3683
9486
14901
19489
22805
24451
24142
21768
17438
11484
4439
-3027
-10196
-16398
-21097
-23949
-24833
-23833
-21195
-17269
-12441
-7082
-1521
3964
9127
13732
17535
20273
21685
21548
19726
16225
11226
5098
-1631
-8328
-14339
-19077
-22108
-23198
-22340
-19731
-15719
-10741
-5241
379
5798
10778
15145
18756
21466
23111
23512
22505
19986
15959
10586
4196
-2727
-9595
-15790
-20750
-24052
-25465
-24976
-22770
-19180
-14624
-9523
-4248
917
5776
10197
14077
17297
19700
21088
21249
20007
17276
13115
7755
1596
-4831
-10938
-16157
-20031
-22272
-22793
-21697
-19237
-15748
-11578
-7027
-2319
2403
7049
11537
15747
19489
22499
24467
25085
24121
21478
17245
11701
5294
-1425
-7882
-13568
-18106
-21295
-23105
-23647
-23111
-21701
-19579
-16838
-13498
-9548
-4992
89
5505
10937
15966
20131
23004
24269
23789
21632
18059
13479
8369
3188
-1692
-6031
-9732
-12810
-15333
-17361
-18889
-19825
-19992
-19174
-17181
-13920
-9452
-4016
1983
8031
13586
18168
21437
23239
23614
22759
20961
18517
15660
12521
9114
5374
1216
-3394
-8381
-13521
-18461
-22755
-25952
-27680
-27728
-26088
-22961
-18716
-13812
-8707
-3772
764
4831
8490
11867
15078
18157
21005
23396
25007
25498
24600
22191
18354
13373
7699
1865
-3613
-8328
-12050
-14744
-16547
-17693
-18431
-18934
-19241
-19243
-18710
-17367
-14982
-11457
-6883
-1553
4073
9452
14062
17506
19582
20313
19919
18745
17163
15467
13805
12147
10313
8037
5073
1287
-3267
-8328
-13456
-18116
-21785
-24065
-24768
-23951
-21896
-19028
-15815
-12647
-9751
-7146
-4666
-2023
1077
4831
9250
14115
19011
23395
26721
28561
28704
27204
24367
20675
16664
12802
9378
6445
3833
1216
-1772
-5409
-9781
-14721
-19828
-24540
-28256
-30482
-30944
-29657
-26921
-23245
-19226
-15398
-12111
-9452
-7239
-5094
-2565
728
4965
10045
15584
20986
25578
28767
30179
29755
27760
24720
21282
18059
15470
13644
12393
11282
9753
7294
3603
-1312
-7104
-13150
-18690
-23005
-25590
-26278
-25276
-23111
-20490
-18120
-16519
-15885
-16045
-16506
-16589
-15621
-13129
-8982
-3453
2828
9013
14239
17836
19489
19316
17833
15814
14091
13329
13846
15527
17844
19995
21112
20496
17815
13207
7266
912
-4831
-9088
-11343
-11577
-10263
-8243
-6510
-5936
-7044
-9852
-13860
-18163
-21681
-23433
-22803
-19704
-14624
-8515
-2563
2101
4690
4961
3277
517
-2150
-3571
-2915
95
5096
11155
16996
21313
23111
21957
18111
12473
6364
1202
-1858
-2218
0
3978
8403
11804
12923
11061
6263
-661
-8328
-15110
-19547
-20709
-18446
-13439
-7038
-933
3268
4451
2288
-2670
-9109
-15281
-19436
-20270
-17269
-10860
-2323
6503
13675
17624
17552
13646
7044
-438
-6748
-10116
-9502
-4874
2766
11612
19489
24393
24992
20975
13146
3247
-6453
-13713
-16874
-15271
-9419
-894
8039
14981
17991
16075
9452
-484
-11483
-20977
-26708
-27284
-22529
-13547
-2464
8071
15531
18124
15240
7608
-2863
-13539
-21694
-25174
-22923
-15258
-3804
8879
19903
26744
27847
23008
13430
1444
-10040
-18230
-21115
-17953
-9452
2389
14751
24660
29696
28562
21402
9768
-3740
-16081
-24488
-27110
-23450
-14470
-2370
9933
19489
23995
22337
14836
3174
-10002
-21698
-29260
-30980
-26482
-16796
-4110
8737
18907
24204
23562
17269
6882
-5141
-16010
-23227
-25144
-21317
-12579
-836
11371
21439
27272
27724
22829
13764
2566
-8328
-16611
-20598
-19566
-13876
-4870
5444
14830
21300
23513
21037
14409
4991
-5321
-14505
-20812
-23111
-21086
-15278
-6950
2178
10279
15767
17601
15467
9822
1797
-7032
-14943
-20394
-22308
-20275
-14624
-6366
2997
11743
18255
21326
20385
15618
7946
-1143
-9863
-16470
-19603
-18552
-13416
-5102
4831
14468
21899
25605
24765
19436
10561
-202
-10793
-19159
-23661
-23411
-18457
-9790
852
11321
19489
23676
22989
17506
8259
-2970
-14002
-22701
-27390
-27185
-22159
-13316
-2383
8538
17386
22537
23111
19117
11435
1619
-8414
-16757
-21866
-22839
-19557
-12675
-3479
6373
15156
21389
24077
22861
18059
10579
1745
-6935
-14023
-18380
-19340
-16806
-11247
-3621
4785
12557
18379
21238
20593
16466
9452
634
-8577
-16669
-22278
-24419
-22671
-17266
-9070
547
9934
17446
21735
21998
18136
10784
1216
-8878
-17691
-23626
-25585
-23172
-16768
-7458
3158
13264
21146
25502
25659
21680
14337
4956
-4831
-13373
-19282
-21658
-20214
-15302
-7819
962
9610
16770
21364
22742
20752
15744
8489
60
-8328
-15489
-20425
-22454
-21302
-17139
-10562
-2517
5819
13200
18490
20833
19793
15444
8376
-370
-9452
-17427
-22985
-25167
-23534
-18256
-10098
-306
9595
18051
23738
25781
23899
18445
10342
916
-8328
-15950
-20809
-22233
-20100
-14836
-7317
1280
9676
16676
21335
23071
21720
17531
11107
3316
-4831
-12303
-18167
-21692
-22436
-20294
-15522
-8715
-749
7315
14367
19391
21614
20635
16499
9718
1216
-7793
-15984
-22118
-25243
-24846
-20941
-14071
-5225
4317
13185
20136
24233
24981
22385
16923
9452
1064
-7079
-13917
-18615
-20664
-19908
-16541
-11055
-4160
3299
10441
16433
20571
22346
21500
18059
12350
4978
-3219
-11256
-18121
-22898
-24907
-23810
-19683
-13021
-4692
4186
12397
18810
22546
23111
20461
15010
7549
-873
-9116
-16108
-20992
-23227
-22631
-19380
-13947
-7025
575
8021
14540
19489
22393
22979
21192
17198
11380
4318
-3252
-10500
-16581
-20738
-22403
-21287
-17441
-11278
-3530
4831
12726
19119
23164
24330
22475
17858
11093
3053
-5263
-12871
-18928
-22826
-24245
-23158
-19803
-14624
-8203
-1193
5740
11965
16925
20162
21356
20348
17173
12078
5526
-1827
-9185
-15695
-20553
-23111
-22980
-20099
-14756
-7561
632
8844
16108
21593
24718
25209
23119
18786
12774
5772
-1491
-8328
-14156
-18525
-21131
-21815
-20554
-17456
-12759
-6829
-157
6661
12962
18074
21393
22467
21073
17269
11407
4108
-3815
-11459
-17953
-22575
-24845
-24580
-21894
-17166
-10967
-3970
3141
9741
15316
19489
22014
22770
21741
19008
14749
9242
2876
-3856
-10372
-16048
-20279
-22562
-22571
-20219
-15695
-9452
-2160
5382
12349
18005
21791
23390
22743
20034
15633
10027
3752
-2675
-8791
-14203
-18591
-21694
-23307
-23278
-21529
-18082
-13090
-6866
124
7279
13920
19371
23050
24552
23716
20646
15704
9452
2566
-4252
-10371
-15295
-18702
-20448
-20539
-19094
-16300
-12377
-7562
-2112
3683
9486
14901
19489
22805
24451
24142
21768
17438
11484
4439
-3027
-10196
-16398
-21097
-23949
-24833
-23833
-21195
-17269
-12441
-7082
-1521
3964
9127
13732
17535
20273
21685
21548
19726
16225
11226
5098
-1631
-8328
-14339
-19077
-22108
-23198
-22340
-19731
-15719
-10741
-5241
379
5798
10778
15145
18756
21466
23111
23512
22505
19986
15959
10586
4196
-2727
-9595
-15790
-20750
-24052
-25465
-24976
-22770
-19180
-14624
-9523
-4248
917
5776
10197
14077
17297
19700
21088
21249
20007
17276
13115
7755
1596
-4831
-10938
-16157
-20031
-22272
-22793
-21697
-19237
-15748
-11578
-7027
-2319
2403
7049
11537
15747
19489
22499
24467
25085
24121
21478
17245
11701
5294
-1425
-7882
-13568
-18106
-21295
-23105
-23647
-23111
-21701
-19579
-16838
-13498
-9548
-4992
89
5505
10937
15966
20131
23004
24269
23789
21632
18059
13479
8369
3188
-1692
-6031
-9732
-12810
-15333
-17361
-18889
-19825
-19992
-19174
-17181
-13920
-9452
-4016
1983
8031
13586
18168
21437
23239
23614
22759
20961
18517
15660
12521
9114
5374
1216
-3394
-8381
-13521
-18461
-22755
-25952
-27680
-27728
-26088
-22961
-18716
-13812
-8707
-3772
764
4831
8490
11867
15078
18157
21005
23396
25007
25498
24600
22191
18354
13373
7699
1865
-3613
-8328
-12050
-14744
-16547
-17693
-18431
-18934
-19241
-19243
-18710
-17367
-14982
-11457
-6883
-1553
4073
9452
14062
17506
19582
20313
19919
18745
17163
15467
13805
12147
10313
8037
5073
1287
-3267
-8328
-13456
-18116
-21785
-24065
-24768
-23951
-21896
-19028
-15815
-12647
-9751
-7146
-4666
-2023
1077
4831
9250
14115
19011
23395
26721
28561
28704
27204
24367
20675
16664
12802
9378
6445
3833
1216
-1772
-5409
-9781
-14721
-19828
-24540
-28256
-30482
-30944
-29657
-26921
-23245
-19226
-15398
-12111
-9452
-7239
-5094
-2565
728
4965
10045
15584
20986
25578
28767
30179
29755
27760
24720
21282
18059
15470
13644
12393
11282
9753
7294
3603
-1312
-7104
-13150
-18690
-23005
-25590
-26278
-25276
-23111
-20490
-18120
-16519
-15885
-16045
-16506
-16589
-15621
-13129
-8982
-3453
2828
9013
14239
17836
19489
19316
17833
15814
14091
13329
13846
15527
17844
19995
21112
20496
17815
13207
7266
912
-4831
-9088
-11343
-11577
-10263
-8243
-6510
-5936
-7044
-9852
-13860
-18163
-21681
-23433
-22803
-19704
-14624
-8515
-2563
2101
4690
4961
3277
517
-2150
-3571
-2915
95
5096
11155
16996
21313
23111
21957
18111
12473
6364
1202
-1858
-2218
0
3978
8403
11804
12923
11061
6263
-661
-8328
-15110
-19547
-20709
-18446
-13439
-7038
-933
3268
4451
2288
-2670
-9109
-15281
-19436
-20270
17269
10860
2323
-6503
-13675
-17624
-17552
-13646
-7044
438
6748
10116
9502
4874
-2766
-11612
-19489
-24393
-24992
-20975
-13146
-3247
6453
13713
16874
15271
9419
894
-8039
-14981
-17991
-16075
-9452
484
11483
20977
26708
27284
22529
13547
2464
-8071
-15531
-18124
-15240
-7608
2863
13539
21694
25174
22923
15258
3804
-8879
-19903
-26744
-27847
-23008
-13430
-1444
10040
18230
21115
17953
9452
-2389
-14751
-24660
-29696
-28562
-21402
-9768
3740
16081
24488
27110
23450
14470
2370
-9933
-19489
-23995
-22337
-14836
-3174
10002
21698
29260
30980
26482
16796
4110
-8737
-18907
-24204
-23562
-17269
-6882
5141
16010
23227
25144
21317
12579
836
-11371
-21439
-27272
-27724
-22829
-13764
-2566
8328
16611
20598
19566
13876
4870
-5444
-14830
-21300
-23513
-21037
-14409
-4991
5321
14505
20812
23111
21086
15278
6950
-2178
-10279
-15767
-17601
-15467
-9822
-1797
7032
14943
20394
22308
20275
14624
6366
-2997
-11743
-18255
-21326
-20385
-15618
-7946
1143
9863
16470
19603
18552
13416
5102
-4831
-14468
-21899
-25605
-24765
-19436
-10561
202
10793
19159
23661
23411
18457
9790
-852
-11321
-19489
-23676
-22989
-17506
-8259
2970
14002
22701
27390
27185
22159
13316
2383
-8538
-17386
-22537
-23111
-19117
-11435
-1619
8414
16757
21866
22839
19557
12675
3479
-6373
-15156
-21389
-24077
-22861
-18059
-10579
-1745
6935
14023
18380
19340
16806
11247
3621
-4785
-12557
-18379
-21238
-20593
-16466
-9452
-634
8577
16669
22278
24419
22671
17266
9070
-547
-9934
-17446
-21735
-21998
-18136
-10784
-1216
8878
17691
23626
25585
23172
16768
7458
-3158
-13264
-21146
-25502
-25659
-21680
-14337
-4956
4831
13373
19282
21658
20214
15302
7819
-962
-9610
-16770
-21364
-22742
-20752
-15744
-8489
-60
8328
15489
20425
22454
21302
17139
10562
2517
-5819
-13200
-18490
-20833
-19793
-15444
-8376
370
9452
17427
22985
25167
23534
18256
10098
306
-9595
-18051
-23738
-25781
-23899
-18445
-10342
-916
8328
15950
20809
22233
20100
14836
7317
-1280
-9676
-16676
-21335
-23071
-21720
-17531
-11107
-3316
4831
12303
18167
21692
22436
20294
15522
8715
749
-7315
-14367
-19391
-21614
-20635
-16499
-9718
-1216
7793
15984
22118
25243
24846
20941
14071
5225
-4317
-13185
-20136
-24233
-24981
-22385
-16923
-9452
-1064
7079
13917
18615
20664
19908
16541
11055
4160
-3299
-10441
-16433
-20571
-22346
-21500
-18059
-12350
-4978
3219
11256
18121
22898
24907
23810
19683
13021
4692
-4186
-12397
-18810
-22546
-23111
-20461
-15010
-7549
873
9116
16108
20992
23227
22631
19380
13947
7025
-575
-8021
-14540
-19489
-22393
-22979
-21192
-17198
-11380
-4318
3252
10500
16581
20738
22403
21287
17441
11278
3530
-4831
-12726
-19119
-23164
-24330
-22475
-17858
-11093
-3053
5263
12871
18928
22826
24245
23158
19803
14624
8203
1193
-5740
-11965
-16925
-20162
-21356
-20348
-17173
-12078
-5526
1827
9185
15695
20553
23111
22980
20099
14756
7561
-632
-8844
-16108
-21593
-24718
-25209
-23119
-18786
-12774
-5772
1491
8328
14156
18525
21131
21815
20554
17456
12759
6829
157
-6661
-12962
-18074
-21393
-22467
-21073
-17269
-11407
-4108
3815
11459
17953
22575
24845
24580
21894
17166
10967
3970
-3141
-9741
-15316
-19489
-22014
-22770
-21741
-19008
-14749
-9242
-2876
3856
10372
16048
20279
22562
22571
20219
15695
9452
2160
-5382
-12349
-18005
-21791
-23390
-22743
-20034
-15633
-10027
-3752
2675
8791
14203
18591
21694
23307
23278
21529
18082
13090
6866
-124
-7279
-13920
-19371
-23050
-24552
-23716
-20646
-15704
-9452
-2566
4252
10371
15295
18702
20448
20539
19094
16300
12377
7562
2112
-3683
-9486
-14901
-19489
-22805
-24451
-24142
-21768
-17438
-11484
-4439
3027
10196
16398
21097
23949
24833
23833
21195
17269
12441
7082
1521
-3964
-9127
-13732
-17535
-20273
-21685
-21548
-19726
-16225
-11226
-5098
1631
8328
14339
19077
22108
23198
22340
19731
15719
10741
5241
-379
-5798
-10778
-15145
-18756
-21466
-23111
-23512
-22505
-19986
-15959
-10586
-4196
2727
9595
15790
20750
24052
25465
24976
22770
19180
14624
9523
4248
-917
-5776
-10197
-14077
-17297
-19700
-21088
-21249
-20007
-17276
-13115
-7755
-1596
4831
10938
16157
20031
22272
22793
21697
19237
15748
11578
7027
2319
-2403
-7049
-11537
-15747
-19489
-22499
-24467
-25085
-24121
-21478
-17245
-11701
-5294
1425
7882
13568
18106
21295
23105
23647
23111
21701
19579
16838
13498
9548
4992
-89
-5505
-10937
-15966
-20131
-23004
-24269
-23789
-21632
-18059
-13479
-8369
-3188
1692
6031
9732
12810
15333
17361
18889
19825
19992
19174
17181
13920
9452
4016
-1983
-8031
-13586
-18168
-21437
-23239
-23614
-22759
-20961
-18517
-15660
-12521
-9114
-5374
-1216
3394
8381
13521
18461
22755
25952
27680
27728
26088
22961
18716
13812
8707
3772
-764
-4831
-8490
-11867
-15078
-18157
-21005
-23396
-25007
-25498
-24600
-22191
-18354
-13373
-7699
-1865
3613
8328
12050
14744
16547
17693
18431
18934
19241
19243
18710
17367
14982
11457
6883
1553
-4073
-9452
-14062
-17506
-19582
-20313
-19919
-18745
-17163
-15467
-13805
-12147
-10313
-8037
-5073
-1287
3267
8328
13456
18116
21785
24065
24768
23951
21896
19028
15815
12647
9751
7146
4666
2023
-1077
-4831
-9250
-14115
-19011
-23395
-26721
-28561
-28704
-27204
-24367
-20675
-16664
-12802
-9378
-6445
-3833
-1216
1772
5409
9781
14721
19828
24540
28256
30482
30944
29657
26921
23245
19226
15398
12111
9452
7239
5094
2565
-728
-4965
-10045
-15584
-20986
-25578
-28767
-30179
-29755
-27760
-24720
-21282
-18059
-15470
-13644
-12393
-11282
-9753
-7294
-3603
1312
7104
13150
18690
23005
25590
26278
25276
23111
20490
18120
16519
15885
16045
16506
16589
15621
13129
8982
3453
-2828
-9013
-14239
-17836
-19489
-19316
-17833
-15814
-14091
-13329
-13846
-15527
-17844
-19995
-21112
-20496
-17815
-13207
-7266
-912
4831
9088
11343
11577
10263
8243
6510
5936
7044
9852
13860
18163
21681
23433
22803
19704
14624
8515
2563
-2101
-4690
-4961
-3277
-517
2150
3571
2915
-95
-5096
-11155
-16996
-21313
-23111
-21957
-18111
-12473
-6364
-1202
1858
2218
0
-3978
-8403
-11804
-12923
-11061
-6263
661
8328
15110
19547
20709
18446
13439
7038
933
-3268
-4451
-2288
2670
9109
15281
19436
20270
-17269
-10860
-2323
6503
13675
17624
17552
13646
7044
-438
-6748
-10116
-9502
-4874
2766
11612
19489
24393
24992
20975
13146
3247
-6453
-13713
-16874
-15271
-9419
-894
8039
14981
17991
16075
9452
-484
-11483
-20977
-26708
-27284
-22529
-13547
-2464
8071
15531
18124
15240
7608
-2863
-13539
-21694
-25174
-22923
-15258
-3804
8879
19903
26744
27847
23008
13430
1444
-10040
-18230
-21115
-17953
-9452
2389
14751
24660
29696
28562
21402
9768
-3740
-16081
-24488
-27110
-23450
-14470
-2370
9933
19489
23995
22337
14836
3174
-10002
-21698
-29260
-30980
-26482
-16796
-4110
8737
18907
24204
23562
17269
6882
-5141
-16010
-23227
-25144
-21317
-12579
-836
11371
21439
27272
27724
22829
13764
2566
-8328
-16611
-20598
-19566
-13876
-4870
5444
14830
21300
23513
21037
14409
4991
-5321
-14505
-20812
-23111
-21086
-15278
-6950
2178
10279
15767
17601
15467
9822
1797
-7032
-14943
-20394
-22308
-20275
-14624
-6366
2997
11743
18255
21326
20385
15618
7946
-1143
-9863
-16470
-19603
-18552
-13416
-5102
4831
14468
21899
25605
24765
19436
10561
-202
-10793
-19159
-23661
-23411
-18457
-9790
852
11321
19489
23676
22989
17506
8259
-2970
-14002
-22701
-27390
-27185
-22159
-13316
-2383
8538
17386
22537
23111
19117
11435
1619
-8414
-16757
-21866
-22839
-19557
-12675
-3479
6373
15156
21389
24077
22861
18059
10579
1745
-6935
-14023
-18380
-19340
-16806
-11247
-3621
4785
12557
18379
21238
20593
16466
9452
634
-8577
-16669
-22278
-24419
-22671
-17266
-9070
547
9934
17446
21735
21998
18136
10784
1216
-8878
-17691
-23626
-25585
-23172
-16768
-7458
3158
13264
21146
25502
25659
21680
14337
4956
-4831
-13373
-19282
-21658
-20214
-15302
-7819
962
9610
16770
21364
22742
20752
15744
8489
60
-8328
-15489
-20425
-22454
-21302
-17139
-10562
-2517
5819
13200
18490
20833
19793
15444
8376
-370
-9452
-17427
-22985
-25167
-23534
-18256
-10098
-306
9595
18051
23738
25781
23899
18445
10342
916
-8328
-15950
-20809
-22233
-20100
-14836
-7317
1280
9676
16676
21335
23071
21720
17531
11107
3316
-4831
-12303
-18167
-21692
-22436
-20294
-15522
-8715
-749
7315
14367
19391
21614
20635
16499
9718
1216
-7793
-15984
-22118
-25243
-24846
-20941
-14071
-5225
4317
13185
20136
24233
24981
22385
16923
9452
1064
-7079
-13917
-18615
-20664
-19908
-16541
-11055
-4160
3299
10441
16433
20571
22346
21500
18059
12350
4978
-3219
-11256
-18121
-22898
-24907
-23810
-19683
-13021
-4692
4186
12397
18810
22546
23111
20461
15010
7549
-873
-9116
-16108
-20992
-23227
-22631
-19380
-13947
-7025
575
8021
14540
19489
22393
22979
21192
17198
11380
4318
-3252
-10500
-16581
-20738
-22403
-21287
-17441
-11278
-3530
4831
12726
19119
23164
24330
22475
17858
11093
3053
-5263
-12871
-18928
-22826
-24245
-23158
-19803
-14624
-8203
-1193
5740
11965
16925
20162
21356
20348
17173
12078
5526
-1827
-9185
-15695
-20553
-23111
-22980
-20099
-14756
-7561
632
8844
16108
21593
24718
25209
23119
18786
12774
5772
-1491
-8328
-14156
-18525
-21131
-21815
-20554
-17456
-12759
-6829
-157
6661
12962
18074
21393
22467
21073
17269
11407
4108
-3815
-11459
-17953
-22575
-24845
-24580
-21894
-17166
-10967
-3970
3141
9741
15316
19489
22014
22770
21741
19008
14749
9242
2876
-3856
-10372
-16048
-20279
-22562
-22571
-20219
-15695
-9452
-2160
5382
12349
18005
21791
23390
22743
20034
15633
10027
3752
-2675
-8791
-14203
-18591
-21694
-23307
-23278
-21529
-18082
-13090
-6866
124
7279
13920
19371
23050
24552
23716
20646
15704
9452
2566
-4252
-10371
-15295
-18702
-20448
-20539
-19094
-16300
-12377
-7562
-2112
3683
9486
14901
19489
22805
24451
24142
21768
17438
11484
4439
-3027
-10196
-16398
-21097
-23949
-24833
-23833
-21195
-17269
-12441
-7082
-1521
3964
9127
13732
17535
20273
21685
21548
19726
16225
11226
5098
-1631
-8328
-14339
-19077
-22108
-23198
-22340
-19731
-15719
-10741
-5241
379
5798
10778
15145
18756
21466
23111
23512
22505
19986
15959
10586
4196
-2727
-9595
-15790
-20750
-24052
-25465
-24976
-22770
-19180
-14624
-9523
-4248
917
5776
10197
14077
17297
19700
21088
21249
20007
17276
13115
7755
1596
-4831
-10938
-16157
-20031
-22272
-22793
-21697
-19237
-15748
-11578
-7027
-2319
2403
7049
11537
15747
19489
22499
24467
25085
24121
21478
17245
11701
5294
-1425
-7882
-13568
-18106
-21295
-23105
-23647
-23111
-21701
-19579
-16838
-13498
-9548
-4992
89
5505
10937
15966
20131
23004
24269
23789
21632
18059
13479
8369
3188
-1692
-6031
-9732
-12810
-15333
-17361
-18889
-19825
-19992
-19174
-17181
-13920
-9452
-4016
1983
8031
13586
18168
21437
23239
23614
22759
20961
18517
15660
12521
9114
5374
1216
-3394
-8381
-13521
-18461
-22755
-25952
-27680
-27728
-26088
-22961
-18716
-13812
-8707
-3772
764
4831
8490
11867
15078
18157
21005
23396
25007
25498
24600
22191
18354
13373
7699
1865
-3613
-8328
-12050
-14744
-16547
-17693
-18431
-18934
-19241
-19243
-18710
-17367
-14982
-11457
-6883
-1553
4073
9452
14062
17506
19582
20313
19919
18745
17163
15467
13805
12147
10313
8037
5073
1287
-3267
-8328
-13456
-18116
-21785
-24065
-24768
-23951
-21896
-19028
-15815
-12647
-9751
-7146
-4666
-2023
1077
4831
9250
14115
19011
23395
26721
28561
28704
27204
24367
20675
16664
12802
9378
6445
3833
1216
-1772
-5409
-9781
-14721
-19828
-24540
-28256
-30482
-30944
-29657
-26921
-23245
-19226
-15398
-12111
-9452
-7239
-5094
-2565
728
4965
10045
15584
20986
25578
28767
30179
29755
27760
24720
21282
18059
15470
13644
12393
11282
9753
7294
3603
-1312
-7104
-13150
-18690
-23005
-25590
-26278
-25276
-23111
-20490
-18120
-16519
-15885
-16045
-16506
-16589
-15621
-13129
-8982
-3453
2828
9013
14239
17836
19489
19316
17833
15814
14091
13329
13846
15527
17844
19995
21112
20496
17815
13207
7266
912
-4831
-9088
-11343
-11577
-10263
-8243
-6510
-5936
-7044
-9852
-13860
-18163
-21681
-23433
-22803
-19704
-14624
-8515
-2563
2101
4690
4961
3277
517
-2150
-3571
-2915
95
5096
11155
16996
21313
23111
21957
18111
12473
6364
1202
-1858
-2218
0
3978
8403
11804
12923
11061
6263
-661
-8328
-15110
-19547
-20709
-18446
-13439
-7038
-933
3268
4451
2288
-2670
-9109
-15281
-19436
-20270
0
0
0
0
0
0
0
0
0
0
0
0
0
0
0
0
0
0
0
0
0
0
0
0
0
0
0
0
0
0
0
0
0
0
0
0
0
0
0
0
0
0
0
0
0
0
0
0
0
0
0
0
0
0
0
0
0
0
0
0
0
0
0
0
0
0
0
0
0
0
0
0
0
0
0
0
0
0
0
0
0
0
0
0
0
0
0
0
0
0
0
0
0
0
0
0
0
0
0
0
0
0
0
0
0
0
0
0
0
0
0
0
0
0
0
0
0
0
0
0
0
0
0
0
0
0
0
0
0
0
0
0
0
0
0
0
0
0
0
0
0
0
0
0
0
0
0
0
0
0
0
0
0
0
0
0
0
0
0
0
0
0
0
0
0
0
0
0
0
0
0
0
0
0
0
0
0
0
0
0
0
0
0
0
0
0
0
0
0
0
0
0
0
0
0
0
0
0
0
0
0
0
0
0
0
0
0
0
0
0
0
0
0
0
0
0
0
0
0
0
0
0
0
0
0
0
0
0
0
0
0
0
0
0
0
0
0
0
0
0
0
0
0
0
0
0
0
0
0
0
0
0
0
0
0
0
0
0
0
0
0
0
0
0
0
0
0
0
0
0
0
0
0
0
0
0
0
0
0
0
0
0
0
0
0
0
0
0
0
0
0
0
0
0
0
0
0
0
0
0
0
0
0
0
0
0
0
0
0
0
0
0
0
0
0
0
0
0
0
0
0
0
0
0
0
0
0
0
0
0
0
0
0
0
0
0
0
0
0
0
0
0
0
0
0
0
0
0
0
0
0
0
0
0
0
0
0
0
0
0
0
0
0
0
0
0
0
0
0
0
0
0
0
0
0
0
0
0
0
0
0
0
0
0
0
0
0
0
0
0
0
0
0
0
0
0
0
0
0
0
0
0
0
0
0
0
0
0
0
0
0
0
0
0
0
0
0
0
0
0
0
0
0
0
0
0
0
0
0
0
0
0
0
0
0
0
0
0
0
0
0
0
0
0
0
0
0
0
0
0
0
0
0
0
0
0
0
0
0
0
0
0
0
0
0
0
0
0
0
0
0
0
0
0
0
0
0
0
0
0
0
0
0
0
0
0
0
0
0
0
0
0
0
0
0
0
0
0
0
0
0
0
0
0
0
0
0
0
0
0
0
0
0
0
0
0
0
0
0
0
0
0
0
0
0
0
0
0
0
0
0
0
0
0
0
0
0
0
0
0
0
0
0
0
0
0
0
0
0
0
0
0
0
0
0
0
0
0
0
0
0
0
0
0
0
0
0
0
0
0
0
0
0
0
0
0
0
0
0
0
0
0
0
0
0
0
0
0
0
0
0
0
0
0
0
0
0
0
0
0
0
0
0
0
0
0
0
0
0
0
0
0
0
0
0
0
0
0
0
0
0
0
0
0
0
0
0
0
0
0
0
0
0
0
0
0
0
0
0
0
0
0
0
0
0
0
0
0
0
0
0
0
0
0
0
0
0
0
0
0
0
0
0
0
0
0
0
0
0
0
0
0
0
0
0
0
0
0
0
0
0
0
0
0
0
0
0
0
0
0
0
0
0
0
0
0
0
0
0
0
0
0
0
0
0
0
0
0
0
0
0
0
0
0
0
0
0
0
0
0
0
0
0
0
0
0
0
0
0
0
0
0
0
0
0
0
0
0
0
0
0
0
0
0
0
0
0
0
0
0
0
0
0
0
0
0
0
0
0
0
0
0
0
0
0
0
0
0
0
0
0
0
0
0
0
0
0
0
0
0
0
0
0
0
0
0
0
0
0
0
0
0
0
0
0
0
0
0
0
0
0
0
0
0
0
0
0
0
0
0
0
0
0
0
0
0
0
0
0
0
0
0
0
0
0
0
0
0
0
0
0
0
0
0
0
0
0
0
0
0
0
0
0
0
0
0
0
0
0
0
0
0
0
0
0
0
0
0
0
0
0
0
0
0
0
0
0
0
0
0
0
0
0
0
0
0
0
0
0
0
0
0
0
0
0
0
0
0
0
0
0
0
0
0
0
0
0
0
0
0
0
0
0
0
0
0
0
0
0
0
0
0
0
0
0
0
0
0
0
0
0
0
0
0
0
0
0
0
0
0
0
0
0
0
0
0
0
0
0
0
0
0
0
0
0
0
0
0
0
0
0
0
0
0
0
0
0
0
0
0
31162
32375
28319
20027
9462
-994
-9152
-13556
-13830
-10733
-5904
-1374
1021
165
-4008
-10484
-17425
-22674
-24343
-21349
-13742
-2735
9567
20682
28359
31136
28700
21937
12682
3235
-4250
-8313
-8549
-5666
-1259
2671
4300
2514
-2752
-10464
-18743
-25354
-28302
-26384
-19526
-8851
3592
15316
24010
28108
27159
21909
14071
5852
-646
-3982
-3737
-600
3849
7618
8866
6460
319
-8522
-18145
-26242
-30706
-30196
-24502
-14619
-2521
9335
18608
23656
23915
20005
13527
6594
1252
-1082
0
3808
8760
12836
14160
11549
4879
-4828
-15642
-25186
-31248
-32345
-28115
-19416
-8111
3396
12770
18316
19388
16505
11171
5421
1247
34
2181
6984
12832
17660
19529
17182
10425
232
-11470
-22264
-29839
-32582
-29977
-22728
-12576
-1844
7160
12725
14148
11879
7345
2521
-637
-767
2517
8494
15521
21469
24314
22700
16336
6117
-6063
-17769
-26621
-30884
-29898
-24217
-15449
-5819
2414
7547
8851
6727
2558
-1711
-4152
-3397
933
8109
16449
23762
27923
27455
21945
12183
0
-12183
-21945
-27455
-27923
-23762
-16449
-8109
-933
3397
4152
1711
-2558
-6727
-8851
-7547
-2414
5819
15449
24217
29898
30884
26621
17769
6063
-6117
-16336
-22700
-24314
-21469
-15521
-8494
-2517
767
637
-2521
-7345
-11879
-14148
-12725
-7160
1844
12576
22728
29977
32582
29839
22264
11470
-232
-10425
-17182
-19529
-17660
-12832
-6984
-2181
-34
-1247
-5421
-11171
-16505
-19388
-18316
-12770
-3396
8111
19416
28115
32345
31248
25186
15642
4828
-4879
-11549
-14160
-12836
-8760
-3808
0
1082
-1252
-6594
-13527
-20005
-23915
-23656
-18608
-9335
2521
14619
24502
30196
30706
26242
18145
8522
-319
-6460
-8866
-7618
-3849
600
3737
3982
646
-5852
-14071
-21909
-27159
-28108
-24010
-15316
-3592
8851
19526
26384
28302
25354
18743
10464
2752
-2514
-4300
-2671
1259
5666
8549
8313
4250
-3235
-12682
-21937
-28700
-31136
-28359
-20682
-9567
2735
13742
21349
24343
22674
17425
10484
4008
-165
-1021
1374
5904
10733
13830
13556
9152
994
-9462
-20027
-28319
-32375
-31162
-24844
-14756
-3059
7794
15681
19319
18567
14407
8634
3339
315
560
3992
9478
15148
18917
19078
14796
6383
-4735
-16352
-26020
-31665
-32106
-27356
-18604
-7906
2345
10033
13842
13564
10104
5191
864
-1112
239
4828
11497
18328
23168
24213
20529
12336
1001
-11285
-22034
-29076
-31100
-27965
-20716
-11290
-2001
5062
8577
8298
5084
620
-3080
-4267
-1962
3740
11663
19841
26037
28341
25692
18196
7125
-5369
-16790
-24900
-28277
-26641
-20899
-12867
-4776
1338
4162
3436
0
-4477
-7987
-8761
-5799
815
9901
19450
27144
30956
29689
23309
12972
753
-10865
-19614
-23984
-23582
-19191
-12513
-5692
-712
1132
-405
-4491
-9445
-13230
-14043
-10833
-3642
6359
17140
26310
31730
32059
27112
17907
6421
-4915
-13825
-18743
-19192
-15850
-10325
-4687
-870
-141
-2735
-7801
-13633
-18147
-19468
-16476
-9144
1401
13126
23591
30552
32534
29194
21404
11021
403
-8194
-13184
-14026
-11328
-6624
-1928
863
502
-3236
-9481
-16487
-22106
-24376
-22074
-15077
-4444
7823
19258
27539
31065
29346
23105
14071
4509
-3366
-7971
-8734
-6215
-1907
2213
4261
2992
-1815
-9277
-17610
-24593
-28162
-26971
-20778
-10539
1799
13778
23024
27835
27588
22865
15268
6966
112
-3727
-3976
-1172
3208
7197
8896
7044
1397
-7159
-16810
-25264
-30353
-30594
-25607
-16221
-4293
7750
17514
23228
24159
20767
14532
7530
1855
-960
-349
3150
8059
12384
14194
12180
6054
-3321
-14119
-23990
-30662
-32519
-29025
-20870
-9796
1833
11636
17795
19501
17111
12008
6189
1685
0
1685
6189
12008
17111
19501
17795
11636
1833
-9796
-20870
-29025
-32519
-30662
-23990
-14119
-3321
6054
12180
14194
12384
8059
3150
-349
-960
1855
7530
14532
20767
24159
23228
17514
7750
-4293
-16221
-25607
-30594
-30353
-25264
-16810
-7159
1397
7044
8896
7197
3208
-1172
-3976
-3727
112
6966
15268
22865
27588
27835
23024
13778
1799
-10539
-20778
-26971
-28162
-24593
-17610
-9277
-1815
2992
4261
2213
-1907
-6215
-8734
-7971
-3366
4509
14071
23105
29346
31065
27539
19258
7823
-4444
-15077
-22074
-24376
-22106
-16487
-9481
-3236
502
863
-1928
-6624
-11328
-14026
-13184
-8194
403
11021
21404
29194
32534
30552
23591
13126
1401
-9144
-16476
-19468
-18147
-13633
-7801
-2735
-141
-870
-4687
-10325
-15850
-19192
-18743
-13825
-4915
6421
17907
27112
32059
31730
26310
17140
6359
-3642
-10833
-14043
-13230
-9445
-4491
-405
1132
-712
-5692
-12513
-19191
-23582
-23984
-19614
-10865
753
12972
23309
29689
30956
27144
19450
9901
815
-5799
-8761
-7987
-4477
0
3436
4162
1338
-4776
-12867
-20899
-26641
-28277
-24900
-16790
-5369
7125
18196
25692
28341
26037
19841
11663
3740
-1962
-4267
-3080
620
5084
8298
8577
5062
-2001
-11290
-20716
-27965
-31100
-29076
-22034
-11285
1001
12336
20529
24213
23168
18328
11497
4828
239
-1112
864
5191
10104
13564
13842
10033
2345
-7906
-18604
-27356
-32106
-31665
-26020
-16352
-4735
6383
14796
19078
18917
15148
9478
3992
560
315
3339
8634
14407
18567
19319
15681
7794
-3059
-14756
-24844
-31162
-32375
-28319
-20027
-9462
994
9152
13556
13830
10733
5904
1374
-1021
-165
4008
10484
17425
22674
24343
21349
13742
2735
-9567
-20682
-28359
-31136
-28700
-21937
-12682
-3235
4250
8313
8549
5666
1259
-2671
-4300
-2514
2752
10464
18743
25354
28302
26384
19526
8851
-3592
-15316
-24010
-28108
-27159
-21909
-14071
-5852
646
3982
3737
600
-3849
-7618
-8866
-6460
-319
8522
18145
26242
30706
30196
24502
14619
2521
-9335
-18608
-23656
-23915
-20005
-13527
-6594
-1252
1082
0
-3808
-8760
-12836
-14160
-11549
-4879
4828
15642
25186
31248
32345
28115
19416
8111
-3396
-12770
-18316
-19388
-16505
-11171
-5421
-1247
-34
-2181
-6984
-12832
-17660
-19529
-17182
-10425
-232
11470
22264
29839
32582
29977
22728
12576
1844
-7160
-12725
-14148
-11879
-7345
-2521
637
767
-2517
-8494
-15521
-21469
-24314
-22700
-16336
-6117
6063
17769
26621
30884
29898
24217
15449
5819
-2414
-7547
-8851
-6727
-2558
1711
4152
3397
-933
-8109
-16449
-23762
-27923
-27455
-21945
-12183
0
12183
21945
27455
27923
23762
16449
8109
933
-3397
-4152
-1711
2558
6727
8851
7547
2414
-5819
-15449
-24217
-29898
-30884
-26621
-17769
-6063
6117
16336
22700
24314
21469
15521
8494
2517
-767
-637
2521
7345
11879
14148
12725
7160
-1844
-12576
-22728
-29977
-32582
-29839
-22264
-11470
232
10425
17182
19529
17660
12832
6984
2181
34
1247
5421
11171
16505
19388
18316
12770
3396
-8111
-19416
-28115
-32345
-31248
-25186
-15642
-4828
4879
11549
14160
12836
8760
3808
0
-1082
1252
6594
13527
20005
23915
23656
18608
9335
-2521
-14619
-24502
-30196
-30706
-26242
-18145
-8522
319
6460
8866
7618
3849
-600
-3737
-3982
-646
5852
14071
21909
27159
28108
24010
15316
3592
-8851
-19526
-26384
-28302
-25354
-18743
-10464
-2752
2514
4300
2671
-1259
-5666
-8549
-8313
-4250
3235
12682
21937
28700
31136
28359
20682
9567
-2735
-13742
-21349
-24343
-22674
-17425
-10484
-4008
165
1021
-1374
-5904
-10733
-13830
-13556
-9152
-994
9462
20027
28319
32375
31162
24844
14756
3059
-7794
-15681
-19319
-18567
-14407
-8634
-3339
-315
-560
-3992
-9478
-15148
-18917
-19078
-14796
-6383
4735
16352
26020
31665
32106
27356
18604
7906
-2345
-10033
-13842
-13564
-10104
-5191
-864
1112
-239
-4828
-11497
-18328
-23168
-24213
-20529
-12336
-1001
11285
22034
29076
31100
27965
20716
11290
2001
-5062
-8577
-8298
-5084
-620
3080
4267
1962
-3740
-11663
-19841
-26037
-28341
-25692
-18196
-7125
5369
16790
24900
28277
26641
20899
12867
4776
-1338
-4162
-3436
0
4477
7987
8761
5799
-815
-9901
-19450
-27144
-30956
-29689
-23309
-12972
-753
10865
19614
23984
23582
19191
12513
5692
712
-1132
405
4491
9445
13230
14043
10833
3642
-6359
-17140
-26310
-31730
-32059
-27112
-17907
-6421
4915
13825
18743
19192
15850
10325
4687
870
141
2735
7801
13633
18147
19468
16476
9144
-1401
-13126
-23591
-30552
-32534
-29194
-21404
-11021
-403
8194
13184
14026
11328
6624
1928
-863
-502
3236
9481
16487
22106
24376
22074
15077
4444
-7823
-19258
-27539
-31065
-29346
-23105
-14071
-4509
3366
7971
8734
6215
1907
-2213
-4261
-2992
1815
9277
17610
24593
28162
26971
20778
10539
-1799
-13778
-23024
-27835
-27588
-22865
-15268
-6966
-112
3727
3976
1172
-3208
-7197
-8896
-7044
-1397
7159
16810
25264
30353
30594
25607
16221
4293
-7750
-17514
-23228
-24159
-20767
-14532
-7530
-1855
960
349
-3150
-8059
-12384
-14194
-12180
-6054
3321
14119
23990
30662
32519
29025
20870
9796
-1833
-11636
-17795
-19501
-17111
-12008
-6189
-1685
0
-1685
-6189
-12008
-17111
-19501
-17795
-11636
-1833
9796
20870
29025
32519
30662
23990
14119
3321
-6054
-12180
-14194
-12384
-8059
-3150
349
960
-1855
-7530
-14532
-20767
-24159
-23228
-17514
-7750
4293
16221
25607
30594
30353
25264
16810
7159
-1397
-7044
-8896
-7197
-3208
1172
3976
3727
-112
-6966
-15268
-22865
-27588
-27835
-23024
-13778
-1799
10539
20778
26971
28162
24593
17610
9277
1815
-2992
-4261
-2213
1907
6215
8734
7971
3366
-4509
-14071
-23105
-29346
-31065
-27539
-19258
-7823
4444
15077
22074
24376
22106
16487
9481
3236
-502
-863
1928
6624
11328
14026
13184
8194
-403
-11021
-21404
-29194
-32534
-30552
-23591
-13126
-1401
9144
16476
19468
18147
13633
7801
2735
141
870
4687
10325
15850
19192
18743
13825
4915
-6421
-17907
-27112
-32059
-31730
-26310
-17140
-6359
3642
10833
14043
13230
9445
4491
405
-1132
712
5692
12513
19191
23582
23984
19614
10865
-753
-12972
-23309
-29689
-30956
-27144
-19450
-9901
-815
5799
8761
7987
4477
0
-3436
-4162
-1338
4776
12867
20899
26641
28277
24900
16790
5369
-7125
-18196
-25692
-28341
-26037
-19841
-11663
-3740
1962
4267
3080
-620
-5084
-8298
-8577
-5062
2001
11290
20716
27965
31100
29076
22034
11285
-1001
-12336
-20529
-24213
-23168
-18328
-11497
-4828
-239
1112
-864
-5191
-10104
-13564
-13842
-10033
-2345
7906
18604
27356
32106
31665
26020
16352
4735
-6383
-14796
-19078
-18917
-15148
-9478
-3992
-560
-315
-3339
-8634
-14407
-18567
-19319
-15681
-7794
3059
14756
24844
31162
32375
28319
20027
9462
-994
-9152
-13556
-13830
-10733
-5904
-1374
1021
165
-4008
-10484
-17425
-22674
-24343
-21349
-13742
-2735
9567
20682
28359
31136
28700
21937
12682
3235
-4250
-8313
-8549
-5666
-1259
2671
4300
2514
-2752
-10464
-18743
-25354
-28302
-26384
-19526
-8851
3592
15316
24010
28108
27159
21909
14071
5852
-646
-3982
-3737
-600
3849
7618
8866
6460
319
-8522
-18145
-26242
-30706
-30196
-24502
-14619
-2521
9335
18608
23656
23915
20005
13527
6594
1252
-1082
0
3808
8760
12836
14160
11549
4879
-4828
-15642
-25186
-31248
-32345
-28115
-19416
-8111
3396
12770
18316
19388
16505
11171
5421
1247
34
2181
6984
12832
17660
19529
17182
10425
232
-11470
-22264
-29839
-32582
-29977
-22728
-12576
-1844
7160
12725
14148
11879
7345
2521
-637
-767
2517
8494
15521
21469
24314
22700
16336
6117
-6063
-17769
-26621
-30884
-29898
-24217
-15449
-5819
2414
7547
8851
6727
2558
-1711
-4152
-3397
933
8109
16449
23762
27923
27455
21945
12183
0
-12183
-21945
-27455
-27923
-23762
-16449
-8109
-933
3397
4152
1711
-2558
-6727
-8851
-7547
-2414
5819
15449
24217
29898
30884
26621
17769
6063
-6117
-16336
-22700
-24314
-21469
-15521
-8494
-2517
767
637
-2521
-7345
-11879
-14148
-12725
-7160
1844
12576
22728
29977
32582
29839
22264
11470
-232
-10425
-17182
-19529
-17660
-12832
-6984
-2181
-34
-1247
-5421
-11171
-16505
-19388
-18316
-12770
-3396
8111
19416
28115
32345
31248
25186
15642
4828
-4879
-11549
-14160
-12836
-8760
-3808
0
1082
-1252
-6594
-13527
-20005
-23915
-23656
-18608
-9335
2521
14619
24502
30196
30706
26242
18145
8522
-319
-6460
-8866
-7618
-3849
600
3737
3982
646
-5852
-14071
-21909
-27159
-28108
-24010
-15316
-3592
8851
19526
26384
28302
25354
18743
10464
2752
-2514
-4300
-2671
1259
5666
8549
8313
4250
-3235
-12682
-21937
-28700
-31136
-28359
-20682
-9567
2735
13742
21349
24343
22674
17425
10484
4008
-165
-1021
1374
5904
10733
13830
13556
9152
994
-9462
-20027
-28319
-32375
-31162
-24844
-14756
-3059
7794
15681
19319
18567
14407
8634
3339
315
560
3992
9478
15148
18917
19078
14796
6383
-4735
-16352
-26020
-31665
-32106
-27356
-18604
-7906
2345
10033
13842
13564
10104
5191
864
-1112
239
4828
11497
18328
23168
24213
20529
12336
1001
-11285
-22034
-29076
-31100
-27965
-20716
-11290
-2001
5062
8577
8298
5084
620
-3080
-4267
-1962
3740
11663
19841
26037
28341
25692
18196
7125
-5369
-16790
-24900
-28277
-26641
-20899
-12867
-4776
1338
4162
3436
0
-4477
-7987
-8761
-5799
815
9901
19450
27144
30956
29689
23309
12972
753
-10865
-19614
-23984
-23582
-19191
-12513
-5692
-712
1132
-405
-4491
-9445
-13230
-14043
-10833
-3642
6359
17140
26310
31730
32059
27112
17907
6421
-4915
-13825
-18743
-19192
-15850
-10325
-4687
-870
-141
-2735
-7801
-13633
-18147
-19468
-16476
-9144
1401
13126
23591
30552
32534
29194
21404
11021
403
-8194
-13184
-14026
-11328
-6624
-1928
863
502
-3236
-9481
-16487
-22106
-24376
-22074
-15077
-4444
7823
19258
27539
31065
29346
23105
14071
4509
-3366
-7971
-8734
-6215
-1907
2213
4261
2992
-1815
-9277
-17610
-24593
-28162
-26971
-20778
-10539
1799
13778
23024
27835
27588
22865
15268
6966
112
-3727
-3976
-1172
3208
7197
8896
7044
1397
-7159
-16810
-25264
-30353
-30594
-25607
-16221
-4293
7750
17514
23228
24159
20767
14532
7530
1855
-960
-349
3150
8059
12384
14194
12180
6054
-3321
-14119
-23990
-30662
-32519
-29025
-20870
-9796
1833
11636
17795
19501
17111
12008
6189
1685
0
1685
6189
12008
17111
19501
17795
11636
1833
-9796
-20870
-29025
-32519
-30662
-23990
-14119
-3321
6054
12180
14194
12384
8059
3150
-349
-960
1855
7530
14532
20767
24159
23228
17514
7750
-4293
-16221
-25607
-30594
-30353
-25264
-16810
-7159
1397
7044
8896
7197
3208
-1172
-3976
-3727
112
6966
15268
22865
27588
27835
23024
13778
1799
-10539
-20778
-26971
-28162
-24593
-17610
-9277
-1815
2992
4261
2213
-1907
-6215
-8734
-7971
-3366
4509
14071
23105
29346
31065
27539
19258
7823
-4444
-15077
-22074
-24376
-22106
-16487
-9481
-3236
502
863
-1928
-6624
-11328
-14026
-13184
-8194
403
11021
21404
29194
32534
30552
23591
13126
1401
-9144
-16476
-19468
-18147
-13633
-7801
-2735
-141
-870
-4687
-10325
-15850
-19192
-18743
-13825
-4915
6421
17907
27112
32059
31730
26310
17140
6359
-3642
-10833
-14043
-13230
-9445
-4491
-405
1132
-712
-5692
-12513
-19191
-23582
-23984
-19614
-10865
753
12972
23309
29689
30956
27144
19450
9901
815
-5799
-8761
-7987
-4477
0
3436
4162
1338
-4776
-12867
-20899
-26641
-28277
-24900
-16790
-5369
7125
18196
25692
28341
26037
19841
11663
3740
-1962
-4267
-3080
620
5084
8298
8577
5062
-2001
-11290
-20716
-27965
-31100
-29076
-22034
-11285
1001
12336
20529
24213
23168
18328
11497
4828
239
-1112
864
5191
10104
13564
13842
10033
2345
-7906
-18604
-27356
-32106
-31665
-26020
-16352
-4735
6383
14796
19078
18917
15148
9478
3992
560
315
3339
8634
14407
18567
19319
15681
7794
-3059
-14756
-24844
-31162
-32375
-28319
-20027
-9462
994
9152
13556
13830
10733
5904
1374
-1021
-165
4008
10484
17425
22674
24343
21349
13742
2735
-9567
-20682
-28359
-31136
-28700
-21937
-12682
-3235
4250
8313
8549
5666
1259
-2671
-4300
-2514
2752
10464
18743
25354
28302
26384
19526
8851
-3592
-15316
-24010
-28108
-27159
-21909
-14071
-5852
646
3982
3737
600
-3849
-7618
-8866
-6460
-319
8522
18145
26242
30706
30196
24502
14619
2521
-9335
-18608
-23656
-23915
-20005
-13527
-6594
-1252
1082
0
-3808
-8760
-12836
-14160
-11549
-4879
4828
15642
25186
31248
32345
28115
19416
8111
-3396
-12770
-18316
-19388
-16505
-11171
-5421
-1247
-34
-2181
-6984
-12832
-17660
-19529
-17182
-10425
-232
11470
22264
29839
32582
29977
22728
12576
1844
-7160
-12725
-14148
-11879
-7345
-2521
637
767
-2517
-8494
-15521
-21469
-24314
-22700
-16336
-6117
6063
17769
26621
30884
29898
24217
15449
5819
-2414
-7547
-8851
-6727
-2558
1711
4152
3397
-933
-8109
-16449
-23762
-27923
-27455
-21945
-12183
0
12183
21945
27455
27923
23762
16449
8109
933
-3397
-4152
-1711
2558
6727
8851
7547
2414
-5819
-15449
-24217
-29898
-30884
-26621
-17769
-6063
6117
16336
22700
24314
21469
15521
8494
2517
-767
-637
2521
7345
11879
14148
12725
7160
-1844
-12576
-22728
-29977
-32582
-29839
-22264
-11470
232
10425
17182
19529
17660
12832
6984
2181
34
1247
5421
11171
16505
19388
18316
12770
3396
-8111
-19416
-28115
-32345
-31248
-25186
-15642
-4828
4879
11549
14160
12836
8760
3808
0
-1082
1252
6594
13527
20005
23915
23656
18608
9335
-2521
-14619
-24502
-30196
-30706
-26242
-18145
-8522
319
6460
8866
7618
3849
-600
-3737
-3982
-646
5852
14071
21909
27159
28108
24010
15316
3592
-8851
-19526
-26384
-28302
-25354
-18743
-10464
-2752
2514
4300
2671
-1259
-5666
-8549
-8313
-4250
3235
12682
21937
28700
31136
28359
20682
9567
-2735
-13742
-21349
-24343
-22674
-17425
-10484
-4008
165
1021
-1374
-5904
-10733
-13830
-13556
-9152
-994
9462
20027
28319
32375
31162
24844
14756
3059
-7794
-15681
-19319
-18567
-14407
-8634
-3339
-315
-560
-3992
-9478
-15148
-18917
-19078
-14796
-6383
4735
16352
26020
31665
32106
27356
18604
7906
-2345
-10033
-13842
-13564
-10104
-5191
-864
1112
-239
-4828
-11497
-18328
-23168
-24213
-20529
-12336
-1001
11285
22034
29076
31100
27965
20716
11290
2001
-5062
-8577
-8298
-5084
-620
3080
4267
1962
-3740
-11663
-19841
-26037
-28341
-25692
-18196
-7125
5369
16790
24900
28277
26641
20899
12867
4776
-1338
-4162
-3436
0
4477
7987
8761
5799
-815
-9901
-19450
-27144
-30956
-29689
-23309
-12972
-753
10865
19614
23984
23582
19191
12513
5692
712
-1132
405
4491
9445
13230
14043
10833
3642
-6359
-17140
-26310
-31730
-32059
-27112
-17907
-6421
4915
13825
18743
19192
15850
10325
4687
870
141
2735
7801
13633
18147
19468
16476
9144
-1401
-13126
-23591
-30552
-32534
-29194
-21404
-11021
-403
8194
13184
14026
11328
6624
1928
-863
-502
3236
9481
16487
22106
24376
22074
15077
4444
-7823
-19258
-27539
-31065
-29346
-23105
-14071
-4509
3366
7971
8734
6215
1907
-2213
-4261
-2992
1815
9277
17610
24593
28162
26971
20778
10539
-1799
-13778
-23024
-27835
-27588
-22865
-15268
-6966
-112
3727
3976
1172
-3208
-7197
-8896
-7044
-1397
7159
16810
25264
30353
30594
25607
16221
4293
-7750
-17514
-23228
-24159
-20767
-14532
-7530
-1855
960
349
-3150
-8059
-12384
-14194
-12180
-6054
3321
14119
23990
30662
32519
29025
20870
9796
-1833
-11636
-17795
-19501
-17111
-12008
-6189
-1685
0
-1685
-6189
-12008
-17111
-19501
-17795
-11636
-1833
9796
20870
29025
32519
30662
23990
14119
3321
-6054
-12180
-14194
-12384
-8059
-3150
349
960
-1855
-7530
-14532
-20767
-24159
-23228
-17514
-7750
4293
16221
25607
30594
30353
25264
16810
7159
-1397
-7044
-8896
-7197
-3208
1172
3976
3727
-112
-6966
-15268
-22865
-27588
-27835
-23024
-13778
-1799
10539
20778
26971
28162
24593
17610
9277
1815
-2992
-4261
-2213
1907
6215
8734
7971
3366
-4509
-14071
-23105
-29346
-31065
-27539
-19258
-7823
4444
15077
22074
24376
22106
16487
9481
3236
-502
-863
1928
6624
11328
14026
13184
8194
-403
-11021
-21404
-29194
-32534
-30552
-23591
-13126
-1401
9144
16476
19468
18147
13633
7801
2735
141
870
4687
10325
15850
19192
18743
13825
4915
-6421
-17907
-27112
-32059
-31730
-26310
-17140
-6359
3642
10833
14043
13230
9445
4491
405
-1132
712
5692
12513
19191
23582
23984
19614
10865
-753
-12972
-23309
-29689
-30956
-27144
-19450
-9901
-815
5799
8761
7987
4477
0
-3436
-4162
-1338
4776
12867
20899
26641
28277
24900
16790
5369
-7125
-18196
-25692
-28341
-26037
-19841
-11663
-3740
1962
4267
3080
-620
-5084
-8298
-8577
-5062
2001
11290
20716
27965
31100
29076
22034
11285
-1001
-12336
-20529
-24213
-23168
-18328
-11497
-4828
-239
1112
-864
-5191
-10104
-13564
-13842
-10033
-2345
7906
18604
27356
32106
31665
26020
16352
4735
-6383
-14796
-19078
-18917
-15148
-9478
-3992
-560
-315
-3339
-8634
-14407
-18567
-19319
-15681
-7794
3059
14756
24844
31162
32375
28319
20027
9462
-994
-9152
-13556
-13830
-10733
-5904
-1374
1021
165
-4008
-10484
-17425
-22674
-24343
-21349
-13742
-2735
9567
20682
28359
31136
28700
21937
12682
3235
-4250
-8313
-8549
-5666
-1259
2671
4300
2514
-2752
-10464
-18743
-25354
-28302
-26384
-19526
-8851
3592
15316
24010
28108
27159
21909
14071
5852
-646
-3982
-3737
-600
3849
7618
8866
6460
319
-8522
-18145
-26242
-30706
-30196
-24502
-14619
-2521
9335
18608
23656
23915
20005
13527
6594
1252
-1082
0
3808
8760
12836
14160
11549
4879
-4828
-15642
-25186
-31248
-32345
-28115
-19416
-8111
3396
12770
18316
19388
16505
11171
5421
1247
34
2181
6984
12832
17660
19529
17182
10425
232
-11470
-22264
-29839
-32582
-29977
-22728
-12576
-1844
7160
12725
14148
11879
7345
2521
-637
-767
2517
8494
15521
21469
24314
22700
16336
6117
-6063
-17769
-26621
-30884
-29898
-24217
-15449
-5819
2414
7547
8851
6727
2558
-1711
-4152
-3397
933
8109
16449
23762
27923
27455
21945
12183
0
-12183
-21945
-27455
-27923
-23762
-16449
-8109
-933
3397
4152
1711
-2558
-6727
-8851
-7547
-2414
5819
15449
24217
29898
30884
26621
17769
6063
-6117
-16336
-22700
-24314
-21469
-15521
-8494
-2517
767
637
-2521
-7345
-11879
-14148
-12725
-7160
1844
12576
22728
29977
32582
29839
22264
11470
-232
-10425
-17182
-19529
-17660
-12832
-6984
-2181
-34
-1247
-5421
-11171
-16505
-19388
-18316
-12770
-3396
8111
19416
28115
32345
31248
25186
15642
4828
-4879
-11549
-14160
-12836
-8760
-3808
0
1082
-1252
-6594
-13527
-20005
-23915
-23656
-18608
-9335
2521
14619
24502
30196
30706
26242
18145
8522
-319
-6460
-8866
-7618
-3849
600
3737
3982
646
-5852
-14071
-21909
-27159
-28108
-24010
-15316
-3592
8851
19526
26384
28302
25354
18743
10464
2752
-2514
-4300
-2671
1259
5666
8549
8313
4250
-3235
-12682
-21937
-28700
-31136
-28359
-20682
-9567
2735
13742
21349
24343
22674
17425
10484
4008
-165
-1021
1374
5904
10733
13830
13556
9152
994
-9462
-20027
-28319
-32375
-31162
-24844
-14756
-3059
7794
15681
19319
18567
14407
8634
3339
315
560
3992
9478
15148
18917
19078
14796
6383
-4735
-16352
-26020
-31665
-32106
-27356
-18604
-7906
2345
10033
13842
13564
10104
5191
864
-1112
239
4828
11497
18328
23168
24213
20529
12336
1001
-11285
-22034
-29076
-31100
-27965
-20716
-11290
-2001
5062
8577
8298
5084
620
-3080
-4267
-1962
3740
11663
19841
26037
28341
25692
18196
7125
-5369
-16790
-24900
-28277
-26641
-20899
-12867
-4776
1338
4162
3436
0
-4477
-7987
-8761
-5799
815
9901
19450
27144
30956
29689
23309
12972
753
-10865
-19614
-23984
-23582
-19191
-12513
-5692
-712
1132
-405
-4491
-9445
-13230
-14043
-10833
-3642
6359
17140
26310
31730
32059
27112
17907
6421
-4915
-13825
-18743
-19192
-15850
-10325
-4687
-870
-141
-2735
-7801
-13633
-18147
-19468
-16476
-9144
1401
13126
23591
30552
32534
29194
21404
11021
403
-8194
-13184
-14026
-11328
-6624
-1928
863
502
-3236
-9481
-16487
-22106
-24376
-22074
-15077
-4444
7823
19258
27539
31065
29346
23105
14071
4509
-3366
-7971
-8734
-6215
-1907
2213
4261
2992
-1815
-9277
-17610
-24593
-28162
-26971
-20778
-10539
1799
13778
23024
27835
27588
22865
15268
6966
112
-3727
-3976
-1172
3208
7197
8896
7044
1397
-7159
-16810
-25264
-30353
-30594
-25607
-16221
-4293
7750
17514
23228
24159
20767
14532
7530
1855
-960
-349
3150
8059
12384
14194
12180
6054
-3321
-14119
-23990
-30662
-32519
-29025
-20870
-9796
1833
11636
17795
19501
17111
12008
6189
1685
0
1685
6189
12008
17111
19501
17795
11636
1833
-9796
-20870
-29025
-32519
-30662
-23990
-14119
-3321
6054
12180
14194
12384
8059
3150
-349
-960
1855
7530
14532
20767
24159
23228
17514
7750
-4293
-16221
-25607
-30594
-30353
-25264
-16810
-7159
1397
7044
8896
7197
3208
-1172
-3976
-3727
112
6966
15268
22865
27588
27835
23024
13778
1799
-10539
-20778
-26971
-28162
-24593
-17610
-9277
-1815
2992
4261
2213
-1907
-6215
-8734
-7971
-3366
4509
14071
23105
29346
31065
27539
19258
7823
-4444
-15077
-22074
-24376
-22106
-16487
-9481
-3236
502
863
-1928
-6624
-11328
-14026
-13184
-8194
403
11021
21404
29194
32534
30552
23591
13126
1401
-9144
-16476
-19468
-18147
-13633
-7801
-2735
-141
-870
-4687
-10325
-15850
-19192
-18743
-13825
-4915
6421
17907
27112
32059
31730
26310
17140
6359
-3642
-10833
-14043
-13230
-9445
-4491
-405
1132
-712
-5692
-12513
-19191
-23582
-23984
-19614
-10865
753
12972
23309
29689
30956
27144
19450
9901
815
-5799
-8761
-7987
-4477
0
3436
4162
1338
-4776
-12867
-20899
-26641
-28277
-24900
-16790
-5369
7125
18196
25692
28341
26037
19841
11663
3740
-1962
-4267
-3080
620
5084
8298
8577
5062
-2001
-11290
-20716
-27965
-31100
-29076
-22034
-11285
1001
12336
20529
24213
23168
18328
11497
4828
239
-1112
864
5191
10104
13564
13842
10033
2345
-7906
-18604
-27356
-32106
-31665
-26020
-16352
-4735
6383
14796
19078
18917
15148
9478
3992
560
315
3339
8634
14407
18567
19319
15681
7794
-3059
-14756
-24844
-31162
-32375
-28319
-20027
-9462
994
9152
13556
13830
10733
5904
1374
-1021
-165
4008
10484
17425
22674
24343
21349
13742
2735
-9567
-20682
-28359
-31136
-28700
-21937
-12682
-3235
4250
8313
8549
5666
1259
-2671
-4300
-2514
2752
10464
18743
25354
28302
26384
19526
8851
-3592
-15316
-24010
-28108
-27159
-21909
-14071
-5852
646
3982
3737
600
-3849
-7618
-8866
-6460
-319
8522
18145
26242
30706
30196
24502
14619
2521
-9335
-18608
-23656
-23915
-20005
-13527
-6594
-1252
1082
0
-3808
-8760
-12836
-14160
-11549
-4879
4828
15642
25186
31248
32345
28115
19416
8111
-3396
-12770
-18316
-19388
-16505
-11171
-5421
-1247
-34
-2181
-6984
-12832
-17660
-19529
-17182
-10425
-232
11470
22264
29839
32582
29977
22728
12576
1844
-7160
-12725
-14148
-11879
-7345
-2521
637
767
-2517
-8494
-15521
-21469
-24314
-22700
-16336
-6117
6063
17769
26621
30884
29898
24217
15449
5819
-2414
-7547
-8851
-6727
-2558
1711
4152
3397
-933
-8109
-16449
-23762
-27923
-27455
-21945
-12183
0
12183
21945
27455
27923
23762
16449
8109
933
-3397
-4152
-1711
2558
6727
8851
7547
2414
-5819
-15449
-24217
-29898
-30884
-26621
-17769
-6063
6117
16336
22700
24314
21469
15521
8494
2517
-767
-637
2521
7345
11879
14148
12725
7160
-1844
-12576
-22728
-29977
-32582
-29839
-22264
-11470
232
10425
17182
19529
17660
12832
6984
2181
34
1247
5421
11171
16505
19388
18316
12770
3396
-8111
-19416
-28115
-32345
-31248
-25186
-15642
-4828
4879
11549
14160
12836
8760
3808
0
-1082
1252
6594
13527
20005
23915
23656
18608
9335
-2521
-14619
-24502
-30196
-30706
-26242
-18145
-8522
319
6460
8866
7618
3849
-600
-3737
-3982
-646
5852
14071
21909
27159
28108
24010
15316
3592
-8851
-19526
-26384
-28302
-25354
-18743
-10464
-2752
2514
4300
2671
-1259
-5666
-8549
-8313
-4250
3235
12682
21937
28700
31136
28359
20682
9567
-2735
-13742
-21349
-24343
-22674
-17425
-10484
-4008
165
1021
-1374
-5904
-10733
-13830
-13556
-9152
-994
9462
20027
28319
32375
31162
24844
14756
3059
-7794
-15681
-19319
-18567
-14407
-8634
-3339
-315
-560
-3992
-9478
-15148
-18917
-19078
-14796
-6383
4735
16352
26020
31665
32106
27356
18604
7906
-2345
-10033
-13842
-13564
-10104
-5191
-864
1112
-239
-4828
-11497
-18328
-23168
-24213
-20529
-12336
-1001
11285
22034
29076
31100
27965
20716
11290
2001
-5062
-8577
-8298
-5084
-620
3080
4267
1962
-3740
-11663
-19841
-26037
-28341
-25692
-18196
-7125
5369
16790
24900
28277
26641
20899
12867
4776
-1338
-4162
-3436
0
4477
7987
8761
5799
-815
-9901
-19450
-27144
-30956
-29689
-23309
-12972
-753
10865
19614
23984
23582
19191
12513
5692
712
-1132
405
4491
9445
13230
14043
10833
3642
-6359
-17140
-26310
-31730
-32059
-27112
-17907
-6421
4915
13825
18743
19192
15850
10325
4687
870
141
2735
7801
13633
18147
19468
16476
9144
-1401
-13126
-23591
-30552
-32534
-29194
-21404
-11021
-403
8194
13184
14026
11328
6624
1928
-863
-502
3236
9481
16487
22106
24376
22074
15077
4444
-7823
-19258
-27539
-31065
-29346
-23105
-14071
-4509
3366
7971
8734
6215
1907
-2213
-4261
-2992
1815
9277
17610
24593
28162
26971
20778
10539
-1799
-13778
-23024
-27835
-27588
-22865
-15268
-6966
-112
3727
3976
1172
-3208
-7197
-8896
-7044
-1397
7159
16810
25264
30353
30594
25607
16221
4293
-7750
-17514
-23228
-24159
-20767
-14532
-7530
-1855
960
349
-3150
-8059
-12384
-14194
-12180
-6054
3321
14119
23990
30662
32519
29025
20870
9796
-1833
-11636
-17795
-19501
-17111
-12008
-6189
-1685
0
-1685
-6189
-12008
-17111
-19501
-17795
-11636
-1833
9796
20870
29025
32519
30662
23990
14119
3321
-6054
-12180
-14194
-12384
-8059
-3150
349
960
-1855
-7530
-14532
-20767
-24159
-23228
-17514
-7750
4293
16221
25607
30594
30353
25264
16810
7159
-1397
-7044
-8896
-7197
-3208
1172
3976
3727
-112
-6966
-15268
-22865
-27588
-27835
-23024
-13778
-1799
10539
20778
26971
28162
24593
17610
9277
1815
-2992
-4261
-2213
1907
6215
8734
7971
3366
-4509
-14071
-23105
-29346
-31065
-27539
-19258
-7823
4444
15077
22074
24376
22106
16487
9481
3236
-502
-863
1928
6624
11328
14026
13184
8194
-403
-11021
-21404
-29194
-32534
-30552
-23591
-13126
-1401
9144
16476
19468
18147
13633
7801
2735
141
870
4687
10325
15850
19192
18743
13825
4915
-6421
-17907
-27112
-32059
-31730
-26310
-17140
-6359
3642
10833
14043
13230
9445
4491
405
-1132
712
5692
12513
19191
23582
23984
19614
10865
-753
-12972
-23309
-29689
-30956
-27144
-19450
-9901
-815
5799
8761
7987
4477
0
-3436
-4162
-1338
4776
12867
20899
26641
28277
24900
16790
5369
-7125
-18196
-25692
-28341
-26037
-19841
-11663
-3740
1962
4267
3080
-620
-5084
-8298
-8577
-5062
2001
11290
20716
27965
31100
29076
22034
11285
-1001
-12336
-20529
-24213
-23168
-18328
-11497
-4828
-239
1112
-864
-5191
-10104
-13564
-13842
-10033
-2345
7906
18604
27356
32106
31665
26020
16352
4735
-6383
-14796
-19078
-18917
-15148
-9478
-3992
-560
-315
-3339
-8634
-14407
-18567
-19319
-15681
-7794
3059
14756
24844
