0
4278
8485
12550
16402
19973
23203
26035
28419
30314
31684
32507
32766
32456
31581
30156
28203
25758
22860
19561
15917
11991
7852
3573
-771
-5106
-9352
-13436
-17284
-20829
-24006
-26759
-29038
-30801
-32015
-32660
-32720
-32196
-31094
-29434
-27244
-24563
-21439
-17925
-14087
-9991
-5712
-1327
3083
7441
11667
15683
19415
22796
25762
28259
30239
31667
32514
32764
32412
31462
29931
27847
25247
22178
18696
14865
10755
6443
2009
-2465
-6896
-11201
-15299
-19113
-22570
-25606
-28162
-30190
-31650
-32514
-32764
-32394
-31411
-29832
-27686
-25012
-21861
-18292
-14372
-10175
-5781
-1274
3259
7733
12062
16161
19951
23359
26318
28771
30668
31973
32659
32711
32127
30919
29107
26727
23823
20452
16679
12577
8226
3711
-879
-5455
-9926
-14204
-18204
-21846
-25058
-27775
-29942
-31516
-32464
-32766
-32415
-31417
-29790
-27567
-24790
-21514
-17805
-13736
-9388
-4849
-209
4437
8997
13377
17489
21248
24578
27411
29687
31359
32393
32765
32468
31507
29899
27676
24884
21579
17828
13707
9301
4700
0
-4703
-9311
-13729
-17864
-21629
-24947
-27746
-29968
-31566
-32503
-32761
-32332
-31225
-29460
-27076
-24119
-20653
-16748
-12488
-7961
-3263
1506
6246
10856
15238
19298
22949
26112
28719
30713
32051
32702
32651
31900
30461
28366
25658
22395
18646
14492
10022
5332
524
-4298
-9029
-13567
-17811
-21669
-25055
-27896
-30127
-31699
-32577
-32739
-32182
-30916
-28967
-26379
-23206
-19519
-15397
-10932
-6222
-1372
3511
8320
12945
17284
21240
24723
27655
29968
31611
32545
32748
32214
30954
28995
26381
23169
19431
15252
10724
5950
1038
-3899
-8751
-13405
-17757
-21705
-25159
-28038
-30277
-31822
-32637
-32702
-32014
-30588
-28456
-25665
-22280
-18377
-14047
-9388
-4509
477
5455
10308
14924
19194
23018
26305
28979
30974
32243
32756
32498
31476
29711
27244
24133
20449
16280
11722
6884
1880
-3170
-8148
-12935
-17416
-21484
-25041
-28000
-30291
-31856
-32659
-32677
-31909
-30373
-28105
-25157
-21600
-17520
-13013
-8189
-3163
1941
7001
11893
16499
20705
24407
27516
29953
31659
32589
32721
32049
30590
28377
25463
21921
17836
13307
8448
3377
-1780
-6896
-11843
-16499
-20746
-24479
-27603
-30040
-31727
-32621
-32699
-31957
-30413
-28105
-25088
-21439
-17247
-12618
-7668
-2522
2689
7836
12787
17416
21605
25247
28248
30530
32035
32723
32574
31592
29801
27244
23987
20112
15718
10917
5832
595
-4660
-9798
-14685
-19194
-23208
-26622
-29345
-31307
-32455
-32757
-32206
-30813
-28614
-25665
-22043
-17841
-13169
-8148
-2911
2405
7661
12717
17440
21705
25397
28419
30689
32146
32750
32483
31352
29385
26633
23169
19084
14487
9500
4255
-1105
-6439
-11603
-16457
-20870
-24723
-27911
-30346
-31961
-32712
-32578
-31559
-29684
-27001
-23582
-19519
-14922
-9916
-4636
771
6162
11386
16301
20770
24671
27896
30354
31977
32719
32558
31498
29565
26813
23317
19172
14492
9407
4058
-1405
-6833
-12073
-16978
-21411
-25247
-28377
-30713
-32188
-32760
-32410
-31148
-29007
-26047
-22351
-18021
-13179
-7961
-2516
3003
8440
13640
18454
22745
26389
29282
31340
32503
32737
32033
30409
27913
24613
20604
16000
10932
5547
0
-5550
-10942
-16021
-20637
-24657
-27963
-30458
-32068
-32745
-32468
-31244
-29107
-26118
-22364
-17952
-13013
-7689
-2137
3479
8997
14252
19090
23367
26955
29748
31662
32640
32650
31691
29790
27003
23411
19119
14256
8965
3403
-2262
-7862
-13230
-18204
-22633
-26385
-29345
-31423
-32556
-32707
-31871
-30072
-27362
-23823
-19561
-14703
-9397
-3803
1908
7565
12994
18030
22517
26318
29316
31419
32559
32702
31841
30001
27238
23635
19302
14372
8996
3339
-2422
-8112
-13553
-18577
-23026
-26761
-29667
-31650
-32648
-32629
-31591
-29565
-26615
-22829
-18327
-13249
-7752
-2009
3799
9491
14886
19815
24120
27666
30338
32052
32751
32412
31044
28690
25423
21345
16586
11295
5642
-193
-6025
-11667
-16938
-21669
-25706
-28920
-31206
-32489
-32726
-31909
-30063
-27244
-23544
-19081
-13998
-8460
-2644
3259
9060
14569
19606
24006
27626
30346
32075
32756
32366
30916
28451
25051
20827
15917
10480
4696
-1244
-7147
-12817
-18065
-22719
-26622
-29644
-31684
-32674
-32578
-31398
-29173
-25975
-21909
-17110
-11737
-5969
0
5972
11747
17130
21941
26016
29217
31436
32596
32657
31615
29504
26395
22390
17625
12260
6476
470
-5554
-11392
-16845
-21726
-25867
-29127
-31393
-32585
-32662
-31619
-29491
-26349
-22301
-17483
-12062
-6222
-166
5898
11762
17222
22088
26191
29387
31566
32648
32597
31411
29131
25835
21636
16679
11138
5205
-912
-7001
-12847
-18244
-23003
-26955
-29960
-31912
-32739
-32412
-30940
-28374
-24803
-20353
-15179
-9465
-3413
2763
8843
14612
19863
24407
28083
30758
32334
32755
32003
30103
27124
23169
18381
12929
7010
836
-5370
-11386
-16993
-21989
-26191
-29446
-31636
-32680
-32538
-31214
-28754
-25247
-20819
-15630
-9868
-3744
2518
8692
14551
19879
24480
28184
30855
32393
32739
31880
29845
26709
22585
17625
12011
5950
-333
-6607
-12639
-18204
-23094
-27128
-30152
-32055
-32763
-32248
-30528
-27666
-23767
-18976
-13473
-7461
-1167
5173
11322
17047
22132
26385
29644
31785
32724
32427
30901
28203
24435
19738
14288
8294
1981
-4409
-10635
-16457
-21654
-26025
-29402
-31656
-32697
-32485
-31027
-28377
-24634
-19943
-14481
-8460
-2109
4324
10594
16457
21686
26077
29459
31699
32710
32451
30929
28203
24378
19601
14056
7961
1552
-4919
-11201
-17047
-22227
-26537
-29806
-31906
-32751
-32307
-30590
-27666
-23648
-18696
-13002
-6791
-309
6187
12441
18204
23246
27366
30398
32222
32762
31995
29951
26709
22398
17189
11289
4935
-1619
-8112
-14281
-19879
-24678
-28486
-31147
-32552
-32643
-31416
-28917
-25247
-20553
-15023
-8882
-2378
4225
10659
16662
21989
26421
29777
31918
32756
32254
30432
27362
23169
18024
12137
5748
-879
-7473
-13762
-19485
-24407
-28323
-31070
-32533
-32650
-31414
-28875
-25136
-20353
-14721
-8475
-1874
4807
11292
17307
22602
26955
30182
32146
32765
32010
29911
26556
22083
16679
10571
4016
-2711
-9326
-15551
-21121
-25799
-29387
-31732
-32732
-32344
-30582
-27520
-23286
-18060
-12062
-5547
1206
7911
14280
20041
24947
28786
31393
32653
32513
30975
28105
24024
18906
12972
6476
-301
-7069
-13534
-19415
-24458
-28443
-31196
-32596
-32580
-31148
-28360
-24336
-19250
-13322
-6811
0
6813
13332
19269
24364
28393
31178
32594
32578
31129
28309
24241
19103
13120
6555
-301
-7147
-13680
-19609
-24671
-28641
-31340
-32648
-32505
-30916
-27948
-23735
-18460
-12360
-5706
1206
8067
14569
20421
25359
29162
31656
32728
32328
30473
27244
22786
17298
11027
4255
-2711
-9557
-15974
-21669
-26383
-29901
-32062
-32766
-31979
-29736
-26137
-21345
-15577
-9095
-2195
4807
11593
17850
23291
27666
30771
32464
32665
31362
28614
24546
19345
13249
6538
-477
-7473
-14125
-20126
-25196
-29098
-31650
-32732
-32292
-30349
-26991
-22374
-16712
-10266
-3339
3746
10659
17076
22694
27251
30530
32377
32702
31489
28793
24740
19519
13375
6597
-494
-7565
-14281
-20323
-25404
-29282
-31772
-32753
-32178
-30072
-26533
-21729
-15887
-9285
-2238
4919
11843
18204
23695
28052
31066
32589
32548
30942
27847
23411
17845
11416
4435
-2763
-9830
-16425
-22227
-26955
-30378
-32330
-32713
-31507
-28769
-24631
-19293
-13013
-6096
1120
8285
15047
21076
26077
29802
32068
32763
31850
29372
25451
20276
14101
7230
0
-7232
-14111
-20295
-25478
-29402
-31872
-32764
-32033
-29711
-25913
-20827
-14703
-7845
-595
6688
13640
19914
25196
29220
31785
32759
32093
29819
26047
20967
14832
7950
664
-6656
-13645
-19948
-25247
-29273
-31822
-32763
-32046
-29706
-25861
-20703
-14492
-7543
-209
7138
14125
20396
25629
29557
31977
32766
31880
29363
25342
20022
13674
6622
-771
-8129
-15071
-21240
-26318
-30042
-32219
-32734
-31559
-28754
-24461
-18901
-12360
-5177
2276
9615
16457
22447
27271
30678
32489
32608
31026
27825
23169
17302
10527
3199
-4298
-11573
-18244
-23960
-28419
-31387
-32705
-32302
-30198
-26501
-21406
-15179
-8148
-684
6817
13962
20369
25700
29668
32064
32757
31710
28975
24698
19103
12488
5205
-2358
-9798
-16717
-22745
-27557
-30894
-32577
-32513
-30703
-27244
-22319
-16192
-9191
-1693
5898
13175
19743
25247
29388
31941
32765
31816
29141
24884
19276
12618
5272
-2362
-9871
-16845
-22903
-27714
-31014
-32621
-32445
-30495
-26875
-21781
-15492
-8351
-749
6896
14165
20658
26016
29942
32220
32721
31417
28377
23767
17841
10926
3403
-4310
-11787
-18613
-24407
-28847
-31684
-32759
-32010
-29476
-25298
-19707
-13013
-5590
2148
9769
16845
22980
27828
31116
32659
32366
30254
26438
21133
14635
7310
-430
-8148
-15409
-21801
-26962
-30598
-32502
-32563
-30778
-27244
-22162
-15818
-8572
-836
6950
14343
20920
26305
30190
32350
32661
31103
27762
22829
16586
9388
1649
-6187
-13670
-20369
-25898
-29936
-32249
-32702
-31267
-28024
-23161
-16955
-9766
-2009
5867
13405
20168
25762
29860
32222
32709
31291
28049
23169
16936
9711
1916
-5992
-13553
-20323
-25904
-29968
-32275
-32687
-31179
-27837
-22855
-16527
-9222
-1372
6562
14111
20829
26318
30252
32397
32623
30916
27374
22206
15718
8294
373
-7571
-15067
-21669
-26980
-30683
-32556
-32483
-30469
-26631
-21197
-14492
-6916
1077
9009
16402
22811
27851
31216
32702
32218
29790
25564
19793
12824
5078
-2978
-10856
-18080
-24210
-28873
-31785
-32766
-31757
-28816
-24119
-17952
-10689
-2772
5316
13083
20053
25799
29968
32304
32662
31017
27469
22233
15630
8064
0
-8067
-15639
-22251
-27492
-31038
-32669
-32282
-29899
-25665
-19840
-12785
-4935
3223
11185
18454
24578
29176
31960
32754
31507
28295
23317
16881
9388
1306
-6859
-14599
-21426
-26913
-30713
-32587
-32415
-30206
-26096
-20343
-13307
-5431
2789
10837
18204
24423
29100
31937
32755
31498
28244
23199
16679
9099
938
-7285
-15047
-21854
-27271
-30951
-32659
-32282
-29844
-25497
-19519
-12290
-4271
4023
12062
19330
25359
29762
32252
32670
30984
27303
21861
15008
7184
-1105
-9326
-16947
-23474
-28484
-31650
-32766
-31757
-28687
-23753
-17274
-9670
-1435
6896
14781
21705
27215
30951
32666
32248
29720
25247
19119
11737
3583
-4807
-12886
-20121
-26035
-30239
-32455
-32534
-30469
-26395
-20578
-13400
-5336
3083
11302
18775
25007
29584
32200
32681
30992
27244
21684
14679
6695
-1736
-10055
-17706
-24178
-29038
-31959
-32744
-31340
-27837
-22468
-15592
-7668
771
9163
16942
23583
28641
31772
32764
31548
28203
22955
16155
8261
-193
-8637
-16499
-23246
-28419
-31667
-32766
-31641
-28366
-23161
-16378
-8479
0
8482
16388
23178
28387
31659
32766
31633
28334
23092
16267
8323
-193
-8699
-16610
-23382
-28547
-31748
-32764
-31521
-28105
-22748
-15818
-7793
771
9287
17161
23850
28887
31923
32744
31292
27666
22114
15023
6884
-1736
-10238
-18030
-24565
-29387
-32158
-32681
-30919
-26991
-21173
-13868
-5590
3083
11543
19194
25499
30012
32414
32534
30361
26047
19895
12336
3903
-4807
-13181
-20625
-26610
-30711
-32637
-32248
-29569
-24790
-18247
-10405
-1820
6896
15124
22277
27843
31423
32760
31757
28483
23169
16196
8060
-655
-9326
-17331
-24094
-29127
-32068
-32703
-30984
-27033
-21133
-13707
-5289
3511
12062
19743
25999
30374
32552
32371
29844
25150
18630
10754
2094
-6719
-15047
-22282
-27896
-31478
-32765
-31661
-28244
-22763
-15616
-7324
1506
10228
18204
24847
29668
32313
32585
30461
26096
19809
12062
3423
-5469
-13962
-21426
-27310
-31178
-32740
-31881
-28661
-23317
-16242
-7961
912
9721
17811
24578
29519
32265
32608
30520
26157
19840
12041
3339
-5613
-14150
-21629
-27492
-31296
-32755
-31758
-28377
-22863
-15630
-7219
1736
10564
18599
25234
29968
32443
32468
30041
25342
18725
10689
1842
-7147
-15598
-22868
-28404
-31785
-32751
-31227
-27327
-21345
-13736
-5078
3969
12717
20496
26712
30887
32702
32014
28875
23522
16364
7950
-1077
-10024
-18204
-24986
-29848
-32414
-32483
-30050
-25298
-18593
-10451
-1499
7571
16058
23305
28750
31969
32711
30916
26720
20449
12587
3744
-5391
-14111
-21734
-27666
-31442
-32766
-31533
-27837
-21964
-14372
-5653
3510
12401
20323
26654
30894
32710
31957
28692
23169
15822
7226
-1941
-10958
-19113
-25762
-30378
-32596
-32237
-29328
-24096
-16955
-8469
691
9799
18132
25028
29936
32465
32412
29778
24772
17791
9388
234
-8940
-17404
-24479
-29598
-32350
-32513
-30072
-25219
-18342
-9991
-836
8388
16942
24135
29387
32275
32563
30226
25451
18620
10283
1113
-8148
-16754
-24006
-29316
-32252
-32574
-30254
-25477
-18630
-10266
-1066
8222
16845
24098
29390
32286
32549
30156
25298
18372
9941
695
-8610
-17213
-24407
-29603
-32371
-32482
-29925
-24908
-17841
-9305
0
9307
17850
24924
29942
32491
32356
29546
24293
17028
8351
-1019
-10308
-18745
-25629
-30386
-32621
-32145
-28995
-23432
-15917
-7073
2362
11603
19879
26497
30903
32728
31816
28241
22301
14491
5464
-4023
-13175
-21224
-27492
-31451
-32766
-31324
-27244
-20868
-12732
-3519
5992
15001
22745
28568
31977
32682
30619
25962
19103
10622
1238
-8253
-17047
-24394
-29668
-32420
-32412
-29643
-24347
-16973
-8148
1373
10781
19269
26112
30723
32705
31886
28334
22351
14449
5304
-4298
-13534
-21608
-27826
-31650
-32749
-31026
-26627
-19930
-11510
-2094
7504
16457
23989
29446
32355
32460
29752
24461
17046
8148
-1459
-10942
-19477
-26318
-30870
-32732
-31742
-27983
-21780
-13674
-4371
5316
14541
22496
28484
31977
32669
30495
25645
18541
9807
209
-9410
-18204
-25397
-30356
-32640
-32046
-28625
-22675
-14721
-5464
4278
13645
21806
28038
31787
32719
30748
26047
19032
10324
695
-8997
-17892
-25196
-30256
-32621
-32077
-28669
-22701
-14703
-5389
4409
13816
21989
28193
31872
32694
30582
25725
18555
9715
0
-9718
-18563
-25739
-30598
-32699
-31850
-28126
-21861
-13619
-4144
5708
15047
23026
28920
32194
32549
29951
24631
17073
7961
-1876
-11547
-20168
-26955
-31287
-32766
-31257
-26894
-20073
-11416
-1713
8148
17267
24807
30076
32589
32113
28690
22632
14492
5018
-4919
-14407
-22570
-28657
-32104
-32591
-30072
-24775
-17189
-8012
1907
11653
20323
27113
31393
32763
31094
26539
19519
10683
852
-9060
-18132
-25519
-30530
-32697
-31816
-27965
-21503
-13031
-3339
6667
16052
23938
29584
32459
32292
29097
23169
15065
5543
-4501
-14125
-22423
-28612
-32108
-32578
-29977
-24546
-16798
-7461
2582
12385
21019
27666
31694
32721
30647
25665
18247
9095
-923
-10856
-19760
-26786
-31264
-32766
-31146
-26556
-19431
-10451
-470
9557
18675
26008
30855
32749
31507
27244
20368
11537
1595
-8501
-17784
-25359
-30497
-32702
-31758
-27754
-21074
-12360
-2451
7696
17103
24860
30215
32648
31922
28105
21563
12929
3039
-7147
-16643
-24525
-30025
-32607
-32016
-28309
-21844
-13249
-3359
6859
16412
24364
29939
32588
32050
28377
21924
13322
3413
-6833
-16412
-24382
-29960
-32596
-32028
-28309
-21804
-13150
-3199
7069
16643
24578
30089
32630
31946
28105
21482
12732
2719
-7565
-17103
-24947
-30318
-32680
-31797
-27754
-20951
-12062
-1970
8320
17784
25478
30633
32732
31565
27244
20200
11134
952
-9326
-18675
-26154
-31014
-32765
-31228
-26556
-19215
-9941
333
10578
19760
26955
31436
32749
30759
25665
17979
8475
-1887
-12062
-21019
-27851
-31864
-32650
-30126
-24546
-16475
-6728
3703
13762
22423
28806
32258
32427
29291
23169
14683
4696
-5772
-15653
-23938
-29777
-32571
-32033
-28214
-21503
-12587
-2378
8077
17706
25519
30711
32748
31416
26850
19519
10175
-219
-10594
-19879
-27113
-31549
-32726
-30520
-25157
-17189
-7439
3083
13289
22119
28657
32222
32441
29289
23092
14492
4381
-6187
-16114
-24364
-30076
-32652
-31820
-27666
-20619
-11416
-1017
9491
19008
26537
31287
32757
30792
25595
17709
7961
-2625
-12939
-21894
-28547
-32194
-32451
-29286
-23032
-14346
-4144
6498
16457
24678
30291
32699
31644
27238
19943
10531
0
-10533
-19951
-27251
-31656
-32694
-30254
-24592
-16309
-6286
4409
14637
23305
29487
32519
32077
28203
21312
12137
1660
-8997
-18692
-26385
-31248
-32757
-30748
-25434
-17383
-7461
3266
13645
22556
29038
32390
32248
28625
21909
12824
2351
-8378
-18204
-26061
-31098
-32765
-30880
-25645
-17625
-7689
3083
13524
22496
29023
32393
32235
28565
21780
12618
2077
-8692
-18516
-26318
-31245
-32755
-30681
-25247
-17046
-6975
3863
14280
23132
29446
32527
32033
28015
20915
11510
836
-9932
-19609
-27125
-31650
-32682
-30103
-24198
-15616
-5304
5596
15880
24407
30232
32705
31550
26894
19250
9465
-1373
-12062
-21411
-28379
-32188
-32412
-29022
-22395
-13267
-2656
8253
18244
26197
31222
32754
30619
25054
16679
6433
-4537
-15001
-23783
-29895
-32648
-31731
-27244
-19690
-9916
976
11762
21224
28293
32170
32415
28997
22301
13080
2378
-8595
-18599
-26497
-31393
-32729
-30352
-24528
-15917
-5494
5554
15974
24578
30386
32734
31352
26395
18425
8351
-2679
-13405
-22602
-29217
-32491
-32046
-27932
-20616
-10936
0
10939
20625
27944
32055
32482
29173
22507
13249
2462
-8610
-18692
-26622
-31481
-32707
-30156
-24119
-15293
-4696
6446
16845
25296
30817
32766
30916
25477
17079
6695
-4468
-15115
-24006
-30106
-32702
-31489
-26606
-18620
-8460
2689
13528
22788
29387
32552
31909
27532
19930
9991
-1120
-12103
-21669
-28693
-32350
-32208
-28280
-21025
-11295
-234
10856
20671
28052
32127
32412
28871
21921
12379
1372
-9799
-19815
-27487
-31906
-32545
-29328
-22632
-13249
-2291
8940
19113
27016
31708
32629
29666
23169
13911
2992
-8285
-18577
-26654
-31549
-32677
-29899
-23544
-14372
-3477
7836
18214
26411
31442
32702
30037
23764
14635
3744
-7598
-18030
-26293
-31393
-32711
-30086
-23833
-14703
-3796
7571
18026
26305
31405
32707
30050
23753
14577
3632
-7754
-18204
-26446
-31479
-32688
-29925
-23522
-14256
-3253
8148
18560
26712
31608
32650
29706
23135
13736
2656
-8751
-19090
-27095
-31785
-32581
-29385
-22585
-13013
-1842
9557
19786
27585
31994
32468
28947
21861
12081
809
-10564
-20637
-28166
-32219
-32293
-28377
-20951
-10932
440
11762
21629
28819
32437
32033
27653
19840
9561
-1907
-13142
-22745
-29519
-32621
-31661
-26755
-18514
-7961
3586
14689
23960
30239
32740
31148
25658
16955
6128
-5469
-16384
-25247
-30944
-32759
-30461
-24336
-15151
-4058
7546
18204
26572
31595
32638
29565
22763
13087
1756
-9798
-20118
-27896
-32148
-32332
-28424
-20915
-10754
771
12203
22088
29171
32552
31797
27001
18769
8148
-3511
-14727
-24069
-30346
-32754
-30984
-25260
-16309
-5272
6439
17331
26008
31359
32696
29845
23169
13521
2137
-9523
-19964
-27843
-32146
-32318
-28334
-20703
-10405
1234
12717
22564
29503
32637
31559
26407
17841
6968
-4807
-15965
-25058
-30909
-32757
-30361
-24028
-14577
-3233
8533
19194
27364
31977
32433
28669
21173
10917
-762
-12345
-22321
-29387
-32619
-31592
-26438
-17828
-6884
4961
16161
25247
31028
32744
30168
23635
13998
2522
-9287
-19879
-27860
-32179
-32265
-28105
-20242
-9711
2101
13640
23382
30040
32733
31103
25362
16267
5018
-6896
-17901
-26537
-31659
-32585
-29190
-21921
-11741
0
11743
21929
29201
32589
31641
26480
17791
6728
-5233
-16499
-25566
-31222
-32709
-29826
-22955
-13013
-1327
10537
20994
28641
32450
31909
27088
18630
7668
-4324
-15739
-25041
-30976
-32744
-30105
-23411
-13561
-1880
10055
20637
28436
32397
31982
27244
18822
7852
-4182
-15653
-25007
-30974
-32743
-30072
-23319
-13400
-1660
10308
20879
28612
32455
31881
26966
18377
7282
-4807
-16245
-25468
-31216
-32702
-29720
-22675
-12528
-664
11292
21705
29147
32596
31576
26225
17274
5950
-6193
-17489
-26383
-31650
-32564
-28995
-21433
-10917
1105
12978
23064
29968
32737
30984
24950
15465
3839
-8320
-19330
-27666
-32170
-32217
-27796
-19519
-8531
3643
15314
24860
30951
32739
29972
23032
12884
938
-11141
-21669
-29176
-32613
-31498
-25982
-16835
-5332
6918
18204
26944
31912
32410
28366
20343
9465
-2743
-14569
-24351
-30713
-32759
-30198
-23387
-13283
-1306
10856
21492
29100
32604
31507
25962
16748
5166
-7147
-18454
-27152
-32008
-32332
-28076
-19840
-8789
3510
15314
24947
31038
32720
29752
22551
12140
0
-12143
-22559
-29762
-32723
-31017
-24884
-15198
-3339
8998
20053
28242
32393
31908
26854
17952
6476
-5930
-17489
-26541
-31785
-32465
-28481
-20402
-9388
2978
14918
24714
30951
32730
29790
22554
12062
-172
-12385
-22811
-29942
-32746
-30813
-24421
-14492
-2462
9926
20879
28806
32556
31581
26021
16679
4912
-7571
-18956
-27585
-32200
-32127
-27374
-18630
-7167
5342
17076
26318
31719
32485
28504
20353
9222
-3259
-15267
-25041
-31147
-32687
-29434
-21861
-11077
1334
13553
23783
30517
32764
30189
23169
12736
423
-11953
-22570
-29860
-32743
-30792
-24293
-14202
-2009
10483
21426
29201
32652
31267
25247
15482
3419
-9153
-20369
-28563
-32514
-31633
-26047
-16586
-4654
7973
19415
27967
32350
31910
26709
17520
5712
-6950
-18577
-27428
-32179
-32116
-27244
-18292
-6597
6088
17864
26962
32015
32263
27666
18910
7310
-5391
-17284
-26579
-31872
-32366
-27983
-19380
-7852
4862
16845
26287
31760
32433
28203
19707
8226
-4501
-16550
-26094
-31684
-32472
-28334
-19895
-8434
4310
16402
26003
31651
32486
28377
19946
8475
-4288
-16402
-26016
-31662
-32478
-28334
-19861
-8351
4437
16550
26133
31717
32445
28203
19638
8060
-4756
-16845
-26351
-31812
-32386
-27983
-19276
-7602
5243
17284
26666
31941
32293
27666
18769
6975
-5898
-17864
-27071
-32095
-32157
-27244
-18113
-6176
6719
18577
27557
32265
31968
26709
17302
5205
-7702
-19415
-28111
-32434
-31710
-26047
-16326
-4058
8843
20369
28719
32588
31368
25247
15179
2736
-10137
-21426
-29364
-32705
-30922
-24293
-13853
-1238
11573
22570
30025
32764
30353
23169
12339
-434
-13142
-23783
-30678
-32739
-29638
-21861
-10632
2276
14829
25041
31296
32604
28754
20353
8727
-4282
-16616
-26318
-31849
-32328
-27676
-18630
-6622
6439
18480
27585
32302
31880
26381
16679
4318
-8734
-20396
-28806
-32620
-31227
-24845
-14492
-1820
11144
22329
29942
32763
30335
23047
12062
-859
-13645
-24243
-30951
-32688
-29173
-20967
-9388
3703
16202
26094
31785
32354
27709
18593
6476
-6688
-18775
-27832
-32393
-31718
-25913
-15915
-3339
9779
21317
29402
32723
30737
23764
12933
0
-12935
-23772
-30745
-32720
-29372
-21243
-9654
3510
16105
26077
31798
32332
27590
18342
6096
-7147
-19226
-28162
-32493
-31507
-25362
-15061
-2291
10856
22227
29953
32765
30198
22670
11416
-1716
-14569
-25028
-31370
-32548
-28366
-19509
-7435
5867
18204
27539
32330
31782
25982
15887
3163
-10086
-21669
-29667
-32753
-30413
-23032
-11831
1334
14281
24860
31312
32563
28403
19519
7387
-5976
-18347
-27666
-32377
-31693
-25725
-15465
-2622
10659
22164
29968
32766
30086
22374
10917
-2369
-15261
-25599
-31650
-32396
-27709
-18372
-5950
7473
19643
28516
32596
31195
24546
13765
664
-12550
-23653
-30771
-32702
-29116
-20616
-8634
4807
17440
27128
32230
31881
26137
15968
3092
-10308
-21966
-29901
-32766
-30072
-22272
-10689
2711
15653
25937
31812
32275
27244
17574
4908
-8595
-20637
-29162
-32712
-30681
-23411
-12140
1206
14349
25041
31451
32480
27948
18630
6117
-7445
-19735
-28641
-32634
-31026
-24089
-13013
301
13567
24501
31222
32570
28309
19172
6728
-6876
-19298
-28393
-32589
-31159
-24347
-13326
0
13328
24354
31166
32585
28360
19220
6748
-6896
-19347
-28443
-32604
-31103
-24198
-13087
301
13640
24608
31294
32533
28105
18778
6176
-7504
-19879
-28786
-32669
-30847
-23635
-12290
1206
14493
25247
31583
32389
27520
17828
5008
-8692
-20870
-29387
-32745
-30352
-22624
-10917
2711
15865
26229
31977
32094
26556
16335
3233
-10442
-22277
-30182
-32757
-29546
-21112
-8944
4807
17712
27483
32390
31559
25136
14256
845
-12717
-24026
-31070
-32598
-28334
-19032
-6345
7473
19964
28903
32697
30666
23169
11540
-2148
-15456
-26008
-31918
-32127
-26596
-16309
-3103
10659
22517
30346
32741
29270
20553
8148
-5719
-18563
-28078
-32552
-31179
-24202
-12874
771
14281
25223
31625
32332
27214
17189
4062
-9798
-21894
-30040
-32762
-29565
-21025
-8682
5233
18204
27882
32514
31257
24336
13002
-691
-14262
-25247
-31650
-32307
-27094
-16955
-3732
10171
22227
30239
32747
29289
20494
7961
-6025
-18915
-28356
-32621
-30929
-23586
-11931
1907
15400
26077
31982
32033
26215
15592
2109
-11762
-23479
-30889
-32629
-28377
-18910
-5966
8077
20637
29402
32756
30080
21861
9613
-4409
-17621
-27585
-32459
-31342
-24435
-13013
816
14497
25499
31785
32188
26631
16140
2656
-11322
-23203
-30782
-32650
-28456
-18976
-5969
8148
20755
29503
32763
29925
21514
9095
-5021
-18204
-27995
-32564
-31058
-23753
-12011
1977
15598
26305
32095
31880
25698
14703
952
-12978
-24480
-31393
-32418
-27360
-17165
-3744
10381
22559
30497
32702
28754
19394
6380
-7836
-20580
-29446
-32762
-29899
-21393
-8847
5370
18577
28275
32630
30814
23169
11138
-3003
-16579
-27016
-32334
-31523
-24733
-13249
751
14612
25700
31906
32048
26096
15179
1372
-12698
-24354
-31371
-32412
-27273
-16932
-3359
10856
23003
30758
32638
28280
18514
5205
-9101
-21669
-30089
-32747
-29131
-19930
-6905
7445
20371
29387
32762
29844
21189
8460
-5898
-19125
-28673
-32702
-30433
-22301
-9868
4468
17946
27963
32585
30916
23274
11134
-3159
-16845
-27275
-32428
-31305
-24119
-12260
1977
15833
26622
32247
31615
24845
13249
-923
-14918
-26016
-32055
-31858
-25461
-14105
0
14107
25468
31864
32046
25975
14832
792
-13405
-24986
-31684
-32188
-26395
-15435
-1452
12817
24578
31525
32292
26727
15917
1981
-12345
-24250
-31393
-32366
-26976
-16280
-2378
11993
24006
31293
32415
27148
16527
2644
-11762
-23850
-31230
-32442
-27244
-16660
-2779
11653
23783
31206
32451
27267
16679
2783
-11667
-23806
-31222
-32441
-27217
-16586
-2656
11803
23919
31277
32412
27094
16378
2398
-12062
-24120
-31370
-32361
-26894
-16056
-2009
12441
24407
31496
32285
26615
15616
1488
-12939
-24777
-31650
-32178
-26251
-15055
-836
13553
25223
31826
32033
25797
14372
52
-14280
-25739
-32015
-31841
-25247
-13561
863
15115
26318
32208
31592
24592
12618
-1908
-16052
-26950
-32393
-31276
-23823
-11540
3083
17085
27622
32556
30880
22932
10324
-4384
-18204
-28323
-32682
-30389
-21909
-8965
5807
19399
29038
32755
29790
20744
7461
-7347
-20658
-29748
-32757
-29067
-19428
-5811
8997
21966
30436
32669
28203
17952
4016
-10746
-23305
-31079
-32468
-27184
-16309
-2077
12583
24657
31656
32135
25992
14491
0
-14493
-25999
-32139
-31644
-24613
-12494
2208
16457
27304
32503
30975
23032
10317
-4537
-18454
-28547
-32719
-30103
-21238
-7961
6971
20458
29694
32757
29007
19220
5431
-9491
-22439
-30713
-32587
-27666
-16973
-2736
12073
24364
31568
32177
26060
14492
-108
-14689
-26197
-32222
-31498
-24174
-11781
3083
17304
27896
32634
30520
21996
8847
-6162
-19879
-29416
-32766
-29219
-19519
-5706
9311
22368
30711
32578
27570
16743
2378
-12491
-24723
-31732
-32033
-25558
-13674
1105
15653
26888
32428
31095
23169
10328
-4707
-18745
-28806
-32750
-29736
-20402
-6728
8378
21705
30414
32650
27932
17262
2911
-12062
-24465
-31651
-32083
-25665
-13765
1077
15692
26955
32455
31012
22932
9941
-5180
-19194
-29098
-32765
-29406
-19738
-5832
9326
22486
30817
32526
27244
16102
1495
-13436
-25478
-32035
-31693
-24521
-12062
2999
17416
28078
32680
30226
21243
7668
-7565
-21167
-30192
-32685
-28105
-17438
-2992
12103
24578
31727
31995
25321
13150
-1876
-16499
-27539
-32596
-30567
-21889
-8448
6833
20630
29936
32722
28377
17845
3419
-11753
-24364
-31659
-32040
-25423
-13249
1823
16499
27568
32607
30508
21729
8189
-7147
-20920
-30108
-32693
-28105
-17347
-2779
12401
24860
31856
31850
24838
12360
-2839
-17416
-28160
-32702
-30037
-20749
-6884
8501
22013
30668
32552
27244
15915
1066
-14020
-26008
-32243
-31342
-23500
-10451
4915
19194
29220
32766
29042
18871
4509
-10856
-23813
-31479
-32147
-25665
-13473
1720
16533
27666
32637
30335
21271
7461
-8015
-21705
-30552
-32578
-27327
-15968
-1038
14125
26133
32294
31228
23169
9920
-5554
-19786
-29584
-32748
-28565
-17970
-3339
12043
24723
31849
31816
24627
11897
-3511
-18132
-28673
-32755
-29458
-19519
-5177
10334
23516
31393
32182
25702
13414
-1907
-16800
-27896
-32682
-30072
-20653
-6555
9029
22570
30997
32395
26445
14492
-751
-15827
-27310
-32589
-30461
-21406
-7481
8148
21926
30713
32507
26894
15151
-48
-15238
-26955
-32522
-30664
-21804
-7961
7702
21608
30575
32549
27076
15403
202
-15047
-26852
-32503
-30703
-21861
-8002
7696
21629
30598
32538
27001
15255
0
-15257
-27007
-32541
-30582
-21579
-7602
8129
21989
30779
32468
26664
14703
-655
-15865
-27411
-32621
-30288
-20948
-6758
8997
22672
31098
32318
26047
13736
-1763
-16855
-28038
-32713
-29790
-19946
-5464
10289
23653
31516
32046
25116
12336
-3319
-18204
-28847
-32766
-29042
-18541
-3711
11987
24889
31977
31593
23823
10480
-5316
-19871
-29777
-32711
-27983
-16697
-1495
14059
26318
32404
30885
22114
8148
-7733
-21801
-30745
-32460
-26539
-14372
1180
16457
27860
32699
29832
19930
5325
-10537
-23916
-31650
-31910
-24631
-11530
4298
19113
29409
32747
28334
17210
2009
-13670
-26112
-32365
-30942
-22178
-8148
7817
21929
30833
32412
26285
13907
-1780
-17047
-28259
-32743
-29429
-19103
-4222
11667
24777
31977
31548
23586
9991
-5992
-20546
-30192
-32619
-27244
-15350
219
15739
27492
32660
30001
20149
5464
-10533
-24006
-31719
-31816
-24270
-10892
5106
19879
29873
32681
27625
15917
373
-15261
-27221
-32621
-30156
-20416
-5748
10308
23879
31684
31836
24293
10875
-5173
-19973
-29942
-32665
-27477
-15633
0
15636
27483
32666
29925
19920
5078
-10999
-24407
-31886
-31615
-23656
-9941
6193
20824
30386
32549
26782
14487
-1341
-16845
-28242
-32749
-29262
-18630
-3445
12583
25539
32252
31078
22301
8064
-8148
-22368
-31111
-32231
-25451
-12429
3643
18824
29387
32737
28047
16465
836
-15001
-27152
-32625
-30072
-20115
-5205
10989
24479
31937
31523
23335
9388
-6876
-21447
-30723
-32412
-26092
-13322
2743
18132
29038
32759
28371
16955
1338
-14612
-26944
-32596
-30164
-20247
-5304
10958
24501
31960
31477
23169
9099
-7236
-21774
-30894
-32323
-25702
-12676
3510
18824
29446
32724
27837
16000
166
-15711
-27666
-32707
-29572
-19041
-3744
12491
25602
32304
30916
21780
7184
-9215
-23305
-31551
-31880
-24205
-10451
5930
20824
30486
32483
26311
13518
-2679
-18204
-29147
-32749
-28098
-16364
-502
15488
27574
32702
29574
18976
3583
-12717
-25806
-32371
-30748
-21345
-6538
9926
23879
31785
31636
23467
9346
-7147
-21830
-30974
-32254
-25342
-11991
4409
19692
29968
32623
26976
14462
-1736
-17495
-28798
-32764
-28377
-16752
-852
15267
27492
32699
29554
18857
3339
-13034
-26077
-32450
-30520
-20777
-5712
10817
24578
32042
31291
22515
7961
-8637
-23021
-31496
-31881
-24075
-10079
6509
21426
30833
32307
25463
12062
-4448
-19815
-30076
-32585
-26689
-13907
2465
18204
29244
32732
27762
15616
-569
-16610
-28356
-32765
-28692
-17189
-1231
15047
27428
32699
29490
18630
2932
-13528
-26478
-32552
-30168
-19943
-4530
12062
25519
32337
30737
21133
6022
-10659
-24565
-32068
-31208
-22206
-7407
9326
23628
31760
31593
23169
8686
-8070
-22719
-31423
-31903
-24028
-9858
6896
21846
31070
32147
24790
10926
-5807
-21019
-30711
-32336
-25461
-11891
4807
20244
30356
32478
26047
12755
-3899
-19528
-30012
-32581
-26556
-13521
3083
18877
29687
32654
26991
14192
-2362
-18294
-29387
-32703
-27360
-14769
1736
17784
29119
32734
27666
15255
-1206
-17349
-28887
-32752
-27913
-15652
771
16993
28695
32761
28105
15962
-434
-16717
-28547
-32765
-28244
-16186
193
16523
28443
32766
28334
16326
-48
-16412
-28387
-32766
-28374
-16382
0
0
0
0
0
0
0
0
0
0
0
0
0
0
0
0
0
0
0
0
0
0
0
0
0
0
0
0
0
0
0
0
0
0
0
0
0
0
0
0
0
0
0
0
0
0
0
0
0
0
0
0
0
0
0
0
0
0
0
0
0
0
0
0
0
0
0
0
0
0
0
0
0
0
0
0
0
0
0
0
0
0
0
0
0
0
0
0
0
0
0
0
0
0
0
0
0
0
0
0
0
0
0
0
0
0
0
0
0
0
0
0
0
0
0
0
0
0
0
0
0
0
0
0
0
0
0
0
0
0
0
0
0
0
0
0
0
0
0
0
0
0
0
0
0
0
0
0
0
0
0
0
0
0
0
0
0
0
0
0
0
0
0
0
0
0
0
0
0
0
0
0
0
0
0
0
0
0
0
0
0
0
0
0
0
0
0
0
0
0
0
0
0
0
0
0
0
0
0
0
0
0
0
0
0
0
0
0
0
0
0
0
0
0
0
0
0
0
0
0
0
0
0
0
0
0
0
0
0
0
0
0
0
0
0
0
0
0
0
0
0
0
0
0
0
0
0
0
0
0
0
0
0
0
0
0
0
0
0
0
0
0
0
0
0
0
0
0
0
0
0
0
0
0
0
0
0
0
0
0
0
0
0
0
0
0
0
0
0
0
0
0
0
0
0
0
0
0
0
0
0
0
0
0
0
0
0
0
0
0
0
0
0
0
0
0
0
0
0
0
0
0
0
0
0
0
0
0
0
0
0
0
0
0
0
0
0
0
0
0
0
0
0
0
0
0
0
0
0
0
0
0
0
0
0
0
0
0
0
0
0
0
0
0
0
0
0
0
0
0
0
0
0
0
0
0
0
0
0
0
0
0
0
0
0
0
0
0
0
0
0
0
0
0
0
0
0
0
0
0
0
0
0
0
0
0
0
0
0
0
0
0
0
0
0
0
0
0
0
0
0
0
0
0
0
0
0
0
0
0
0
0
0
0
0
0
0
0
0
0
0
0
0
0
0
0
0
0
0
0
0
0
0
0
0
0
0
0
0
0
0
0
0
0
0
0
0
0
0
0
0
0
0
0
0
0
0
0
0
0
0
0
0
0
0
0
0
0
0
0
0
0
0
0
0
0
0
0
0
0
0
0
0
0
0
0
0
0
0
0
0
0
0
0
0
0
0
0
0
0
0
0
0
0
0
0
0
0
0
0
0
0
0
0
0
0
0
0
0
0
0
0
0
0
0
0
0
0
0
0
0
0
0
0
0
0
0
0
0
0
0
0
0
0
0
0
0
0
0
0
0
0
0
0
0
0
0
0
0
0
0
0
0
0
0
0
0
0
0
0
0
0
0
0
0
0
0
0
0
0
0
0
0
0
0
0
0
0
0
0
0
0
0
0
0
0
0
0
0
0
0
0
0
0
0
0
0
0
0
0
0
0
0
0
0
0
0
0
0
0
0
0
0
0
0
0
0
0
0
0
0
0
0
0
0
0
0
0
0
0
0
0
0
0
0
0
0
0
0
0
0
0
0
0
0
0
0
0
0
0
0
0
0
0
0
0
0
0
0
0
0
0
0
0
0
0
0
0
0
0
0
0
0
0
0
0
0
0
0
0
0
0
0
0
0
0
0
0
0
0
0
0
0
0
0
0
0
0
0
0
0
0
0
0
0
0
0
0
0
0
0
0
0
0
0
0
0
0
0
0
0
0
0
0
0
0
0
0
0
0
0
0
0
0
0
0
0
0
0
0
0
0
0
0
0
0
0
0
0
0
0
0
0
0
0
0
0
0
0
0
0
0
0
0
0
0
0
0
0
0
0
0
0
0
0
0
0
0
0
0
0
0
0
0
0
0
0
0
0
0
0
0
0
0
0
0
0
0
0
0
0
0
0
0
0
0
0
0
0
0
0
0
0
0
0
0
0
0
0
0
0
0
0
0
0
0
0
0
0
0
0
0
0
0
0
0
0
0
0
0
0
0
0
0
0
0
0
0
0
0
0
0
0
0
0
0
0
0
0
0
0
0
0
0
0
0
0
0
0
0
0
0
0
0
0
0
0
0
0
0
0
0
0
0
0
0
0
0
0
0
0
0
0
0
0
0
0
0
0
0
0
0
0
0
0
0
0
0
0
0
0
0
0
0
0
0
0
0
0
0
0
0
0
0
0
0
0
0
0
0
20851
20360
18908
16567
13450
9708
5519
1086
-3378
-7662
-11562
-14895
-17506
-19276
-20127
-20027
-18989
-17073
-14379
-11042
-7231
-3130
1060
5141
8921
12225
14906
16846
17968
18234
17649
16257
14143
11422
8236
4749
1130
-2443
-5807
-8807
-11313
-13222
-14463
-15000
-14832
-13991
-12543
-10579
-8211
-5569
-2788
-6
2646
5050
7104
8729
9872
10505
10629
10268
9471
8304
6849
5197
3442
1677
-11
-1547
-2869
-3932
-4710
-5194
-5393
-5333
-5050
-4592
-4011
-3361
-2694
-2058
-1489
-1016
-653
-405
-262
-205
-207
-234
-250
-221
-116
90
412
855
1409
2055
2761
3486
4182
4795
5273
5565
5628
5427
4944
4171
3121
1824
324
-1318
-3029
-4728
-6328
-7741
-8887
-9691
-10094
-10056
-9554
-8591
-7191
-5403
-3295
-955
1512
3998
6383
8554
10400
11828
12759
13138
12935
12147
10798
8941
6654
4036
1202
-1719
-4595
-7293
-9687
-11667
-13138
-14032
-14305
-13944
-12965
-11412
-9356
-6893
-4136
-1212
1746
4604
7233
9515
11353
12666
13404
13541
13079
12050
10511
8539
6234
3707
1076
-1535
-4012
-6245
-8139
-9618
-10628
-11138
-11140
-10652
-9714
-8384
-6738
-4863
-2854
-810
1174
3011
4623
5946
6932
7554
7802
7685
7229
6476
5478
4300
3008
1673
363
-859
-1941
-2837
-3518
-3965
-4174
-4153
-3924
-3515
-2966
-2320
-1622
-918
-251
341
829
1191
1412
1491
1433
1252
970
614
216
-191
-577
-910
-1164
-1320
-1363
-1288
-1095
-792
-397
69
582
1112
1627
2098
2497
2797
2978
3027
2934
2698
2325
1828
1224
537
-204
-971
-1731
-2452
-3102
-3654
-4083
-4369
-4497
-4458
-4251
-3880
-3353
-2688
-1906
-1031
-94
872
1837
2764
3621
4375
4997
5462
5748
5841
5731
5416
4899
4191
3312
2285
1142
-79
-1340
-2596
-3801
-4910
-5877
-6663
-7229
-7548
-7597
-7363
-6846
-6053
-5006
-3734
-2279
-692
971
2647
4270
5773
7094
8172
8958
9411
9502
9217
8559
7543
6202
4584
2748
765
-1284
-3317
-5250
-6998
-8486
-9646
-10425
-10784
-10703
-10178
-9227
-7887
-6209
-4264
-2131
98
2329
4466
6417
8098
9434
10369
10863
10894
10463
9590
8317
6702
4817
2748
588
-1566
-3621
-5485
-7079
-8336
-9206
-9656
-9675
-9270
-8468
-7315
-5872
-4212
-2417
-572
1233
2920
4411
5644
6569
7152
7380
7254
6793
6035
5027
3832
2516
1150
-192
-1445
-2547
-3448
-4109
-4508
-4634
-4496
-4114
-3520
-2761
-1888
-957
-28
841
1601
2208
2627
2837
2829
2608
2192
1610
902
115
-700
-1489
-2200
-2785
-3203
-3423
-3424
-3201
-2757
-2113
-1298
-353
671
1721
2739
3667
4452
5045
5409
5515
5350
4911
4212
3278
2149
872
-493
-1887
-3242
-4495
-5585
-6458
-7069
-7385
-7385
-7065
-6432
-5510
-4334
-2951
-1420
196
1829
3411
4874
6155
7199
7963
8412
8526
8300
7742
6872
5725
4347
2791
1121
-599
-2302
-3921
-5393
-6661
-7677
-8403
-8810
-8885
-8625
-8040
-7155
-6002
-4625
-3077
-1415
298
2001
3628
5122
6426
7494
8285
8772
8936
8772
8285
7494
6426
5122
3628
2001
298
-1415
-3077
-4625
-6002
-7155
-8040
-8625
-8885
-8810
-8403
-7677
-6661
-5393
-3921
-2302
-599
1121
2791
4347
5725
6872
7742
8300
8526
8412
7963
7199
6155
4874
3411
1829
196
-1420
-2951
-4334
-5510
-6432
-7065
-7385
-7385
-7069
-6458
-5585
-4495
-3242
-1887
-493
872
2149
3278
4212
4911
5350
5515
5409
5045
4452
3667
2739
1721
671
-353
-1298
-2113
-2757
-3201
-3424
-3423
-3203
-2785
-2200
-1489
-700
115
902
1610
2192
2608
2829
2837
2627
2208
1601
841
-28
-957
-1888
-2761
-3520
-4114
-4496
-4634
-4508
-4109
-3448
-2547
-1445
-192
1150
2516
3832
5027
6035
6793
7254
7380
7152
6569
5644
4411
2920
1233
-572
-2417
-4212
-5872
-7315
-8468
-9270
-9675
-9656
-9206
-8336
-7079
-5485
-3621
-1566
588
2748
4817
6702
8317
9590
10463
10894
10863
10369
9434
8098
6417
4466
2329
98
-2131
-4264
-6209
-7887
-9227
-10178
-10703
-10784
-10425
-9646
-8486
-6998
-5250
-3317
-1284
765
2748
4584
6202
7543
8559
9217
9502
9411
8958
8172
7094
5773
4270
2647
971
-692
-2279
-3734
-5006
-6053
-6846
-7363
-7597
-7548
-7229
-6663
-5877
-4910
-3801
-2596
-1340
-79
1142
2285
3312
4191
4899
5416
5731
5841
5748
5462
4997
4375
3621
2764
1837
872
-94
-1031
-1906
-2688
-3353
-3880
-4251
-4458
-4497
-4369
-4083
-3654
-3102
-2452
-1731
-971
-204
537
1224
1828
2325
2698
2934
3027
2978
2797
2497
2098
1627
1112
582
69
-397
-792
-1095
-1288
-1363
-1320
-1164
-910
-577
-191
216
614
970
1252
1433
1491
1412
1191
829
341
-251
-918
-1622
-2320
-2966
-3515
-3924
-4153
-4174
-3965
-3518
-2837
-1941
-859
363
1673
3008
4300
5478
6476
7229
7685
7802
7554
6932
5946
4623
3011
1174
-810
-2854
-4863
-6738
-8384
-9714
-10652
-11140
-11138
-10628
-9618
-8139
-6245
-4012
-1535
1076
3707
6234
8539
10511
12050
13079
13541
13404
12666
11353
9515
7233
4604
1746
-1212
-4136
-6893
-9356
-11412
-12965
-13944
-14305
-14032
-13138
-11667
-9687
-7293
-4595
-1719
1202
4036
6654
8941
10798
12147
12935
13138
12759
11828
10400
8554
6383
3998
1512
-955
-3295
-5403
-7191
-8591
-9554
-10056
-10094
-9691
-8887
-7741
-6328
-4728
-3029
-1318
324
1824
3121
4171
4944
5427
5628
5565
5273
4795
4182
3486
2761
2055
1409
855
412
90
-116
-221
-250
-234
-207
-205
-262
-405
-653
-1016
-1489
-2058
-2694
-3361
-4011
-4592
-5050
-5333
-5393
-5194
-4710
-3932
-2869
-1547
-11
1677
3442
5197
6849
8304
9471
10268
10629
10505
9872
8729
7104
5050
2646
-6
-2788
-5569
-8211
-10579
-12543
-13991
-14832
-15000
-14463
-13222
-11313
-8807
-5807
-2443
1130
4749
8236
11422
14143
16257
17649
18234
17968
16846
14906
12225
8921
5141
1060
-3130
-7231
-11042
-14379
-17073
-18989
-20027
-20127
-19276
-17506
-14895
-11562
-7662
-3378
1086
5519
9708
13450
16567
18908
20360
0
0
0
0
0
0
0
0
0
0
0
0
0
0
0
0
0
0
0
0
0
0
0
0
0
0
0
0
0
0
0
0
0
0
0
0
0
0
0
0
0
0
0
0
0
0
0
0
0
0
0
0
0
0
0
0
0
0
0
0
0
0
0
0
0
0
0
-14894
-14533
-13469
-11755
-9474
-6740
-3686
-463
2770
5858
8649
11009
12823
14008
14508
14303
13410
11875
9778
7228
4351
1291
-1799
-4771
-7481
-9799
-11616
-12850
-13447
-13388
-12682
-11373
-9534
-7261
-4671
-1895
928
3662
6174
8346
10079
11296
11947
12011
11496
10437
8898
6961
4729
2315
-160
-2576
-4819
-6785
-8385
-9551
-10238
-10425
-10116
-9336
-8135
-6582
-4757
-2755
-674
1386
3330
5072
6536
7663
8412
8761
8705
8261
7461
6353
4996
3459
1816
142
-1489
-3010
-4359
-5486
-6353
-6933
-7215
-7198
-6894
-6328
-5531
-4543
-3410
-2178
-897
385
1623
2776
3808
4687
5389
5898
6200
6292
6174
5853
5341
4654
3812
2840
1765
619
-565
-1755
-2912
-4000
-4982
-5824
-6491
-6955
-7191
-7180
-6911
-6381
-5595
-4571
-3335
-1921
-376
1246
2888
4484
5969
7276
8345
9120
9557
9621
9295
8574
7474
6026
4277
2291
145
-2074
-4274
-6359
-8234
-9812
-11014
-11777
-12056
-11826
-11085
-9851
-8170
-6104
-3738
-1170
1489
4125
6620
8861
10745
12185
13112
13478
13264
12473
11138
9315
7082
4539
1798
-1019
-3787
-6383
-8690
-10609
-12054
-12965
-13306
-13067
-12265
-10942
-9165
-7021
-4611
-2048
549
3065
5388
7419
9074
10288
11021
11255
10995
10270
9132
7647
5898
3976
1977
-3
-1877
-3562
-4992
-6116
-6900
-7331
-7415
-7172
-6641
-5873
-4925
-3863
-2752
-1653
-625
286
1045
1631
2033
2257
2320
2249
2079
1850
1604
1381
1215
1133
1153
1281
1513
1830
2205
2602
2978
3288
3487
3531
3388
3031
2449
1643
632
-551
-1862
-3239
-4616
-5916
-7064
-7986
-8613
-8891
-8779
-8252
-7309
-5969
-4273
-2281
-74
2254
4598
6848
8891
10624
11951
12793
13095
12822
11968
10554
8630
6268
3567
642
-2376
-5354
-8154
-10644
-12705
-14238
-15164
-15434
-15028
-13957
-12264
-10020
-7324
-4294
-1067
2212
5397
8343
10919
13010
14522
15390
15580
15088
13942
12199
9944
7285
4347
1265
-1818
-4767
-7449
-9749
-11573
-12847
-13529
-13601
-13077
-11997
-10425
-8449
-6170
-3703
-1166
1321
3649
5717
7440
8753
9616
10008
9935
9424
8521
7292
5811
4166
2445
736
-878
-2325
-3546
-4495
-5145
-5487
-5529
-5295
-4821
-4157
-3358
-2484
-1594
-746
10
635
1101
1390
1500
1440
1233
910
510
76
-346
-715
-990
-1141
-1144
-991
-680
-224
351
1014
1722
2428
3083
3638
4049
4275
4290
4074
3622
2942
2058
1002
-178
-1429
-2690
-3897
-4985
-5896
-6576
-6983
-7085
-6866
-6326
-5481
-4361
-3011
-1489
138
1799
3416
4915
6223
7279
8031
8440
8485
8160
7475
6461
5160
3629
1937
159
-1625
-3338
-4901
-6247
-7315
-8061
-8454
-8478
-8137
-7448
-6446
-5180
-3709
-2101
-431
1227
2801
4221
5426
6369
7011
7332
7324
6995
6369
5481
4378
3117
1759
370
-987
-2250
-3365
-4283
-4969
-5399
-5561
-5458
-5102
-4522
-3752
-2837
-1828
-777
260
1234
2097
2810
3339
3666
3780
3681
3382
2906
2284
1554
759
-52
-836
-1548
-2147
-2600
-2882
-2978
-2882
-2600
-2147
-1548
-836
-52
759
1554
2284
2906
3382
3681
3780
3666
3339
2810
2097
1234
260
-777
-1828
-2837
-3752
-4522
-5102
-5458
-5561
-5399
-4969
-4283
-3365
-2250
-987
370
1759
3117
4378
5481
6369
6995
7324
7332
7011
6369
5426
4221
2801
1227
-431
-2101
-3709
-5180
-6446
-7448
-8137
-8478
-8454
-8061
-7315
-6247
-4901
-3338
-1625
159
1937
3629
5160
6461
7475
8160
8485
8440
8031
7279
6223
4915
3416
1799
138
-1489
-3011
-4361
-5481
-6326
-6866
-7085
-6983
-6576
-5896
-4985
-3897
-2690
-1429
-178
1002
2058
2942
3622
4074
4290
4275
4049
3638
3083
2428
1722
1014
351
-224
-680
-991
-1144
-1141
-990
-715
-346
76
510
910
1233
1440
1500
1390
1101
635
10
-746
-1594
-2484
-3358
-4157
-4821
-5295
-5529
-5487
-5145
-4495
-3546
-2325
-878
736
2445
4166
5811
7292
8521
9424
9935
10008
9616
8753
7440
5717
3649
1321
-1166
-3703
-6170
-8449
-10425
-11997
-13077
-13601
-13529
-12847
-11573
-9749
-7449
-4767
-1818
1265
4347
7285
9944
12199
13942
15088
15580
15390
14522
13010
10919
8343
5397
2212
-1067
-4294
-7324
-10020
-12264
-13957
-15028
-15434
-15164
-14238
-12705
-10644
-8154
-5354
-2376
642
3567
6268
8630
10554
11968
12822
13095
12793
11951
10624
8891
6848
4598
2254
-74
-2281
-4273
-5969
-7309
-8252
-8779
-8891
-8613
-7986
-7064
-5916
-4616
-3239
-1862
-551
632
1643
2449
3031
3388
3531
3487
3288
2978
2602
2205
1830
1513
1281
1153
1133
1215
1381
1604
1850
2079
2249
2320
2257
2033
1631
1045
286
-625
-1653
-2752
-3863
-4925
-5873
-6641
-7172
-7415
-7331
-6900
-6116
-4992
-3562
-1877
-3
1977
3976
5898
7647
9132
10270
10995
11255
11021
10288
9074
7419
5388
3065
549
-2048
-4611
-7021
-9165
-10942
-12265
-13067
-13306
-12965
-12054
-10609
-8690
-6383
-3787
-1019
1798
4539
7082
9315
11138
12473
13264
13478
13112
12185
10745
8861
6620
4125
1489
-1170
-3738
-6104
-8170
-9851
-11085
-11826
-12056
-11777
-11014
-9812
-8234
-6359
-4274
-2074
145
2291
4277
6026
7474
8574
9295
9621
9557
9120
8345
7276
5969
4484
2888
1246
-376
-1921
-3335
-4571
-5595
-6381
-6911
-7180
-7191
-6955
-6491
-5824
-4982
-4000
-2912
-1755
-565
619
1765
2840
3812
4654
5341
5853
6174
6292
6200
5898
5389
4687
3808
2776
1623
385
-897
-2178
-3410
-4543
-5531
-6328
-6894
-7198
-7215
-6933
-6353
-5486
-4359
-3010
-1489
142
1816
3459
4996
6353
7461
8261
8705
8761
8412
7663
6536
5072
3330
1386
-674
-2755
-4757
-6582
-8135
-9336
-10116
-10425
-10238
-9551
-8385
-6785
-4819
-2576
-160
2315
4729
6961
8898
10437
11496
12011
11947
11296
10079
8346
6174
3662
928
-1895
-4671
-7261
-9534
-11373
-12682
-13388
-13447
-12850
-11616
-9799
-7481
-4771
-1799
1291
4351
7228
9778
11875
13410
14303
14508
14008
12823
11009
8649
5858
2770
-463
-3686
-6740
-9474
-11755
-13469
-14533
0
0
0
0
0
0
0
0
0
0
0
0
0
0
0
0
0
0
0
0
0
0
0
0
0
0
0
0
0
0
0
0
0
0
0
0
0
0
0
0
0
0
0
0
0
0
0
0
0
0
0
0
0
0
0
0
0
0
0
0
0
0
0
0
0
0
0
-8936
-8676
-7909
-6679
-5053
-3121
-989
1222
3391
5395
7122
8472
9367
9751
9597
8907
7711
6066
4055
1781
-638
-3078
-5408
-7504
-9254
-10561
-11351
-11577
-11218
-10287
-8821
-6890
-4584
-2014
695
3411
6000
8335
10299
11796
12750
13111
12861
12009
10593
8679
6357
3735
936
-1910
-4672
-7224
-9448
-11245
-12537
-13268
-13412
-12966
-11958
-10439
-8482
-6182
-3644
-983
1681
4235
6570
8589
10212
11381
12056
12222
11885
11073
9834
8232
6345
4258
2062
-148
-2287
-4271
-6029
-7501
-8642
-9422
-9827
-9859
-9534
-8878
-7932
-6742
-5362
-3849
-2260
-652
920
2409
3772
4970
5975
6766
7326
7649
7733
7584
7211
6629
5859
4924
3850
2666
1405
101
-1209
-2491
-3707
-4819
-5791
-6592
-7191
-7563
-7690
-7559
-7166
-6517
-5626
-4518
-3225
-1789
-260
1306
2851
4314
5635
6758
7632
8215
8479
8404
7988
7242
6193
4879
3356
1685
-61
-1807
-3476
-4993
-6288
-7303
-7992
-8321
-8277
-7862
-7097
-6018
-4678
-3144
-1489
205
1856
3384
4716
5787
6548
6965
7023
6725
6092
5164
3994
2649
1206
-255
-1656
-2918
-3974
-4768
-5258
-5422
-5254
-4768
-3998
-2991
-1811
-529
774
2021
3133
4040
4685
5025
5034
4708
4059
3122
1948
603
-834
-2281
-3648
-4852
-5815
-6472
-6773
-6688
-6209
-5348
-4141
-2642
-924
923
2805
4620
6266
7651
8691
9321
9493
9186
8401
7164
5527
3562
1362
-969
-3317
-5566
-7599
-9314
-10618
-11441
-11734
-11476
-10669
-9347
-7568
-5412
-2978
-382
2252
4802
7145
9169
10777
11894
12466
12468
11902
10796
9206
7209
4901
2394
-192
-2738
-5125
-7245
-9003
-10325
-11157
-11472
-11267
-10563
-9408
-7867
-6023
-3972
-1816
340
2397
4262
5856
7115
7997
8478
8555
8247
7590
6637
5452
4108
2681
1249
-117
-1354
-2409
-3246
-3839
-4183
-4285
-4167
-3862
-3414
-2869
-2278
-1691
-1152
-698
-357
-143
-62
-104
-250
-471
-731
-989
-1203
-1333
-1343
-1209
-912
-449
170
925
1782
2694
3609
4468
5210
5777
6116
6185
5952
5402
4536
3375
1955
331
-1429
-3247
-5034
-6699
-8153
-9313
-10107
-10478
-10387
-9817
-8775
-7289
-5413
-3220
-800
1739
4286
6721
8928
10799
12238
13169
13536
13310
12488
11097
9188
6838
4148
1233
-1776
-4749
-7548
-10047
-12130
-13701
-14684
-15031
-14724
-13772
-12216
-10121
-7581
-4707
-1626
1524
4606
7482
10027
12129
13698
14666
14996
14676
13726
12193
10149
7687
4921
1974
-1021
-3937
-6645
-9032
-10997
-12463
-13374
-13699
-13436
-12606
-11256
-9454
-7288
-4858
-2275
347
2895
5261
7349
9075
10377
11210
11550
11398
10774
9718
8288
6557
4606
2525
406
-1660
-3589
-5305
-6744
-7855
-8606
-8977
-8969
-8597
-7891
-6893
-5658
-4246
-2722
-1153
393
1857
3183
4324
5243
5915
6325
6470
6360
6011
5452
4714
3838
2864
1836
796
-215
-1163
-2016
-2749
-3344
-3788
-4077
-4212
-4199
-4050
-3779
-3406
-2950
-2431
-1870
-1287
-700
-126
422
934
1398
1810
2163
2455
2684
2847
2946
2978
2946
2847
2684
2455
2163
1810
1398
934
422
-126
-700
-1287
-1870
-2431
-2950
-3406
-3779
-4050
-4199
-4212
-4077
-3788
-3344
-2749
-2016
-1163
-215
796
1836
2864
3838
4714
5452
6011
6360
6470
6325
5915
5243
4324
3183
1857
393
-1153
-2722
-4246
-5658
-6893
-7891
-8597
-8969
-8977
-8606
-7855
-6744
-5305
-3589
-1660
406
2525
4606
6557
8288
9718
10774
11398
11550
11210
10377
9075
7349
5261
2895
347
-2275
-4858
-7288
-9454
-11256
-12606
-13436
-13699
-13374
-12463
-10997
-9032
-6645
-3937
-1021
1974
4921
7687
10149
12193
13726
14676
14996
14666
13698
12129
10027
7482
4606
1524
-1626
-4707
-7581
-10121
-12216
-13772
-14724
-15031
-14684
-13701
-12130
-10047
-7548
-4749
-1776
1233
4148
6838
9188
11097
12488
13310
13536
13169
12238
10799
8928
6721
4286
1739
-800
-3220
-5413
-7289
-8775
-9817
-10387
-10478
-10107
-9313
-8153
-6699
-5034
-3247
-1429
331
1955
3375
4536
5402
5952
6185
6116
5777
5210
4468
3609
2694
1782
925
170
-449
-912
-1209
-1343
-1333
-1203
-989
-731
-471
-250
-104
-62
-143
-357
-698
-1152
-1691
-2278
-2869
-3414
-3862
-4167
-4285
-4183
-3839
-3246
-2409
-1354
-117
1249
2681
4108
5452
6637
7590
8247
8555
8478
7997
7115
5856
4262
2397
340
-1816
-3972
-6023
-7867
-9408
-10563
-11267
-11472
-11157
-10325
-9003
-7245
-5125
-2738
-192
2394
4901
7209
9206
10796
11902
12468
12466
11894
10777
9169
7145
4802
2252
-382
-2978
-5412
-7568
-9347
-10669
-11476
-11734
-11441
-10618
-9314
-7599
-5566
-3317
-969
1362
3562
5527
7164
8401
9186
9493
9321
8691
7651
6266
4620
2805
923
-924
-2642
-4141
-5348
-6209
-6688
-6773
-6472
-5815
-4852
-3648
-2281
-834
603
1948
3122
4059
4708
5034
5025
4685
4040
3133
2021
774
-529
-1811
-2991
-3998
-4768
-5254
-5422
-5258
-4768
-3974
-2918
-1656
-255
1206
2649
3994
5164
6092
6725
7023
6965
6548
5787
4716
3384
1856
205
-1489
-3144
-4678
-6018
-7097
-7862
-8277
-8321
-7992
-7303
-6288
-4993
-3476
-1807
-61
1685
3356
4879
6193
7242
7988
8404
8479
8215
7632
6758
5635
4314
2851
1306
-260
-1789
-3225
-4518
-5626
-6517
-7166
-7559
-7690
-7563
-7191
-6592
-5791
-4819
-3707
-2491
-1209
101
1405
2666
3850
4924
5859
6629
7211
7584
7733
7649
7326
6766
5975
4970
3772
2409
920
-652
-2260
-3849
-5362
-6742
-7932
-8878
-9534
-9859
-9827
-9422
-8642
-7501
-6029
-4271
-2287
-148
2062
4258
6345
8232
9834
11073
11885
12222
12056
11381
10212
8589
6570
4235
1681
-983
-3644
-6182
-8482
-10439
-11958
-12966
-13412
-13268
-12537
-11245
-9448
-7224
-4672
-1910
936
3735
6357
8679
10593
12009
12861
13111
12750
11796
10299
8335
6000
3411
695
-2014
-4584
-6890
-8821
-10287
-11218
-11577
-11351
-10561
-9254
-7504
-5408
-3078
-638
1781
4055
6066
7711
8907
9597
9751
9367
8472
7122
5395
3391
1222
-989
-3121
-5053
-6679
-7909
-8676
0
0
0
0
0
0
0
0
0
0
0
0
0
0
0
0
0
0
0
0
0
0
0
0
0
0
0
0
0
0
0
0
0
0
0
0
0
0
0
0
0
0
0
0
0
0
0
0
0
0
0
0
0
0
0
0
0
0
0
0
0
0
0
0
0
0
0
14894
14502
13346
11488
9023
6081
2814
-605
-4001
-7195
-10020
-12330
-14004
-14954
-15130
-14523
-13162
-11118
-8494
-5426
-2071
1399
4809
7984
10762
13003
14594
15455
15545
14860
13436
11348
8700
5629
2287
-1157
-4535
-7679
-10437
-12676
-14292
-15210
-15395
-14844
-13593
-11711
-9298
-6478
-3392
-192
2966
5933
8571
10762
12412
13455
13858
13618
12764
11354
9471
7218
4714
2084
-544
-3049
-5319
-7259
-8794
-9871
-10464
-10571
-10213
-9434
-8295
-6872
-5250
-3517
-1762
-69
1489
2853
3976
4830
5403
5701
5742
5558
5191
4687
4096
3464
2835
2245
1721
1277
920
643
432
265
114
-50
-255
-527
-883
-1332
-1874
-2497
-3177
-3883
-4571
-5196
-5705
-6049
-6182
-6064
-5667
-4976
-3992
-2733
-1233
454
2266
4123
5940
7624
9088
10246
11023
11361
11218
10574
9433
7825
5801
3437
827
-1919
-4681
-7335
-9754
-11823
-13436
-14509
-14979
-14810
-13993
-12554
-10542
-8037
-5144
-1984
1305
4580
7695
10510
12899
14751
15983
16536
16383
15529
14011
11894
9272
6260
2990
-393
-3743
-6913
-9767
-12184
-14064
-15330
-15936
-15864
-15127
-13765
-11849
-9469
-6738
-3777
-719
2302
5161
7738
9931
11658
12857
13493
13557
13062
12049
10577
8723
6580
4247
1829
-568
-2848
-4919
-6707
-8148
-9201
-9840
-10060
-9873
-9308
-8409
-7230
-5835
-4293
-2674
-1049
518
1968
3254
4334
5182
5782
6129
6230
6100
5763
5250
4593
3831
3000
2137
1276
446
-325
-1020
-1622
-2122
-2514
-2799
-2980
-3064
-3060
-2978
-2830
-2627
-2381
-2101
-1798
-1480
-1154
-827
-504
-189
112
399
666
912
1134
1330
1496
1632
1735
1805
1841
1842
1810
1746
1650
1525
1373
1197
1000
784
552
306
48
-217
-490
-766
-1044
-1317
-1583
-1835
-2068
-2272
-2440
-2563
-2630
-2633
-2562
-2409
-2170
-1842
-1424
-921
-341
301
991
1706
2420
3106
3733
4270
4688
4959
5060
4972
4684
4193
3505
2634
1604
447
-793
-2071
-3335
-4528
-5597
-6489
-7154
-7554
-7658
-7447
-6915
-6073
-4942
-3561
-1980
-260
1528
3311
5007
6542
7841
8841
9488
9746
9592
9022
8051
6714
5060
3158
1086
-1067
-3207
-5239
-7070
-8617
-9806
-10581
-10901
-10748
-10124
-9052
-7577
-5763
-3688
-1445
867
3144
5284
7191
8778
9973
10724
10996
10779
10085
8946
7416
5567
3486
1267
-985
-3170
-5189
-6949
-8374
-9403
-9993
-10123
-9794
-9026
-7863
-6363
-4602
-2665
-645
1361
3264
4976
6420
7537
8279
8622
8558
8099
7276
6138
4745
3169
1489
-211
-1853
-3359
-4661
-5704
-6445
-6858
-6933
-6675
-6108
-5268
-4203
-2973
-1640
-274
1059
2296
3380
4264
4911
5298
5413
5262
4859
4232
3421
2469
1429
353
-704
-1692
-2565
-3285
-3820
-4152
-4271
-4178
-3883
-3409
-2782
-2039
-1218
-361
489
1293
2013
2619
3084
3390
3529
3497
3302
2956
2480
1898
1241
540
-172
-863
-1502
-2061
-2518
-2854
-3057
-3120
-3044
-2833
-2500
-2060
-1535
-947
-324
308
924
1495
1999
2414
2723
2914
2978
2914
2723
2414
1999
1495
924
308
-324
-947
-1535
-2060
-2500
-2833
-3044
-3120
-3057
-2854
-2518
-2061
-1502
-863
-172
540
1241
1898
2480
2956
3302
3497
3529
3390
3084
2619
2013
1293
489
-361
-1218
-2039
-2782
-3409
-3883
-4178
-4271
-4152
-3820
-3285
-2565
-1692
-704
353
1429
2469
3421
4232
4859
5262
5413
5298
4911
4264
3380
2296
1059
-274
-1640
-2973
-4203
-5268
-6108
-6675
-6933
-6858
-6445
-5704
-4661
-3359
-1853
-211
1489
3169
4745
6138
7276
8099
8558
8622
8279
7537
6420
4976
3264
1361
-645
-2665
-4602
-6363
-7863
-9026
-9794
-10123
-9993
-9403
-8374
-6949
-5189
-3170
-985
1267
3486
5567
7416
8946
10085
10779
10996
10724
9973
8778
7191
5284
3144
867
-1445
-3688
-5763
-7577
-9052
-10124
-10748
-10901
-10581
-9806
-8617
-7070
-5239
-3207
-1067
1086
3158
5060
6714
8051
9022
9592
9746
9488
8841
7841
6542
5007
3311
1528
-260
-1980
-3561
-4942
-6073
-6915
-7447
-7658
-7554
-7154
-6489
-5597
-4528
-3335
-2071
-793
447
1604
2634
3505
4193
4684
4972
5060
4959
4688
4270
3733
3106
2420
1706
991
301
-341
-921
-1424
-1842
-2170
-2409
-2562
-2633
-2630
-2563
-2440
-2272
-2068
-1835
-1583
-1317
-1044
-766
-490
-217
48
306
552
784
1000
1197
1373
1525
1650
1746
1810
1842
1841
1805
1735
1632
1496
1330
1134
912
666
399
112
-189
-504
-827
-1154
-1480
-1798
-2101
-2381
-2627
-2830
-2978
-3060
-3064
-2980
-2799
-2514
-2122
-1622
-1020
-325
446
1276
2137
3000
3831
4593
5250
5763
6100
6230
6129
5782
5182
4334
3254
1968
518
-1049
-2674
-4293
-5835
-7230
-8409
-9308
-9873
-10060
-9840
-9201
-8148
-6707
-4919
-2848
-568
1829
4247
6580
8723
10577
12049
13062
13557
13493
12857
11658
9931
7738
5161
2302
-719
-3777
-6738
-9469
-11849
-13765
-15127
-15864
-15936
-15330
-14064
-12184
-9767
-6913
-3743
-393
2990
6260
9272
11894
14011
15529
16383
16536
15983
14751
12899
10510
7695
4580
1305
-1984
-5144
-8037
-10542
-12554
-13993
-14810
-14979
-14509
-13436
-11823
-9754
-7335
-4681
-1919
827
3437
5801
7825
9433
10574
11218
11361
11023
10246
9088
7624
5940
4123
2266
454
-1233
-2733
-3992
-4976
-5667
-6064
-6182
-6049
-5705
-5196
-4571
-3883
-3177
-2497
-1874
-1332
-883
-527
-255
-50
114
265
432
643
920
1277
1721
2245
2835
3464
4096
4687
5191
5558
5742
5701
5403
4830
3976
2853
1489
-69
-1762
-3517
-5250
-6872
-8295
-9434
-10213
-10571
-10464
-9871
-8794
-7259
-5319
-3049
-544
2084
4714
7218
9471
11354
12764
13618
13858
13455
12412
10762
8571
5933
2966
-192
-3392
-6478
-9298
-11711
-13593
-14844
-15395
-15210
-14292
-12676
-10437
-7679
-4535
-1157
2287
5629
8700
11348
13436
14860
15545
15455
14594
13003
10762
7984
4809
1399
-2071
-5426
-8494
-11118
-13162
-14523
-15130
-14954
-14004
-12330
-10020
-7195
-4001
-605
2814
6081
9023
11488
13346
14502
0
0
0
0
0
0
0
0
0
0
0
0
0
0
0
0
0
0
0
0
0
0
0
0
0
0
0
0
0
0
0
0
0
0
0
0
0
0
0
0
0
0
0
0
0
0
0
0
0
0
0
0
0
0
0
0
0
0
0
0
0
0
0
0
0
0
0
8936
8728
8116
7129
5818
4246
2494
645
-1207
-2976
-4577
-5935
-6989
-7694
-8026
-7976
-7558
-6803
-5758
-4485
-3054
-1543
-28
1413
2714
3815
4671
5252
5543
5548
5284
4784
4091
3258
2342
1402
495
-329
-1029
-1572
-1941
-2128
-2142
-2001
-1736
-1384
-987
-589
-233
44
213
253
156
-75
-424
-865
-1361
-1867
-2338
-2723
-2978
-3064
-2950
-2619
-2066
-1304
-359
728
1904
3106
4263
5304
6156
6756
7051
7000
6581
5792
4651
3197
1489
-397
-2372
-4338
-6190
-7827
-9154
-10087
-10562
-10534
-9984
-8919
-7374
-5410
-3110
-581
2058
4678
7147
9336
11127
12420
13138
13229
12675
11488
9713
7426
4730
1752
-1365
-4470
-7408
-10029
-12199
-13802
-14750
-14988
-14494
-13282
-11404
-8945
-6021
-2772
644
4060
7306
10220
12654
14483
15613
15982
15567
14383
12485
9962
6936
3554
-17
-3603
-7026
-10116
-12719
-14705
-15974
-16462
-16144
-15033
-13183
-10685
-7659
-4256
-641
3007
6510
9697
12412
14522
15926
16556
16383
15418
13709
11342
8434
5128
1585
-2022
-5521
-8742
-11532
-13761
-15325
-16153
-16212
-15504
-14070
-11983
-9350
-6299
-2978
451
3828
6994
9804
12130
13870
14952
15334
15009
14003
12375
10208
7613
4716
1655
-1426
-4388
-7098
-9438
-11313
-12647
-13394
-13536
-13081
-12065
-10550
-8617
-6363
-3897
-1335
1209
3625
5812
7683
9170
10223
10813
10934
10601
9846
8719
7285
5616
3793
1899
15
-1784
-3430
-4865
-6044
-6935
-7520
-7795
-7770
-7463
-6906
-6134
-5192
-4124
-2978
-1799
-630
490
1530
2463
3267
3929
4440
4798
5005
5066
4990
4788
4473
4057
3556
2981
2349
1671
962
236
-492
-1210
-1901
-2550
-3141
-3659
-4088
-4413
-4622
-4704
-4651
-4460
-4129
-3663
-3072
-2370
-1575
-710
196
1116
2018
2870
3641
4302
4827
5194
5388
5399
5223
4866
4336
3653
2840
1925
940
-78
-1095
-2073
-2978
-3779
-4447
-4960
-5302
-5463
-5438
-5231
-4852
-4315
-3642
-2856
-1985
-1060
-112
829
1733
2572
3322
3959
4468
4834
5048
5107
5011
4765
4376
3858
3227
2501
1702
851
-26
-905
-1761
-2569
-3304
-3946
-4474
-4870
-5121
-5217
-5152
-4925
-4539
-4004
-3334
-2547
-1666
-718
266
1256
2217
3116
3922
4604
5137
5500
5677
5660
5446
5042
4460
3720
2847
1873
833
-233
-1290
-2296
-3215
-4013
-4663
-5142
-5433
-5530
-5432
-5146
-4687
-4077
-3340
-2509
-1616
-696
217
1092
1898
2612
3213
3687
4026
4227
4294
4233
4057
3780
3420
2994
2519
2013
1489
960
437
-74
-568
-1042
-1494
-1924
-2331
-2712
-3065
-3385
-3664
-3891
-4057
-4146
-4145
-4039
-3816
-3465
-2978
-2355
-1600
-723
256
1313
2416
3526
4600
5590
6450
7133
7597
7803
7724
7342
6650
5656
4380
2860
1142
-711
-2631
-4541
-6359
-8004
-9398
-10472
-11164
-11430
-11242
-10588
-9480
-7948
-6041
-3829
-1396
1161
3739
6229
8522
10517
12123
13262
13878
13934
13417
12340
10740
8677
6232
3504
605
-2343
-5218
-7897
-10266
-12224
-13685
-14588
-14894
-14588
-13685
-12224
-10266
-7897
-5218
-2343
605
3504
6232
8677
10740
12340
13417
13934
13878
13262
12123
10517
8522
6229
3739
1161
-1396
-3829
-6041
-7948
-9480
-10588
-11242
-11430
-11164
-10472
-9398
-8004
-6359
-4541
-2631
-711
1142
2860
4380
5656
6650
7342
7724
7803
7597
7133
6450
5590
4600
3526
2416
1313
256
-723
-1600
-2355
-2978
-3465
-3816
-4039
-4145
-4146
-4057
-3891
-3664
-3385
-3065
-2712
-2331
-1924
-1494
-1042
-568
-74
437
960
1489
2013
2519
2994
3420
3780
4057
4233
4294
4227
4026
3687
3213
2612
1898
1092
217
-696
-1616
-2509
-3340
-4077
-4687
-5146
-5432
-5530
-5433
-5142
-4663
-4013
-3215
-2296
-1290
-233
833
1873
2847
3720
4460
5042
5446
5660
5677
5500
5137
4604
3922
3116
2217
1256
266
-718
-1666
-2547
-3334
-4004
-4539
-4925
-5152
-5217
-5121
-4870
-4474
-3946
-3304
-2569
-1761
-905
-26
851
1702
2501
3227
3858
4376
4765
5011
5107
5048
4834
4468
3959
3322
2572
1733
829
-112
-1060
-1985
-2856
-3642
-4315
-4852
-5231
-5438
-5463
-5302
-4960
-4447
-3779
-2978
-2073
-1095
-78
940
1925
2840
3653
4336
4866
5223
5399
5388
5194
4827
4302
3641
2870
2018
1116
196
-710
-1575
-2370
-3072
-3663
-4129
-4460
-4651
-4704
-4622
-4413
-4088
-3659
-3141
-2550
-1901
-1210
-492
236
962
1671
2349
2981
3556
4057
4473
4788
4990
5066
5005
4798
4440
3929
3267
2463
1530
490
-630
-1799
-2978
-4124
-5192
-6134
-6906
-7463
-7770
-7795
-7520
-6935
-6044
-4865
-3430
-1784
15
1899
3793
5616
7285
8719
9846
10601
10934
10813
10223
9170
7683
5812
3625
1209
-1335
-3897
-6363
-8617
-10550
-12065
-13081
-13536
-13394
-12647
-11313
-9438
-7098
-4388
-1426
1655
4716
7613
10208
12375
14003
15009
15334
14952
13870
12130
9804
6994
3828
451
-2978
-6299
-9350
-11983
-14070
-15504
-16212
-16153
-15325
-13761
-11532
-8742
-5521
-2022
1585
5128
8434
11342
13709
15418
16383
16556
15926
14522
12412
9697
6510
3007
-641
-4256
-7659
-10685
-13183
-15033
-16144
-16462
-15974
-14705
-12719
-10116
-7026
-3603
-17
3554
6936
9962
12485
14383
15567
15982
15613
14483
12654
10220
7306
4060
644
-2772
-6021
-8945
-11404
-13282
-14494
-14988
-14750
-13802
-12199
-10029
-7408
-4470
-1365
1752
4730
7426
9713
11488
12675
13229
13138
12420
11127
9336
7147
4678
2058
-581
-3110
-5410
-7374
-8919
-9984
-10534
-10562
-10087
-9154
-7827
-6190
-4338
-2372
-397
1489
3197
4651
5792
6581
7000
7051
6756
6156
5304
4263
3106
1904
728
-359
-1304
-2066
-2619
-2950
-3064
-2978
-2723
-2338
-1867
-1361
-865
-424
-75
156
253
213
44
-233
-589
-987
-1384
-1736
-2001
-2142
-2128
-1941
-1572
-1029
-329
495
1402
2342
3258
4091
4784
5284
5548
5543
5252
4671
3815
2714
1413
-28
-1543
-3054
-4485
-5758
-6803
-7558
-7976
-8026
-7694
-6989
-5935
-4577
-2976
-1207
645
2494
4246
5818
7129
8116
8728
0
0
0
0
0
0
0
0
0
0
0
0
0
0
0
0
0
0
0
0
0
0
0
0
0
0
0
0
0
0
0
0
0
0
0
0
0
0
0
0
0
0
0
0
0
0
0
0
0
0
0
0
0
0
0
0
0
0
0
0
0
0
0
0
0
0
0
-2978
-2977
-2971
-2952
-2909
-2824
-2682
-2465
-2157
-1745
-1224
-591
144
969
1858
2781
3701
4574
5357
6002
6466
6712
6707
6431
5874
5039
3943
2617
1107
-533
-2237
-3934
-5547
-7002
-8225
-9153
-9732
-9923
-9702
-9065
-8026
-6616
-4888
-2907
-755
1479
3699
5807
7708
9315
10553
11360
11696
11538
10889
9769
8225
6319
4132
1759
-698
-3134
-5440
-7515
-9269
-10625
-11524
-11927
-11819
-11206
-10117
-8602
-6732
-4590
-2273
114
2470
4688
6674
8344
9627
10474
10853
10756
10194
9201
7828
6144
4229
2173
71
-1982
-3898
-5592
-6995
-8050
-8719
-8980
-8833
-8295
-7401
-6200
-4756
-3141
-1434
283
1932
3439
4737
5771
6502
6902
6962
6689
6104
5244
4156
2898
1534
134
-1233
-2505
-3619
-4524
-5180
-5559
-5646
-5441
-4958
-4224
-3278
-2168
-950
313
1560
2728
3760
4602
5213
5559
5623
5397
4889
4120
3124
1946
639
-735
-2112
-3424
-4609
-5605
-6360
-6832
-6991
-6820
-6318
-5499
-4390
-3035
-1489
182
1908
3609
5208
6627
7798
8657
9158
9264
8958
8242
7132
5668
3901
1902
-246
-2456
-4630
-6670
-8482
-9980
-11088
-11746
-11911
-11564
-10705
-9357
-7568
-5404
-2951
-309
2409
5090
7612
9864
11739
13148
14020
14307
13983
13054
11547
9520
7051
4243
1212
-1911
-4994
-7900
-10501
-12679
-14335
-15392
-15799
-15532
-14599
-13035
-10906
-8302
-5334
-2132
1165
4416
7476
10212
12506
14257
15393
15864
15655
14778
13277
11222
8708
5849
2776
-375
-3465
-6360
-8936
-11085
-12720
-13779
-14228
-14060
-13296
-11985
-10197
-8025
-5575
-2963
-309
2266
4653
6753
8483
9781
10607
10945
10802
10206
9208
7872
6277
4510
2661
819
-932
-2520
-3881
-4971
-5760
-6236
-6404
-6285
-5912
-5330
-4592
-3752
-2866
-1988
-1165
-433
178
653
988
1188
1272
1262
1190
1089
992
930
928
1004
1166
1415
1740
2119
2525
2922
3272
3535
3674
3654
3450
3046
2440
1638
664
-447
-1650
-2891
-4105
-5230
-6198
-6952
-7436
-7610
-7447
-6934
-6079
-4905
-3455
-1786
30
1912
3774
5524
7077
8352
9283
9816
9917
9572
8790
7600
6050
4210
2163
2
-2172
-4257
-6156
-7779
-9049
-9907
-10314
-10253
-9728
-8768
-7422
-5757
-3855
-1809
280
2316
4201
5851
7191
8165
8737
8890
8629
7980
6987
5712
4226
2611
952
-666
-2167
-3481
-4550
-5333
-5808
-5967
-5822
-5401
-4746
-3909
-2949
-1932
-920
26
858
1532
2020
2308
2396
2297
2038
1656
1194
701
225
-186
-495
-669
-691
-552
-259
166
694
1282
1882
2442
2907
3229
3367
3288
2974
2421
1642
666
-463
-1690
-2948
-4162
-5258
-6163
-6809
-7141
-7120
-6722
-5946
-4811
-3357
-1644
249
2233
4206
6065
7708
9038
9973
10450
10425
9880
8824
7293
5349
3077
582
-2016
-4590
-7010
-9149
-10893
-12145
-12830
-12902
-12343
-11169
-9427
-7192
-4566
-1674
1344
4342
7170
9686
11761
13288
14184
14398
13913
12747
10952
8610
5835
2759
-465
-3683
-6735
-9469
-11751
-13468
-14533
-14894
-14533
-13468
-11751
-9469
-6735
-3683
-465
2759
5835
8610
10952
12747
13913
14398
14184
13288
11761
9686
7170
4342
1344
-1674
-4566
-7192
-9427
-11169
-12343
-12902
-12830
-12145
-10893
-9149
-7010
-4590
-2016
582
3077
5349
7293
8824
9880
10425
10450
9973
9038
7708
6065
4206
2233
249
-1644
-3357
-4811
-5946
-6722
-7120
-7141
-6809
-6163
-5258
-4162
-2948
-1690
-463
666
1642
2421
2974
3288
3367
3229
2907
2442
1882
1282
694
166
-259
-552
-691
-669
-495
-186
225
701
1194
1656
2038
2297
2396
2308
2020
1532
858
26
-920
-1932
-2949
-3909
-4746
-5401
-5822
-5967
-5808
-5333
-4550
-3481
-2167
-666
952
2611
4226
5712
6987
7980
8629
8890
8737
8165
7191
5851
4201
2316
280
-1809
-3855
-5757
-7422
-8768
-9728
-10253
-10314
-9907
-9049
-7779
-6156
-4257
-2172
2
2163
4210
6050
7600
8790
9572
9917
9816
9283
8352
7077
5524
3774
1912
30
-1786
-3455
-4905
-6079
-6934
-7447
-7610
-7436
-6952
-6198
-5230
-4105
-2891
-1650
-447
664
1638
2440
3046
3450
3654
3674
3535
3272
2922
2525
2119
1740
1415
1166
1004
928
930
992
1089
1190
1262
1272
1188
988
653
178
-433
-1165
-1988
-2866
-3752
-4592
-5330
-5912
-6285
-6404
-6236
-5760
-4971
-3881
-2520
-932
819
2661
4510
6277
7872
9208
10206
10802
10945
10607
9781
8483
6753
4653
2266
-309
-2963
-5575
-8025
-10197
-11985
-13296
-14060
-14228
-13779
-12720
-11085
-8936
-6360
-3465
-375
2776
5849
8708
11222
13277
14778
15655
15864
15393
14257
12506
10212
7476
4416
1165
-2132
-5334
-8302
-10906
-13035
-14599
-15532
-15799
-15392
-14335
-12679
-10501
-7900
-4994
-1911
1212
4243
7051
9520
11547
13054
13983
14307
14020
13148
11739
9864
7612
5090
2409
-309
-2951
-5404
-7568
-9357
-10705
-11564
-11911
-11746
-11088
-9980
-8482
-6670
-4630
-2456
-246
1902
3901
5668
7132
8242
8958
9264
9158
8657
7798
6627
5208
3609
1908
182
-1489
-3035
-4390
-5499
-6318
-6820
-6991
-6832
-6360
-5605
-4609
-3424
-2112
-735
639
1946
3124
4120
4889
5397
5623
5559
5213
4602
3760
2728
1560
313
-950
-2168
-3278
-4224
-4958
-5441
-5646
-5559
-5180
-4524
-3619
-2505
-1233
134
1534
2898
4156
5244
6104
6689
6962
6902
6502
5771
4737
3439
1932
283
-1434
-3141
-4756
-6200
-7401
-8295
-8833
-8980
-8719
-8050
-6995
-5592
-3898
-1982
71
2173
4229
6144
7828
9201
10194
10756
10853
10474
9627
8344
6674
4688
2470
114
-2273
-4590
-6732
-8602
-10117
-11206
-11819
-11927
-11524
-10625
-9269
-7515
-5440
-3134
-698
1759
4132
6319
8225
9769
10889
11538
11696
11360
10553
9315
7708
5807
3699
1479
-755
-2907
-4888
-6616
-8026
-9065
-9702
-9923
-9732
-9153
-8225
-7002
-5547
-3934
-2237
-533
1107
2617
3943
5039
5874
6431
6707
6712
6466
6002
5357
4574
3701
2781
1858
969
144
-591
-1224
-1745
-2157
-2465
-2682
-2824
-2909
-2952
-2971
-2977
0
0
0
0
0
0
0
0
0
0
0
0
0
0
0
0
0
0
0
0
0
0
0
0
0
0
0
0
0
0
0
0
0
0
0
0
0
0
0
0
0
0
0
0
0
0
0
0
0
0
0
0
0
0
0
0
0
0
0
0
0
0
0
0
0
0
0
