17269
10860
2323
-6503
-13675
-17624
-17552
-13646
-7044
438
6748
10116
9502
4874
-2766
-11612
-19489
-24393
-24992
-20975
-13146
-3247
6453
13713
16874
15271
9419
894
-8039
-14981
-17991
-16075
-9452
484
11483
20977
26708
27284
22529
13547
2464
-8071
-15531
-18124
-15240
-7608
2863
13539
21694
25174
22923
15258
3804
-8879
-19903
-26744
-27847
-23008
-13430
-1444
10040
18230
21115
17953
9452
-2389
-14751
-24660
-29696
-28562
-21402
-9768
3740
16081
24488
27110
23450
14470
2370
-9933
-19489
-23995
-22337
-14836
-3174
10002
21698
29260
30980
26482
16796
4110
-8737
-18907
-24204
-23562
-17269
-6882
5141
16010
23227
25144
21317
12579
836
-11371
-21439
-27272
-27724
-22829
-13764
-2566
8328
16611
20598
19566
13876
4870
-5444
-14830
-21300
-23513
-21037
-14409
-4991
5321
14505
20812
23111
21086
15278
6950
-2178
-10279
-15767
-17601
-15467
-9822
-1797
7032
14943
20394
22308
20275
14624
6366
-2997
-11743
-18255
-21326
-20385
-15618
-7946
1143
9863
16470
19603
18552
13416
5102
-4831
-14468
-21899
-25605
-24765
-19436
-10561
202
10793
19159
23661
23411
18457
9790
-852
-11321
-19489
-23676
-22989
-17506
-8259
2970
14002
22701
27390
27185
22159
13316
2383
-8538
-17386
-22537
-23111
-19117
-11435
-1619
8414
16757
21866
22839
19557
12675
3479
-6373
-15156
-21389
-24077
-22861
-18059
-10579
-1745
6935
14023
18380
19340
16806
11247
3621
-4785
-12557
-18379
-21238
-20593
-16466
-9452
-634
8577
16669
22278
24419
22671
17266
9070
-547
-9934
-17446
-21735
-21998
-18136
-10784
-1216
8878
17691
23626
25585
23172
16768
7458
-3158
-13264
-21146
-25502
-25659
-21680
-14337
-4956
4831
13373
19282
21658
20214
15302
7819
-962
-9610
-16770
-21364
-22742
-20752
-15744
-8489
-60
8328
15489
20425
22454
21302
17139
10562
2517
-5819
-13200
-18490
-20833
-19793
-15444
-8376
370
9452
17427
22985
25167
23534
18256
10098
306
-9595
-18051
-23738
-25781
-23899
-18445
-10342
-916
8328
15950
20809
22233
20100
14836
7317
-1280
-9676
-16676
-21335
-23071
-21720
-17531
-11107
-3316
4831
12303
18167
21692
22436
20294
15522
8715
749
-7315
-14367
-19391
-21614
-20635
-16499
-9718
-1216
7793
15984
22118
25243
24846
20941
14071
5225
-4317
-13185
-20136
-24233
-24981
-22385
-16923
-9452
-1064
7079
13917
18615
20664
19908
16541
11055
4160
-3299
-10441
-16433
-20571
-22346
-21500
-18059
-12350
-4978
3219
11256
18121
22898
24907
23810
19683
13021
4692
-4186
-12397
-18810
-22546
-23111
-20461
-15010
-7549
873
9116
16108
20992
23227
22631
19380
13947
7025
-575
-8021
-14540
-19489
-22393
-22979
-21192
-17198
-11380
-4318
3252
10500
16581
20738
22403
21287
17441
11278
3530
-4831
-12726
-19119
-23164
-24330
-22475
-17858
-11093
-3053
5263
12871
18928
22826
24245
23158
19803
14624
8203
1193
-5740
-11965
-16925
-20162
-21356
-20348
-17173
-12078
-5526
1827
9185
15695
20553
23111
22980
20099
14756
7561
-632
-8844
-16108
-21593
-24718
-25209
-23119
-18786
-12774
-5772
1491
8328
14156
18525
21131
21815
20554
17456
12759
6829
157
-6661
-12962
-18074
-21393
-22467
-21073
-17269
-11407
-4108
3815
11459
17953
22575
24845
24580
21894
17166
10967
3970
-3141
-9741
-15316
-19489
-22014
-22770
-21741
-19008
-14749
-9242
-2876
3856
10372
16048
20279
22562
22571
20219
15695
9452
2160
-5382
-12349
-18005
-21791
-23390
-22743
-20034
-15633
-10027
-3752
2675
8791
14203
18591
21694
23307
23278
21529
18082
13090
6866
-124
-7279
-13920
-19371
-23050
-24552
-23716
-20646
-15704
-9452
-2566
4252
10371
15295
18702
20448
20539
19094
16300
12377
7562
2112
-3683
-9486
-14901
-19489
-22805
-24451
-24142
-21768
-17438
-11484
-4439
3027
10196
16398
21097
23949
24833
23833
21195
17269
12441
7082
1521
-3964
-9127
-13732
-17535
-20273
-21685
-21548
-19726
-16225
-11226
-5098
1631
8328
14339
19077
22108
23198
22340
19731
15719
10741
5241
-379
-5798
-10778
-15145
-18756
-21466
-23111
-23512
-22505
-19986
-15959
-10586
-4196
2727
9595
15790
20750
24052
25465
24976
22770
19180
14624
9523
4248
-917
-5776
-10197
-14077
-17297
-19700
-21088
-21249
-20007
-17276
-13115
-7755
-1596
4831
10938
16157
20031
22272
22793
21697
19237
15748
11578
7027
2319
-2403
-7049
-11537
-15747
-19489
-22499
-24467
-25085
-24121
-21478
-17245
-11701
-5294
1425
7882
13568
18106
21295
23105
23647
23111
21701
19579
16838
13498
9548
4992
-89
-5505
-10937
-15966
-20131
-23004
-24269
-23789
-21632
-18059
-13479
-8369
-3188
1692
6031
9732
12810
15333
17361
18889
19825
19992
19174
17181
13920
9452
4016
-1983
-8031
-13586
-18168
-21437
-23239
-23614
-22759
-20961
-18517
-15660
-12521
-9114
-5374
-1216
3394
8381
13521
18461
22755
25952
27680
27728
26088
22961
18716
13812
8707
3772
-764
-4831
-8490
-11867
-15078
-18157
-21005
-23396
-25007
-25498
-24600
-22191
-18354
-13373
-7699
-1865
3613
8328
12050
14744
16547
17693
18431
18934
19241
19243
18710
17367
14982
11457
6883
1553
-4073
-9452
-14062
-17506
-19582
-20313
-19919
-18745
-17163
-15467
-13805
-12147
-10313
-8037
-5073
-1287
3267
8328
13456
18116
21785
24065
24768
23951
21896
19028
15815
12647
9751
7146
4666
2023
-1077
-4831
-9250
-14115
-19011
-23395
-26721
-28561
-28704
-27204
-24367
-20675
-16664
-12802
-9378
-6445
-3833
-1216
1772
5409
9781
14721
19828
24540
28256
30482
30944
29657
26921
23245
19226
15398
12111
9452
7239
5094
2565
-728
-4965
-10045
-15584
-20986
-25578
-28767
-30179
-29755
-27760
-24720
-21282
-18059
-15470
-13644
-12393
-11282
-9753
-7294
-3603
1312
7104
13150
18690
23005
25590
26278
25276
23111
20490
18120
16519
15885
16045
16506
16589
15621
13129
8982
3453
-2828
-9013
-14239
-17836
-19489
-19316
-17833
-15814
-14091
-13329
-13846
-15527
-17844
-19995
-21112
-20496
-17815
-13207
-7266
-912
4831
9088
11343
11577
10263
8243
6510
5936
7044
9852
13860
18163
21681
23433
22803
19704
14624
8515
2563
-2101
-4690
-4961
-3277
-517
2150
3571
2915
-95
-5096
-11155
-16996
-21313
-23111
-21957
-18111
-12473
-6364
-1202
1858
2218
0
-3978
-8403
-11804
-12923
-11061
-6263
661
8328
15110
19547
20709
18446
13439
7038
933
-3268
-4451
-2288
2670
9109
15281
19436
20270
-17269
-10860
-2323
6503
13675
17624
17552
13646
7044
-438
-6748
-10116
-9502
-4874
2766
11612
19489
24393
24992
20975
13146
3247
-6453
-13713
-16874
-15271
-9419
-894
8039
14981
17991
16075
9452
-484
-11483
-20977
-26708
-27284
-22529
-13547
-2464
8071
15531
18124
15240
7608
-2863
-13539
-21694
-25174
-22923
-15258
-3804
8879
19903
26744
27847
23008
13430
1444
-10040
-18230
-21115
-17953
-9452
2389
14751
24660
29696
28562
21402
9768
-3740
-16081
-24488
-27110
-23450
-14470
-2370
9933
19489
23995
22337
14836
3174
-10002
-21698
-29260
-30980
-26482
-16796
-4110
8737
18907
24204
23562
17269
6882
-5141
-16010
-23227
-25144
-21317
-12579
-836
11371
21439
27272
27724
22829
13764
2566
-8328
-16611
-20598
-19566
-13876
-4870
5444
14830
21300
23513
21037
14409
4991
-5321
-14505
-20812
-23111
-21086
-15278
-6950
2178
10279
15767
17601
15467
9822
1797
-7032
-14943
-20394
-22308
-20275
-14624
-6366
2997
11743
18255
21326
20385
15618
7946
-1143
-9863
-16470
-19603
-18552
-13416
-5102
4831
14468
21899
25605
24765
19436
10561
-202
-10793
-19159
-23661
-23411
-18457
-9790
852
11321
19489
23676
22989
17506
8259
-2970
-14002
-22701
-27390
-27185
-22159
-13316
-2383
8538
17386
22537
23111
19117
11435
1619
-8414
-16757
-21866
-22839
-19557
-12675
-3479
6373
15156
21389
24077
22861
18059
10579
1745
-6935
-14023
-18380
-19340
-16806
-11247
-3621
4785
12557
18379
21238
20593
16466
9452
634
-8577
-16669
-22278
-24419
-22671
-17266
-9070
547
9934
17446
21735
21998
18136
10784
1216
-8878
-17691
-23626
-25585
-23172
-16768
-7458
3158
13264
21146
25502
25659
21680
14337
4956
-4831
-13373
-19282
-21658
-20214
-15302
-7819
962
9610
16770
21364
22742
20752
15744
8489
60
-8328
-15489
-20425
-22454
-21302
-17139
-10562
-2517
5819
13200
18490
20833
19793
15444
8376
-370
-9452
-17427
-22985
-25167
-23534
-18256
-10098
-306
9595
18051
23738
25781
23899
18445
10342
916
-8328
-15950
-20809
-22233
-20100
-14836
-7317
1280
9676
16676
21335
23071
21720
17531
11107
3316
-4831
-12303
-18167
-21692
-22436
-20294
-15522
-8715
-749
7315
14367
19391
21614
20635
16499
9718
1216
-7793
-15984
-22118
-25243
-24846
-20941
-14071
-5225
4317
13185
20136
24233
24981
22385
16923
9452
1064
-7079
-13917
-18615
-20664
-19908
-16541
-11055
-4160
3299
10441
16433
20571
22346
21500
18059
12350
4978
-3219
-11256
-18121
-22898
-24907
-23810
-19683
-13021
-4692
4186
12397
18810
22546
23111
20461
15010
7549
-873
-9116
-16108
-20992
-23227
-22631
-19380
-13947
-7025
575
8021
14540
19489
22393
22979
21192
17198
11380
4318
-3252
-10500
-16581
-20738
-22403
-21287
-17441
-11278
-3530
4831
12726
19119
23164
24330
22475
17858
11093
3053
-5263
-12871
-18928
-22826
-24245
-23158
-19803
-14624
-8203
-1193
5740
11965
16925
20162
21356
20348
17173
12078
5526
-1827
-9185
-15695
-20553
-23111
-22980
-20099
-14756
-7561
632
8844
16108
21593
24718
25209
23119
18786
12774
5772
-1491
-8328
-14156
-18525
-21131
-21815
-20554
-17456
-12759
-6829
-157
6661
12962
18074
21393
22467
21073
17269
11407
4108
-3815
-11459
-17953
-22575
-24845
-24580
-21894
-17166
-10967
-3970
3141
9741
15316
19489
22014
22770
21741
19008
14749
9242
2876
-3856
-10372
-16048
-20279
-22562
-22571
-20219
-15695
-9452
-2160
5382
12349
18005
21791
23390
22743
20034
15633
10027
3752
-2675
-8791
-14203
-18591
-21694
-23307
-23278
-21529
-18082
-13090
-6866
124
7279
13920
19371
23050
24552
23716
20646
15704
9452
2566
-4252
-10371
-15295
-18702
-20448
-20539
-19094
-16300
-12377
-7562
-2112
3683
9486
14901
19489
22805
24451
24142
21768
17438
11484
4439
-3027
-10196
-16398
-21097
-23949
-24833
-23833
-21195
-17269
-12441
-7082
-1521
3964
9127
13732
17535
20273
21685
21548
19726
16225
11226
5098
-1631
-8328
-14339
-19077
-22108
-23198
-22340
-19731
-15719
-10741
-5241
379
5798
10778
15145
18756
21466
23111
23512
22505
19986
15959
10586
4196
-2727
-9595
-15790
-20750
-24052
-25465
-24976
-22770
-19180
-14624
-9523
-4248
917
5776
10197
14077
17297
19700
21088
21249
20007
17276
13115
7755
1596
-4831
-10938
-16157
-20031
-22272
-22793
-21697
-19237
-15748
-11578
-7027
-2319
2403
7049
11537
15747
19489
22499
24467
25085
24121
21478
17245
11701
5294
-1425
-7882
-13568
-18106
-21295
-23105
-23647
-23111
-21701
-19579
-16838
-13498
-9548
-4992
89
5505
10937
15966
20131
23004
24269
23789
21632
18059
13479
8369
3188
-1692
-6031
-9732
-12810
-15333
-17361
-18889
-19825
-19992
-19174
-17181
-13920
-9452
-4016
1983
8031
13586
18168
21437
23239
23614
22759
20961
18517
15660
12521
9114
5374
1216
-3394
-8381
-13521
-18461
-22755
-25952
-27680
-27728
-26088
-22961
-18716
-13812
-8707
-3772
764
4831
8490
11867
15078
18157
21005
23396
25007
25498
24600
22191
18354
13373
7699
1865
-3613
-8328
-12050
-14744
-16547
-17693
-18431
-18934
-19241
-19243
-18710
-17367
-14982
-11457
-6883
-1553
4073
9452
14062
17506
19582
20313
19919
18745
17163
15467
13805
12147
10313
8037
5073
1287
-3267
-8328
-13456
-18116
-21785
-24065
-24768
-23951
-21896
-19028
-15815
-12647
-9751
-7146
-4666
-2023
1077
4831
9250
14115
19011
23395
26721
28561
28704
27204
24367
20675
16664
12802
9378
6445
3833
1216
-1772
-5409
-9781
-14721
-19828
-24540
-28256
-30482
-30944
-29657
-26921
-23245
-19226
-15398
-12111
-9452
-7239
-5094
-2565
728
4965
10045
15584
20986
25578
28767
30179
29755
27760
24720
21282
18059
15470
13644
12393
11282
9753
7294
3603
-1312
-7104
-13150
-18690
-23005
-25590
-26278
-25276
-23111
-20490
-18120
-16519
-15885
-16045
-16506
-16589
-15621
-13129
-8982
-3453
2828
9013
14239
17836
19489
19316
17833
15814
14091
13329
13846
15527
17844
19995
21112
20496
17815
13207
7266
912
-4831
-9088
-11343
-11577
-10263
-8243
-6510
-5936
-7044
-9852
-13860
-18163
-21681
-23433
-22803
-19704
-14624
-8515
-2563
2101
4690
4961
3277
517
-2150
-3571
-2915
95
5096
11155
16996
21313
23111
21957
18111
12473
6364
1202
-1858
-2218
0
3978
8403
11804
12923
11061
6263
-661
-8328
-15110
-19547
-20709
-18446
-13439
-7038
-933
3268
4451
2288
-2670
-9109
-15281
-19436
-20270
-17269
-10860
-2323
6503
13675
17624
17552
13646
7044
-438
-6748
-10116
-9502
-4874
2766
11612
19489
24393
24992
20975
13146
3247
-6453
-13713
-16874
-15271
-9419
-894
8039
14981
17991
16075
9452
-484
-11483
-20977
-26708
-27284
-22529
-13547
-2464
8071
15531
18124
15240
7608
-2863
-13539
-21694
-25174
-22923
-15258
-3804
8879
19903
26744
27847
23008
13430
1444
-10040
-18230
-21115
-17953
-9452
2389
14751
24660
29696
28562
21402
9768
-3740
-16081
-24488
-27110
-23450
-14470
-2370
9933
19489
23995
22337
14836
3174
-10002
-21698
-29260
-30980
-26482
-16796
-4110
8737
18907
24204
23562
17269
6882
-5141
-16010
-23227
-25144
-21317
-12579
-836
11371
21439
27272
27724
22829
13764
2566
-8328
-16611
-20598
-19566
-13876
-4870
5444
14830
21300
23513
21037
14409
4991
-5321
-14505
-20812
-23111
-21086
-15278
-6950
2178
10279
15767
17601
15467
9822
1797
-7032
-14943
-20394
-22308
-20275
-14624
-6366
2997
11743
18255
21326
20385
15618
7946
-1143
-9863
-16470
-19603
-18552
-13416
-5102
4831
14468
21899
25605
24765
19436
10561
-202
-10793
-19159
-23661
-23411
-18457
-9790
852
11321
19489
23676
22989
17506
8259
-2970
-14002
-22701
-27390
-27185
-22159
-13316
-2383
8538
17386
22537
23111
19117
11435
1619
-8414
-16757
-21866
-22839
-19557
-12675
-3479
6373
15156
21389
24077
22861
18059
10579
1745
-6935
-14023
-18380
-19340
-16806
-11247
-3621
4785
12557
18379
21238
20593
16466
9452
634
-8577
-16669
-22278
-24419
-22671
-17266
-9070
547
9934
17446
21735
21998
18136
10784
1216
-8878
-17691
-23626
-25585
-23172
-16768
-7458
3158
13264
21146
25502
25659
21680
14337
4956
-4831
-13373
-19282
-21658
-20214
-15302
-7819
962
9610
16770
21364
22742
20752
15744
8489
60
-8328
-15489
-20425
-22454
-21302
-17139
-10562
-2517
5819
13200
18490
20833
19793
15444
8376
-370
-9452
-17427
-22985
-25167
-23534
-18256
-10098
-306
9595
18051
23738
25781
23899
18445
10342
916
-8328
-15950
-20809
-22233
-20100
-14836
-7317
1280
9676
16676
21335
23071
21720
17531
11107
3316
-4831
-12303
-18167
-21692
-22436
-20294
-15522
-8715
-749
7315
14367
19391
21614
20635
16499
9718
1216
-7793
-15984
-22118
-25243
-24846
-20941
-14071
-5225
4317
13185
20136
24233
24981
22385
16923
9452
1064
-7079
-13917
-18615
-20664
-19908
-16541
-11055
-4160
3299
10441
16433
20571
22346
21500
18059
12350
4978
-3219
-11256
-18121
-22898
-24907
-23810
-19683
-13021
-4692
4186
12397
18810
22546
23111
20461
15010
7549
-873
-9116
-16108
-20992
-23227
-22631
-19380
-13947
-7025
575
8021
14540
19489
22393
22979
21192
17198
11380
4318
-3252
-10500
-16581
-20738
-22403
-21287
-17441
-11278
-3530
4831
12726
19119
23164
24330
22475
17858
11093
3053
-5263
-12871
-18928
-22826
-24245
-23158
-19803
-14624
-8203
-1193
5740
11965
16925
20162
21356
20348
17173
12078
5526
-1827
-9185
-15695
-20553
-23111
-22980
-20099
-14756
-7561
632
8844
16108
21593
24718
25209
23119
18786
12774
5772
-1491
-8328
-14156
-18525
-21131
-21815
-20554
-17456
-12759
-6829
-157
6661
12962
18074
21393
22467
21073
17269
11407
4108
-3815
-11459
-17953
-22575
-24845
-24580
-21894
-17166
-10967
-3970
3141
9741
15316
19489
22014
22770
21741
19008
14749
9242
2876
-3856
-10372
-16048
-20279
-22562
-22571
-20219
-15695
-9452
-2160
5382
12349
18005
21791
23390
22743
20034
15633
10027
3752
-2675
-8791
-14203
-18591
-21694
-23307
-23278
-21529
-18082
-13090
-6866
124
7279
13920
19371
23050
24552
23716
20646
15704
9452
2566
-4252
-10371
-15295
-18702
-20448
-20539
-19094
-16300
-12377
-7562
-2112
3683
9486
14901
19489
22805
24451
24142
21768
17438
11484
4439
-3027
-10196
-16398
-21097
-23949
-24833
-23833
-21195
-17269
-12441
-7082
-1521
3964
9127
13732
17535
20273
21685
21548
19726
16225
11226
5098
-1631
-8328
-14339
-19077
-22108
-23198
-22340
-19731
-15719
-10741
-5241
379
5798
10778
15145
18756
21466
23111
23512
22505
19986
15959
10586
4196
-2727
-9595
-15790
-20750
-24052
-25465
-24976
-22770
-19180
-14624
-9523
-4248
917
5776
10197
14077
17297
19700
21088
21249
20007
17276
13115
7755
1596
-4831
-10938
-16157
-20031
-22272
-22793
-21697
-19237
-15748
-11578
-7027
-2319
2403
7049
11537
15747
19489
22499
24467
25085
24121
21478
17245
11701
5294
-1425
-7882
-13568
-18106
-21295
-23105
-23647
-23111
-21701
-19579
-16838
-13498
-9548
-4992
89
5505
10937
15966
20131
23004
24269
23789
21632
18059
13479
8369
3188
-1692
-6031
-9732
-12810
-15333
-17361
-18889
-19825
-19992
-19174
-17181
-13920
-9452
-4016
1983
8031
13586
18168
21437
23239
23614
22759
20961
18517
15660
12521
9114
5374
1216
-3394
-8381
-13521
-18461
-22755
-25952
-27680
-27728
-26088
-22961
-18716
-13812
-8707
-3772
764
4831
8490
11867
15078
18157
21005
23396
25007
25498
24600
22191
18354
13373
7699
1865
-3613
-8328
-12050
-14744
-16547
-17693
-18431
-18934
-19241
-19243
-18710
-17367
-14982
-11457
-6883
-1553
4073
9452
14062
17506
19582
20313
19919
18745
17163
15467
13805
12147
10313
8037
5073
1287
-3267
-8328
-13456
-18116
-21785
-24065
-24768
-23951
-21896
-19028
-15815
-12647
-9751
-7146
-4666
-2023
1077
4831
9250
14115
19011
23395
26721
28561
28704
27204
24367
20675
16664
12802
9378
6445
3833
1216
-1772
-5409
-9781
-14721
-19828
-24540
-28256
-30482
-30944
-29657
-26921
-23245
-19226
-15398
-12111
-9452
-7239
-5094
-2565
728
4965
10045
15584
20986
25578
28767
30179
29755
27760
24720
21282
18059
15470
13644
12393
11282
9753
7294
3603
-1312
-7104
-13150
-18690
-23005
-25590
-26278
-25276
-23111
-20490
-18120
-16519
-15885
-16045
-16506
-16589
-15621
-13129
-8982
-3453
2828
9013
14239
17836
19489
19316
17833
15814
14091
13329
13846
15527
17844
19995
21112
20496
17815
13207
7266
912
-4831
-9088
-11343
-11577
-10263
-8243
-6510
-5936
-7044
-9852
-13860
-18163
-21681
-23433
-22803
-19704
-14624
-8515
-2563
2101
4690
4961
3277
517
-2150
-3571
-2915
95
5096
11155
16996
21313
23111
21957
18111
12473
6364
1202
-1858
-2218
0
3978
8403
11804
12923
11061
6263
-661
-8328
-15110
-19547
-20709
-18446
-13439
-7038
-933
3268
4451
2288
-2670
-9109
-15281
-19436
-20270
-17269
-10860
-2323
6503
13675
17624
17552
13646
7044
-438
-6748
-10116
-9502
-4874
2766
11612
19489
24393
24992
20975
13146
3247
-6453
-13713
-16874
-15271
-9419
-894
8039
14981
17991
16075
9452
-484
-11483
-20977
-26708
-27284
-22529
-13547
-2464
8071
15531
18124
15240
7608
-2863
-13539
-21694
-25174
-22923
-15258
-3804
8879
19903
26744
27847
23008
13430
1444
-10040
-18230
-21115
-17953
-9452
2389
14751
24660
29696
28562
21402
9768
-3740
-16081
-24488
-27110
-23450
-14470
-2370
9933
19489
23995
22337
14836
3174
-10002
-21698
-29260
-30980
-26482
-16796
-4110
8737
18907
24204
23562
17269
6882
-5141
-16010
-23227
-25144
-21317
-12579
-836
11371
21439
27272
27724
22829
13764
2566
-8328
-16611
-20598
-19566
-13876
-4870
5444
14830
21300
23513
21037
14409
4991
-5321
-14505
-20812
-23111
-21086
-15278
-6950
2178
10279
15767
17601
15467
9822
1797
-7032
-14943
-20394
-22308
-20275
-14624
-6366
2997
11743
18255
21326
20385
15618
7946
-1143
-9863
-16470
-19603
-18552
-13416
-5102
4831
14468
21899
25605
24765
19436
10561
-202
-10793
-19159
-23661
-23411
-18457
-9790
852
11321
19489
23676
22989
17506
8259
-2970
-14002
-22701
-27390
-27185
-22159
-13316
-2383
8538
17386
22537
23111
19117
11435
1619
-8414
-16757
-21866
-22839
-19557
-12675
-3479
6373
15156
21389
24077
22861
18059
10579
1745
-6935
-14023
-18380
-19340
-16806
-11247
-3621
4785
12557
18379
21238
20593
16466
9452
634
-8577
-16669
-22278
-24419
-22671
-17266
-9070
547
9934
17446
21735
21998
18136
10784
1216
-8878
-17691
-23626
-25585
-23172
-16768
-7458
3158
13264
21146
25502
25659
21680
14337
4956
-4831
-13373
-19282
-21658
-20214
-15302
-7819
962
9610
16770
21364
22742
20752
15744
8489
60
-8328
-15489
-20425
-22454
-21302
-17139
-10562
-2517
5819
13200
18490
20833
19793
15444
8376
-370
-9452
-17427
-22985
-25167
-23534
-18256
-10098
-306
9595
18051
23738
25781
23899
18445
10342
916
-8328
-15950
-20809
-22233
-20100
-14836
-7317
1280
9676
16676
21335
23071
21720
17531
11107
3316
-4831
-12303
-18167
-21692
-22436
-20294
-15522
-8715
-749
7315
14367
19391
21614
20635
16499
9718
1216
-7793
-15984
-22118
-25243
-24846
-20941
-14071
-5225
4317
13185
20136
24233
24981
22385
16923
9452
1064
-7079
-13917
-18615
-20664
-19908
-16541
-11055
-4160
3299
10441
16433
20571
22346
21500
18059
12350
4978
-3219
-11256
-18121
-22898
-24907
-23810
-19683
-13021
-4692
4186
12397
18810
22546
23111
20461
15010
7549
-873
-9116
-16108
-20992
-23227
-22631
-19380
-13947
-7025
575
8021
14540
19489
22393
22979
21192
17198
11380
4318
-3252
-10500
-16581
-20738
-22403
-21287
-17441
-11278
-3530
4831
12726
19119
23164
24330
22475
17858
11093
3053
-5263
-12871
-18928
-22826
-24245
-23158
-19803
-14624
-8203
-1193
5740
11965
16925
20162
21356
20348
17173
12078
5526
-1827
-9185
-15695
-20553
-23111
-22980
-20099
-14756
-7561
632
8844
16108
21593
24718
25209
23119
18786
12774
5772
-1491
-8328
-14156
-18525
-21131
-21815
-20554
-17456
-12759
-6829
-157
6661
12962
18074
21393
22467
21073
17269
11407
4108
-3815
-11459
-17953
-22575
-24845
-24580
-21894
-17166
-10967
-3970
3141
9741
15316
19489
22014
22770
21741
19008
14749
9242
2876
-3856
-10372
-16048
-20279
-22562
-22571
-20219
-15695
-9452
-2160
5382
12349
18005
21791
23390
22743
20034
15633
10027
3752
-2675
-8791
-14203
-18591
-21694
-23307
-23278
-21529
-18082
-13090
-6866
124
7279
13920
19371
23050
24552
23716
20646
15704
9452
2566
-4252
-10371
-15295
-18702
-20448
-20539
-19094
-16300
-12377
-7562
-2112
3683
9486
14901
19489
22805
24451
24142
21768
17438
11484
4439
-3027
-10196
-16398
-21097
-23949
-24833
-23833
-21195
-17269
-12441
-7082
-1521
3964
9127
13732
17535
20273
21685
21548
19726
16225
11226
5098
-1631
-8328
-14339
-19077
-22108
-23198
-22340
-19731
-15719
-10741
-5241
379
5798
10778
15145
18756
21466
23111
23512
22505
19986
15959
10586
4196
-2727
-9595
-15790
-20750
-24052
-25465
-24976
-22770
-19180
-14624
-9523
-4248
917
5776
10197
14077
17297
19700
21088
21249
20007
17276
13115
7755
1596
-4831
-10938
-16157
-20031
-22272
-22793
-21697
-19237
-15748
-11578
-7027
-2319
2403
7049
11537
15747
19489
22499
24467
25085
24121
21478
17245
11701
5294
-1425
-7882
-13568
-18106
-21295
-23105
-23647
-23111
-21701
-19579
-16838
-13498
-9548
-4992
89
5505
10937
15966
20131
23004
24269
23789
21632
18059
13479
8369
3188
-1692
-6031
-9732
-12810
-15333
-17361
-18889
-19825
-19992
-19174
-17181
-13920
-9452
-4016
1983
8031
13586
18168
21437
23239
23614
22759
20961
18517
15660
12521
9114
5374
1216
-3394
-8381
-13521
-18461
-22755
-25952
-27680
-27728
-26088
-22961
-18716
-13812
-8707
-3772
764
4831
8490
11867
15078
18157
21005
23396
25007
25498
24600
22191
18354
13373
7699
1865
-3613
-8328
-12050
-14744
-16547
-17693
-18431
-18934
-19241
-19243
-18710
-17367
-14982
-11457
-6883
-1553
4073
9452
14062
17506
19582
20313
19919
18745
17163
15467
13805
12147
10313
8037
5073
1287
-3267
-8328
-13456
-18116
-21785
-24065
-24768
-23951
-21896
-19028
-15815
-12647
-9751
-7146
-4666
-2023
1077
4831
9250
14115
19011
23395
26721
28561
28704
27204
24367
20675
16664
12802
9378
6445
3833
1216
-1772
-5409
-9781
-14721
-19828
-24540
-28256
-30482
-30944
-29657
-26921
-23245
-19226
-15398
-12111
-9452
-7239
-5094
-2565
728
4965
10045
15584
20986
25578
28767
30179
29755
27760
24720
21282
18059
15470
13644
12393
11282
9753
7294
3603
-1312
-7104
-13150
-18690
-23005
-25590
-26278
-25276
-23111
-20490
-18120
-16519
-15885
-16045
-16506
-16589
-15621
-13129
-8982
-3453
2828
9013
14239
17836
19489
19316
17833
15814
14091
13329
13846
15527
17844
19995
21112
20496
17815
13207
7266
912
-4831
-9088
-11343
-11577
-10263
-8243
-6510
-5936
-7044
-9852
-13860
-18163
-21681
-23433
-22803
-19704
-14624
-8515
-2563
2101
4690
4961
3277
517
-2150
-3571
-2915
95
5096
11155
16996
21313
23111
21957
18111
12473
6364
1202
-1858
-2218
0
3978
8403
11804
12923
11061
6263
-661
-8328
-15110
-19547
-20709
-18446
-13439
-7038
-933
3268
4451
2288
-2670
-9109
-15281
-19436
-20270
-17269
-10860
-2323
6503
13675
17624
17552
13646
7044
-438
-6748
-10116
-9502
-4874
2766
11612
19489
24393
24992
20975
13146
3247
-6453
-13713
-16874
-15271
-9419
-894
8039
14981
17991
16075
9452
-484
-11483
-20977
-26708
-27284
-22529
-13547
-2464
8071
15531
18124
15240
7608
-2863
-13539
-21694
-25174
-22923
-15258
-3804
8879
19903
26744
27847
23008
13430
1444
-10040
-18230
-21115
-17953
-9452
2389
14751
24660
29696
28562
21402
9768
-3740
-16081
-24488
-27110
-23450
-14470
-2370
9933
19489
23995
22337
14836
3174
-10002
-21698
-29260
-30980
-26482
-16796
-4110
8737
18907
24204
23562
17269
6882
-5141
-16010
-23227
-25144
-21317
-12579
-836
11371
21439
27272
27724
22829
13764
2566
-8328
-16611
-20598
-19566
-13876
-4870
5444
14830
21300
23513
21037
14409
4991
-5321
-14505
-20812
-23111
-21086
-15278
-6950
2178
10279
15767
17601
15467
9822
1797
-7032
-14943
-20394
-22308
-20275
-14624
-6366
2997
11743
18255
21326
20385
15618
7946
-1143
-9863
-16470
-19603
-18552
-13416
-5102
4831
14468
21899
25605
24765
19436
10561
-202
-10793
-19159
-23661
-23411
-18457
-9790
852
11321
19489
23676
22989
17506
8259
-2970
-14002
-22701
-27390
-27185
-22159
-13316
-2383
8538
17386
22537
23111
19117
11435
1619
-8414
-16757
-21866
-22839
-19557
-12675
-3479
6373
15156
21389
24077
22861
18059
10579
1745
-6935
-14023
-18380
-19340
-16806
-11247
-3621
4785
12557
18379
21238
20593
16466
9452
634
-8577
-16669
-22278
-24419
-22671
-17266
-9070
547
9934
17446
21735
21998
18136
10784
1216
-8878
-17691
-23626
-25585
-23172
-16768
-7458
3158
13264
21146
25502
25659
21680
14337
4956
-4831
-13373
-19282
-21658
-20214
-15302
-7819
962
9610
16770
21364
22742
20752
15744
8489
60
-8328
-15489
-20425
-22454
-21302
-17139
-10562
-2517
5819
13200
18490
20833
19793
15444
8376
-370
-9452
-17427
-22985
-25167
-23534
-18256
-10098
-306
9595
18051
23738
25781
23899
18445
10342
916
-8328
-15950
-20809
-22233
-20100
-14836
-7317
1280
9676
16676
21335
23071
21720
17531
11107
3316
-4831
-12303
-18167
-21692
-22436
-20294
-15522
-8715
-749
7315
14367
19391
21614
20635
16499
9718
1216
-7793
-15984
-22118
-25243
-24846
-20941
-14071
-5225
4317
13185
20136
24233
24981
22385
16923
9452
1064
-7079
-13917
-18615
-20664
-19908
-16541
-11055
-4160
3299
10441
16433
20571
22346
21500
18059
12350
4978
-3219
-11256
-18121
-22898
-24907
-23810
-19683
-13021
-4692
4186
12397
18810
22546
23111
20461
15010
7549
-873
-9116
-16108
-20992
-23227
-22631
-19380
-13947
-7025
575
8021
14540
19489
22393
22979
21192
17198
11380
4318
-3252
-10500
-16581
-20738
-22403
-21287
-17441
-11278
-3530
4831
12726
19119
23164
24330
22475
17858
11093
3053
-5263
-12871
-18928
-22826
-24245
-23158
-19803
-14624
-8203
-1193
5740
11965
16925
20162
21356
20348
17173
12078
5526
-1827
-9185
-15695
-20553
-23111
-22980
-20099
-14756
-7561
632
8844
16108
21593
24718
25209
23119
18786
12774
5772
-1491
-8328
-14156
-18525
-21131
-21815
-20554
-17456
-12759
-6829
-157
6661
12962
18074
21393
22467
21073
17269
11407
4108
-3815
-11459
-17953
-22575
-24845
-24580
-21894
-17166
-10967
-3970
3141
9741
15316
19489
22014
22770
21741
19008
14749
9242
2876
-3856
-10372
-16048
-20279
-22562
-22571
-20219
-15695
-9452
-2160
5382
12349
18005
21791
23390
22743
20034
15633
10027
3752
-2675
-8791
-14203
-18591
-21694
-23307
-23278
-21529
-18082
-13090
-6866
124
7279
13920
19371
23050
24552
23716
20646
15704
9452
2566
-4252
-10371
-15295
-18702
-20448
-20539
-19094
-16300
-12377
-7562
-2112
3683
9486
14901
19489
22805
24451
24142
21768
17438
11484
4439
-3027
-10196
-16398
-21097
-23949
-24833
-23833
-21195
-17269
-12441
-7082
-1521
3964
9127
13732
17535
20273
21685
21548
19726
16225
11226
5098
-1631
-8328
-14339
-19077
-22108
-23198
-22340
-19731
-15719
-10741
-5241
379
5798
10778
15145
18756
21466
23111
23512
22505
19986
15959
10586
4196
-2727
-9595
-15790
-20750
-24052
-25465
-24976
-22770
-19180
-14624
-9523
-4248
917
5776
10197
14077
17297
19700
21088
21249
20007
17276
13115
7755
1596
-4831
-10938
-16157
-20031
-22272
-22793
-21697
-19237
-15748
-11578
-7027
-2319
2403
7049
11537
15747
19489
22499
24467
25085
24121
21478
17245
11701
5294
-1425
-7882
-13568
-18106
-21295
-23105
-23647
-23111
-21701
-19579
-16838
-13498
-9548
-4992
89
5505
10937
15966
20131
23004
24269
23789
21632
18059
13479
8369
3188
-1692
-6031
-9732
-12810
-15333
-17361
-18889
-19825
-19992
-19174
-17181
-13920
-9452
-4016
1983
8031
13586
18168
21437
23239
23614
22759
20961
18517
15660
12521
9114
5374
1216
-3394
-8381
-13521
-18461
-22755
-25952
-27680
-27728
-26088
-22961
-18716
-13812
-8707
-3772
764
4831
8490
11867
15078
18157
21005
23396
25007
25498
24600
22191
18354
13373
7699
1865
-3613
-8328
-12050
-14744
-16547
-17693
-18431
-18934
-19241
-19243
-18710
-17367
-14982
-11457
-6883
-1553
4073
9452
14062
17506
19582
20313
19919
18745
17163
15467
13805
12147
10313
8037
5073
1287
-3267
-8328
-13456
-18116
-21785
-24065
-24768
-23951
-21896
-19028
-15815
-12647
-9751
-7146
-4666
-2023
1077
4831
9250
14115
19011
23395
26721
28561
28704
27204
24367
20675
16664
12802
9378
6445
3833
1216
-1772
-5409
-9781
-14721
-19828
-24540
-28256
-30482
-30944
-29657
-26921
-23245
-19226
-15398
-12111
-9452
-7239
-5094
-2565
728
4965
10045
15584
20986
25578
28767
30179
29755
27760
24720
21282
18059
15470
13644
12393
11282
9753
7294
3603
-1312
-7104
-13150
-18690
-23005
-25590
-26278
-25276
-23111
-20490
-18120
-16519
-15885
-16045
-16506
-16589
-15621
-13129
-8982
-3453
2828
9013
14239
17836
19489
19316
17833
15814
14091
13329
13846
15527
17844
19995
21112
20496
17815
13207
7266
912
-4831
-9088
-11343
-11577
-10263
-8243
-6510
-5936
-7044
-9852
-13860
-18163
-21681
-23433
-22803
-19704
-14624
-8515
-2563
2101
4690
4961
3277
517
-2150
-3571
-2915
95
5096
11155
16996
21313
23111
21957
18111
12473
6364
1202
-1858
-2218
0
3978
8403
11804
12923
11061
6263
-661
-8328
-15110
-19547
-20709
-18446
-13439
-7038
-933
3268
4451
2288
-2670
-9109
-15281
-19436
-20270
-17269
-10860
-2323
6503
13675
17624
17552
13646
7044
-438
-6748
-10116
-9502
-4874
2766
11612
19489
24393
24992
20975
13146
3247
-6453
-13713
-16874
-15271
-9419
-894
8039
14981
17991
16075
9452
-484
-11483
-20977
-26708
-27284
-22529
-13547
-2464
8071
15531
18124
15240
7608
-2863
-13539
-21694
-25174
-22923
-15258
-3804
8879
19903
26744
27847
23008
13430
1444
-10040
-18230
-21115
-17953
-9452
2389
14751
24660
29696
28562
21402
9768
-3740
-16081
-24488
-27110
-23450
-14470
-2370
9933
19489
23995
22337
14836
3174
-10002
-21698
-29260
-30980
-26482
-16796
-4110
8737
18907
24204
23562
17269
6882
-5141
-16010
-23227
-25144
-21317
-12579
-836
11371
21439
27272
27724
22829
13764
2566
-8328
-16611
-20598
-19566
-13876
-4870
5444
14830
21300
23513
21037
14409
4991
-5321
-14505
-20812
-23111
-21086
-15278
-6950
2178
10279
15767
17601
15467
9822
1797
-7032
-14943
-20394
-22308
-20275
-14624
-6366
2997
11743
18255
21326
20385
15618
7946
-1143
-9863
-16470
-19603
-18552
-13416
-5102
4831
14468
21899
25605
24765
19436
10561
-202
-10793
-19159
-23661
-23411
-18457
-9790
852
11321
19489
23676
22989
17506
8259
-2970
-14002
-22701
-27390
-27185
-22159
-13316
-2383
8538
17386
22537
23111
19117
11435
1619
-8414
-16757
-21866
-22839
-19557
-12675
-3479
6373
15156
21389
24077
22861
18059
10579
1745
-6935
-14023
-18380
-19340
-16806
-11247
-3621
4785
12557
18379
21238
20593
16466
9452
634
-8577
-16669
-22278
-24419
-22671
-17266
-9070
547
9934
17446
21735
21998
18136
10784
1216
-8878
-17691
-23626
-25585
-23172
-16768
-7458
3158
13264
21146
25502
25659
21680
14337
4956
-4831
-13373
-19282
-21658
-20214
-15302
-7819
962
9610
16770
21364
22742
20752
15744
8489
60
-8328
-15489
-20425
-22454
-21302
-17139
-10562
-2517
5819
13200
18490
20833
19793
15444
8376
-370
-9452
-17427
-22985
-25167
-23534
-18256
-10098
-306
9595
18051
23738
25781
23899
18445
10342
916
-8328
-15950
-20809
-22233
-20100
-14836
-7317
1280
9676
16676
21335
23071
21720
17531
11107
3316
-4831
-12303
-18167
-21692
-22436
-20294
-15522
-8715
-749
7315
14367
19391
21614
20635
16499
9718
1216
-7793
-15984
-22118
-25243
-24846
-20941
-14071
-5225
4317
13185
20136
24233
24981
22385
16923
9452
1064
-7079
-13917
-18615
-20664
-19908
-16541
-11055
-4160
3299
10441
16433
20571
22346
21500
18059
12350
4978
-3219
-11256
-18121
-22898
-24907
-23810
-19683
-13021
-4692
4186
12397
18810
22546
23111
20461
15010
7549
-873
-9116
-16108
-20992
-23227
-22631
-19380
-13947
-7025
575
8021
14540
19489
22393
22979
21192
17198
11380
4318
-3252
-10500
-16581
-20738
-22403
-21287
-17441
-11278
-3530
4831
12726
19119
23164
24330
22475
17858
11093
3053
-5263
-12871
-18928
-22826
-24245
-23158
-19803
-14624
-8203
-1193
5740
11965
16925
20162
21356
20348
17173
12078
5526
-1827
-9185
-15695
-20553
-23111
-22980
-20099
-14756
-7561
632
8844
16108
21593
24718
25209
23119
18786
12774
5772
-1491
-8328
-14156
-18525
-21131
-21815
-20554
-17456
-12759
-6829
-157
6661
12962
18074
21393
22467
21073
17269
11407
4108
-3815
-11459
-17953
-22575
-24845
-24580
-21894
-17166
-10967
-3970
3141
9741
15316
19489
22014
22770
21741
19008
14749
9242
2876
-3856
-10372
-16048
-20279
-22562
-22571
-20219
-15695
-9452
-2160
5382
12349
18005
21791
23390
22743
20034
15633
10027
3752
-2675
-8791
-14203
-18591
-21694
-23307
-23278
-21529
-18082
-13090
-6866
124
7279
13920
19371
23050
24552
23716
20646
15704
9452
2566
-4252
-10371
-15295
-18702
-20448
-20539
-19094
-16300
-12377
-7562
-2112
3683
9486
14901
19489
22805
24451
24142
21768
17438
11484
4439
-3027
-10196
-16398
-21097
-23949
-24833
-23833
-21195
-17269
-12441
-7082
-1521
3964
9127
13732
17535
20273
21685
21548
19726
16225
11226
5098
-1631
-8328
-14339
-19077
-22108
-23198
-22340
-19731
-15719
-10741
-5241
379
5798
10778
15145
18756
21466
23111
23512
22505
19986
15959
10586
4196
-2727
-9595
-15790
-20750
-24052
-25465
-24976
-22770
-19180
-14624
-9523
-4248
917
5776
10197
14077
17297
19700
21088
21249
20007
17276
13115
7755
1596
-4831
-10938
-16157
-20031
-22272
-22793
-21697
-19237
-15748
-11578
-7027
-2319
2403
7049
11537
15747
19489
22499
24467
25085
24121
21478
17245
11701
5294
-1425
-7882
-13568
-18106
-21295
-23105
-23647
-23111
-21701
-19579
-16838
-13498
-9548
-4992
89
5505
10937
15966
20131
23004
24269
23789
21632
18059
13479
8369
3188
-1692
-6031
-9732
-12810
-15333
-17361
-18889
-19825
-19992
-19174
-17181
-13920
-9452
-4016
1983
8031
13586
18168
21437
23239
23614
22759
20961
18517
15660
12521
9114
5374
1216
-3394
-8381
-13521
-18461
-22755
-25952
-27680
-27728
-26088
-22961
-18716
-13812
-8707
-3772
764
4831
8490
11867
15078
18157
21005
23396
25007
25498
24600
22191
18354
13373
7699
1865
-3613
-8328
-12050
-14744
-16547
-17693
-18431
-18934
-19241
-19243
-18710
-17367
-14982
-11457
-6883
-1553
4073
9452
14062
17506
19582
20313
19919
18745
17163
15467
13805
12147
10313
8037
5073
1287
-3267
-8328
-13456
-18116
-21785
-24065
-24768
-23951
-21896
-19028
-15815
-12647
-9751
-7146
-4666
-2023
1077
4831
9250
14115
19011
23395
26721
28561
28704
27204
24367
20675
16664
12802
9378
6445
3833
1216
-1772
-5409
-9781
-14721
-19828
-24540
-28256
-30482
-30944
-29657
-26921
-23245
-19226
-15398
-12111
-9452
-7239
-5094
-2565
728
4965
10045
15584
20986
25578
28767
30179
29755
27760
24720
21282
18059
15470
13644
12393
11282
9753
7294
3603
-1312
-7104
-13150
-18690
-23005
-25590
-26278
-25276
-23111
-20490
-18120
-16519
-15885
-16045
-16506
-16589
-15621
-13129
-8982
-3453
2828
9013
14239
17836
19489
19316
17833
15814
14091
13329
13846
15527
17844
19995
21112
20496
17815
13207
7266
912
-4831
-9088
-11343
-11577
-10263
-8243
-6510
-5936
-7044
-9852
-13860
-18163
-21681
-23433
-22803
-19704
-14624
-8515
-2563
2101
4690
4961
3277
517
-2150
-3571
-2915
95
5096
11155
16996
21313
23111
21957
18111
12473
6364
1202
-1858
-2218
0
3978
8403
11804
12923
11061
6263
-661
-8328
-15110
-19547
-20709
-18446
-13439
-7038
-933
3268
4451
2288
-2670
-9109
-15281
-19436
-20270
17269
10860
2323
-6503
-13675
-17624
-17552
-13646
-7044
438
6748
10116
9502
4874
-2766
-11612
-19489
-24393
-24992
-20975
-13146
-3247
6453
13713
16874
15271
9419
894
-8039
-14981
-17991
-16075
-9452
484
11483
20977
26708
27284
22529
13547
2464
-8071
-15531
-18124
-15240
-7608
2863
13539
21694
25174
22923
15258
3804
-8879
-19903
-26744
-27847
-23008
-13430
-1444
10040
18230
21115
17953
9452
-2389
-14751
-24660
-29696
-28562
-21402
-9768
3740
16081
24488
27110
23450
14470
2370
-9933
-19489
-23995
-22337
-14836
-3174
10002
21698
29260
30980
26482
16796
4110
-8737
-18907
-24204
-23562
-17269
-6882
5141
16010
23227
25144
21317
12579
836
-11371
-21439
-27272
-27724
-22829
-13764
-2566
8328
16611
20598
19566
13876
4870
-5444
-14830
-21300
-23513
-21037
-14409
-4991
5321
14505
20812
23111
21086
15278
6950
-2178
-10279
-15767
-17601
-15467
-9822
-1797
7032
14943
20394
22308
20275
14624
6366
-2997
-11743
-18255
-21326
-20385
-15618
-7946
1143
9863
16470
19603
18552
13416
5102
-4831
-14468
-21899
-25605
-24765
-19436
-10561
202
10793
19159
23661
23411
18457
9790
-852
-11321
-19489
-23676
-22989
-17506
-8259
2970
14002
22701
27390
27185
22159
13316
2383
-8538
-17386
-22537
-23111
-19117
-11435
-1619
8414
16757
21866
22839
19557
12675
3479
-6373
-15156
-21389
-24077
-22861
-18059
-10579
-1745
6935
14023
18380
19340
16806
11247
3621
-4785
-12557
-18379
-21238
-20593
-16466
-9452
-634
8577
16669
22278
24419
22671
17266
9070
-547
-9934
-17446
-21735
-21998
-18136
-10784
-1216
8878
17691
23626
25585
23172
16768
7458
-3158
-13264
-21146
-25502
-25659
-21680
-14337
-4956
4831
13373
19282
21658
20214
15302
7819
-962
-9610
-16770
-21364
-22742
-20752
-15744
-8489
-60
8328
15489
20425
22454
21302
17139
10562
2517
-5819
-13200
-18490
-20833
-19793
-15444
-8376
370
9452
17427
22985
25167
23534
18256
10098
306
-9595
-18051
-23738
-25781
-23899
-18445
-10342
-916
8328
15950
20809
22233
20100
14836
7317
-1280
-9676
-16676
-21335
-23071
-21720
-17531
-11107
-3316
4831
12303
18167
21692
22436
20294
15522
8715
749
-7315
-14367
-19391
-21614
-20635
-16499
-9718
-1216
7793
15984
22118
25243
24846
20941
14071
5225
-4317
-13185
-20136
-24233
-24981
-22385
-16923
-9452
-1064
7079
13917
18615
20664
19908
16541
11055
4160
-3299
-10441
-16433
-20571
-22346
-21500
-18059
-12350
-4978
3219
11256
18121
22898
24907
23810
19683
13021
4692
-4186
-12397
-18810
-22546
-23111
-20461
-15010
-7549
873
9116
16108
20992
23227
22631
19380
13947
7025
-575
-8021
-14540
-19489
-22393
-22979
-21192
-17198
-11380
-4318
3252
10500
16581
20738
22403
21287
17441
11278
3530
-4831
-12726
-19119
-23164
-24330
-22475
-17858
-11093
-3053
5263
12871
18928
22826
24245
23158
19803
14624
8203
1193
-5740
-11965
-16925
-20162
-21356
-20348
-17173
-12078
-5526
1827
9185
15695
20553
23111
22980
20099
14756
7561
-632
-8844
-16108
-21593
-24718
-25209
-23119
-18786
-12774
-5772
1491
8328
14156
18525
21131
21815
20554
17456
12759
6829
157
-6661
-12962
-18074
-21393
-22467
-21073
-17269
-11407
-4108
3815
11459
17953
22575
24845
24580
21894
17166
10967
3970
-3141
-9741
-15316
-19489
-22014
-22770
-21741
-19008
-14749
-9242
-2876
3856
10372
16048
20279
22562
22571
20219
15695
9452
2160
-5382
-12349
-18005
-21791
-23390
-22743
-20034
-15633
-10027
-3752
2675
8791
14203
18591
21694
23307
23278
21529
18082
13090
6866
-124
-7279
-13920
-19371
-23050
-24552
-23716
-20646
-15704
-9452
-2566
4252
10371
15295
18702
20448
20539
19094
16300
12377
7562
2112
-3683
-9486
-14901
-19489
-22805
-24451
-24142
-21768
-17438
-11484
-4439
3027
10196
16398
21097
23949
24833
23833
21195
17269
12441
7082
1521
-3964
-9127
-13732
-17535
-20273
-21685
-21548
-19726
-16225
-11226
-5098
1631
8328
14339
19077
22108
23198
22340
19731
15719
10741
5241
-379
-5798
-10778
-15145
-18756
-21466
-23111
-23512
-22505
-19986
-15959
-10586
-4196
2727
9595
15790
20750
24052
25465
24976
22770
19180
14624
9523
4248
-917
-5776
-10197
-14077
-17297
-19700
-21088
-21249
-20007
-17276
-13115
-7755
-1596
4831
10938
16157
20031
22272
22793
21697
19237
15748
11578
7027
2319
-2403
-7049
-11537
-15747
-19489
-22499
-24467
-25085
-24121
-21478
-17245
-11701
-5294
1425
7882
13568
18106
21295
23105
23647
23111
21701
19579
16838
13498
9548
4992
-89
-5505
-10937
-15966
-20131
-23004
-24269
-23789
-21632
-18059
-13479
-8369
-3188
1692
6031
9732
12810
15333
17361
18889
19825
19992
19174
17181
13920
9452
4016
-1983
-8031
-13586
-18168
-21437
-23239
-23614
-22759
-20961
-18517
-15660
-12521
-9114
-5374
-1216
3394
8381
13521
18461
22755
25952
27680
27728
26088
22961
18716
13812
8707
3772
-764
-4831
-8490
-11867
-15078
-18157
-21005
-23396
-25007
-25498
-24600
-22191
-18354
-13373
-7699
-1865
3613
8328
12050
14744
16547
17693
18431
18934
19241
19243
18710
17367
14982
11457
6883
1553
-4073
-9452
-14062
-17506
-19582
-20313
-19919
-18745
-17163
-15467
-13805
-12147
-10313
-8037
-5073
-1287
3267
8328
13456
18116
21785
24065
24768
23951
21896
19028
15815
12647
9751
7146
4666
2023
-1077
-4831
-9250
-14115
-19011
-23395
-26721
-28561
-28704
-27204
-24367
-20675
-16664
-12802
-9378
-6445
-3833
-1216
1772
5409
9781
14721
19828
24540
28256
30482
30944
29657
26921
23245
19226
15398
12111
9452
7239
5094
2565
-728
-4965
-10045
-15584
-20986
-25578
-28767
-30179
-29755
-27760
-24720
-21282
-18059
-15470
-13644
-12393
-11282
-9753
-7294
-3603
1312
7104
13150
18690
23005
25590
26278
25276
23111
20490
18120
16519
15885
16045
16506
16589
15621
13129
8982
3453
-2828
-9013
-14239
-17836
-19489
-19316
-17833
-15814
-14091
-13329
-13846
-15527
-17844
-19995
-21112
-20496
-17815
-13207
-7266
-912
4831
9088
11343
11577
10263
8243
6510
5936
7044
9852
13860
18163
21681
23433
22803
19704
14624
8515
2563
-2101
-4690
-4961
-3277
-517
2150
3571
2915
-95
-5096
-11155
-16996
-21313
-23111
-21957
-18111
-12473
-6364
-1202
1858
2218
0
-3978
-8403
-11804
-12923
-11061
-6263
661
8328
15110
19547
20709
18446
13439
7038
933
-3268
-4451
-2288
2670
9109
15281
19436
20270
-17269
-10860
-2323
6503
13675
17624
17552
13646
7044
-438
-6748
-10116
-9502
-4874
2766
11612
19489
24393
24992
20975
13146
3247
-6453
-13713
-16874
-15271
-9419
-894
8039
14981
17991
16075
9452
-484
-11483
-20977
-26708
-27284
-22529
-13547
-2464
8071
15531
18124
15240
7608
-2863
-13539
-21694
-25174
-22923
-15258
-3804
8879
19903
26744
27847
23008
13430
1444
-10040
-18230
-21115
-17953
-9452
2389
14751
24660
29696
28562
21402
9768
-3740
-16081
-24488
-27110
-23450
-14470
-2370
9933
19489
23995
22337
14836
3174
-10002
-21698
-29260
-30980
-26482
-16796
-4110
8737
18907
24204
23562
17269
6882
-5141
-16010
-23227
-25144
-21317
-12579
-836
11371
21439
27272
27724
22829
13764
2566
-8328
-16611
-20598
-19566
-13876
-4870
5444
14830
21300
23513
21037
14409
4991
-5321
-14505
-20812
-23111
-21086
-15278
-6950
2178
10279
15767
17601
15467
9822
1797
-7032
-14943
-20394
-22308
-20275
-14624
-6366
2997
11743
18255
21326
20385
15618
7946
-1143
-9863
-16470
-19603
-18552
-13416
-5102
4831
14468
21899
25605
24765
19436
10561
-202
-10793
-19159
-23661
-23411
-18457
-9790
852
11321
19489
23676
22989
17506
8259
-2970
-14002
-22701
-27390
-27185
-22159
-13316
-2383
8538
17386
22537
23111
19117
11435
1619
-8414
-16757
-21866
-22839
-19557
-12675
-3479
6373
15156
21389
24077
22861
18059
10579
1745
-6935
-14023
-18380
-19340
-16806
-11247
-3621
4785
12557
18379
21238
20593
16466
9452
634
-8577
-16669
-22278
-24419
-22671
-17266
-9070
547
9934
17446
21735
21998
18136
10784
1216
-8878
-17691
-23626
-25585
-23172
-16768
-7458
3158
13264
21146
25502
25659
21680
14337
4956
-4831
-13373
-19282
-21658
-20214
-15302
-7819
962
9610
16770
21364
22742
20752
15744
8489
60
-8328
-15489
-20425
-22454
-21302
-17139
-10562
-2517
5819
13200
18490
20833
19793
15444
8376
-370
-9452
-17427
-22985
-25167
-23534
-18256
-10098
-306
9595
18051
23738
25781
23899
18445
10342
916
-8328
-15950
-20809
-22233
-20100
-14836
-7317
1280
9676
16676
21335
23071
21720
17531
11107
3316
-4831
-12303
-18167
-21692
-22436
-20294
-15522
-8715
-749
7315
14367
19391
21614
20635
16499
9718
1216
-7793
-15984
-22118
-25243
-24846
-20941
-14071
-5225
4317
13185
20136
24233
24981
22385
16923
9452
1064
-7079
-13917
-18615
-20664
-19908
-16541
-11055
-4160
3299
10441
16433
20571
22346
21500
18059
12350
4978
-3219
-11256
-18121
-22898
-24907
-23810
-19683
-13021
-4692
4186
12397
18810
22546
23111
20461
15010
7549
-873
-9116
-16108
-20992
-23227
-22631
-19380
-13947
-7025
575
8021
14540
19489
22393
22979
21192
17198
11380
4318
-3252
-10500
-16581
-20738
-22403
-21287
-17441
-11278
-3530
4831
12726
19119
23164
24330
22475
17858
11093
3053
-5263
-12871
-18928
-22826
-24245
-23158
-19803
-14624
-8203
-1193
5740
11965
16925
20162
21356
20348
17173
12078
5526
-1827
-9185
-15695
-20553
-23111
-22980
-20099
-14756
-7561
632
8844
16108
21593
24718
25209
23119
18786
12774
5772
-1491
-8328
-14156
-18525
-21131
-21815
-20554
-17456
-12759
-6829
-157
6661
12962
18074
21393
22467
21073
17269
11407
4108
-3815
-11459
-17953
-22575
-24845
-24580
-21894
-17166
-10967
-3970
3141
9741
15316
19489
22014
22770
21741
19008
14749
9242
2876
-3856
-10372
-16048
-20279
-22562
-22571
-20219
-15695
-9452
-2160
5382
12349
18005
21791
23390
22743
20034
15633
10027
3752
-2675
-8791
-14203
-18591
-21694
-23307
-23278
-21529
-18082
-13090
-6866
124
7279
13920
19371
23050
24552
23716
20646
15704
9452
2566
-4252
-10371
-15295
-18702
-20448
-20539
-19094
-16300
-12377
-7562
-2112
3683
9486
14901
19489
22805
24451
24142
21768
17438
11484
4439
-3027
-10196
-16398
-21097
-23949
-24833
-23833
-21195
-17269
-12441
-7082
-1521
3964
9127
13732
17535
20273
21685
21548
19726
16225
11226
5098
-1631
-8328
-14339
-19077
-22108
-23198
-22340
-19731
-15719
-10741
-5241
379
5798
10778
15145
18756
21466
23111
23512
22505
19986
15959
10586
4196
-2727
-9595
-15790
-20750
-24052
-25465
-24976
-22770
-19180
-14624
-9523
-4248
917
5776
10197
14077
17297
19700
21088
21249
20007
17276
13115
7755
1596
-4831
-10938
-16157
-20031
-22272
-22793
-21697
-19237
-15748
-11578
-7027
-2319
2403
7049
11537
15747
19489
22499
24467
25085
24121
21478
17245
11701
5294
-1425
-7882
-13568
-18106
-21295
-23105
-23647
-23111
-21701
-19579
-16838
-13498
-9548
-4992
89
5505
10937
15966
20131
23004
24269
23789
21632
18059
13479
8369
3188
-1692
-6031
-9732
-12810
-15333
-17361
-18889
-19825
-19992
-19174
-17181
-13920
-9452
-4016
1983
8031
13586
18168
21437
23239
23614
22759
20961
18517
15660
12521
9114
5374
1216
-3394
-8381
-13521
-18461
-22755
-25952
-27680
-27728
-26088
-22961
-18716
-13812
-8707
-3772
764
4831
8490
11867
15078
18157
21005
23396
25007
25498
24600
22191
18354
13373
7699
1865
-3613
-8328
-12050
-14744
-16547
-17693
-18431
-18934
-19241
-19243
-18710
-17367
-14982
-11457
-6883
-1553
4073
9452
14062
17506
19582
20313
19919
18745
17163
15467
13805
12147
10313
8037
5073
1287
-3267
-8328
-13456
-18116
-21785
-24065
-24768
-23951
-21896
-19028
-15815
-12647
-9751
-7146
-4666
-2023
1077
4831
9250
14115
19011
23395
26721
28561
28704
27204
24367
20675
16664
12802
9378
6445
3833
1216
-1772
-5409
-9781
-14721
-19828
-24540
-28256
-30482
-30944
-29657
-26921
-23245
-19226
-15398
-12111
-9452
-7239
-5094
-2565
728
4965
10045
15584
20986
25578
28767
30179
29755
27760
24720
21282
18059
15470
13644
12393
11282
9753
7294
3603
-1312
-7104
-13150
-18690
-23005
-25590
-26278
-25276
-23111
-20490
-18120
-16519
-15885
-16045
-16506
-16589
-15621
-13129
-8982
-3453
2828
9013
14239
17836
19489
19316
17833
15814
14091
13329
13846
15527
17844
19995
21112
20496
17815
13207
7266
912
-4831
-9088
-11343
-11577
-10263
-8243
-6510
-5936
-7044
-9852
-13860
-18163
-21681
-23433
-22803
-19704
-14624
-8515
-2563
2101
4690
4961
3277
517
-2150
-3571
-2915
95
5096
11155
16996
21313
23111
21957
18111
12473
6364
1202
-1858
-2218
0
3978
8403
11804
12923
11061
6263
-661
-8328
-15110
-19547
-20709
-18446
-13439
-7038
-933
3268
4451
2288
-2670
-9109
-15281
-19436
-20270
0
0
0
0
0
0
0
0
0
0
0
0
0
0
0
0
0
0
0
0
0
0
0
0
0
0
0
0
0
0
0
0
0
0
0
0
0
0
0
0
0
0
0
0
0
0
0
0
0
0
0
0
0
0
0
0
0
0
0
0
0
0
0
0
0
0
0
0
0
0
0
0
0
0
0
0
0
0
0
0
0
0
0
0
0
0
0
0
0
0
0
0
0
0
0
0
0
0
0
0
0
0
0
0
0
0
0
0
0
0
0
0
0
0
0
0
0
0
0
0
0
0
0
0
0
0
0
0
0
0
0
0
0
0
0
0
0
0
0
0
0
0
0
0
0
0
0
0
0
0
0
0
0
0
0
0
0
0
0
0
0
0
0
0
0
0
0
0
0
0
0
0
0
0
0
0
0
0
0
0
0
0
0
0
0
0
0
0
0
0
0
0
0
0
0
0
0
0
0
0
0
0
0
0
0
0
0
0
0
0
0
0
0
0
0
0
0
0
0
0
0
0
0
0
0
0
0
0
0
0
0
0
0
0
0
0
0
0
0
0
0
0
0
0
0
0
0
0
0
0
0
0
0
0
0
0
0
0
0
0
0
0
0
0
0
0
0
0
0
0
0
0
0
0
0
0
0
0
0
0
0
0
0
0
0
0
0
0
0
0
0
0
0
0
0
0
0
0
0
0
0
0
0
0
0
0
0
0
0
0
0
0
0
0
0
0
0
0
0
0
0
0
0
0
0
0
0
0
0
0
0
0
0
0
0
0
0
0
0
0
0
0
0
0
0
0
0
0
0
0
0
0
0
0
0
0
0
0
0
0
0
0
0
0
0
0
0
0
0
0
0
0
0
0
0
0
0
0
0
0
0
0
0
0
0
0
0
0
0
0
0
0
0
0
0
0
0
0
0
0
0
0
0
0
0
0
0
0
0
0
0
0
0
0
0
0
0
0
0
0
0
0
0
0
0
0
0
0
0
0
0
0
0
0
0
0
0
0
0
0
0
0
0
0
0
0
0
0
0
0
0
0
0
0
0
0
0
0
0
0
0
0
0
0
0
0
0
0
0
0
0
0
0
0
0
0
0
0
0
0
0
0
0
0
0
0
0
0
0
0
0
0
0
0
0
0
0
0
0
0
0
0
0
0
0
0
0
0
0
0
0
0
0
0
0
0
0
0
0
0
0
0
0
0
0
0
0
0
0
0
0
0
0
0
0
0
0
0
0
0
0
0
0
0
0
0
0
0
0
0
0
0
0
0
0
0
0
0
0
0
0
0
0
0
0
0
0
0
0
0
0
0
0
0
0
0
0
0
0
0
0
0
0
0
0
0
0
0
0
0
0
0
0
0
0
0
0
0
0
0
0
0
0
0
0
0
0
0
0
0
0
0
0
0
0
0
0
0
0
0
0
0
0
0
0
0
0
0
0
0
0
0
0
0
0
0
0
0
0
0
0
0
0
0
0
0
0
0
0
0
0
0
0
0
0
0
0
0
0
0
0
0
0
0
0
0
0
0
0
0
0
0
0
0
0
0
0
0
0
0
0
0
0
0
0
0
0
0
0
0
0
0
0
0
0
0
0
0
0
0
0
0
0
0
0
0
0
0
0
0
0
0
0
0
0
0
0
0
0
0
0
0
0
0
0
0
0
0
0
0
0
0
0
0
0
0
0
0
0
0
0
0
0
0
0
0
0
0
0
0
0
0
0
0
0
0
0
0
0
0
0
0
0
0
0
0
0
0
0
0
0
0
0
0
0
0
0
0
0
0
0
0
0
0
0
0
0
0
0
0
0
0
0
0
0
0
0
0
0
0
0
0
0
0
0
0
0
0
0
0
0
0
0
0
0
0
0
0
0
0
0
0
0
0
0
0
0
0
0
0
0
0
0
0
0
0
0
0
0
0
0
0
0
0
0
0
0
0
0
0
0
0
0
0
0
0
0
0
0
0
0
0
0
0
0
0
0
0
0
0
0
0
0
0
0
0
0
0
0
0
0
0
0
0
0
0
0
0
0
0
0
0
0
0
0
0
0
0
0
0
0
0
0
0
0
0
0
0
0
0
0
0
0
0
0
0
0
0
0
0
0
0
0
0
0
0
0
0
0
0
0
0
0
0
0
0
0
0
0
0
0
0
0
0
0
0
0
0
0
0
0
0
0
0
0
0
0
0
0
0
-31162
-29460
-27193
-24401
-21141
-17474
-13472
-9214
-4779
-255
4267
8705
12972
16984
20666
23944
26757
29052
30784
31920
32440
32335
31608
30273
28359
25902
22953
19567
15814
11766
7501
3103
-1342
-5750
-10034
-14113
-17907
-21346
-24362
-26900
-28912
-30360
-31221
-31476
-31125
-30177
-28652
-26582
-24010
-20987
-17573
-13837
-9850
-5694
-1447
2806
6985
11009
14799
18287
21404
24094
26304
27996
29141
29719
29722
29153
28029
26371
24218
21613
18608
15267
11654
7842
3907
-75
-4028
-7875
-11542
-14958
-18062
-20794
-23105
-24955
-26308
-27146
-27455
-27233
-26490
-25244
-23525
-21368
-18820
-15934
-12769
-9388
-5860
-2253
1360
4913
8335
11561
14533
17192
19493
21396
22865
23880
24423
24491
24087
23226
21928
20224
18152
15758
13089
10204
7159
4016
837
-2315
-5380
-8300
-11019
-13490
-15664
-17506
-18985
-20077
-20767
-21045
-20916
-20386
-19472
-18199
-16596
-14699
-12552
-10199
-7691
-5077
-2413
250
2861
5368
7726
9890
11822
13490
14864
15924
16655
17052
17111
16839
16248
15356
14187
12771
11140
9333
7387
5345
3249
1141
-934
-2940
-4838
-6591
-8172
-9550
-10706
-11621
-12285
-12692
-12839
-12733
-12384
-11803
-11012
-10031
-8888
-7609
-6225
-4769
-3269
-1761
-275
1160
2518
3773
4902
5889
6716
7376
7860
8166
8294
8251
8046
7689
7196
6584
5871
5080
4231
3345
2446
1552
686
-136
-897
-1583
-2182
-2687
-3091
-3391
-3586
-3682
-3681
-3592
-3423
-3189
-2899
-2569
-2212
-1843
-1474
-1120
-794
-504
-260
-69
63
135
147
101
0
-148
-336
-556
-794
-1038
-1277
-1499
-1690
-1840
-1935
-1967
-1929
-1814
-1620
-1344
-990
-560
-60
497
1106
1750
2414
3081
3736
4358
4929
5434
5852
6170
6372
6448
6385
6180
5828
5330
4688
3911
3009
1994
887
-295
-1528
-2788
-4049
-5283
-6462
-7560
-8548
-9402
-10098
-10615
-10936
-11046
-10938
-10604
-10044
-9261
-8265
-7070
-5693
-4157
-2491
-722
1114
2983
4848
6670
8409
10031
11496
12773
13830
14640
15180
15433
15387
15034
14377
13419
12175
10661
8903
6929
4777
2482
92
-2351
-4798
-7201
-9511
-11679
-13660
-15412
-16893
-18071
-18917
-19408
-19526
-19265
-18621
-17602
-16220
-14500
-12467
-10156
-7610
-4876
-2002
953
3936
6888
9748
12460
14968
17220
19168
20770
21988
22795
23168
23095
22572
21602
20199
18386
16193
13658
10827
7751
4489
1102
-2344
-5784
-9150
-12375
-15395
-18147
-20576
-22631
-24268
-25449
-26149
-26348
-26037
-25219
-23903
-22112
-19876
-17234
-14235
-10933
-7390
-3673
144
3992
7793
11475
14962
18189
21086
23599
25672
27263
28339
28874
28853
28274
27144
25480
23314
20681
17632
14223
10518
6587
2505
-1649
-5795
-9853
-13742
-17387
-20716
-23661
-26165
-28174
-29650
-30561
-30884
-30612
-29749
-28305
-26310
-23798
-20815
-17419
-13672
-9648
-5422
-1075
3308
7642
11844
15831
19526
22856
25755
28165
30039
31338
32036
32118
31580
30433
28695
26400
23591
20320
16652
12654
8407
3990
-510
-5009
-9417
-13651
-17627
-21267
-24502
-27267
-29510
-31186
-32262
-32717
-32542
-31740
-30326
-28327
-25781
-22739
-19258
-15407
-11259
-6894
-2398
2141
6638
11006
15158
19017
22505
25557
28115
30128
31559
32381
32578
32148
31100
29453
27244
24513
21315
17714
13778
9586
5218
759
-3703
-8083
-12297
-16264
-19907
-23157
-25952
-28239
-29977
-31131
-31683
-31624
-30957
-29696
-27870
-25513
-22675
-19411
-15787
-11874
-7749
-3492
812
5083
9236
13192
16877
20218
23155
25632
27604
29034
29898
30183
29886
29016
27593
25648
23221
20363
17131
13589
9809
5864
1832
-2207
-6177
-10002
-13608
-16925
-19894
-22459
-24574
-26200
-27310
-27887
-27923
-27422
-26398
-24875
-22888
-20476
-17692
-14593
-11240
-7701
-4047
-348
3322
6894
10300
13475
16358
18900
21052
22777
24047
24841
25150
24970
24314
23198
21649
19701
17396
14785
11920
8860
5668
2406
-860
-4069
-7160
-10072
-12752
-15151
-17227
-18942
-20270
-21190
-21689
-21763
-21418
-20666
-19529
-18033
-16212
-14109
-11768
-9237
-6570
-3821
-1043
1706
4377
6917
9278
11419
13302
14893
16168
17107
17700
17940
17829
17377
16599
15517
14159
12555
10745
8766
6663
4477
2255
40
-2122
-4193
-6133
-7906
-9482
-10835
-11944
-12791
-13369
-13672
-13702
-13465
-12974
-12245
-11301
-10165
-8865
-7435
-5904
-4308
-2680
-1055
534
2059
3488
4798
5965
6971
7802
8445
8897
9153
9219
9099
8804
8347
7747
7019
6187
5272
4299
3290
2270
1260
284
-638
-1492
-2260
-2931
-3495
-3944
-4276
-4492
-4592
-4583
-4472
-4270
-3990
-3642
-3245
-2811
-2357
-1898
-1447
-1020
-627
-278
15
251
423
529
572
553
479
356
193
0
-210
-428
-640
-833
-996
-1117
-1188
-1200
-1146
-1023
-827
-561
-225
172
626
1126
1659
2214
2773
3322
3845
4324
4742
5084
5336
5484
5519
5429
5211
4860
4379
3770
3040
2198
1260
240
-841
-1963
-3105
-4239
-5341
-6386
-7347
-8200
-8923
-9492
-9891
-10104
-10118
-9928
-9526
-8915
-8100
-7090
-5901
-4550
-3060
-1458
225
1961
3712
5445
7122
8707
10166
11465
12571
13460
14104
14486
14590
14407
13933
13173
12129
10822
9267
7492
5526
3407
1170
-1138
-3477
-5798
-8055
-10202
-12192
-13985
-15538
-16817
-17791
-18435
-18729
-18661
-18226
-17425
-16269
-14774
-12961
-10864
-8518
-5965
-3252
-432
2443
5315
8131
10832
13362
15670
17707
19429
20796
21779
22350
22493
22200
21470
20312
18743
16788
14482
11863
8980
5887
2640
-696
-4060
-7384
-10604
-13655
-16476
-19008
-21199
-23001
-24376
-25293
-25727
-25667
-25108
-24056
-22526
-20545
-18145
-15371
-12273
-8906
-5338
-1632
2136
5898
9578
13103
16405
19415
22074
24326
26126
27434
28220
28465
28161
27310
25924
24026
21649
18838
15642
12124
8346
4383
310
-3794
-7851
-11780
-15505
-18953
-22052
-24744
-26971
-28690
-29863
-30465
-30481
-29909
-28755
-27041
-24795
-22061
-18887
-15335
-11470
-7370
-3108
1230
5563
9804
13873
17688
21176
24268
26902
29025
30594
31579
31956
31719
30868
29420
27400
24846
21806
18338
14509
10390
6063
1611
-2881
-7328
-11641
-15737
-19536
-22965
-25955
-28449
-30399
-31765
-32519
-32647
-32147
-31027
-29308
-27023
-24215
-20940
-17259
-13245
-8975
-4531
0
4531
8975
13245
17259
20940
24215
27023
29308
31027
32147
32647
32519
31765
30399
28449
25955
22965
19536
15737
11641
7328
2881
-1611
-6063
-10390
-14509
-18338
-21806
-24846
-27400
-29420
-30868
-31719
-31956
-31579
-30594
-29025
-26902
-24268
-21176
-17688
-13873
-9804
-5563
-1230
3108
7370
11470
15335
18887
22061
24795
27041
28755
29909
30481
30465
29863
28690
26971
24744
22052
18953
15505
11780
7851
3794
-310
-4383
-8346
-12124
-15642
-18838
-21649
-24026
-25924
-27310
-28161
-28465
-28220
-27434
-26126
-24326
-22074
-19415
-16405
-13103
-9578
-5898
-2136
1632
5338
8906
12273
15371
18145
20545
22526
24056
25108
25667
25727
25293
24376
23001
21199
19008
16476
13655
10604
7384
4060
696
-2640
-5887
-8980
-11863
-14482
-16788
-18743
-20312
-21470
-22200
-22493
-22350
-21779
-20796
-19429
-17707
-15670
-13362
-10832
-8131
-5315
-2443
432
3252
5965
8518
10864
12961
14774
16269
17425
18226
18661
18729
18435
17791
16817
15538
13985
12192
10202
8055
5798
3477
1138
-1170
-3407
-5526
-7492
-9267
-10822
-12129
-13173
-13933
-14407
-14590
-14486
-14104
-13460
-12571
-11465
-10166
-8707
-7122
-5445
-3712
-1961
-225
1458
3060
4550
5901
7090
8100
8915
9526
9928
10118
10104
9891
9492
8923
8200
7347
6386
5341
4239
3105
1963
841
-240
-1260
-2198
-3040
-3770
-4379
-4860
-5211
-5429
-5519
-5484
-5336
-5084
-4742
-4324
-3845
-3322
-2773
-2214
-1659
-1126
-626
-172
225
561
827
1023
1146
1200
1188
1117
996
833
640
428
210
0
-193
-356
-479
-553
-572
-529
-423
-251
-15
278
627
1020
1447
1898
2357
2811
3245
3642
3990
4270
4472
4583
4592
4492
4276
3944
3495
2931
2260
1492
638
-284
-1260
-2270
-3290
-4299
-5272
-6187
-7019
-7747
-8347
-8804
-9099
-9219
-9153
-8897
-8445
-7802
-6971
-5965
-4798
-3488
-2059
-534
1055
2680
4308
5904
7435
8865
10165
11301
12245
12974
13465
13702
13672
13369
12791
11944
10835
9482
7906
6133
4193
2122
-40
-2255
-4477
-6663
-8766
-10745
-12555
-14159
-15517
-16599
-17377
-17829
-17940
-17700
-17107
-16168
-14893
-13302
-11419
-9278
-6917
-4377
-1706
1043
3821
6570
9237
11768
14109
16212
18033
19529
20666
21418
21763
21689
21190
20270
18942
17227
15151
12752
10072
7160
4069
860
-2406
-5668
-8860
-11920
-14785
-17396
-19701
-21649
-23198
-24314
-24970
-25150
-24841
-24047
-22777
-21052
-18900
-16358
-13475
-10300
-6894
-3322
348
4047
7701
11240
14593
17692
20476
22888
24875
26398
27422
27923
27887
27310
26200
24574
22459
19894
16925
13608
10002
6177
2207
-1832
-5864
-9809
-13589
-17131
-20363
-23221
-25648
-27593
-29016
-29886
-30183
-29898
-29034
-27604
-25632
-23155
-20218
-16877
-13192
-9236
-5083
-812
3492
7749
11874
15787
19411
22675
25513
27870
29696
30957
31624
31683
31131
29977
28239
25952
23157
19907
16264
12297
8083
3703
-759
-5218
-9586
-13778
-17714
-21315
-24513
-27244
-29453
-31100
-32148
-32578
-32381
-31559
-30128
-28115
-25557
-22505
-19017
-15158
-11006
-6638
-2141
2398
6894
11259
15407
19258
22739
25781
28327
30326
31740
32542
32717
32262
31186
29510
27267
24502
21267
17627
13651
9417
5009
510
-3990
-8407
-12654
-16652
-20320
-23591
-26400
-28695
-30433
-31580
-32118
-32036
-31338
-30039
-28165
-25755
-22856
-19526
-15831
-11844
-7642
-3308
1075
5422
9648
13672
17419
20815
23798
26310
28305
29749
30612
30884
30561
29650
28174
26165
23661
20716
17387
13742
9853
5795
1649
-2505
-6587
-10518
-14223
-17632
-20681
-23314
-25480
-27144
-28274
-28853
-28874
-28339
-27263
-25672
-23599
-21086
-18189
-14962
-11475
-7793
-3992
-144
3673
7390
10933
14235
17234
19876
22112
23903
25219
26037
26348
26149
25449
24268
22631
20576
18147
15395
12375
9150
5784
2344
-1102
-4489
-7751
-10827
-13658
-16193
-18386
-20199
-21602
-22572
-23095
-23168
-22795
-21988
-20770
-19168
-17220
-14968
-12460
-9748
-6888
-3936
-953
2002
4876
7610
10156
12467
14500
16220
17602
18621
19265
19526
19408
18917
18071
16893
15412
13660
11679
9511
7201
4798
2351
-92
-2482
-4777
-6929
-8903
-10661
-12175
-13419
-14377
-15034
-15387
-15433
-15180
-14640
-13830
-12773
-11496
-10031
-8409
-6670
-4848
-2983
-1114
722
2491
4157
5693
7070
8265
9261
10044
10604
10938
11046
10936
10615
10098
9402
8548
7560
6462
5283
4049
2788
1528
295
-887
-1994
-3009
-3911
-4688
-5330
-5828
-6180
-6385
-6448
-6372
-6170
-5852
-5434
-4929
-4358
-3736
-3081
-2414
-1750
-1106
-497
60
560
990
1344
1620
1814
1929
1967
1935
1840
1690
1499
1277
1038
794
556
336
148
0
-101
-147
-135
-63
69
260
504
794
1120
1474
1843
2212
2569
2899
3189
3423
3592
3681
3682
3586
3391
3091
2687
2182
1583
897
136
-686
-1552
-2446
-3345
-4231
-5080
-5871
-6584
-7196
-7689
-8046
-8251
-8294
-8166
-7860
-7376
-6716
-5889
-4902
-3773
-2518
-1160
275
1761
3269
4769
6225
7609
8888
10031
11012
11803
12384
12733
12839
12692
12285
11621
10706
9550
8172
6591
4838
2940
934
-1141
-3249
-5345
-7387
-9333
-11140
-12771
-14188
-15356
-16248
-16839
-17111
-17052
-16655
-15924
-14864
-13490
-11822
-9890
-7726
-5368
-2861
-250
2413
5077
7691
10199
12552
14699
16596
18199
19472
20386
20916
21045
20767
20077
18985
17506
15664
13490
11019
8300
5380
2315
-837
-4016
-7159
-10204
-13089
-15758
-18152
-20224
-21928
-23226
-24087
-24491
-24423
-23880
-22865
-21396
-19493
-17192
-14533
-11561
-8335
-4913
-1360
2253
5860
9388
12769
15934
18820
21368
23525
25244
26490
27233
27455
27146
26308
24955
23105
20794
18062
14958
11542
7875
4028
75
-3907
-7842
-11654
-15267
-18608
-21613
-24218
-26371
-28029
-29153
-29722
-29719
-29141
-27996
-26304
-24094
-21404
-18287
-14799
-11009
-6985
-2806
1447
5694
9850
13837
17573
20987
24010
26582
28652
30177
31125
31476
31221
30360
28912
26900
24362
21346
17907
14113
10034
5750
1342
-3103
-7501
-11766
-15814
-19567
-22953
-25902
-28359
-30273
-31608
-32335
-32440
-31920
-30784
-29052
-26757
-23944
-20666
-16984
-12972
-8705
-4267
255
4779
9214
13472
17474
21141
24401
27193
29460
31162
32261
32740
32588
31808
30416
28439
25915
22893
19432
15600
11471
7125
2646
-1878
-6360
-10716
-14859
-18709
-22194
-25245
-27806
-29826
-31268
-32106
-32324
-31920
-30902
-29292
-27122
-24436
-21286
-17735
-13853
-9715
-5403
-1000
3408
7737
11902
15824
19428
22646
25416
27687
29416
30572
31137
31100
30464
29246
27471
25176
22407
19219
15679
11853
7819
3655
-556
-4736
-8801
-12674
-16283
-19558
-22438
-24869
-26808
-28220
-29080
-29376
-29105
-28277
-26910
-25035
-22692
-19930
-16803
-13377
-9717
-5899
-1995
1915
5759
9463
12956
16169
19048
21535
23587
25169
26254
26823
26873
26406
25435
23984
22087
19783
17121
14157
10950
7565
4069
532
-2977
-6393
-9649
-12683
-15440
-17869
-19926
-21578
-22796
-23560
-23863
-23702
-23090
-22040
-20580
-18743
-16570
-14107
-11406
-8521
-5513
-2440
636
3656
6563
9300
11819
14072
16021
17630
18876
19740
20208
20282
19963
19266
18209
16821
15133
13183
11014
8672
6207
3667
1105
-1429
-3886
-6221
-8389
-10351
-12074
-13528
-14689
-15543
-16079
-16292
-16187
-15771
-15061
-14075
-12842
-11390
-9753
-7970
-6077
-4115
-2125
-147
1779
3620
5338
6903
8291
9475
10439
11172
11663
11913
11923
11700
11256
10608
9774
8780
7649
6411
5093
3726
2340
964
-374
-1648
-2835
-3913
-4864
-5675
-6333
-6833
-7170
-7346
-7363
-7230
-6959
-6561
-6051
-5449
-4772
-4041
-3274
-2492
-1715
-959
-243
418
1014
1533
1967
2312
2565
2728
2802
2793
2709
2559
2354
2106
1829
1535
1238
951
684
451
259
116
29
0
29
116
259
451
684
951
1238
1535
1829
2106
2354
2559
2709
2793
2802
2728
2565
2312
1967
1533
1014
418
-243
-959
-1715
-2492
-3274
-4041
-4772
-5449
-6051
-6561
-6959
-7230
-7363
-7346
-7170
-6833
-6333
-5675
-4864
-3913
-2835
-1648
-374
964
2340
3726
5093
6411
7649
8780
9774
10608
11256
11700
11923
11913
11663
11172
10439
9475
8291
6903
5338
3620
1779
-147
-2125
-4115
-6077
-7970
-9753
-11390
-12842
-14075
-15061
-15771
-16187
-16292
-16079
-15543
-14689
-13528
-12074
-10351
-8389
-6221
-3886
-1429
1105
3667
6207
8672
11014
13183
15133
16821
18209
19266
19963
20282
20208
19740
18876
17630
16021
14072
11819
9300
6563
3656
636
-2440
-5513
-8521
-11406
-14107
-16570
-18743
-20580
-22040
-23090
-23702
-23863
-23560
-22796
-21578
-19926
-17869
-15440
-12683
-9649
-6393
-2977
532
4069
7565
10950
14157
17121
19783
22087
23984
25435
26406
26873
26823
26254
25169
23587
21535
19048
16169
12956
9463
5759
1915
-1995
-5899
-9717
-13377
-16803
-19930
-22692
-25035
-26910
-28277
-29105
-29376
-29080
-28220
-26808
-24869
-22438
-19558
-16283
-12674
-8801
-4736
-556
3655
7819
11853
15679
19219
22407
25176
27471
29246
30464
31100
31137
30572
29416
27687
25416
22646
19428
15824
11902
7737
3408
-1000
-5403
-9715
-13853
-17735
-21286
-24436
-27122
-29292
-30902
-31920
-32324
-32106
-31268
-29826
-27806
-25245
-22194
-18709
-14859
-10716
-6360
-1878
2646
7125
11471
15600
19432
22893
25915
28439
30416
31808
32588
32740
32261
31162
29460
27193
24401
21141
17474
13472
9214
4779
255
-4267
-8705
-12972
-16984
-20666
-23944
-26757
-29052
-30784
-31920
-32440
-32335
-31608
-30273
-28359
-25902
-22953
-19567
-15814
-11766
-7501
-3103
1342
5750
10034
14113
17907
21346
24362
26900
28912
30360
31221
31476
31125
30177
28652
26582
24010
20987
17573
13837
9850
5694
1447
-2806
-6985
-11009
-14799
-18287
-21404
-24094
-26304
-27996
-29141
-29719
-29722
-29153
-28029
-26371
-24218
-21613
-18608
-15267
-11654
-7842
-3907
75
4028
7875
11542
14958
18062
20794
23105
24955
26308
27146
27455
27233
26490
25244
23525
21368
18820
15934
12769
9388
5860
2253
-1360
-4913
-8335
-11561
-14533
-17192
-19493
-21396
-22865
-23880
-24423
-24491
-24087
-23226
-21928
-20224
-18152
-15758
-13089
-10204
-7159
-4016
-837
2315
5380
8300
11019
13490
15664
17506
18985
20077
20767
21045
20916
20386
19472
18199
16596
14699
12552
10199
7691
5077
2413
-250
-2861
-5368
-7726
-9890
-11822
-13490
-14864
-15924
-16655
-17052
-17111
-16839
-16248
-15356
-14187
-12771
-11140
-9333
-7387
-5345
-3249
-1141
934
2940
4838
6591
8172
9550
10706
11621
12285
12692
12839
12733
12384
11803
11012
10031
8888
7609
6225
4769
3269
1761
275
-1160
-2518
-3773
-4902
-5889
-6716
-7376
-7860
-8166
-8294
-8251
-8046
-7689
-7196
-6584
-5871
-5080
-4231
-3345
-2446
-1552
-686
136
897
1583
2182
2687
3091
3391
3586
3682
3681
3592
3423
3189
2899
2569
2212
1843
1474
1120
794
504
260
69
-63
-135
-147
-101
0
148
336
556
794
1038
1277
1499
1690
1840
1935
1967
1929
1814
1620
1344
990
560
60
-497
-1106
-1750
-2414
-3081
-3736
-4358
-4929
-5434
-5852
-6170
-6372
-6448
-6385
-6180
-5828
-5330
-4688
-3911
-3009
-1994
-887
295
1528
2788
4049
5283
6462
7560
8548
9402
10098
10615
10936
11046
10938
10604
10044
9261
8265
7070
5693
4157
2491
722
-1114
-2983
-4848
-6670
-8409
-10031
-11496
-12773
-13830
-14640
-15180
-15433
-15387
-15034
-14377
-13419
-12175
-10661
-8903
-6929
-4777
-2482
-92
2351
4798
7201
9511
11679
13660
15412
16893
18071
18917
19408
19526
19265
18621
17602
16220
14500
12467
10156
7610
4876
2002
-953
-3936
-6888
-9748
-12460
-14968
-17220
-19168
-20770
-21988
-22795
-23168
-23095
-22572
-21602
-20199
-18386
-16193
-13658
-10827
-7751
-4489
-1102
2344
5784
9150
12375
15395
18147
20576
22631
24268
25449
26149
26348
26037
25219
23903
22112
19876
17234
14235
10933
7390
3673
-144
-3992
-7793
-11475
-14962
-18189
-21086
-23599
-25672
-27263
-28339
-28874
-28853
-28274
-27144
-25480
-23314
-20681
-17632
-14223
-10518
-6587
-2505
1649
5795
9853
13742
17387
20716
23661
26165
28174
29650
30561
30884
30612
29749
28305
26310
23798
20815
17419
13672
9648
5422
1075
-3308
-7642
-11844
-15831
-19526
-22856
-25755
-28165
-30039
-31338
-32036
-32118
-31580
-30433
-28695
-26400
-23591
-20320
-16652
-12654
-8407
-3990
510
5009
9417
13651
17627
21267
24502
27267
29510
31186
32262
32717
32542
31740
30326
28327
25781
22739
19258
15407
11259
6894
2398
-2141
-6638
-11006
-15158
-19017
-22505
-25557
-28115
-30128
-31559
-32381
-32578
-32148
-31100
-29453
-27244
-24513
-21315
-17714
-13778
-9586
-5218
-759
3703
8083
12297
16264
19907
23157
25952
28239
29977
31131
31683
31624
30957
29696
27870
25513
22675
19411
15787
11874
7749
3492
-812
-5083
-9236
-13192
-16877
-20218
-23155
-25632
-27604
-29034
-29898
-30183
-29886
-29016
-27593
-25648
-23221
-20363
-17131
-13589
-9809
-5864
-1832
2207
6177
10002
13608
16925
19894
22459
24574
26200
27310
27887
27923
27422
26398
24875
22888
20476
17692
14593
11240
7701
4047
348
-3322
-6894
-10300
-13475
-16358
-18900
-21052
-22777
-24047
-24841
-25150
-24970
-24314
-23198
-21649
-19701
-17396
-14785
-11920
-8860
-5668
-2406
860
4069
7160
10072
12752
15151
17227
18942
20270
21190
21689
21763
21418
20666
19529
18033
16212
14109
11768
9237
6570
3821
1043
-1706
-4377
-6917
-9278
-11419
-13302
-14893
-16168
-17107
-17700
-17940
-17829
-17377
-16599
-15517
-14159
-12555
-10745
-8766
-6663
-4477
-2255
-40
2122
4193
6133
7906
9482
10835
11944
12791
13369
13672
13702
13465
12974
12245
11301
10165
8865
7435
5904
4308
2680
1055
-534
-2059
-3488
-4798
-5965
-6971
-7802
-8445
-8897
-9153
-9219
-9099
-8804
-8347
-7747
-7019
-6187
-5272
-4299
-3290
-2270
-1260
-284
638
1492
2260
2931
3495
3944
4276
4492
4592
4583
4472
4270
3990
3642
3245
2811
2357
1898
1447
1020
627
278
-15
-251
-423
-529
-572
-553
-479
-356
-193
0
210
428
640
833
996
1117
1188
1200
1146
1023
827
561
225
-172
-626
-1126
-1659
-2214
-2773
-3322
-3845
-4324
-4742
-5084
-5336
-5484
-5519
-5429
-5211
-4860
-4379
-3770
-3040
-2198
-1260
-240
841
1963
3105
4239
5341
6386
7347
8200
8923
9492
9891
10104
10118
9928
9526
8915
8100
7090
5901
4550
3060
1458
-225
-1961
-3712
-5445
-7122
-8707
-10166
-11465
-12571
-13460
-14104
-14486
-14590
-14407
-13933
-13173
-12129
-10822
-9267
-7492
-5526
-3407
-1170
1138
3477
5798
8055
10202
12192
13985
15538
16817
17791
18435
18729
18661
18226
17425
16269
14774
12961
10864
8518
5965
3252
432
-2443
-5315
-8131
-10832
-13362
-15670
-17707
-19429
-20796
-21779
-22350
-22493
-22200
-21470
-20312
-18743
-16788
-14482
-11863
-8980
-5887
-2640
696
4060
7384
10604
13655
16476
19008
21199
23001
24376
25293
25727
25667
25108
24056
22526
20545
18145
15371
12273
8906
5338
1632
-2136
-5898
-9578
-13103
-16405
-19415
-22074
-24326
-26126
-27434
-28220
-28465
-28161
-27310
-25924
-24026
-21649
-18838
-15642
-12124
-8346
-4383
-310
3794
7851
11780
15505
18953
22052
24744
26971
28690
29863
30465
30481
29909
28755
27041
24795
22061
18887
15335
11470
7370
3108
-1230
-5563
-9804
-13873
-17688
-21176
-24268
-26902
-29025
-30594
-31579
-31956
-31719
-30868
-29420
-27400
-24846
-21806
-18338
-14509
-10390
-6063
-1611
2881
7328
11641
15737
19536
22965
25955
28449
30399
31765
32519
32647
32147
31027
29308
27023
24215
20940
17259
13245
8975
4531
0
-4531
-8975
-13245
-17259
-20940
-24215
-27023
-29308
-31027
-32147
-32647
-32519
-31765
-30399
-28449
-25955
-22965
-19536
-15737
-11641
-7328
-2881
1611
6063
10390
14509
18338
21806
24846
27400
29420
30868
31719
31956
31579
30594
29025
26902
24268
21176
17688
13873
9804
5563
1230
-3108
-7370
-11470
-15335
-18887
-22061
-24795
-27041
-28755
-29909
-30481
-30465
-29863
-28690
-26971
-24744
-22052
-18953
-15505
-11780
-7851
-3794
310
4383
8346
12124
15642
18838
21649
24026
25924
27310
28161
28465
28220
27434
26126
24326
22074
19415
16405
13103
9578
5898
2136
-1632
-5338
-8906
-12273
-15371
-18145
-20545
-22526
-24056
-25108
-25667
-25727
-25293
-24376
-23001
-21199
-19008
-16476
-13655
-10604
-7384
-4060
-696
2640
5887
8980
11863
14482
16788
18743
20312
21470
22200
22493
22350
21779
20796
19429
17707
15670
13362
10832
8131
5315
2443
-432
-3252
-5965
-8518
-10864
-12961
-14774
-16269
-17425
-18226
-18661
-18729
-18435
-17791
-16817
-15538
-13985
-12192
-10202
-8055
-5798
-3477
-1138
1170
3407
5526
7492
9267
10822
12129
13173
13933
14407
14590
14486
14104
13460
12571
11465
10166
8707
7122
5445
3712
1961
225
-1458
-3060
-4550
-5901
-7090
-8100
-8915
-9526
-9928
-10118
-10104
-9891
-9492
-8923
-8200
-7347
-6386
-5341
-4239
-3105
-1963
-841
240
1260
2198
3040
3770
4379
4860
5211
5429
5519
5484
5336
5084
4742
4324
3845
3322
2773
2214
1659
1126
626
172
-225
-561
-827
-1023
-1146
-1200
-1188
-1117
-996
-833
-640
-428
-210
0
193
356
479
553
572
529
423
251
15
-278
-627
-1020
-1447
-1898
-2357
-2811
-3245
-3642
-3990
-4270
-4472
-4583
-4592
-4492
-4276
-3944
-3495
-2931
-2260
-1492
-638
284
1260
2270
3290
4299
5272
6187
7019
7747
8347
8804
9099
9219
9153
8897
8445
7802
6971
5965
4798
3488
2059
534
-1055
-2680
-4308
-5904
-7435
-8865
-10165
-11301
-12245
-12974
-13465
-13702
-13672
-13369
-12791
-11944
-10835
-9482
-7906
-6133
-4193
-2122
40
2255
4477
6663
8766
10745
12555
14159
15517
16599
17377
17829
17940
17700
17107
16168
14893
13302
11419
9278
6917
4377
1706
-1043
-3821
-6570
-9237
-11768
-14109
-16212
-18033
-19529
-20666
-21418
-21763
-21689
-21190
-20270
-18942
-17227
-15151
-12752
-10072
-7160
-4069
-860
2406
5668
8860
11920
14785
17396
19701
21649
23198
24314
24970
25150
24841
24047
22777
21052
18900
16358
13475
10300
6894
3322
-348
-4047
-7701
-11240
-14593
-17692
-20476
-22888
-24875
-26398
-27422
-27923
-27887
-27310
-26200
-24574
-22459
-19894
-16925
-13608
-10002
-6177
-2207
1832
5864
9809
13589
17131
20363
23221
25648
27593
29016
29886
30183
29898
29034
27604
25632
23155
20218
16877
13192
9236
5083
812
-3492
-7749
-11874
-15787
-19411
-22675
-25513
-27870
-29696
-30957
-31624
-31683
-31131
-29977
-28239
-25952
-23157
-19907
-16264
-12297
-8083
-3703
759
5218
9586
13778
17714
21315
24513
27244
29453
31100
32148
32578
32381
31559
30128
28115
25557
22505
19017
15158
11006
6638
2141
-2398
-6894
-11259
-15407
-19258
-22739
-25781
-28327
-30326
-31740
-32542
-32717
-32262
-31186
-29510
-27267
-24502
-21267
-17627
-13651
-9417
-5009
-510
3990
8407
12654
16652
20320
23591
26400
28695
30433
31580
32118
32036
31338
30039
28165
25755
22856
19526
15831
11844
7642
3308
-1075
-5422
-9648
-13672
-17419
-20815
-23798
-26310
-28305
-29749
-30612
-30884
-30561
-29650
-28174
-26165
-23661
-20716
-17387
-13742
-9853
-5795
-1649
2505
6587
10518
14223
17632
20681
23314
25480
27144
28274
28853
28874
28339
27263
25672
23599
21086
18189
14962
11475
7793
3992
144
-3673
-7390
-10933
-14235
-17234
-19876
-22112
-23903
-25219
-26037
-26348
-26149
-25449
-24268
-22631
-20576
-18147
-15395
-12375
-9150
-5784
-2344
1102
4489
7751
10827
13658
16193
18386
20199
21602
22572
23095
23168
22795
21988
20770
19168
17220
14968
12460
9748
6888
3936
953
-2002
-4876
-7610
-10156
-12467
-14500
-16220
-17602
-18621
-19265
-19526
-19408
-18917
-18071
-16893
-15412
-13660
-11679
-9511
-7201
-4798
-2351
92
2482
4777
6929
8903
10661
12175
13419
14377
15034
15387
15433
15180
14640
13830
12773
11496
10031
8409
6670
4848
2983
1114
-722
-2491
-4157
-5693
-7070
-8265
-9261
-10044
-10604
-10938
-11046
-10936
-10615
-10098
-9402
-8548
-7560
-6462
-5283
-4049
-2788
-1528
-295
887
1994
3009
3911
4688
5330
5828
6180
6385
6448
6372
6170
5852
5434
4929
4358
3736
3081
2414
1750
1106
497
-60
-560
-990
-1344
-1620
-1814
-1929
-1967
-1935
-1840
-1690
-1499
-1277
-1038
-794
-556
-336
-148
0
101
147
135
63
-69
-260
-504
-794
-1120
-1474
-1843
-2212
-2569
-2899
-3189
-3423
-3592
-3681
-3682
-3586
-3391
-3091
-2687
-2182
-1583
-897
-136
686
1552
2446
3345
4231
5080
5871
6584
7196
7689
8046
8251
8294
8166
7860
7376
6716
5889
4902
3773
2518
1160
-275
-1761
-3269
-4769
-6225
-7609
-8888
-10031
-11012
-11803
-12384
-12733
-12839
-12692
-12285
-11621
-10706
-9550
-8172
-6591
-4838
-2940
-934
1141
3249
5345
7387
9333
11140
12771
14187
15356
16248
16839
17111
17052
16655
15924
14864
13490
11822
9890
7726
5368
2861
250
-2413
-5077
-7691
-10199
-12552
-14699
-16596
-18199
-19472
-20386
-20916
-21045
-20767
-20077
-18985
-17506
-15664
-13490
-11019
-8300
-5380
-2315
837
4016
7159
10204
13089
15758
18152
20224
21928
23226
24087
24491
24423
23880
22865
21396
19493
17192
14533
11561
8335
4913
1360
-2253
-5860
-9388
-12769
-15934
-18820
-21368
-23525
-25244
-26490
-27233
-27455
-27146
-26308
-24955
-23105
-20794
-18062
-14958
-11542
-7875
-4028
-75
3907
7842
11654
15267
18608
21613
24218
26371
28029
29153
29722
29719
29141
27996
26304
24094
21404
18287
14799
11009
6985
2806
-1447
-5694
-9850
-13837
-17573
-20987
-24010
-26582
-28652
-30177
-31125
-31476
-31221
-30360
-28912
-26900
-24362
-21346
-17907
-14113
-10034
-5750
-1342
3103
7501
11766
15814
19567
22953
25902
28359
30273
31608
32335
32440
31920
30784
29052
26757
23944
20666
16984
12972
8705
4267
-255
-4779
-9214
-13472
-17474
-21141
-24401
-27193
-29460
-31162
-32261
-32740
-32588
-31808
-30416
-28439
-25915
-22893
-19432
-15600
-11471
-7125
-2646
1878
6360
10716
14859
18709
22194
25245
27806
29826
31268
32106
32324
31920
30902
29292
27122
24436
21286
17735
13853
9715
5403
1000
-3408
-7737
-11902
-15824
-19428
-22646
-25416
-27687
-29416
-30572
-31137
-31100
-30464
-29246
-27471
-25176
-22407
-19219
-15679
-11853
-7819
-3655
556
4736
8801
12674
16283
19558
22438
24869
26808
28220
29080
29376
29105
28277
26910
25035
22692
19930
16803
13377
9717
5899
1995
-1915
-5759
-9463
-12956
-16169
-19048
-21535
-23587
-25169
-26254
-26823
-26873
-26406
-25435
-23984
-22087
-19783
-17121
-14157
-10950
-7565
-4069
-532
2977
6393
9649
12683
15440
17869
19926
21578
22796
23560
23863
23702
23090
22040
20580
18743
16570
14107
11406
8521
5513
2440
-636
-3656
-6563
-9300
-11819
-14072
-16021
-17630
-18876
-19740
-20208
-20282
-19963
-19266
-18209
-16821
-15133
-13183
-11014
-8672
-6207
-3667
-1105
1429
3886
6221
8389
10351
12074
13528
14689
15543
16079
16292
16187
15771
15061
14075
12842
11390
9753
7970
6077
4115
2125
147
-1779
-3620
-5338
-6903
-8291
-9475
-10439
-11172
-11663
-11913
-11923
-11700
-11256
-10608
-9774
-8780
-7649
-6411
-5093
-3726
-2340
-964
374
1648
2835
3913
4864
5675
6333
6833
7170
7346
7363
7230
6959
6561
6051
5449
4772
4041
3274
2492
1715
959
243
-418
-1014
-1533
-1967
-2312
-2565
-2728
-2802
-2793
-2709
-2559
-2354
-2106
-1829
-1535
-1238
-951
-684
-451
-259
-116
-29
0
-29
-116
-259
-451
-684
-951
-1238
-1535
-1829
-2106
-2354
-2559
-2709
-2793
-2802
-2728
-2565
-2312
-1967
-1533
-1014
-418
243
959
1715
2492
3274
4041
4772
5449
6051
6561
6959
7230
7363
7346
7170
6833
6333
5675
4864
3913
2835
1648
374
-964
-2340
-3726
-5093
-6411
-7649
-8780
-9774
-10608
-11256
-11700
-11923
-11913
-11663
-11172
-10439
-9475
-8291
-6903
-5338
-3620
-1779
147
2125
4115
6077
7970
9753
11390
12842
14075
15061
15771
16187
16292
16079
15543
14689
13528
12074
10351
8389
6221
3886
1429
-1105
-3667
-6207
-8672
-11014
-13183
-15133
-16821
-18209
-19266
-19963
-20282
-20208
-19740
-18876
-17630
-16021
-14072
-11819
-9300
-6563
-3656
-636
2440
5513
8521
11406
14107
16570
18743
20580
22040
23090
23702
23863
23560
22796
21578
19926
17869
15440
12683
9649
6393
2977
-532
-4069
-7565
-10950
-14157
-17121
-19783
-22087
-23984
-25435
-26406
-26873
-26823
-26254
-25169
-23587
-21535
-19048
-16169
-12956
-9463
-5759
-1915
1995
5899
9717
13377
16803
19930
22692
25035
26910
28277
29105
29376
29080
28220
26808
24869
22438
19558
16283
12674
8801
4736
556
-3655
-7819
-11853
-15679
-19219
-22407
-25176
-27471
-29246
-30464
-31100
-31137
-30572
-29416
-27687
-25416
-22646
-19428
-15824
-11902
-7737
-3408
1000
5403
9715
13853
17735
21286
24436
27122
29292
30902
31920
32324
32106
31268
29826
27806
25245
22194
18709
14859
10716
6360
1878
-2646
-7125
-11471
-15600
-19432
-22893
-25915
-28439
-30416
-31808
-32588
-32740
-32261
