17269
10860
2323
-6503
-13675
-17624
-17552
-13646
-7044
438
6748
10116
9502
4874
-2766
-11612
-19489
-24393
-24992
-20975
-13146
-3247
6453
13713
16874
15271
9419
894
-8039
-14981
-17991
-16075
-9452
484
11483
20977
26708
27284
22529
13547
2464
-8071
-15531
-18124
-15240
-7608
2863
13539
21694
25174
22923
15258
3804
-8879
-19903
-26744
-27847
-23008
-13430
-1444
10040
18230
21115
17953
9452
-2389
-14751
-24660
-29696
-28562
-21402
-9768
3740
16081
24488
27110
23450
14470
2370
-9933
-19489
-23995
-22337
-14836
-3174
10002
21698
29260
30980
26482
16796
4110
-8737
-18907
-24204
-23562
-17269
-6882
5141
16010
23227
25144
21317
12579
836
-11371
-21439
-27272
-27724
-22829
-13764
-2566
8328
16611
20598
19566
13876
4870
-5444
-14830
-21300
-23513
-21037
-14409
-4991
5321
14505
20812
23111
21086
15278
6950
-2178
-10279
-15767
-17601
-15467
-9822
-1797
7032
14943
20394
22308
20275
14624
6366
-2997
-11743
-18255
-21326
-20385
-15618
-7946
1143
9863
16470
19603
18552
13416
5102
-4831
-14468
-21899
-25605
-24765
-19436
-10561
202
10793
19159
23661
23411
18457
9790
-852
-11321
-19489
-23676
-22989
-17506
-8259
2970
14002
22701
27390
27185
22159
13316
2383
-8538
-17386
-22537
-23111
-19117
-11435
-1619
8414
16757
21866
22839
19557
12675
3479
-6373
-15156
-21389
-24077
-22861
-18059
-10579
-1745
6935
14023
18380
19340
16806
11247
3621
-4785
-12557
-18379
-21238
-20593
-16466
-9452
-634
8577
16669
22278
24419
22671
17266
9070
-547
-9934
-17446
-21735
-21998
-18136
-10784
-1216
8878
17691
23626
25585
23172
16768
7458
-3158
-13264
-21146
-25502
-25659
-21680
-14337
-4956
4831
13373
19282
21658
20214
15302
7819
-962
-9610
-16770
-21364
-22742
-20752
-15744
-8489
-60
8328
15489
20425
22454
21302
17139
10562
2517
-5819
-13200
-18490
-20833
-19793
-15444
-8376
370
9452
17427
22985
25167
23534
18256
10098
306
-9595
-18051
-23738
-25781
-23899
-18445
-10342
-916
8328
15950
20809
22233
20100
14836
7317
-1280
-9676
-16676
-21335
-23071
-21720
-17531
-11107
-3316
4831
12303
18167
21692
22436
20294
15522
8715
749
-7315
-14367
-19391
-21614
-20635
-16499
-9718
-1216
7793
15984
22118
25243
24846
20941
14071
5225
-4317
-13185
-20136
-24233
-24981
-22385
-16923
-9452
-1064
7079
13917
18615
20664
19908
16541
11055
4160
-3299
-10441
-16433
-20571
-22346
-21500
-18059
-12350
-4978
3219
11256
18121
22898
24907
23810
19683
13021
4692
-4186
-12397
-18810
-22546
-23111
-20461
-15010
-7549
873
9116
16108
20992
23227
22631
19380
13947
7025
-575
-8021
-14540
-19489
-22393
-22979
-21192
-17198
-11380
-4318
3252
10500
16581
20738
22403
21287
17441
11278
3530
-4831
-12726
-19119
-23164
-24330
-22475
-17858
-11093
-3053
5263
12871
18928
22826
24245
23158
19803
14624
8203
1193
-5740
-11965
-16925
-20162
-21356
-20348
-17173
-12078
-5526
1827
9185
15695
20553
23111
22980
20099
14756
7561
-632
-8844
-16108
-21593
-24718
-25209
-23119
-18786
-12774
-5772
1491
8328
14156
18525
21131
21815
20554
17456
12759
6829
157
-6661
-12962
-18074
-21393
-22467
-21073
-17269
-11407
-4108
3815
11459
17953
22575
24845
24580
21894
17166
10967
3970
-3141
-9741
-15316
-19489
-22014
-22770
-21741
-19008
-14749
-9242
-2876
3856
10372
16048
20279
22562
22571
20219
15695
9452
2160
-5382
-12349
-18005
-21791
-23390
-22743
-20034
-15633
-10027
-3752
2675
8791
14203
18591
21694
23307
23278
21529
18082
13090
6866
-124
-7279
-13920
-19371
-23050
-24552
-23716
-20646
-15704
-9452
-2566
4252
10371
15295
18702
20448
20539
19094
16300
12377
7562
2112
-3683
-9486
-14901
-19489
-22805
-24451
-24142
-21768
-17438
-11484
-4439
3027
10196
16398
21097
23949
24833
23833
21195
17269
12441
7082
1521
-3964
-9127
-13732
-17535
-20273
-21685
-21548
-19726
-16225
-11226
-5098
1631
8328
14339
19077
22108
23198
22340
19731
15719
10741
5241
-379
-5798
-10778
-15145
-18756
-21466
-23111
-23512
-22505
-19986
-15959
-10586
-4196
2727
9595
15790
20750
24052
25465
24976
22770
19180
14624
9523
4248
-917
-5776
-10197
-14077
-17297
-19700
-21088
-21249
-20007
-17276
-13115
-7755
-1596
4831
10938
16157
20031
22272
22793
21697
19237
15748
11578
7027
2319
-2403
-7049
-11537
-15747
-19489
-22499
-24467
-25085
-24121
-21478
-17245
-11701
-5294
1425
7882
13568
18106
21295
23105
23647
23111
21701
19579
16838
13498
9548
4992
-89
-5505
-10937
-15966
-20131
-23004
-24269
-23789
-21632
-18059
-13479
-8369
-3188
1692
6031
9732
12810
15333
17361
18889
19825
19992
19174
17181
13920
9452
4016
-1983
-8031
-13586
-18168
-21437
-23239
-23614
-22759
-20961
-18517
-15660
-12521
-9114
-5374
-1216
3394
8381
13521
18461
22755
25952
27680
27728
26088
22961
18716
13812
8707
3772
-764
-4831
-8490
-11867
-15078
-18157
-21005
-23396
-25007
-25498
-24600
-22191
-18354
-13373
-7699
-1865
3613
8328
12050
14744
16547
17693
18431
18934
19241
19243
18710
17367
14982
11457
6883
1553
-4073
-9452
-14062
-17506
-19582
-20313
-19919
-18745
-17163
-15467
-13805
-12147
-10313
-8037
-5073
-1287
3267
8328
13456
18116
21785
24065
24768
23951
21896
19028
15815
12647
9751
7146
4666
2023
-1077
-4831
-9250
-14115
-19011
-23395
-26721
-28561
-28704
-27204
-24367
-20675
-16664
-12802
-9378
-6445
-3833
-1216
1772
5409
9781
14721
19828
24540
28256
30482
30944
29657
26921
23245
19226
15398
12111
9452
7239
5094
2565
-728
-4965
-10045
-15584
-20986
-25578
-28767
-30179
-29755
-27760
-24720
-21282
-18059
-15470
-13644
-12393
-11282
-9753
-7294
-3603
1312
7104
13150
18690
23005
25590
26278
25276
23111
20490
18120
16519
15885
16045
16506
16589
15621
13129
8982
3453
-2828
-9013
-14239
-17836
-19489
-19316
-17833
-15814
-14091
-13329
-13846
-15527
-17844
-19995
-21112
-20496
-17815
-13207
-7266
-912
4831
9088
11343
11577
10263
8243
6510
5936
7044
9852
13860
18163
21681
23433
22803
19704
14624
8515
2563
-2101
-4690
-4961
-3277
-517
2150
3571
2915
-95
-5096
-11155
-16996
-21313
-23111
-21957
-18111
-12473
-6364
-1202
1858
2218
0
-3978
-8403
-11804
-12923
-11061
-6263
661
8328
15110
19547
20709
18446
13439
7038
933
-3268
-4451
-2288
2670
9109
15281
19436
20270
-17269
-10860
-2323
6503
13675
17624
17552
13646
7044
-438
-6748
-10116
-9502
-4874
2766
11612
19489
24393
24992
20975
13146
3247
-6453
-13713
-16874
-15271
-9419
-894
8039
14981
17991
16075
9452
-484
-11483
-20977
-26708
-27284
-22529
-13547
-2464
8071
15531
18124
15240
7608
-2863
-13539
-21694
-25174
-22923
-15258
-3804
8879
19903
26744
27847
23008
13430
1444
-10040
-18230
-21115
-17953
-9452
2389
14751
24660
29696
28562
21402
9768
-3740
-16081
-24488
-27110
-23450
-14470
-2370
9933
19489
23995
22337
14836
3174
-10002
-21698
-29260
-30980
-26482
-16796
-4110
8737
18907
24204
23562
17269
6882
-5141
-16010
-23227
-25144
-21317
-12579
-836
11371
21439
27272
27724
22829
13764
2566
-8328
-16611
-20598
-19566
-13876
-4870
5444
14830
21300
23513
21037
14409
4991
-5321
-14505
-20812
-23111
-21086
-15278
-6950
2178
10279
15767
17601
15467
9822
1797
-7032
-14943
-20394
-22308
-20275
-14624
-6366
2997
11743
18255
21326
20385
15618
7946
-1143
-9863
-16470
-19603
-18552
-13416
-5102
4831
14468
21899
25605
24765
19436
10561
-202
-10793
-19159
-23661
-23411
-18457
-9790
852
11321
19489
23676
22989
17506
8259
-2970
-14002
-22701
-27390
-27185
-22159
-13316
-2383
8538
17386
22537
23111
19117
11435
1619
-8414
-16757
-21866
-22839
-19557
-12675
-3479
6373
15156
21389
24077
22861
18059
10579
1745
-6935
-14023
-18380
-19340
-16806
-11247
-3621
4785
12557
18379
21238
20593
16466
9452
634
-8577
-16669
-22278
-24419
-22671
-17266
-9070
547
9934
17446
21735
21998
18136
10784
1216
-8878
-17691
-23626
-25585
-23172
-16768
-7458
3158
13264
21146
25502
25659
21680
14337
4956
-4831
-13373
-19282
-21658
-20214
-15302
-7819
962
9610
16770
21364
22742
20752
15744
8489
60
-8328
-15489
-20425
-22454
-21302
-17139
-10562
-2517
5819
13200
18490
20833
19793
15444
8376
-370
-9452
-17427
-22985
-25167
-23534
-18256
-10098
-306
9595
18051
23738
25781
23899
18445
10342
916
-8328
-15950
-20809
-22233
-20100
-14836
-7317
1280
9676
16676
21335
23071
21720
17531
11107
3316
-4831
-12303
-18167
-21692
-22436
-20294
-15522
-8715
-749
7315
14367
19391
21614
20635
16499
9718
1216
-7793
-15984
-22118
-25243
-24846
-20941
-14071
-5225
4317
13185
20136
24233
24981
22385
16923
9452
1064
-7079
-13917
-18615
-20664
-19908
-16541
-11055
-4160
3299
10441
16433
20571
22346
21500
18059
12350
4978
-3219
-11256
-18121
-22898
-24907
-23810
-19683
-13021
-4692
4186
12397
18810
22546
23111
20461
15010
7549
-873
-9116
-16108
-20992
-23227
-22631
-19380
-13947
-7025
575
8021
14540
19489
22393
22979
21192
17198
11380
4318
-3252
-10500
-16581
-20738
-22403
-21287
-17441
-11278
-3530
4831
12726
19119
23164
24330
22475
17858
11093
3053
-5263
-12871
-18928
-22826
-24245
-23158
-19803
-14624
-8203
-1193
5740
11965
16925
20162
21356
20348
17173
12078
5526
-1827
-9185
-15695
-20553
-23111
-22980
-20099
-14756
-7561
632
8844
16108
21593
24718
25209
23119
18786
12774
5772
-1491
-8328
-14156
-18525
-21131
-21815
-20554
-17456
-12759
-6829
-157
6661
12962
18074
21393
22467
21073
17269
11407
4108
-3815
-11459
-17953
-22575
-24845
-24580
-21894
-17166
-10967
-3970
3141
9741
15316
19489
22014
22770
21741
19008
14749
9242
2876
-3856
-10372
-16048
-20279
-22562
-22571
-20219
-15695
-9452
-2160
5382
12349
18005
21791
23390
22743
20034
15633
10027
3752
-2675
-8791
-14203
-18591
-21694
-23307
-23278
-21529
-18082
-13090
-6866
124
7279
13920
19371
23050
24552
23716
20646
15704
9452
2566
-4252
-10371
-15295
-18702
-20448
-20539
-19094
-16300
-12377
-7562
-2112
3683
9486
14901
19489
22805
24451
24142
21768
17438
11484
4439
-3027
-10196
-16398
-21097
-23949
-24833
-23833
-21195
-17269
-12441
-7082
-1521
3964
9127
13732
17535
20273
21685
21548
19726
16225
11226
5098
-1631
-8328
-14339
-19077
-22108
-23198
-22340
-19731
-15719
-10741
-5241
379
5798
10778
15145
18756
21466
23111
23512
22505
19986
15959
10586
4196
-2727
-9595
-15790
-20750
-24052
-25465
-24976
-22770
-19180
-14624
-9523
-4248
917
5776
10197
14077
17297
19700
21088
21249
20007
17276
13115
7755
1596
-4831
-10938
-16157
-20031
-22272
-22793
-21697
-19237
-15748
-11578
-7027
-2319
2403
7049
11537
15747
19489
22499
24467
25085
24121
21478
17245
11701
5294
-1425
-7882
-13568
-18106
-21295
-23105
-23647
-23111
-21701
-19579
-16838
-13498
-9548
-4992
89
5505
10937
15966
20131
23004
24269
23789
21632
18059
13479
8369
3188
-1692
-6031
-9732
-12810
-15333
-17361
-18889
-19825
-19992
-19174
-17181
-13920
-9452
-4016
1983
8031
13586
18168
21437
23239
23614
22759
20961
18517
15660
12521
9114
5374
1216
-3394
-8381
-13521
-18461
-22755
-25952
-27680
-27728
-26088
-22961
-18716
-13812
-8707
-3772
764
4831
8490
11867
15078
18157
21005
23396
25007
25498
24600
22191
18354
13373
7699
1865
-3613
-8328
-12050
-14744
-16547
-17693
-18431
-18934
-19241
-19243
-18710
-17367
-14982
-11457
-6883
-1553
4073
9452
14062
17506
19582
20313
19919
18745
17163
15467
13805
12147
10313
8037
5073
1287
-3267
-8328
-13456
-18116
-21785
-24065
-24768
-23951
-21896
-19028
-15815
-12647
-9751
-7146
-4666
-2023
1077
4831
9250
14115
19011
23395
26721
28561
28704
27204
24367
20675
16664
12802
9378
6445
3833
1216
-1772
-5409
-9781
-14721
-19828
-24540
-28256
-30482
-30944
-29657
-26921
-23245
-19226
-15398
-12111
-9452
-7239
-5094
-2565
728
4965
10045
15584
20986
25578
28767
30179
29755
27760
24720
21282
18059
15470
13644
12393
11282
9753
7294
3603
-1312
-7104
-13150
-18690
-23005
-25590
-26278
-25276
-23111
-20490
-18120
-16519
-15885
-16045
-16506
-16589
-15621
-13129
-8982
-3453
2828
9013
14239
17836
19489
19316
17833
15814
14091
13329
13846
15527
17844
19995
21112
20496
17815
13207
7266
912
-4831
-9088
-11343
-11577
-10263
-8243
-6510
-5936
-7044
-9852
-13860
-18163
-21681
-23433
-22803
-19704
-14624
-8515
-2563
2101
4690
4961
3277
517
-2150
-3571
-2915
95
5096
11155
16996
21313
23111
21957
18111
12473
6364
1202
-1858
-2218
0
3978
8403
11804
12923
11061
6263
-661
-8328
-15110
-19547
-20709
-18446
-13439
-7038
-933
3268
4451
2288
-2670
-9109
-15281
-19436
-20270
-17269
-10860
-2323
6503
13675
17624
17552
13646
7044
-438
-6748
-10116
-9502
-4874
2766
11612
19489
24393
24992
20975
13146
3247
-6453
-13713
-16874
-15271
-9419
-894
8039
14981
17991
16075
9452
-484
-11483
-20977
-26708
-27284
-22529
-13547
-2464
8071
15531
18124
15240
7608
-2863
-13539
-21694
-25174
-22923
-15258
-3804
8879
19903
26744
27847
23008
13430
1444
-10040
-18230
-21115
-17953
-9452
2389
14751
24660
29696
28562
21402
9768
-3740
-16081
-24488
-27110
-23450
-14470
-2370
9933
19489
23995
22337
14836
3174
-10002
-21698
-29260
-30980
-26482
-16796
-4110
8737
18907
24204
23562
17269
6882
-5141
-16010
-23227
-25144
-21317
-12579
-836
11371
21439
27272
27724
22829
13764
2566
-8328
-16611
-20598
-19566
-13876
-4870
5444
14830
21300
23513
21037
14409
4991
-5321
-14505
-20812
-23111
-21086
-15278
-6950
2178
10279
15767
17601
15467
9822
1797
-7032
-14943
-20394
-22308
-20275
-14624
-6366
2997
11743
18255
21326
20385
15618
7946
-1143
-9863
-16470
-19603
-18552
-13416
-5102
4831
14468
21899
25605
24765
19436
10561
-202
-10793
-19159
-23661
-23411
-18457
-9790
852
11321
19489
23676
22989
17506
8259
-2970
-14002
-22701
-27390
-27185
-22159
-13316
-2383
8538
17386
22537
23111
19117
11435
1619
-8414
-16757
-21866
-22839
-19557
-12675
-3479
6373
15156
21389
24077
22861
18059
10579
1745
-6935
-14023
-18380
-19340
-16806
-11247
-3621
4785
12557
18379
21238
20593
16466
9452
634
-8577
-16669
-22278
-24419
-22671
-17266
-9070
547
9934
17446
21735
21998
18136
10784
1216
-8878
-17691
-23626
-25585
-23172
-16768
-7458
3158
13264
21146
25502
25659
21680
14337
4956
-4831
-13373
-19282
-21658
-20214
-15302
-7819
962
9610
16770
21364
22742
20752
15744
8489
60
-8328
-15489
-20425
-22454
-21302
-17139
-10562
-2517
5819
13200
18490
20833
19793
15444
8376
-370
-9452
-17427
-22985
-25167
-23534
-18256
-10098
-306
9595
18051
23738
25781
23899
18445
10342
916
-8328
-15950
-20809
-22233
-20100
-14836
-7317
1280
9676
16676
21335
23071
21720
17531
11107
3316
-4831
-12303
-18167
-21692
-22436
-20294
-15522
-8715
-749
7315
14367
19391
21614
20635
16499
9718
1216
-7793
-15984
-22118
-25243
-24846
-20941
-14071
-5225
4317
13185
20136
24233
24981
22385
16923
9452
1064
-7079
-13917
-18615
-20664
-19908
-16541
-11055
-4160
3299
10441
16433
20571
22346
21500
18059
12350
4978
-3219
-11256
-18121
-22898
-24907
-23810
-19683
-13021
-4692
4186
12397
18810
22546
23111
20461
15010
7549
-873
-9116
-16108
-20992
-23227
-22631
-19380
-13947
-7025
575
8021
14540
19489
22393
22979
21192
17198
11380
4318
-3252
-10500
-16581
-20738
-22403
-21287
-17441
-11278
-3530
4831
12726
19119
23164
24330
22475
17858
11093
3053
-5263
-12871
-18928
-22826
-24245
-23158
-19803
-14624
-8203
-1193
5740
11965
16925
20162
21356
20348
17173
12078
5526
-1827
-9185
-15695
-20553
-23111
-22980
-20099
-14756
-7561
632
8844
16108
21593
24718
25209
23119
18786
12774
5772
-1491
-8328
-14156
-18525
-21131
-21815
-20554
-17456
-12759
-6829
-157
6661
12962
18074
21393
22467
21073
17269
11407
4108
-3815
-11459
-17953
-22575
-24845
-24580
-21894
-17166
-10967
-3970
3141
9741
15316
19489
22014
22770
21741
19008
14749
9242
2876
-3856
-10372
-16048
-20279
-22562
-22571
-20219
-15695
-9452
-2160
5382
12349
18005
21791
23390
22743
20034
15633
10027
3752
-2675
-8791
-14203
-18591
-21694
-23307
-23278
-21529
-18082
-13090
-6866
124
7279
13920
19371
23050
24552
23716
20646
15704
9452
2566
-4252
-10371
-15295
-18702
-20448
-20539
-19094
-16300
-12377
-7562
-2112
3683
9486
14901
19489
22805
24451
24142
21768
17438
11484
4439
-3027
-10196
-16398
-21097
-23949
-24833
-23833
-21195
-17269
-12441
-7082
-1521
3964
9127
13732
17535
20273
21685
21548
19726
16225
11226
5098
-1631
-8328
-14339
-19077
-22108
-23198
-22340
-19731
-15719
-10741
-5241
379
5798
10778
15145
18756
21466
23111
23512
22505
19986
15959
10586
4196
-2727
-9595
-15790
-20750
-24052
-25465
-24976
-22770
-19180
-14624
-9523
-4248
917
5776
10197
14077
17297
19700
21088
21249
20007
17276
13115
7755
1596
-4831
-10938
-16157
-20031
-22272
-22793
-21697
-19237
-15748
-11578
-7027
-2319
2403
7049
11537
15747
19489
22499
24467
25085
24121
21478
17245
11701
5294
-1425
-7882
-13568
-18106
-21295
-23105
-23647
-23111
-21701
-19579
-16838
-13498
-9548
-4992
89
5505
10937
15966
20131
23004
24269
23789
21632
18059
13479
8369
3188
-1692
-6031
-9732
-12810
-15333
-17361
-18889
-19825
-19992
-19174
-17181
-13920
-9452
-4016
1983
8031
13586
18168
21437
23239
23614
22759
20961
18517
15660
12521
9114
5374
1216
-3394
-8381
-13521
-18461
-22755
-25952
-27680
-27728
-26088
-22961
-18716
-13812
-8707
-3772
764
4831
8490
11867
15078
18157
21005
23396
25007
25498
24600
22191
18354
13373
7699
1865
-3613
-8328
-12050
-14744
-16547
-17693
-18431
-18934
-19241
-19243
-18710
-17367
-14982
-11457
-6883
-1553
4073
9452
14062
17506
19582
20313
19919
18745
17163
15467
13805
12147
10313
8037
5073
1287
-3267
-8328
-13456
-18116
-21785
-24065
-24768
-23951
-21896
-19028
-15815
-12647
-9751
-7146
-4666
-2023
1077
4831
9250
14115
19011
23395
26721
28561
28704
27204
24367
20675
16664
12802
9378
6445
3833
1216
-1772
-5409
-9781
-14721
-19828
-24540
-28256
-30482
-30944
-29657
-26921
-23245
-19226
-15398
-12111
-9452
-7239
-5094
-2565
728
4965
10045
15584
20986
25578
28767
30179
29755
27760
24720
21282
18059
15470
13644
12393
11282
9753
7294
3603
-1312
-7104
-13150
-18690
-23005
-25590
-26278
-25276
-23111
-20490
-18120
-16519
-15885
-16045
-16506
-16589
-15621
-13129
-8982
-3453
2828
9013
14239
17836
19489
19316
17833
15814
14091
13329
13846
15527
17844
19995
21112
20496
17815
13207
7266
912
-4831
-9088
-11343
-11577
-10263
-8243
-6510
-5936
-7044
-9852
-13860
-18163
-21681
-23433
-22803
-19704
-14624
-8515
-2563
2101
4690
4961
3277
517
-2150
-3571
-2915
95
5096
11155
16996
21313
23111
21957
18111
12473
6364
1202
-1858
-2218
0
3978
8403
11804
12923
11061
6263
-661
-8328
-15110
-19547
-20709
-18446
-13439
-7038
-933
3268
4451
2288
-2670
-9109
-15281
-19436
-20270
-17269
-10860
-2323
6503
13675
17624
17552
13646
7044
-438
-6748
-10116
-9502
-4874
2766
11612
19489
24393
24992
20975
13146
3247
-6453
-13713
-16874
-15271
-9419
-894
8039
14981
17991
16075
9452
-484
-11483
-20977
-26708
-27284
-22529
-13547
-2464
8071
15531
18124
15240
7608
-2863
-13539
-21694
-25174
-22923
-15258
-3804
8879
19903
26744
27847
23008
13430
1444
-10040
-18230
-21115
-17953
-9452
2389
14751
24660
29696
28562
21402
9768
-3740
-16081
-24488
-27110
-23450
-14470
-2370
9933
19489
23995
22337
14836
3174
-10002
-21698
-29260
-30980
-26482
-16796
-4110
8737
18907
24204
23562
17269
6882
-5141
-16010
-23227
-25144
-21317
-12579
-836
11371
21439
27272
27724
22829
13764
2566
-8328
-16611
-20598
-19566
-13876
-4870
5444
14830
21300
23513
21037
14409
4991
-5321
-14505
-20812
-23111
-21086
-15278
-6950
2178
10279
15767
17601
15467
9822
1797
-7032
-14943
-20394
-22308
-20275
-14624
-6366
2997
11743
18255
21326
20385
15618
7946
-1143
-9863
-16470
-19603
-18552
-13416
-5102
4831
14468
21899
25605
24765
19436
10561
-202
-10793
-19159
-23661
-23411
-18457
-9790
852
11321
19489
23676
22989
17506
8259
-2970
-14002
-22701
-27390
-27185
-22159
-13316
-2383
8538
17386
22537
23111
19117
11435
1619
-8414
-16757
-21866
-22839
-19557
-12675
-3479
6373
15156
21389
24077
22861
18059
10579
1745
-6935
-14023
-18380
-19340
-16806
-11247
-3621
4785
12557
18379
21238
20593
16466
9452
634
-8577
-16669
-22278
-24419
-22671
-17266
-9070
547
9934
17446
21735
21998
18136
10784
1216
-8878
-17691
-23626
-25585
-23172
-16768
-7458
3158
13264
21146
25502
25659
21680
14337
4956
-4831
-13373
-19282
-21658
-20214
-15302
-7819
962
9610
16770
21364
22742
20752
15744
8489
60
-8328
-15489
-20425
-22454
-21302
-17139
-10562
-2517
5819
13200
18490
20833
19793
15444
8376
-370
-9452
-17427
-22985
-25167
-23534
-18256
-10098
-306
9595
18051
23738
25781
23899
18445
10342
916
-8328
-15950
-20809
-22233
-20100
-14836
-7317
1280
9676
16676
21335
23071
21720
17531
11107
3316
-4831
-12303
-18167
-21692
-22436
-20294
-15522
-8715
-749
7315
14367
19391
21614
20635
16499
9718
1216
-7793
-15984
-22118
-25243
-24846
-20941
-14071
-5225
4317
13185
20136
24233
24981
22385
16923
9452
1064
-7079
-13917
-18615
-20664
-19908
-16541
-11055
-4160
3299
10441
16433
20571
22346
21500
18059
12350
4978
-3219
-11256
-18121
-22898
-24907
-23810
-19683
-13021
-4692
4186
12397
18810
22546
23111
20461
15010
7549
-873
-9116
-16108
-20992
-23227
-22631
-19380
-13947
-7025
575
8021
14540
19489
22393
22979
21192
17198
11380
4318
-3252
-10500
-16581
-20738
-22403
-21287
-17441
-11278
-3530
4831
12726
19119
23164
24330
22475
17858
11093
3053
-5263
-12871
-18928
-22826
-24245
-23158
-19803
-14624
-8203
-1193
5740
11965
16925
20162
21356
20348
17173
12078
5526
-1827
-9185
-15695
-20553
-23111
-22980
-20099
-14756
-7561
632
8844
16108
21593
24718
25209
23119
18786
12774
5772
-1491
-8328
-14156
-18525
-21131
-21815
-20554
-17456
-12759
-6829
-157
6661
12962
18074
21393
22467
21073
17269
11407
4108
-3815
-11459
-17953
-22575
-24845
-24580
-21894
-17166
-10967
-3970
3141
9741
15316
19489
22014
22770
21741
19008
14749
9242
2876
-3856
-10372
-16048
-20279
-22562
-22571
-20219
-15695
-9452
-2160
5382
12349
18005
21791
23390
22743
20034
15633
10027
3752
-2675
-8791
-14203
-18591
-21694
-23307
-23278
-21529
-18082
-13090
-6866
124
7279
13920
19371
23050
24552
23716
20646
15704
9452
2566
-4252
-10371
-15295
-18702
-20448
-20539
-19094
-16300
-12377
-7562
-2112
3683
9486
14901
19489
22805
24451
24142
21768
17438
11484
4439
-3027
-10196
-16398
-21097
-23949
-24833
-23833
-21195
-17269
-12441
-7082
-1521
3964
9127
13732
17535
20273
21685
21548
19726
16225
11226
5098
-1631
-8328
-14339
-19077
-22108
-23198
-22340
-19731
-15719
-10741
-5241
379
5798
10778
15145
18756
21466
23111
23512
22505
19986
15959
10586
4196
-2727
-9595
-15790
-20750
-24052
-25465
-24976
-22770
-19180
-14624
-9523
-4248
917
5776
10197
14077
17297
19700
21088
21249
20007
17276
13115
7755
1596
-4831
-10938
-16157
-20031
-22272
-22793
-21697
-19237
-15748
-11578
-7027
-2319
2403
7049
11537
15747
19489
22499
24467
25085
24121
21478
17245
11701
5294
-1425
-7882
-13568
-18106
-21295
-23105
-23647
-23111
-21701
-19579
-16838
-13498
-9548
-4992
89
5505
10937
15966
20131
23004
24269
23789
21632
18059
13479
8369
3188
-1692
-6031
-9732
-12810
-15333
-17361
-18889
-19825
-19992
-19174
-17181
-13920
-9452
-4016
1983
8031
13586
18168
21437
23239
23614
22759
20961
18517
15660
12521
9114
5374
1216
-3394
-8381
-13521
-18461
-22755
-25952
-27680
-27728
-26088
-22961
-18716
-13812
-8707
-3772
764
4831
8490
11867
15078
18157
21005
23396
25007
25498
24600
22191
18354
13373
7699
1865
-3613
-8328
-12050
-14744
-16547
-17693
-18431
-18934
-19241
-19243
-18710
-17367
-14982
-11457
-6883
-1553
4073
9452
14062
17506
19582
20313
19919
18745
17163
15467
13805
12147
10313
8037
5073
1287
-3267
-8328
-13456
-18116
-21785
-24065
-24768
-23951
-21896
-19028
-15815
-12647
-9751
-7146
-4666
-2023
1077
4831
9250
14115
19011
23395
26721
28561
28704
27204
24367
20675
16664
12802
9378
6445
3833
1216
-1772
-5409
-9781
-14721
-19828
-24540
-28256
-30482
-30944
-29657
-26921
-23245
-19226
-15398
-12111
-9452
-7239
-5094
-2565
728
4965
10045
15584
20986
25578
28767
30179
29755
27760
24720
21282
18059
15470
13644
12393
11282
9753
7294
3603
-1312
-7104
-13150
-18690
-23005
-25590
-26278
-25276
-23111
-20490
-18120
-16519
-15885
-16045
-16506
-16589
-15621
-13129
-8982
-3453
2828
9013
14239
17836
19489
19316
17833
15814
14091
13329
13846
15527
17844
19995
21112
20496
17815
13207
7266
912
-4831
-9088
-11343
-11577
-10263
-8243
-6510
-5936
-7044
-9852
-13860
-18163
-21681
-23433
-22803
-19704
-14624
-8515
-2563
2101
4690
4961
3277
517
-2150
-3571
-2915
95
5096
11155
16996
21313
23111
21957
18111
12473
6364
1202
-1858
-2218
0
3978
8403
11804
12923
11061
6263
-661
-8328
-15110
-19547
-20709
-18446
-13439
-7038
-933
3268
4451
2288
-2670
-9109
-15281
-19436
-20270
-17269
-10860
-2323
6503
13675
17624
17552
13646
7044
-438
-6748
-10116
-9502
-4874
2766
11612
19489
24393
24992
20975
13146
3247
-6453
-13713
-16874
-15271
-9419
-894
8039
14981
17991
16075
9452
-484
-11483
-20977
-26708
-27284
-22529
-13547
-2464
8071
15531
18124
15240
7608
-2863
-13539
-21694
-25174
-22923
-15258
-3804
8879
19903
26744
27847
23008
13430
1444
-10040
-18230
-21115
-17953
-9452
2389
14751
24660
29696
28562
21402
9768
-3740
-16081
-24488
-27110
-23450
-14470
-2370
9933
19489
23995
22337
14836
3174
-10002
-21698
-29260
-30980
-26482
-16796
-4110
8737
18907
24204
23562
17269
6882
-5141
-16010
-23227
-25144
-21317
-12579
-836
11371
21439
27272
27724
22829
13764
2566
-8328
-16611
-20598
-19566
-13876
-4870
5444
14830
21300
23513
21037
14409
4991
-5321
-14505
-20812
-23111
-21086
-15278
-6950
2178
10279
15767
17601
15467
9822
1797
-7032
-14943
-20394
-22308
-20275
-14624
-6366
2997
11743
18255
21326
20385
15618
7946
-1143
-9863
-16470
-19603
-18552
-13416
-5102
4831
14468
21899
25605
24765
19436
10561
-202
-10793
-19159
-23661
-23411
-18457
-9790
852
11321
19489
23676
22989
17506
8259
-2970
-14002
-22701
-27390
-27185
-22159
-13316
-2383
8538
17386
22537
23111
19117
11435
1619
-8414
-16757
-21866
-22839
-19557
-12675
-3479
6373
15156
21389
24077
22861
18059
10579
1745
-6935
-14023
-18380
-19340
-16806
-11247
-3621
4785
12557
18379
21238
20593
16466
9452
634
-8577
-16669
-22278
-24419
-22671
-17266
-9070
547
9934
17446
21735
21998
18136
10784
1216
-8878
-17691
-23626
-25585
-23172
-16768
-7458
3158
13264
21146
25502
25659
21680
14337
4956
-4831
-13373
-19282
-21658
-20214
-15302
-7819
962
9610
16770
21364
22742
20752
15744
8489
60
-8328
-15489
-20425
-22454
-21302
-17139
-10562
-2517
5819
13200
18490
20833
19793
15444
8376
-370
-9452
-17427
-22985
-25167
-23534
-18256
-10098
-306
9595
18051
23738
25781
23899
18445
10342
916
-8328
-15950
-20809
-22233
-20100
-14836
-7317
1280
9676
16676
21335
23071
21720
17531
11107
3316
-4831
-12303
-18167
-21692
-22436
-20294
-15522
-8715
-749
7315
14367
19391
21614
20635
16499
9718
1216
-7793
-15984
-22118
-25243
-24846
-20941
-14071
-5225
4317
13185
20136
24233
24981
22385
16923
9452
1064
-7079
-13917
-18615
-20664
-19908
-16541
-11055
-4160
3299
10441
16433
20571
22346
21500
18059
12350
4978
-3219
-11256
-18121
-22898
-24907
-23810
-19683
-13021
-4692
4186
12397
18810
22546
23111
20461
15010
7549
-873
-9116
-16108
-20992
-23227
-22631
-19380
-13947
-7025
575
8021
14540
19489
22393
22979
21192
17198
11380
4318
-3252
-10500
-16581
-20738
-22403
-21287
-17441
-11278
-3530
4831
12726
19119
23164
24330
22475
17858
11093
3053
-5263
-12871
-18928
-22826
-24245
-23158
-19803
-14624
-8203
-1193
5740
11965
16925
20162
21356
20348
17173
12078
5526
-1827
-9185
-15695
-20553
-23111
-22980
-20099
-14756
-7561
632
8844
16108
21593
24718
25209
23119
18786
12774
5772
-1491
-8328
-14156
-18525
-21131
-21815
-20554
-17456
-12759
-6829
-157
6661
12962
18074
21393
22467
21073
17269
11407
4108
-3815
-11459
-17953
-22575
-24845
-24580
-21894
-17166
-10967
-3970
3141
9741
15316
19489
22014
22770
21741
19008
14749
9242
2876
-3856
-10372
-16048
-20279
-22562
-22571
-20219
-15695
-9452
-2160
5382
12349
18005
21791
23390
22743
20034
15633
10027
3752
-2675
-8791
-14203
-18591
-21694
-23307
-23278
-21529
-18082
-13090
-6866
124
7279
13920
19371
23050
24552
23716
20646
15704
9452
2566
-4252
-10371
-15295
-18702
-20448
-20539
-19094
-16300
-12377
-7562
-2112
3683
9486
14901
19489
22805
24451
24142
21768
17438
11484
4439
-3027
-10196
-16398
-21097
-23949
-24833
-23833
-21195
-17269
-12441
-7082
-1521
3964
9127
13732
17535
20273
21685
21548
19726
16225
11226
5098
-1631
-8328
-14339
-19077
-22108
-23198
-22340
-19731
-15719
-10741
-5241
379
5798
10778
15145
18756
21466
23111
23512
22505
19986
15959
10586
4196
-2727
-9595
-15790
-20750
-24052
-25465
-24976
-22770
-19180
-14624
-9523
-4248
917
5776
10197
14077
17297
19700
21088
21249
20007
17276
13115
7755
1596
-4831
-10938
-16157
-20031
-22272
-22793
-21697
-19237
-15748
-11578
-7027
-2319
2403
7049
11537
15747
19489
22499
24467
25085
24121
21478
17245
11701
5294
-1425
-7882
-13568
-18106
-21295
-23105
-23647
-23111
-21701
-19579
-16838
-13498
-9548
-4992
89
5505
10937
15966
20131
23004
24269
23789
21632
18059
13479
8369
3188
-1692
-6031
-9732
-12810
-15333
-17361
-18889
-19825
-19992
-19174
-17181
-13920
-9452
-4016
1983
8031
13586
18168
21437
23239
23614
22759
20961
18517
15660
12521
9114
5374
1216
-3394
-8381
-13521
-18461
-22755
-25952
-27680
-27728
-26088
-22961
-18716
-13812
-8707
-3772
764
4831
8490
11867
15078
18157
21005
23396
25007
25498
24600
22191
18354
13373
7699
1865
-3613
-8328
-12050
-14744
-16547
-17693
-18431
-18934
-19241
-19243
-18710
-17367
-14982
-11457
-6883
-1553
4073
9452
14062
17506
19582
20313
19919
18745
17163
15467
13805
12147
10313
8037
5073
1287
-3267
-8328
-13456
-18116
-21785
-24065
-24768
-23951
-21896
-19028
-15815
-12647
-9751
-7146
-4666
-2023
1077
4831
9250
14115
19011
23395
26721
28561
28704
27204
24367
20675
16664
12802
9378
6445
3833
1216
-1772
-5409
-9781
-14721
-19828
-24540
-28256
-30482
-30944
-29657
-26921
-23245
-19226
-15398
-12111
-9452
-7239
-5094
-2565
728
4965
10045
15584
20986
25578
28767
30179
29755
27760
24720
21282
18059
15470
13644
12393
11282
9753
7294
3603
-1312
-7104
-13150
-18690
-23005
-25590
-26278
-25276
-23111
-20490
-18120
-16519
-15885
-16045
-16506
-16589
-15621
-13129
-8982
-3453
2828
9013
14239
17836
19489
19316
17833
15814
14091
13329
13846
15527
17844
19995
21112
20496
17815
13207
7266
912
-4831
-9088
-11343
-11577
-10263
-8243
-6510
-5936
-7044
-9852
-13860
-18163
-21681
-23433
-22803
-19704
-14624
-8515
-2563
2101
4690
4961
3277
517
-2150
-3571
-2915
95
5096
11155
16996
21313
23111
21957
18111
12473
6364
1202
-1858
-2218
0
3978
8403
11804
12923
11061
6263
-661
-8328
-15110
-19547
-20709
-18446
-13439
-7038
-933
3268
4451
2288
-2670
-9109
-15281
-19436
-20270
-17269
-10860
-2323
6503
13675
17624
17552
13646
7044
-438
-6748
-10116
-9502
-4874
2766
11612
19489
24393
24992
20975
13146
3247
-6453
-13713
-16874
-15271
-9419
-894
8039
14981
17991
16075
9452
-484
-11483
-20977
-26708
-27284
-22529
-13547
-2464
8071
15531
18124
15240
7608
-2863
-13539
-21694
-25174
-22923
-15258
-3804
8879
19903
26744
27847
23008
13430
1444
-10040
-18230
-21115
-17953
-9452
2389
14751
24660
29696
28562
21402
9768
-3740
-16081
-24488
-27110
-23450
-14470
-2370
9933
19489
23995
22337
14836
3174
-10002
-21698
-29260
-30980
-26482
-16796
-4110
8737
18907
24204
23562
17269
6882
-5141
-16010
-23227
-25144
-21317
-12579
-836
11371
21439
27272
27724
22829
13764
2566
-8328
-16611
-20598
-19566
-13876
-4870
5444
14830
21300
23513
21037
14409
4991
-5321
-14505
-20812
-23111
-21086
-15278
-6950
2178
10279
15767
17601
15467
9822
1797
-7032
-14943
-20394
-22308
-20275
-14624
-6366
2997
11743
18255
21326
20385
15618
7946
-1143
-9863
-16470
-19603
-18552
-13416
-5102
4831
14468
21899
25605
24765
19436
10561
-202
-10793
-19159
-23661
-23411
-18457
-9790
852
11321
19489
23676
22989
17506
8259
-2970
-14002
-22701
-27390
-27185
-22159
-13316
-2383
8538
17386
22537
23111
19117
11435
1619
-8414
-16757
-21866
-22839
-19557
-12675
-3479
6373
15156
21389
24077
22861
18059
10579
1745
-6935
-14023
-18380
-19340
-16806
-11247
-3621
4785
12557
18379
21238
20593
16466
9452
634
-8577
-16669
-22278
-24419
-22671
-17266
-9070
547
9934
17446
21735
21998
18136
10784
1216
-8878
-17691
-23626
-25585
-23172
-16768
-7458
3158
13264
21146
25502
25659
21680
14337
4956
-4831
-13373
-19282
-21658
-20214
-15302
-7819
962
9610
16770
21364
22742
20752
15744
8489
60
-8328
-15489
-20425
-22454
-21302
-17139
-10562
-2517
5819
13200
18490
20833
19793
15444
8376
-370
-9452
-17427
-22985
-25167
-23534
-18256
-10098
-306
9595
18051
23738
25781
23899
18445
10342
916
-8328
-15950
-20809
-22233
-20100
-14836
-7317
1280
9676
16676
21335
23071
21720
17531
11107
3316
-4831
-12303
-18167
-21692
-22436
-20294
-15522
-8715
-749
7315
14367
19391
21614
20635
16499
9718
1216
-7793
-15984
-22118
-25243
-24846
-20941
-14071
-5225
4317
13185
20136
24233
24981
22385
16923
9452
1064
-7079
-13917
-18615
-20664
-19908
-16541
-11055
-4160
3299
10441
16433
20571
22346
21500
18059
12350
4978
-3219
-11256
-18121
-22898
-24907
-23810
-19683
-13021
-4692
4186
12397
18810
22546
23111
20461
15010
7549
-873
-9116
-16108
-20992
-23227
-22631
-19380
-13947
-7025
575
8021
14540
19489
22393
22979
21192
17198
11380
4318
-3252
-10500
-16581
-20738
-22403
-21287
-17441
-11278
-3530
4831
12726
19119
23164
24330
22475
17858
11093
3053
-5263
-12871
-18928
-22826
-24245
-23158
-19803
-14624
-8203
-1193
5740
11965
16925
20162
21356
20348
17173
12078
5526
-1827
-9185
-15695
-20553
-23111
-22980
-20099
-14756
-7561
632
8844
16108
21593
24718
25209
23119
18786
12774
5772
-1491
-8328
-14156
-18525
-21131
-21815
-20554
-17456
-12759
-6829
-157
6661
12962
18074
21393
22467
21073
17269
11407
4108
-3815
-11459
-17953
-22575
-24845
-24580
-21894
-17166
-10967
-3970
3141
9741
15316
19489
22014
22770
21741
19008
14749
9242
2876
-3856
-10372
-16048
-20279
-22562
-22571
-20219
-15695
-9452
-2160
5382
12349
18005
21791
23390
22743
20034
15633
10027
3752
-2675
-8791
-14203
-18591
-21694
-23307
-23278
-21529
-18082
-13090
-6866
124
7279
13920
19371
23050
24552
23716
20646
15704
9452
2566
-4252
-10371
-15295
-18702
-20448
-20539
-19094
-16300
-12377
-7562
-2112
3683
9486
14901
19489
22805
24451
24142
21768
17438
11484
4439
-3027
-10196
-16398
-21097
-23949
-24833
-23833
-21195
-17269
-12441
-7082
-1521
3964
9127
13732
17535
20273
21685
21548
19726
16225
11226
5098
-1631
-8328
-14339
-19077
-22108
-23198
-22340
-19731
-15719
-10741
-5241
379
5798
10778
15145
18756
21466
23111
23512
22505
19986
15959
10586
4196
-2727
-9595
-15790
-20750
-24052
-25465
-24976
-22770
-19180
-14624
-9523
-4248
917
5776
10197
14077
17297
19700
21088
21249
20007
17276
13115
7755
1596
-4831
-10938
-16157
-20031
-22272
-22793
-21697
-19237
-15748
-11578
-7027
-2319
2403
7049
11537
15747
19489
22499
24467
25085
24121
21478
17245
11701
5294
-1425
-7882
-13568
-18106
-21295
-23105
-23647
-23111
-21701
-19579
-16838
-13498
-9548
-4992
89
5505
10937
15966
20131
23004
24269
23789
21632
18059
13479
8369
3188
-1692
-6031
-9732
-12810
-15333
-17361
-18889
-19825
-19992
-19174
-17181
-13920
-9452
-4016
1983
8031
13586
18168
21437
23239
23614
22759
20961
18517
15660
12521
9114
5374
1216
-3394
-8381
-13521
-18461
-22755
-25952
-27680
-27728
-26088
-22961
-18716
-13812
-8707
-3772
764
4831
8490
11867
15078
18157
21005
23396
25007
25498
24600
22191
18354
13373
7699
1865
-3613
-8328
-12050
-14744
-16547
-17693
-18431
-18934
-19241
-19243
-18710
-17367
-14982
-11457
-6883
-1553
4073
9452
14062
17506
19582
20313
19919
18745
17163
15467
13805
12147
10313
8037
5073
1287
-3267
-8328
-13456
-18116
-21785
-24065
-24768
-23951
-21896
-19028
-15815
-12647
-9751
-7146
-4666
-2023
1077
4831
9250
14115
19011
23395
26721
28561
28704
27204
24367
20675
16664
12802
9378
6445
3833
1216
-1772
-5409
-9781
-14721
-19828
-24540
-28256
-30482
-30944
-29657
-26921
-23245
-19226
-15398
-12111
-9452
-7239
-5094
-2565
728
4965
10045
15584
20986
25578
28767
30179
29755
27760
24720
21282
18059
15470
13644
12393
11282
9753
7294
3603
-1312
-7104
-13150
-18690
-23005
-25590
-26278
-25276
-23111
-20490
-18120
-16519
-15885
-16045
-16506
-16589
-15621
-13129
-8982
-3453
2828
9013
14239
17836
19489
19316
17833
15814
14091
13329
13846
15527
17844
19995
21112
20496
17815
13207
7266
912
-4831
-9088
-11343
-11577
-10263
-8243
-6510
-5936
-7044
-9852
-13860
-18163
-21681
-23433
-22803
-19704
-14624
-8515
-2563
2101
4690
4961
3277
517
-2150
-3571
-2915
95
5096
11155
16996
21313
23111
21957
18111
12473
6364
1202
-1858
-2218
0
3978
8403
11804
12923
11061
6263
-661
-8328
-15110
-19547
-20709
-18446
-13439
-7038
-933
3268
4451
2288
-2670
-9109
-15281
-19436
-20270
17269
10860
2323
-6503
-13675
-17624
-17552
-13646
-7044
438
6748
10116
9502
4874
-2766
-11612
-19489
-24393
-24992
-20975
-13146
-3247
6453
13713
16874
15271
9419
894
-8039
-14981
-17991
-16075
-9452
484
11483
20977
26708
27284
22529
13547
2464
-8071
-15531
-18124
-15240
-7608
2863
13539
21694
25174
22923
15258
3804
-8879
-19903
-26744
-27847
-23008
-13430
-1444
10040
18230
21115
17953
9452
-2389
-14751
-24660
-29696
-28562
-21402
-9768
3740
16081
24488
27110
23450
14470
2370
-9933
-19489
-23995
-22337
-14836
-3174
10002
21698
29260
30980
26482
16796
4110
-8737
-18907
-24204
-23562
-17269
-6882
5141
16010
23227
25144
21317
12579
836
-11371
-21439
-27272
-27724
-22829
-13764
-2566
8328
16611
20598
19566
13876
4870
-5444
-14830
-21300
-23513
-21037
-14409
-4991
5321
14505
20812
23111
21086
15278
6950
-2178
-10279
-15767
-17601
-15467
-9822
-1797
7032
14943
20394
22308
20275
14624
6366
-2997
-11743
-18255
-21326
-20385
-15618
-7946
1143
9863
16470
19603
18552
13416
5102
-4831
-14468
-21899
-25605
-24765
-19436
-10561
202
10793
19159
23661
23411
18457
9790
-852
-11321
-19489
-23676
-22989
-17506
-8259
2970
14002
22701
27390
27185
22159
13316
2383
-8538
-17386
-22537
-23111
-19117
-11435
-1619
8414
16757
21866
22839
19557
12675
3479
-6373
-15156
-21389
-24077
-22861
-18059
-10579
-1745
6935
14023
18380
19340
16806
11247
3621
-4785
-12557
-18379
-21238
-20593
-16466
-9452
-634
8577
16669
22278
24419
22671
17266
9070
-547
-9934
-17446
-21735
-21998
-18136
-10784
-1216
8878
17691
23626
25585
23172
16768
7458
-3158
-13264
-21146
-25502
-25659
-21680
-14337
-4956
4831
13373
19282
21658
20214
15302
7819
-962
-9610
-16770
-21364
-22742
-20752
-15744
-8489
-60
8328
15489
20425
22454
21302
17139
10562
2517
-5819
-13200
-18490
-20833
-19793
-15444
-8376
370
9452
17427
22985
25167
23534
18256
10098
306
-9595
-18051
-23738
-25781
-23899
-18445
-10342
-916
8328
15950
20809
22233
20100
14836
7317
-1280
-9676
-16676
-21335
-23071
-21720
-17531
-11107
-3316
4831
12303
18167
21692
22436
20294
15522
8715
749
-7315
-14367
-19391
-21614
-20635
-16499
-9718
-1216
7793
15984
22118
25243
24846
20941
14071
5225
-4317
-13185
-20136
-24233
-24981
-22385
-16923
-9452
-1064
7079
13917
18615
20664
19908
16541
11055
4160
-3299
-10441
-16433
-20571
-22346
-21500
-18059
-12350
-4978
3219
11256
18121
22898
24907
23810
19683
13021
4692
-4186
-12397
-18810
-22546
-23111
-20461
-15010
-7549
873
9116
16108
20992
23227
22631
19380
13947
7025
-575
-8021
-14540
-19489
-22393
-22979
-21192
-17198
-11380
-4318
3252
10500
16581
20738
22403
21287
17441
11278
3530
-4831
-12726
-19119
-23164
-24330
-22475
-17858
-11093
-3053
5263
12871
18928
22826
24245
23158
19803
14624
8203
1193
-5740
-11965
-16925
-20162
-21356
-20348
-17173
-12078
-5526
1827
9185
15695
20553
23111
22980
20099
14756
7561
-632
-8844
-16108
-21593
-24718
-25209
-23119
-18786
-12774
-5772
1491
8328
14156
18525
21131
21815
20554
17456
12759
6829
157
-6661
-12962
-18074
-21393
-22467
-21073
-17269
-11407
-4108
3815
11459
17953
22575
24845
24580
21894
17166
10967
3970
-3141
-9741
-15316
-19489
-22014
-22770
-21741
-19008
-14749
-9242
-2876
3856
10372
16048
20279
22562
22571
20219
15695
9452
2160
-5382
-12349
-18005
-21791
-23390
-22743
-20034
-15633
-10027
-3752
2675
8791
14203
18591
21694
23307
23278
21529
18082
13090
6866
-124
-7279
-13920
-19371
-23050
-24552
-23716
-20646
-15704
-9452
-2566
4252
10371
15295
18702
20448
20539
19094
16300
12377
7562
2112
-3683
-9486
-14901
-19489
-22805
-24451
-24142
-21768
-17438
-11484
-4439
3027
10196
16398
21097
23949
24833
23833
21195
17269
12441
7082
1521
-3964
-9127
-13732
-17535
-20273
-21685
-21548
-19726
-16225
-11226
-5098
1631
8328
14339
19077
22108
23198
22340
19731
15719
10741
5241
-379
-5798
-10778
-15145
-18756
-21466
-23111
-23512
-22505
-19986
-15959
-10586
-4196
2727
9595
15790
20750
24052
25465
24976
22770
19180
14624
9523
4248
-917
-5776
-10197
-14077
-17297
-19700
-21088
-21249
-20007
-17276
-13115
-7755
-1596
4831
10938
16157
20031
22272
22793
21697
19237
15748
11578
7027
2319
-2403
-7049
-11537
-15747
-19489
-22499
-24467
-25085
-24121
-21478
-17245
-11701
-5294
1425
7882
13568
18106
21295
23105
23647
23111
21701
19579
16838
13498
9548
4992
-89
-5505
-10937
-15966
-20131
-23004
-24269
-23789
-21632
-18059
-13479
-8369
-3188
1692
6031
9732
12810
15333
17361
18889
19825
19992
19174
17181
13920
9452
4016
-1983
-8031
-13586
-18168
-21437
-23239
-23614
-22759
-20961
-18517
-15660
-12521
-9114
-5374
-1216
3394
8381
13521
18461
22755
25952
27680
27728
26088
22961
18716
13812
8707
3772
-764
-4831
-8490
-11867
-15078
-18157
-21005
-23396
-25007
-25498
-24600
-22191
-18354
-13373
-7699
-1865
3613
8328
12050
14744
16547
17693
18431
18934
19241
19243
18710
17367
14982
11457
6883
1553
-4073
-9452
-14062
-17506
-19582
-20313
-19919
-18745
-17163
-15467
-13805
-12147
-10313
-8037
-5073
-1287
3267
8328
13456
18116
21785
24065
24768
23951
21896
19028
15815
12647
9751
7146
4666
2023
-1077
-4831
-9250
-14115
-19011
-23395
-26721
-28561
-28704
-27204
-24367
-20675
-16664
-12802
-9378
-6445
-3833
-1216
1772
5409
9781
14721
19828
24540
28256
30482
30944
29657
26921
23245
19226
15398
12111
9452
7239
5094
2565
-728
-4965
-10045
-15584
-20986
-25578
-28767
-30179
-29755
-27760
-24720
-21282
-18059
-15470
-13644
-12393
-11282
-9753
-7294
-3603
1312
7104
13150
18690
23005
25590
26278
25276
23111
20490
18120
16519
15885
16045
16506
16589
15621
13129
8982
3453
-2828
-9013
-14239
-17836
-19489
-19316
-17833
-15814
-14091
-13329
-13846
-15527
-17844
-19995
-21112
-20496
-17815
-13207
-7266
-912
4831
9088
11343
11577
10263
8243
6510
5936
7044
9852
13860
18163
21681
23433
22803
19704
14624
8515
2563
-2101
-4690
-4961
-3277
-517
2150
3571
2915
-95
-5096
-11155
-16996
-21313
-23111
-21957
-18111
-12473
-6364
-1202
1858
2218
0
-3978
-8403
-11804
-12923
-11061
-6263
661
8328
15110
19547
20709
18446
13439
7038
933
-3268
-4451
-2288
2670
9109
15281
19436
20270
-17269
-10860
-2323
6503
13675
17624
17552
13646
7044
-438
-6748
-10116
-9502
-4874
2766
11612
19489
24393
24992
20975
13146
3247
-6453
-13713
-16874
-15271
-9419
-894
8039
14981
17991
16075
9452
-484
-11483
-20977
-26708
-27284
-22529
-13547
-2464
8071
15531
18124
15240
7608
-2863
-13539
-21694
-25174
-22923
-15258
-3804
8879
19903
26744
27847
23008
13430
1444
-10040
-18230
-21115
-17953
-9452
2389
14751
24660
29696
28562
21402
9768
-3740
-16081
-24488
-27110
-23450
-14470
-2370
9933
19489
23995
22337
14836
3174
-10002
-21698
-29260
-30980
-26482
-16796
-4110
8737
18907
24204
23562
17269
6882
-5141
-16010
-23227
-25144
-21317
-12579
-836
11371
21439
27272
27724
22829
13764
2566
-8328
-16611
-20598
-19566
-13876
-4870
5444
14830
21300
23513
21037
14409
4991
-5321
-14505
-20812
-23111
-21086
-15278
-6950
2178
10279
15767
17601
15467
9822
1797
-7032
-14943
-20394
-22308
-20275
-14624
-6366
2997
11743
18255
21326
20385
15618
7946
-1143
-9863
-16470
-19603
-18552
-13416
-5102
4831
14468
21899
25605
24765
19436
10561
-202
-10793
-19159
-23661
-23411
-18457
-9790
852
11321
19489
23676
22989
17506
8259
-2970
-14002
-22701
-27390
-27185
-22159
-13316
-2383
8538
17386
22537
23111
19117
11435
1619
-8414
-16757
-21866
-22839
-19557
-12675
-3479
6373
15156
21389
24077
22861
18059
10579
1745
-6935
-14023
-18380
-19340
-16806
-11247
-3621
4785
12557
18379
21238
20593
16466
9452
634
-8577
-16669
-22278
-24419
-22671
-17266
-9070
547
9934
17446
21735
21998
18136
10784
1216
-8878
-17691
-23626
-25585
-23172
-16768
-7458
3158
13264
21146
25502
25659
21680
14337
4956
-4831
-13373
-19282
-21658
-20214
-15302
-7819
962
9610
16770
21364
22742
20752
15744
8489
60
-8328
-15489
-20425
-22454
-21302
-17139
-10562
-2517
5819
13200
18490
20833
19793
15444
8376
-370
-9452
-17427
-22985
-25167
-23534
-18256
-10098
-306
9595
18051
23738
25781
23899
18445
10342
916
-8328
-15950
-20809
-22233
-20100
-14836
-7317
1280
9676
16676
21335
23071
21720
17531
11107
3316
-4831
-12303
-18167
-21692
-22436
-20294
-15522
-8715
-749
7315
14367
19391
21614
20635
16499
9718
1216
-7793
-15984
-22118
-25243
-24846
-20941
-14071
-5225
4317
13185
20136
24233
24981
22385
16923
9452
1064
-7079
-13917
-18615
-20664
-19908
-16541
-11055
-4160
3299
10441
16433
20571
22346
21500
18059
12350
4978
-3219
-11256
-18121
-22898
-24907
-23810
-19683
-13021
-4692
4186
12397
18810
22546
23111
20461
15010
7549
-873
-9116
-16108
-20992
-23227
-22631
-19380
-13947
-7025
575
8021
14540
19489
22393
22979
21192
17198
11380
4318
-3252
-10500
-16581
-20738
-22403
-21287
-17441
-11278
-3530
4831
12726
19119
23164
24330
22475
17858
11093
3053
-5263
-12871
-18928
-22826
-24245
-23158
-19803
-14624
-8203
-1193
5740
11965
16925
20162
21356
20348
17173
12078
5526
-1827
-9185
-15695
-20553
-23111
-22980
-20099
-14756
-7561
632
8844
16108
21593
24718
25209
23119
18786
12774
5772
-1491
-8328
-14156
-18525
-21131
-21815
-20554
-17456
-12759
-6829
-157
6661
12962
18074
21393
22467
21073
17269
11407
4108
-3815
-11459
-17953
-22575
-24845
-24580
-21894
-17166
-10967
-3970
3141
9741
15316
19489
22014
22770
21741
19008
14749
9242
2876
-3856
-10372
-16048
-20279
-22562
-22571
-20219
-15695
-9452
-2160
5382
12349
18005
21791
23390
22743
20034
15633
10027
3752
-2675
-8791
-14203
-18591
-21694
-23307
-23278
-21529
-18082
-13090
-6866
124
7279
13920
19371
23050
24552
23716
20646
15704
9452
2566
-4252
-10371
-15295
-18702
-20448
-20539
-19094
-16300
-12377
-7562
-2112
3683
9486
14901
19489
22805
24451
24142
21768
17438
11484
4439
-3027
-10196
-16398
-21097
-23949
-24833
-23833
-21195
-17269
-12441
-7082
-1521
3964
9127
13732
17535
20273
21685
21548
19726
16225
11226
5098
-1631
-8328
-14339
-19077
-22108
-23198
-22340
-19731
-15719
-10741
-5241
379
5798
10778
15145
18756
21466
23111
23512
22505
19986
15959
10586
4196
-2727
-9595
-15790
-20750
-24052
-25465
-24976
-22770
-19180
-14624
-9523
-4248
917
5776
10197
14077
17297
19700
21088
21249
20007
17276
13115
7755
1596
-4831
-10938
-16157
-20031
-22272
-22793
-21697
-19237
-15748
-11578
-7027
-2319
2403
7049
11537
15747
19489
22499
24467
25085
24121
21478
17245
11701
5294
-1425
-7882
-13568
-18106
-21295
-23105
-23647
-23111
-21701
-19579
-16838
-13498
-9548
-4992
89
5505
10937
15966
20131
23004
24269
23789
21632
18059
13479
8369
3188
-1692
-6031
-9732
-12810
-15333
-17361
-18889
-19825
-19992
-19174
-17181
-13920
-9452
-4016
1983
8031
13586
18168
21437
23239
23614
22759
20961
18517
15660
12521
9114
5374
1216
-3394
-8381
-13521
-18461
-22755
-25952
-27680
-27728
-26088
-22961
-18716
-13812
-8707
-3772
764
4831
8490
11867
15078
18157
21005
23396
25007
25498
24600
22191
18354
13373
7699
1865
-3613
-8328
-12050
-14744
-16547
-17693
-18431
-18934
-19241
-19243
-18710
-17367
-14982
-11457
-6883
-1553
4073
9452
14062
17506
19582
20313
19919
18745
17163
15467
13805
12147
10313
8037
5073
1287
-3267
-8328
-13456
-18116
-21785
-24065
-24768
-23951
-21896
-19028
-15815
-12647
-9751
-7146
-4666
-2023
1077
4831
9250
14115
19011
23395
26721
28561
28704
27204
24367
20675
16664
12802
9378
6445
3833
1216
-1772
-5409
-9781
-14721
-19828
-24540
-28256
-30482
-30944
-29657
-26921
-23245
-19226
-15398
-12111
-9452
-7239
-5094
-2565
728
4965
10045
15584
20986
25578
28767
30179
29755
27760
24720
21282
18059
15470
13644
12393
11282
9753
7294
3603
-1312
-7104
-13150
-18690
-23005
-25590
-26278
-25276
-23111
-20490
-18120
-16519
-15885
-16045
-16506
-16589
-15621
-13129
-8982
-3453
2828
9013
14239
17836
19489
19316
17833
15814
14091
13329
13846
15527
17844
19995
21112
20496
17815
13207
7266
912
-4831
-9088
-11343
-11577
-10263
-8243
-6510
-5936
-7044
-9852
-13860
-18163
-21681
-23433
-22803
-19704
-14624
-8515
-2563
2101
4690
4961
3277
517
-2150
-3571
-2915
95
5096
11155
16996
21313
23111
21957
18111
12473
6364
1202
-1858
-2218
0
3978
8403
11804
12923
11061
6263
-661
-8328
-15110
-19547
-20709
-18446
-13439
-7038
-933
3268
4451
2288
-2670
-9109
-15281
-19436
-20270
0
0
0
0
0
0
0
0
0
0
0
0
0
0
0
0
0
0
0
0
0
0
0
0
0
0
0
0
0
0
0
0
0
0
0
0
0
0
0
0
0
0
0
0
0
0
0
0
0
0
0
0
0
0
0
0
0
0
0
0
0
0
0
0
0
0
0
0
0
0
0
0
0
0
0
0
0
0
0
0
0
0
0
0
0
0
0
0
0
0
0
0
0
0
0
0
0
0
0
0
0
0
0
0
0
0
0
0
0
0
0
0
0
0
0
0
0
0
0
0
0
0
0
0
0
0
0
0
0
0
0
0
0
0
0
0
0
0
0
0
0
0
0
0
0
0
0
0
0
0
0
0
0
0
0
0
0
0
0
0
0
0
0
0
0
0
0
0
0
0
0
0
0
0
0
0
0
0
0
0
0
0
0
0
0
0
0
0
0
0
0
0
0
0
0
0
0
0
0
0
0
0
0
0
0
0
0
0
0
0
0
0
0
0
0
0
0
0
0
0
0
0
0
0
0
0
0
0
0
0
0
0
0
0
0
0
0
0
0
0
0
0
0
0
0
0
0
0
0
0
0
0
0
0
0
0
0
0
0
0
0
0
0
0
0
0
0
0
0
0
0
0
0
0
0
0
0
0
0
0
0
0
0
0
0
0
0
0
0
0
0
0
0
0
0
0
0
0
0
0
0
0
0
0
0
0
0
0
0
0
0
0
0
0
0
0
0
0
0
0
0
0
0
0
0
0
0
0
0
0
0
0
0
0
0
0
0
0
0
0
0
0
0
0
0
0
0
0
0
0
0
0
0
0
0
0
0
0
0
0
0
0
0
0
0
0
0
0
0
0
0
0
0
0
0
0
0
0
0
0
0
0
0
0
0
0
0
0
0
0
0
0
0
0
0
0
0
0
0
0
0
0
0
0
0
0
0
0
0
0
0
0
0
0
0
0
0
0
0
0
0
0
0
0
0
0
0
0
0
0
0
0
0
0
0
0
0
0
0
0
0
0
0
0
0
0
0
0
0
0
0
0
0
0
0
0
0
0
0
0
0
0
0
0
0
0
0
0
0
0
0
0
0
0
0
0
0
0
0
0
0
0
0
0
0
0
0
0
0
0
0
0
0
0
0
0
0
0
0
0
0
0
0
0
0
0
0
0
0
0
0
0
0
0
0
0
0
0
0
0
0
0
0
0
0
0
0
0
0
0
0
0
0
0
0
0
0
0
0
0
0
0
0
0
0
0
0
0
0
0
0
0
0
0
0
0
0
0
0
0
0
0
0
0
0
0
0
0
0
0
0
0
0
0
0
0
0
0
0
0
0
0
0
0
0
0
0
0
0
0
0
0
0
0
0
0
0
0
0
0
0
0
0
0
0
0
0
0
0
0
0
0
0
0
0
0
0
0
0
0
0
0
0
0
0
0
0
0
0
0
0
0
0
0
0
0
0
0
0
0
0
0
0
0
0
0
0
0
0
0
0
0
0
0
0
0
0
0
0
0
0
0
0
0
0
0
0
0
0
0
0
0
0
0
0
0
0
0
0
0
0
0
0
0
0
0
0
0
0
0
0
0
0
0
0
0
0
0
0
0
0
0
0
0
0
0
0
0
0
0
0
0
0
0
0
0
0
0
0
0
0
0
0
0
0
0
0
0
0
0
0
0
0
0
0
0
0
0
0
0
0
0
0
0
0
0
0
0
0
0
0
0
0
0
0
0
0
0
0
0
0
0
0
0
0
0
0
0
0
0
0
0
0
0
0
0
0
0
0
0
0
0
0
0
0
0
0
0
0
0
0
0
0
0
0
0
0
0
0
0
0
0
0
0
0
0
0
0
0
0
0
0
0
0
0
0
0
0
0
0
0
0
0
0
0
0
0
0
0
0
0
0
0
0
0
0
0
0
0
0
0
0
0
0
0
0
0
0
0
0
0
0
0
0
0
0
0
0
0
0
0
0
0
0
0
0
0
0
0
0
0
0
0
0
0
0
0
0
0
0
0
0
0
0
0
0
0
0
0
0
0
0
0
0
0
0
0
0
0
0
0
0
0
0
0
0
0
0
0
0
0
0
0
0
0
0
0
0
0
0
0
0
0
0
0
0
0
0
0
0
0
0
0
0
0
0
0
0
0
0
0
0
0
0
0
0
0
0
0
0
0
0
0
0
0
0
0
0
0
0
0
6391
12537
18199
23160
27228
30248
32101
32720
32080
30206
27172
23096
18137
12486
6360
0
-6352
-12452
-18063
-22970
-26986
-29957
-31772
-32362
-31706
-29834
-26818
-22780
-17876
-12297
-6260
0
6244
12229
17727
22528
26448
29339
31094
31648
30985
29134
26171
22214
17419
11974
6091
0
-6066
-11873
-17198
-21840
-25620
-28400
-30076
-30588
-29925
-28116
-25236
-21404
-16771
-11520
-5855
0
5822
11387
16480
20911
24512
27149
28727
29194
28537
26789
24026
20361
15940
10939
5556
0
-5515
-10776
-15582
-19754
-23135
-25601
-27065
-27478
-26836
-25169
-22552
-19093
-14934
-10239
-5195
0
5146
10047
14514
18380
21504
23772
25106
25462
24841
23274
20831
17617
13763
9426
4777
0
-4722
-9208
-13287
-16805
-19638
-21683
-22871
-23168
-22574
-21122
-18882
-15948
-12443
-8511
-4307
0
4246
8267
11913
15047
17557
19356
20386
20620
20060
18741
16725
14103
10986
7501
3790
0
-3723
-7237
-10408
-13123
-15283
-16817
-17678
-17844
-17325
-16153
-14385
-12105
-9408
-6410
-3231
0
3160
6127
8790
11055
12843
14094
14776
14874
14401
13388
11889
9974
7728
5249
2638
0
-2562
-4950
-7076
-8866
-10261
-11217
-11712
-11742
-11319
-10476
-9261
-7733
-5963
-4029
-2014
0
1935
3719
5284
6580
7567
8217
8520
8480
8113
7451
6532
5407
4132
2766
1369
0
-1288
-2447
-3434
-4222
-4789
-5127
-5234
-5124
-4818
-4343
-3732
-3023
-2257
-1472
-709
0
627
1148
1547
1818
1960
1980
1892
1714
1471
1187
890
605
357
163
41
0
41
163
357
605
890
1187
1471
1714
1892
1980
1960
1818
1547
1148
627
0
-709
-1472
-2257
-3023
-3732
-4343
-4818
-5124
-5234
-5127
-4789
-4222
-3434
-2447
-1288
0
1369
2766
4132
5407
6532
7451
8113
8480
8520
8217
7567
6580
5284
3719
1935
0
-2014
-4029
-5963
-7733
-9261
-10476
-11319
-11742
-11712
-11217
-10261
-8866
-7076
-4950
-2562
0
2638
5249
7728
9974
11889
13388
14401
14874
14776
14094
12843
11055
8790
6127
3160
0
-3231
-6410
-9408
-12105
-14385
-16153
-17325
-17844
-17678
-16817
-15283
-13123
-10408
-7237
-3723
0
3790
7501
10986
14103
16725
18741
20060
20620
20386
19356
17557
15047
11913
8267
4246
0
-4307
-8511
-12443
-15948
-18882
-21122
-22574
-23168
-22871
-21683
-19638
-16805
-13287
-9208
-4722
0
4777
9426
13763
17617
20831
23274
24841
25462
25106
23772
21504
18380
14514
10047
5146
0
-5195
-10239
-14934
-19093
-22552
-25169
-26836
-27478
-27065
-25601
-23135
-19754
-15582
-10776
-5515
0
5556
10939
15940
20361
24026
26789
28537
29194
28727
27149
24512
20911
16480
11387
5822
0
-5855
-11520
-16771
-21404
-25236
-28116
-29925
-30588
-30076
-28400
-25620
-21840
-17198
-11873
-6066
0
6091
11974
17419
22214
26171
29134
30985
31648
31094
29339
26448
22528
17727
12229
6244
0
-6260
-12297
-17876
-22780
-26818
-29834
-31706
-32362
-31772
-29957
-26986
-22970
-18063
-12452
-6352
0
6360
12486
18137
23096
27172
30206
32080
32720
32101
30248
27228
23160
18199
12537
6391
0
-6391
-12537
-18199
-23160
-27228
-30248
-32101
-32720
-32080
-30206
-27172
-23096
-18137
-12486
-6360
0
6352
12452
18063
22970
26986
29957
31772
32362
31706
29834
26818
22780
17876
12297
6260
0
-6244
-12229
-17727
-22528
-26448
-29339
-31094
-31648
-30985
-29134
-26171
-22214
-17419
-11974
-6091
0
6066
11873
17198
21840
25620
28400
30076
30588
29925
28116
25236
21404
16771
11520
5855
0
-5822
-11387
-16480
-20911
-24512
-27149
-28727
-29194
-28537
-26789
-24026
-20361
-15940
-10939
-5556
0
5515
10776
15582
19754
23135
25601
27065
27478
26836
25169
22552
19093
14934
10239
5195
0
-5146
-10047
-14514
-18380
-21504
-23772
-25106
-25462
-24841
-23274
-20831
-17617
-13763
-9426
-4777
0
4722
9208
13287
16805
19638
21683
22871
23168
22574
21122
18882
15948
12443
8511
4307
0
-4246
-8267
-11913
-15047
-17557
-19356
-20386
-20620
-20060
-18741
-16725
-14103
-10986
-7501
-3790
0
3723
7237
10408
13123
15283
16817
17678
17844
17325
16153
14385
12105
9408
6410
3231
0
-3160
-6127
-8790
-11055
-12843
-14094
-14776
-14874
-14401
-13388
-11889
-9974
-7728
-5249
-2638
0
2562
4950
7076
8866
10261
11217
11712
11742
11319
10476
9261
7733
5963
4029
2014
0
-1935
-3719
-5284
-6580
-7567
-8217
-8520
-8480
-8113
-7451
-6532
-5407
-4132
-2766
-1369
0
1288
2447
3434
4222
4789
5127
5234
5124
4818
4343
3732
3023
2257
1472
709
0
-627
-1148
-1547
-1818
-1960
-1980
-1892
-1714
-1471
-1187
-890
-605
-357
-163
-41
0
-41
-163
-357
-605
-890
-1187
-1471
-1714
-1892
-1980
-1960
-1818
-1547
-1148
-627
0
709
1472
2257
3023
3732
4343
4818
5124
5234
5127
4789
4222
3434
2447
1288
0
-1369
-2766
-4132
-5407
-6532
-7451
-8113
-8480
-8520
-8217
-7567
-6580
-5284
-3719
-1935
0
2014
4029
5963
7733
9261
10476
11319
11742
11712
11217
10261
8866
7076
4950
2562
0
-2638
-5249
-7728
-9974
-11889
-13388
-14401
-14874
-14776
-14094
-12843
-11055
-8790
-6127
-3160
0
3231
6410
9408
12105
14385
16153
17325
17844
17678
16817
15283
13123
10408
7237
3723
0
-3790
-7501
-10986
-14103
-16725
-18741
-20060
-20620
-20386
-19356
-17557
-15047
-11913
-8267
-4246
0
4307
8511
12443
15948
18882
21122
22574
23168
22871
21683
19638
16805
13287
9208
4722
0
-4777
-9426
-13763
-17617
-20831
-23274
-24841
-25462
-25106
-23772
-21504
-18380
-14514
-10047
-5146
0
5195
10239
14934
19093
22552
25169
26836
27478
27065
25601
23135
19754
15582
10776
5515
0
-5556
-10939
-15940
-20361
-24026
-26789
-28537
-29194
-28727
-27149
-24512
-20911
-16480
-11387
-5822
0
5855
11520
16771
21404
25236
28116
29925
30588
30076
28400
25620
21840
17198
11873
6066
0
-6091
-11974
-17419
-22214
-26171
-29134
-30985
-31648
-31094
-29339
-26448
-22528
-17727
-12229
-6244
0
6260
12297
17876
22780
26818
29834
31706
32362
31772
29957
26986
22970
18063
12452
6352
0
-6360
-12486
-18137
-23096
-27172
-30206
-32080
-32720
-32101
-30248
-27228
-23160
-18199
-12537
-6391
0
6391
12537
18199
23160
27228
30248
32101
32720
32080
30206
27172
23096
18137
12486
6360
0
-6352
-12452
-18063
-22970
-26986
-29957
-31772
-32362
-31706
-29834
-26818
-22780
-17876
-12297
-6260
0
6244
12229
17727
22528
26448
29339
31094
31648
30985
29134
26171
22214
17419
11974
6091
0
-6066
-11873
-17198
-21840
-25620
-28400
-30076
-30588
-29925
-28116
-25236
-21404
-16771
-11520
-5855
0
5822
11387
16480
20911
24512
27149
28727
29194
28537
26789
24026
20361
15940
10939
5556
0
-5515
-10776
-15582
-19754
-23135
-25601
-27065
-27478
-26836
-25169
-22552
-19093
-14934
-10239
-5195
0
5146
10047
14514
18380
21504
23772
25106
25462
24841
23274
20831
17617
13763
9426
4777
0
-4722
-9208
-13287
-16805
-19638
-21683
-22871
-23168
-22574
-21122
-18882
-15948
-12443
-8511
-4307
0
4246
8267
11913
15047
17557
19356
20386
20620
20060
18741
16725
14103
10986
7501
3790
0
-3723
-7237
-10408
-13123
-15283
-16817
-17678
-17844
-17325
-16153
-14385
-12105
-9408
-6410
-3231
0
3160
6127
8790
11055
12843
14094
14776
14874
14401
13388
11889
9974
7728
5249
2638
0
-2562
-4950
-7076
-8866
-10261
-11217
-11712
-11742
-11319
-10476
-9261
-7733
-5963
-4029
-2014
0
1935
3719
5284
6580
7567
8217
8520
8480
8113
7451
6532
5407
4132
2766
1369
0
-1288
-2447
-3434
-4222
-4789
-5127
-5234
-5124
-4818
-4343
-3732
-3023
-2257
-1472
-709
0
627
1148
1547
1818
1960
1980
1892
1714
1471
1187
890
605
357
163
41
0
41
163
357
605
890
1187
1471
1714
1892
1980
1960
1818
1547
1148
627
0
-709
-1472
-2257
-3023
-3732
-4343
-4818
-5124
-5234
-5127
-4789
-4222
-3434
-2447
-1288
0
1369
2766
4132
5407
6532
7451
8113
8480
8520
8217
7567
6580
5284
3719
1935
0
-2014
-4029
-5963
-7733
-9261
-10476
-11319
-11742
-11712
-11217
-10261
-8866
-7076
-4950
-2562
0
2638
5249
7728
9974
11889
13388
14401
14874
14776
14094
12843
11055
8790
6127
3160
0
-3231
-6410
-9408
-12105
-14385
-16153
-17325
-17844
-17678
-16817
-15283
-13123
-10408
-7237
-3723
0
3790
7501
10986
14103
16725
18741
20060
20620
20386
19356
17557
15047
11913
8267
4246
0
-4307
-8511
-12443
-15948
-18882
-21122
-22574
-23168
-22871
-21683
-19638
-16805
-13287
-9208
-4722
0
4777
9426
13763
17617
20831
23274
24841
25462
25106
23772
21504
18380
14514
10047
5146
0
-5195
-10239
-14934
-19093
-22552
-25169
-26836
-27478
-27065
-25601
-23135
-19754
-15582
-10776
-5515
0
5556
10939
15940
20361
24026
26789
28537
29194
28727
27149
24512
20911
16480
11387
5822
0
-5855
-11520
-16771
-21404
-25236
-28116
-29925
-30588
-30076
-28400
-25620
-21840
-17198
-11873
-6066
0
6091
11974
17419
22214
26171
29134
30985
31648
31094
29339
26448
22528
17727
12229
6244
0
-6260
-12297
-17876
-22780
-26818
-29834
-31706
-32362
-31772
-29957
-26986
-22970
-18063
-12452
-6352
0
6360
12486
18137
23096
27172
30206
32080
32720
32101
30248
27228
23160
18199
12537
6391
0
-6391
-12537
-18199
-23160
-27228
-30248
-32101
-32720
-32080
-30206
-27172
-23096
-18137
-12486
-6360
0
6352
12452
18063
22970
26986
29957
31772
32362
31706
29834
26818
22780
17876
12297
6260
0
-6244
-12229
-17727
-22528
-26448
-29339
-31094
-31648
-30985
-29134
-26171
-22214
-17419
-11974
-6091
0
6066
11873
17198
21840
25620
28400
30076
30588
29925
28116
25236
21404
16771
11520
5855
0
-5822
-11387
-16480
-20911
-24512
-27149
-28727
-29194
-28537
-26789
-24026
-20361
-15940
-10939
-5556
0
5515
10776
15582
19754
23135
25601
27065
27478
26836
25169
22552
19093
14934
10239
5195
0
-5146
-10047
-14514
-18380
-21504
-23772
-25106
-25462
-24841
-23274
-20831
-17617
-13763
-9426
-4777
0
4722
9208
13287
16805
19638
21683
22871
23168
22574
21122
18882
15948
12443
8511
4307
0
-4246
-8267
-11913
-15047
-17557
-19356
-20386
-20620
-20060
-18741
-16725
-14103
-10986
-7501
-3790
0
3723
7237
10408
13123
15283
16817
17678
17844
17325
16153
14385
12105
9408
6410
3231
0
-3160
-6127
-8790
-11055
-12843
-14094
-14776
-14874
-14401
-13388
-11889
-9974
-7728
-5249
-2638
0
2562
4950
7076
8866
10261
11217
11712
11742
11319
10476
9261
7733
5963
4029
2014
0
-1935
-3719
-5284
-6580
-7567
-8217
-8520
-8480
-8113
-7451
-6532
-5407
-4132
-2766
-1369
0
1288
2447
3434
4222
4789
5127
5234
5124
4818
4343
3732
3023
2257
1472
709
0
-627
-1148
-1547
-1818
-1960
-1980
-1892
-1714
-1471
-1187
-890
-605
-357
-163
-41
0
-41
-163
-357
-605
-890
-1187
-1471
-1714
-1892
-1980
-1960
-1818
-1547
-1148
-627
0
709
1472
2257
3023
3732
4343
4818
5124
5234
5127
4789
4222
3434
2447
1288
0
-1369
-2766
-4132
-5407
-6532
-7451
-8113
-8480
-8520
-8217
-7567
-6580
-5284
-3719
-1935
0
2014
4029
5963
7733
9261
10476
11319
11742
11712
11217
10261
8866
7076
4950
2562
0
-2638
-5249
-7728
-9974
-11889
-13388
-14401
-14874
-14776
-14094
-12843
-11055
-8790
-6127
-3160
0
3231
6410
9408
12105
14385
16153
17325
17844
17678
16817
15283
13123
10408
7237
3723
0
-3790
-7501
-10986
-14103
-16725
-18741
-20060
-20620
-20386
-19356
-17557
-15047
-11913
-8267
-4246
0
4307
8511
12443
15948
18882
21122
22574
23168
22871
21683
19638
16805
13287
9208
4722
0
-4777
-9426
-13763
-17617
-20831
-23274
-24841
-25462
-25106
-23772
-21504
-18380
-14514
-10047
-5146
0
5195
10239
14934
19093
22552
25169
26836
27478
27065
25601
23135
19754
15582
10776
5515
0
-5556
-10939
-15940
-20361
-24026
-26789
-28537
-29194
-28727
-27149
-24512
-20911
-16480
-11387
-5822
0
5855
11520
16771
21404
25236
28116
29925
30588
30076
28400
25620
21840
17198
11873
6066
0
-6091
-11974
-17419
-22214
-26171
-29134
-30985
-31648
-31094
-29339
-26448
-22528
-17727
-12229
-6244
0
6260
12297
17876
22780
26818
29834
31706
32362
31772
29957
26986
22970
18063
12452
6352
0
-6360
-12486
-18137
-23096
-27172
-30206
-32080
-32720
-32101
-30248
-27228
-23160
-18199
-12537
-6391
0
6391
12537
18199
23160
27228
30248
32101
32720
32080
30206
27172
23096
18137
12486
6360
0
-6352
-12452
-18063
-22970
-26986
-29957
-31772
-32362
-31706
-29834
-26818
-22780
-17876
-12297
-6260
0
6244
12229
17727
22528
26448
29339
31094
31648
30985
29134
26171
22214
17419
11974
6091
0
-6066
-11873
-17198
-21840
-25620
-28400
-30076
-30588
-29925
-28116
-25236
-21404
-16771
-11520
-5855
0
5822
11387
16480
20911
24512
27149
28727
29194
28537
26789
24026
20361
15940
10939
5556
0
-5515
-10776
-15582
-19754
-23135
-25601
-27065
-27478
-26836
-25169
-22552
-19093
-14934
-10239
-5195
0
5146
10047
14514
18380
21504
23772
25106
25462
24841
23274
20831
17617
13763
9426
4777
0
-4722
-9208
-13287
-16805
-19638
-21683
-22871
-23168
-22574
-21122
-18882
-15948
-12443
-8511
-4307
0
4246
8267
11913
15047
17557
19356
20386
20620
20060
18741
16725
14103
10986
7501
3790
0
-3723
-7237
-10408
-13123
-15283
-16817
-17678
-17844
-17325
-16153
-14385
-12105
-9408
-6410
-3231
0
3160
6127
8790
11055
12843
14094
14776
14874
14401
13388
11889
9974
7728
5249
2638
0
-2562
-4950
-7076
-8866
-10261
-11217
-11712
-11742
-11319
-10476
-9261
-7733
-5963
-4029
-2014
0
1935
3719
5284
6580
7567
8217
8520
8480
8113
7451
6532
5407
4132
2766
1369
0
-1288
-2447
-3434
-4222
-4789
-5127
-5234
-5124
-4818
-4343
-3732
-3023
-2257
-1472
-709
0
627
1148
1547
1818
1960
1980
1892
1714
1471
1187
890
605
357
163
41
0
41
163
357
605
890
1187
1471
1714
1892
1980
1960
1818
1547
1148
627
0
-709
-1472
-2257
-3023
-3732
-4343
-4818
-5124
-5234
-5127
-4789
-4222
-3434
-2447
-1288
0
1369
2766
4132
5407
6532
7451
8113
8480
8520
8217
7567
6580
5284
3719
1935
0
-2014
-4029
-5963
-7733
-9261
-10476
-11319
-11742
-11712
-11217
-10261
-8866
-7076
-4950
-2562
0
2638
5249
7728
9974
11889
13388
14401
14874
14776
14094
12843
11055
8790
6127
3160
0
-3231
-6410
-9408
-12105
-14385
-16153
-17325
-17844
-17678
-16817
-15283
-13123
-10408
-7237
-3723
0
3790
7501
10986
14103
16725
18741
20060
20620
20386
19356
17557
15047
11913
8267
4246
0
-4307
-8511
-12443
-15948
-18882
-21122
-22574
-23168
-22871
-21683
-19638
-16805
-13287
-9208
-4722
0
4777
9426
13763
17617
20831
23274
24841
25462
25106
23772
21504
18380
14514
10047
5146
0
-5195
-10239
-14934
-19093
-22552
-25169
-26836
-27478
-27065
-25601
-23135
-19754
-15582
-10776
-5515
0
5556
10939
15940
20361
24026
26789
28537
29194
28727
27149
24512
20911
16480
11387
5822
0
-5855
-11520
-16771
-21404
-25236
-28116
-29925
-30588
-30076
-28400
-25620
-21840
-17198
-11873
-6066
0
6091
11974
17419
22214
26171
29134
30985
31648
31094
29339
26448
22528
17727
12229
6244
0
-6260
-12297
-17876
-22780
-26818
-29834
-31706
-32362
-31772
-29957
-26986
-22970
-18063
-12452
-6352
0
6360
12486
18137
23096
27172
30206
32080
32720
32101
30248
27228
23160
18199
12537
6391
0
-6391
-12537
-18199
-23160
-27228
-30248
-32101
-32720
-32080
-30206
-27172
-23096
-18137
-12486
-6360
0
6352
12452
18063
22970
26986
29957
31772
32362
31706
29834
26818
22780
17876
12297
6260
0
-6244
-12229
-17727
-22528
-26448
-29339
-31094
-31648
-30985
-29134
-26171
-22214
-17419
-11974
-6091
0
6066
11873
17198
21840
25620
28400
30076
30588
29925
28116
25236
21404
16771
11520
5855
0
-5822
-11387
-16480
-20911
-24512
-27149
-28727
-29194
-28537
-26789
-24026
-20361
-15940
-10939
-5556
0
5515
10776
15582
19754
23135
25601
27065
27478
26836
25169
22552
19093
14934
10239
5195
0
-5146
-10047
-14514
-18380
-21504
-23772
-25106
-25462
-24841
-23274
-20831
-17617
-13763
-9426
-4777
0
4722
9208
13287
16805
19638
21683
22871
23168
22574
21122
18882
15948
12443
8511
4307
0
-4246
-8267
-11913
-15047
-17557
-19356
-20386
-20620
-20060
-18741
-16725
-14103
-10986
-7501
-3790
0
3723
7237
10408
13123
15283
16817
17678
17844
17325
16153
14385
12105
9408
6410
3231
0
-3160
-6127
-8790
-11055
-12843
-14094
-14776
-14874
-14401
-13388
-11889
-9974
-7728
-5249
-2638
0
2562
4950
7076
8866
10261
11217
11712
11742
11319
10476
9261
7733
5963
4029
2014
0
-1935
-3719
-5284
-6580
-7567
-8217
-8520
-8480
-8113
-7451
-6532
-5407
-4132
-2766
-1369
0
1288
2447
3434
4222
4789
5127
5234
5124
4818
4343
3732
3023
2257
1472
709
0
-627
-1148
-1547
-1818
-1960
-1980
-1892
-1714
-1471
-1187
-890
-605
-357
-163
-41
0
-41
-163
-357
-605
-890
-1187
-1471
-1714
-1892
-1980
-1960
-1818
-1547
-1148
-627
0
709
1472
2257
3023
3732
4343
4818
5124
5234
5127
4789
4222
3434
2447
1288
0
-1369
-2766
-4132
-5407
-6532
-7451
-8113
-8480
-8520
-8217
-7567
-6580
-5284
-3719
-1935
0
2014
4029
5963
7733
9261
10476
11319
11742
11712
11217
10261
8866
7076
4950
2562
0
-2638
-5249
-7728
-9974
-11889
-13388
-14401
-14874
-14776
-14094
-12843
-11055
-8790
-6127
-3160
0
3231
6410
9408
12105
14385
16153
17325
17844
17678
16817
15283
13123
10408
7237
3723
0
-3790
-7501
-10986
-14103
-16725
-18741
-20060
-20620
-20386
-19356
-17557
-15047
-11913
-8267
-4246
0
4307
8511
12443
15948
18882
21122
22574
23168
22871
21683
19638
16805
13287
9208
4722
0
-4777
-9426
-13763
-17617
-20831
-23274
-24841
-25462
-25106
-23772
-21504
-18380
-14514
-10047
-5146
0
5195
10239
14934
19093
22552
25169
26836
27478
27065
25601
23135
19754
15582
10776
5515
0
-5556
-10939
-15940
-20361
-24026
-26789
-28537
-29194
-28727
-27149
-24512
-20911
-16480
-11387
-5822
0
5855
11520
16771
21404
25236
28116
29925
30588
30076
28400
25620
21840
17198
11873
6066
0
-6091
-11974
-17419
-22214
-26171
-29134
-30985
-31648
-31094
-29339
-26448
-22528
-17727
-12229
-6244
0
6260
12297
17876
22780
26818
29834
31706
32362
31772
29957
26986
22970
18063
12452
6352
0
-6360
-12486
-18137
-23096
-27172
-30206
-32080
-32720
-32101
-30248
-27228
-23160
-18199
-12537
-6391
0
6391
12537
18199
23160
27228
30248
32101
32720
32080
30206
27172
23096
18137
12486
6360
0
-6352
-12452
-18063
-22970
-26986
-29957
-31772
-32362
-31706
-29834
-26818
-22780
-17876
-12297
-6260
0
6244
12229
17727
22528
26448
29339
31094
31648
30985
29134
26171
22214
17419
11974
6091
0
-6066
-11873
-17198
-21840
-25620
-28400
-30076
-30588
-29925
-28116
-25236
-21404
-16771
-11520
-5855
0
5822
11387
16480
20911
24512
27149
28727
29194
28537
26789
24026
20361
15940
10939
5556
0
-5515
-10776
-15582
-19754
-23135
-25601
-27065
-27478
-26836
-25169
-22552
-19093
-14934
-10239
-5195
0
5146
10047
14514
18380
21504
23772
25106
25462
24841
23274
20831
17617
13763
9426
4777
0
-4722
-9208
-13287
-16805
-19638
-21683
-22871
-23168
-22574
-21122
-18882
-15948
-12443
-8511
-4307
0
4246
8267
11913
15047
17557
19356
20386
20620
20060
18741
16725
14103
10986
7501
3790
0
-3723
-7237
-10408
-13123
-15283
-16817
-17678
-17844
-17325
-16153
-14385
-12105
-9408
-6410
-3231
0
3160
6127
8790
11055
12843
14094
14776
14874
14401
13388
11889
9974
7728
5249
2638
0
-2562
-4950
-7076
-8866
-10261
-11217
-11712
-11742
-11319
-10476
-9261
-7733
-5963
-4029
-2014
0
1935
3719
5284
6580
7567
8217
8520
8480
8113
7451
6532
5407
4132
2766
1369
0
-1288
-2447
-3434
-4222
-4789
-5127
-5234
-5124
-4818
-4343
-3732
-3023
-2257
-1472
-709
0
627
1148
1547
1818
1960
1980
1892
1714
1471
1187
890
605
357
163
41
0
41
163
357
605
890
1187
1471
1714
1892
1980
1960
1818
1547
1148
627
0
-709
-1472
-2257
-3023
-3732
-4343
-4818
-5124
-5234
-5127
-4789
-4222
-3434
-2447
-1288
0
1369
2766
4132
5407
6532
7451
8113
8480
8520
8217
7567
6580
5284
3719
1935
0
-2014
-4029
-5963
-7733
-9261
-10476
-11319
-11742
-11712
-11217
-10261
-8866
-7076
-4950
-2562
0
2638
5249
7728
9974
11889
13388
14401
14874
14776
14094
12843
11055
8790
6127
3160
0
-3231
-6410
-9408
-12105
-14385
-16153
-17325
-17844
-17678
-16817
-15283
-13123
-10408
-7237
-3723
0
3790
7501
10986
14103
16725
18741
20060
20620
20386
19356
17557
15047
11913
8267
4246
0
-4307
-8511
-12443
-15948
-18882
-21122
-22574
-23168
-22871
-21683
-19638
-16805
-13287
-9208
-4722
0
4777
9426
13763
17617
20831
23274
24841
25462
25106
23772
21504
18380
14514
10047
5146
0
-5195
-10239
-14934
-19093
-22552
-25169
-26836
-27478
-27065
-25601
-23135
-19754
-15582
-10776
-5515
0
5556
10939
15940
20361
24026
26789
28537
29194
28727
27149
24512
20911
16480
11387
5822
0
-5855
-11520
-16771
-21404
-25236
-28116
-29925
-30588
-30076
-28400
-25620
-21840
-17198
-11873
-6066
0
6091
11974
17419
22214
26171
29134
30985
31648
31094
29339
26448
22528
17727
12229
6244
0
-6260
-12297
-17876
-22780
-26818
-29834
-31706
-32362
-31772
-29957
-26986
-22970
-18063
-12452
-6352
0
6360
12486
18137
23096
27172
30206
32080
32720
32101
30248
27228
23160
18199
12537
6391
0
-6391
-12537
-18199
-23160
-27228
-30248
-32101
-32720
-32080
-30206
-27172
-23096
-18137
-12486
-6360
0
6352
12452
18063
22970
26986
29957
31772
32362
31706
29834
26818
22780
17876
12297
6260
0
-6244
-12229
-17727
-22528
-26448
-29339
-31094
-31648
-30985
-29134
-26171
-22214
-17419
-11974
-6091
0
6066
11873
17198
21840
25620
28400
30076
30588
29925
28116
25236
21404
16771
11520
5855
0
-5822
-11387
-16480
-20911
-24512
-27149
-28727
-29194
-28537
-26789
-24026
-20361
-15940
-10939
-5556
0
5515
10776
15582
19754
23135
25601
27065
27478
26836
25169
22552
19093
14934
10239
5195
0
-5146
-10047
-14514
-18380
-21504
-23772
-25106
-25462
-24841
-23274
-20831
-17617
-13763
-9426
-4777
0
4722
9208
13287
16805
19638
21683
22871
23168
22574
21122
18882
15948
12443
8511
4307
0
-4246
-8267
-11913
-15047
-17557
-19356
-20386
-20620
-20060
-18741
-16725
-14103
-10986
-7501
-3790
0
3723
7237
10408
13123
15283
16817
17678
17844
17325
16153
14385
12105
9408
6410
3231
0
-3160
-6127
-8790
-11055
-12843
-14094
-14776
-14874
-14401
-13388
-11889
-9974
-7728
-5249
-2638
0
2562
4950
7076
8866
10261
11217
11712
11742
11319
10476
9261
7733
5963
4029
2014
0
-1935
-3719
-5284
-6580
-7567
-8217
-8520
-8480
-8113
-7451
-6532
-5407
-4132
-2766
-1369
0
1288
2447
3434
4222
4789
5127
5234
5124
4818
4343
3732
3023
2257
1472
709
0
-627
-1148
-1547
-1818
-1960
-1980
-1892
-1714
-1471
-1187
-890
-605
-357
-163
-41
0
-41
-163
-357
-605
-890
-1187
-1471
-1714
-1892
-1980
-1960
-1818
-1547
-1148
-627
0
709
1472
2257
3023
3732
4343
4818
5124
5234
5127
4789
4222
3434
2447
1288
0
-1369
-2766
-4132
-5407
-6532
-7451
-8113
-8480
-8520
-8217
-7567
-6580
-5284
-3719
-1935
0
2014
4029
5963
7733
9261
10476
11319
11742
11712
11217
10261
8866
7076
4950
2562
0
-2638
-5249
-7728
-9974
-11889
-13388
-14401
-14874
-14776
-14094
-12843
-11055
-8790
-6127
-3160
0
3231
6410
9408
12105
14385
16153
17325
17844
17678
16817
15283
13123
10408
7237
3723
0
-3790
-7501
-10986
-14103
-16725
-18741
-20060
-20620
-20386
-19356
-17557
-15047
-11913
-8267
-4246
0
4307
8511
12443
15948
18882
21122
22574
23168
22871
21683
19638
16805
13287
9208
4722
0
-4777
-9426
-13763
-17617
-20831
-23274
-24841
-25462
-25106
-23772
-21504
-18380
-14514
-10047
-5146
0
5195
10239
14934
19093
22552
25169
26836
27478
27065
25601
23135
19754
15582
10776
5515
0
-5556
-10939
-15940
-20361
-24026
-26789
-28537
-29194
-28727
-27149
-24512
-20911
-16480
-11387
-5822
0
5855
11520
16771
21404
25236
28116
29925
30588
30076
28400
25620
21840
17198
11873
6066
0
-6091
-11974
-17419
-22214
-26171
-29134
-30985
-31648
-31094
-29339
-26448
-22528
-17727
-12229
-6244
0
6260
12297
17876
22780
26818
29834
31706
32362
31772
29957
26986
22970
18063
12452
6352
0
-6360
-12486
-18137
-23096
-27172
-30206
-32080
-32720
-32101
-30248
-27228
-23160
-18199
-12537
-6391
0
6391
12537
18199
23160
27228
30248
32101
32720
32080
30206
27172
23096
18137
12486
6360
0
-6352
-12452
-18063
-22970
-26986
-29957
-31772
-32362
-31706
-29834
-26818
-22780
-17876
-12297
-6260
0
6244
12229
17727
22528
26448
29339
31094
31648
30985
29134
26171
22214
17419
11974
6091
0
-6066
-11873
-17198
-21840
-25620
-28400
-30076
-30588
-29925
-28116
-25236
-21404
-16771
-11520
-5855
0
5822
11387
16480
20911
24512
27149
28727
29194
28537
26789
24026
20361
15940
10939
5556
0
-5515
-10776
-15582
-19754
-23135
-25601
-27065
-27478
-26836
-25169
-22552
-19093
-14934
-10239
-5195
0
5146
10047
14514
18380
21504
23772
25106
25462
24841
23274
20831
17617
13763
9426
4777
0
-4722
-9208
-13287
-16805
-19638
-21683
-22871
-23168
-22574
-21122
-18882
-15948
-12443
-8511
-4307
0
4246
8267
11913
15047
17557
19356
20386
20620
20060
18741
16725
14103
10986
7501
3790
0
-3723
-7237
-10408
-13123
-15283
-16817
-17678
-17844
-17325
-16153
-14385
-12105
-9408
-6410
-3231
0
3160
6127
8790
11055
12843
14094
14776
14874
14401
13388
11889
9974
7728
5249
2638
0
-2562
-4950
-7076
-8866
-10261
-11217
-11712
-11742
-11319
-10476
-9261
-7733
-5963
-4029
-2014
0
1935
3719
5284
6580
7567
8217
8520
8480
8113
7451
6532
5407
4132
2766
1369
0
-1288
-2447
-3434
-4222
-4789
-5127
-5234
-5124
-4818
-4343
-3732
-3023
-2257
-1472
-709
0
627
1148
1547
1818
1960
1980
1892
1714
1471
1187
890
605
357
163
41
0
41
163
357
605
890
1187
1471
1714
1892
1980
1960
1818
1547
1148
627
0
-709
-1472
-2257
-3023
-3732
-4343
-4818
-5124
-5234
-5127
-4789
-4222
-3434
-2447
-1288
0
1369
2766
4132
5407
6532
7451
8113
8480
8520
8217
7567
6580
5284
3719
1935
0
-2014
-4029
-5963
-7733
-9261
-10476
-11319
-11742
-11712
-11217
-10261
-8866
-7076
-4950
-2562
0
2638
5249
7728
9974
11889
13388
14401
14874
14776
14094
12843
11055
8790
6127
3160
0
-3231
-6410
-9408
-12105
-14385
-16153
-17325
-17844
-17678
-16817
-15283
-13123
-10408
-7237
-3723
0
3790
7501
10986
14103
16725
18741
20060
20620
20386
19356
17557
15047
11913
8267
4246
0
-4307
-8511
-12443
-15948
-18882
-21122
-22574
-23168
-22871
-21683
-19638
-16805
-13287
-9208
-4722
0
4777
9426
13763
17617
20831
23274
24841
25462
25106
23772
21504
18380
14514
10047
5146
0
-5195
-10239
-14934
-19093
-22552
-25169
-26836
-27478
-27065
-25601
-23135
-19754
-15582
-10776
-5515
0
5556
10939
15940
20361
24026
26789
28537
29194
28727
27149
24512
20911
16480
11387
5822
0
-5855
-11520
-16771
-21404
-25236
-28116
-29925
-30588
-30076
-28400
-25620
-21840
-17198
-11873
-6066
0
6091
11974
17419
22214
26171
29134
30985
31648
31094
29339
26448
22528
17727
12229
6244
0
-6260
-12297
-17876
-22780
-26818
-29834
-31706
-32362
-31772
-29957
-26986
-22970
-18063
-12452
-6352
0
6360
12486
18137
23096
27172
30206
32080
32720
32101
30248
27228
23160
18199
12537
6391
0
-6391
-12537
-18199
-23160
-27228
-30248
-32101
-32720
-32080
-30206
-27172
-23096
-18137
-12486
-6360
0
6352
12452
18063
22970
26986
29957
31772
32362
31706
29834
26818
22780
17876
12297
6260
0
-6244
-12229
-17727
-22528
-26448
-29339
-31094
-31648
-30985
-29134
-26171
-22214
-17419
-11974
-6091
0
6066
11873
17198
21840
25620
28400
30076
30588
29925
28116
25236
21404
16771
11520
5855
0
-5822
-11387
-16480
-20911
-24512
-27149
-28727
-29194
-28537
-26789
-24026
-20361
-15940
-10939
-5556
0
5515
10776
15582
19754
23135
25601
27065
27478
26836
25169
22552
19093
14934
10239
5195
0
-5146
-10047
-14514
-18380
-21504
-23772
-25106
-25462
-24841
-23274
-20831
-17617
-13763
-9426
-4777
0
4722
9208
13287
16805
19638
21683
22871
23168
22574
21122
18882
15948
12443
8511
4307
0
-4246
-8267
-11913
-15047
-17557
-19356
-20386
-20620
-20060
-18741
-16725
-14103
-10986
-7501
-3790
0
3723
7237
10408
13123
15283
16817
17678
17844
17325
16153
14385
12105
9408
6410
3231
0
-3160
-6127
-8790
-11055
-12843
-14094
-14776
-14874
-14401
-13388
-11889
-9974
-7728
-5249
-2638
0
2562
4950
7076
8866
10261
11217
11712
11742
11319
10476
9261
7733
5963
4029
2014
0
-1935
-3719
-5284
-6580
-7567
-8217
-8520
-8480
-8113
-7451
-6532
-5407
-4132
-2766
-1369
0
1288
2447
3434
4222
4789
5127
5234
5124
4818
4343
3732
3023
2257
1472
709
0
-627
-1148
-1547
-1818
-1960
-1980
-1892
-1714
-1471
-1187
-890
-605
-357
-163
-41
0
-41
-163
-357
-605
-890
-1187
-1471
-1714
-1892
-1980
-1960
-1818
-1547
-1148
-627
0
709
1472
2257
3023
3732
4343
4818
5124
5234
5127
4789
4222
3434
2447
1288
0
-1369
-2766
-4132
-5407
-6532
-7451
-8113
-8480
-8520
-8217
-7567
-6580
-5284
-3719
-1935
0
2014
4029
5963
7733
9261
10476
11319
11742
11712
11217
10261
8866
7076
4950
2562
0
-2638
-5249
-7728
-9974
-11889
-13388
-14401
-14874
-14776
-14094
-12843
-11055
-8790
-6127
-3160
0
3231
6410
9408
12105
14385
16153
17325
17844
17678
16817
15283
13123
10408
7237
3723
0
-3790
-7501
-10986
-14103
-16725
-18741
-20060
-20620
-20386
-19356
-17557
-15047
-11913
-8267
-4246
0
4307
8511
12443
15948
18882
21122
22574
23168
22871
21683
19638
16805
13287
9208
4722
0
-4777
-9426
-13763
-17617
-20831
-23274
-24841
-25462
-25106
-23772
-21504
-18380
-14514
-10047
-5146
0
5195
10239
14934
19093
22552
25169
26836
27478
27065
25601
23135
19754
15582
10776
5515
0
-5556
-10939
-15940
-20361
-24026
-26789
-28537
-29194
-28727
-27149
-24512
-20911
-16480
-11387
-5822
0
5855
11520
16771
21404
25236
28116
29925
30588
30076
28400
25620
21840
17198
11873
6066
0
-6091
-11974
-17419
-22214
-26171
-29134
-30985
-31648
-31094
-29339
-26448
-22528
-17727
-12229
-6244
0
6260
12297
17876
22780
26818
29834
31706
32362
31772
29957
26986
22970
18063
12452
6352
0
-6360
-12486
-18137
-23096
-27172
-30206
-32080
-32720
-32101
-30248
-27228
-23160
-18199
-12537
-6391
