17269
10860
2323
-6503
-13675
-17624
-17552
-13646
-7044
438
6748
10116
9502
4874
-2766
-11612
-19489
-24393
-24992
-20975
-13146
-3247
6453
13713
16874
15271
9419
894
-8039
-14981
-17991
-16075
-9452
484
11483
20977
26708
27284
22529
13547
2464
-8071
-15531
-18124
-15240
-7608
2863
13539
21694
25174
22923
15258
3804
-8879
-19903
-26744
-27847
-23008
-13430
-1444
10040
18230
21115
17953
9452
-2389
-14751
-24660
-29696
-28562
-21402
-9768
3740
16081
24488
27110
23450
14470
2370
-9933
-19489
-23995
-22337
-14836
-3174
10002
21698
29260
30980
26482
16796
4110
-8737
-18907
-24204
-23562
-17269
-6882
5141
16010
23227
25144
21317
12579
836
-11371
-21439
-27272
-27724
-22829
-13764
-2566
8328
16611
20598
19566
13876
4870
-5444
-14830
-21300
-23513
-21037
-14409
-4991
5321
14505
20812
23111
21086
15278
6950
-2178
-10279
-15767
-17601
-15467
-9822
-1797
7032
14943
20394
22308
20275
14624
6366
-2997
-11743
-18255
-21326
-20385
-15618
-7946
1143
9863
16470
19603
18552
13416
5102
-4831
-14468
-21899
-25605
-24765
-19436
-10561
202
10793
19159
23661
23411
18457
9790
-852
-11321
-19489
-23676
-22989
-17506
-8259
2970
14002
22701
27390
27185
22159
13316
2383
-8538
-17386
-22537
-23111
-19117
-11435
-1619
8414
16757
21866
22839
19557
12675
3479
-6373
-15156
-21389
-24077
-22861
-18059
-10579
-1745
6935
14023
18380
19340
16806
11247
3621
-4785
-12557
-18379
-21238
-20593
-16466
-9452
-634
8577
16669
22278
24419
22671
17266
9070
-547
-9934
-17446
-21735
-21998
-18136
-10784
-1216
8878
17691
23626
25585
23172
16768
7458
-3158
-13264
-21146
-25502
-25659
-21680
-14337
-4956
4831
13373
19282
21658
20214
15302
7819
-962
-9610
-16770
-21364
-22742
-20752
-15744
-8489
-60
8328
15489
20425
22454
21302
17139
10562
2517
-5819
-13200
-18490
-20833
-19793
-15444
-8376
370
9452
17427
22985
25167
23534
18256
10098
306
-9595
-18051
-23738
-25781
-23899
-18445
-10342
-916
8328
15950
20809
22233
20100
14836
7317
-1280
-9676
-16676
-21335
-23071
-21720
-17531
-11107
-3316
4831
12303
18167
21692
22436
20294
15522
8715
749
-7315
-14367
-19391
-21614
-20635
-16499
-9718
-1216
7793
15984
22118
25243
24846
20941
14071
5225
-4317
-13185
-20136
-24233
-24981
-22385
-16923
-9452
-1064
7079
13917
18615
20664
19908
16541
11055
4160
-3299
-10441
-16433
-20571
-22346
-21500
-18059
-12350
-4978
3219
11256
18121
22898
24907
23810
19683
13021
4692
-4186
-12397
-18810
-22546
-23111
-20461
-15010
-7549
873
9116
16108
20992
23227
22631
19380
13947
7025
-575
-8021
-14540
-19489
-22393
-22979
-21192
-17198
-11380
-4318
3252
10500
16581
20738
22403
21287
17441
11278
3530
-4831
-12726
-19119
-23164
-24330
-22475
-17858
-11093
-3053
5263
12871
18928
22826
24245
23158
19803
14624
8203
1193
-5740
-11965
-16925
-20162
-21356
-20348
-17173
-12078
-5526
1827
9185
15695
20553
23111
22980
20099
14756
7561
-632
-8844
-16108
-21593
-24718
-25209
-23119
-18786
-12774
-5772
1491
8328
14156
18525
21131
21815
20554
17456
12759
6829
157
-6661
-12962
-18074
-21393
-22467
-21073
-17269
-11407
-4108
3815
11459
17953
22575
24845
24580
21894
17166
10967
3970
-3141
-9741
-15316
-19489
-22014
-22770
-21741
-19008
-14749
-9242
-2876
3856
10372
16048
20279
22562
22571
20219
15695
9452
2160
-5382
-12349
-18005
-21791
-23390
-22743
-20034
-15633
-10027
-3752
2675
8791
14203
18591
21694
23307
23278
21529
18082
13090
6866
-124
-7279
-13920
-19371
-23050
-24552
-23716
-20646
-15704
-9452
-2566
4252
10371
15295
18702
20448
20539
19094
16300
12377
7562
2112
-3683
-9486
-14901
-19489
-22805
-24451
-24142
-21768
-17438
-11484
-4439
3027
10196
16398
21097
23949
24833
23833
21195
17269
12441
7082
1521
-3964
-9127
-13732
-17535
-20273
-21685
-21548
-19726
-16225
-11226
-5098
1631
8328
14339
19077
22108
23198
22340
19731
15719
10741
5241
-379
-5798
-10778
-15145
-18756
-21466
-23111
-23512
-22505
-19986
-15959
-10586
-4196
2727
9595
15790
20750
24052
25465
24976
22770
19180
14624
9523
4248
-917
-5776
-10197
-14077
-17297
-19700
-21088
-21249
-20007
-17276
-13115
-7755
-1596
4831
10938
16157
20031
22272
22793
21697
19237
15748
11578
7027
2319
-2403
-7049
-11537
-15747
-19489
-22499
-24467
-25085
-24121
-21478
-17245
-11701
-5294
1425
7882
13568
18106
21295
23105
23647
23111
21701
19579
16838
13498
9548
4992
-89
-5505
-10937
-15966
-20131
-23004
-24269
-23789
-21632
-18059
-13479
-8369
-3188
1692
6031
9732
12810
15333
17361
18889
19825
19992
19174
17181
13920
9452
4016
-1983
-8031
-13586
-18168
-21437
-23239
-23614
-22759
-20961
-18517
-15660
-12521
-9114
-5374
-1216
3394
8381
13521
18461
22755
25952
27680
27728
26088
22961
18716
13812
8707
3772
-764
-4831
-8490
-11867
-15078
-18157
-21005
-23396
-25007
-25498
-24600
-22191
-18354
-13373
-7699
-1865
3613
8328
12050
14744
16547
17693
18431
18934
19241
19243
18710
17367
14982
11457
6883
1553
-4073
-9452
-14062
-17506
-19582
-20313
-19919
-18745
-17163
-15467
-13805
-12147
-10313
-8037
-5073
-1287
3267
8328
13456
18116
21785
24065
24768
23951
21896
19028
15815
12647
9751
7146
4666
2023
-1077
-4831
-9250
-14115
-19011
-23395
-26721
-28561
-28704
-27204
-24367
-20675
-16664
-12802
-9378
-6445
-3833
-1216
1772
5409
9781
14721
19828
24540
28256
30482
30944
29657
26921
23245
19226
15398
12111
9452
7239
5094
2565
-728
-4965
-10045
-15584
-20986
-25578
-28767
-30179
-29755
-27760
-24720
-21282
-18059
-15470
-13644
-12393
-11282
-9753
-7294
-3603
1312
7104
13150
18690
23005
25590
26278
25276
23111
20490
18120
16519
15885
16045
16506
16589
15621
13129
8982
3453
-2828
-9013
-14239
-17836
-19489
-19316
-17833
-15814
-14091
-13329
-13846
-15527
-17844
-19995
-21112
-20496
-17815
-13207
-7266
-912
4831
9088
11343
11577
10263
8243
6510
5936
7044
9852
13860
18163
21681
23433
22803
19704
14624
8515
2563
-2101
-4690
-4961
-3277
-517
2150
3571
2915
-95
-5096
-11155
-16996
-21313
-23111
-21957
-18111
-12473
-6364
-1202
1858
2218
0
-3978
-8403
-11804
-12923
-11061
-6263
661
8328
15110
19547
20709
18446
13439
7038
933
-3268
-4451
-2288
2670
9109
15281
19436
20270
-17269
-10860
-2323
6503
13675
17624
17552
13646
7044
-438
-6748
-10116
-9502
-4874
2766
11612
19489
24393
24992
20975
13146
3247
-6453
-13713
-16874
-15271
-9419
-894
8039
14981
17991
16075
9452
-484
-11483
-20977
-26708
-27284
-22529
-13547
-2464
8071
15531
18124
15240
7608
-2863
-13539
-21694
-25174
-22923
-15258
-3804
8879
19903
26744
27847
23008
13430
1444
-10040
-18230
-21115
-17953
-9452
2389
14751
24660
29696
28562
21402
9768
-3740
-16081
-24488
-27110
-23450
-14470
-2370
9933
19489
23995
22337
14836
3174
-10002
-21698
-29260
-30980
-26482
-16796
-4110
8737
18907
24204
23562
17269
6882
-5141
-16010
-23227
-25144
-21317
-12579
-836
11371
21439
27272
27724
22829
13764
2566
-8328
-16611
-20598
-19566
-13876
-4870
5444
14830
21300
23513
21037
14409
4991
-5321
-14505
-20812
-23111
-21086
-15278
-6950
2178
10279
15767
17601
15467
9822
1797
-7032
-14943
-20394
-22308
-20275
-14624
-6366
2997
11743
18255
21326
20385
15618
7946
-1143
-9863
-16470
-19603
-18552
-13416
-5102
4831
14468
21899
25605
24765
19436
10561
-202
-10793
-19159
-23661
-23411
-18457
-9790
852
11321
19489
23676
22989
17506
8259
-2970
-14002
-22701
-27390
-27185
-22159
-13316
-2383
8538
17386
22537
23111
19117
11435
1619
-8414
-16757
-21866
-22839
-19557
-12675
-3479
6373
15156
21389
24077
22861
18059
10579
1745
-6935
-14023
-18380
-19340
-16806
-11247
-3621
4785
12557
18379
21238
20593
16466
9452
634
-8577
-16669
-22278
-24419
-22671
-17266
-9070
547
9934
17446
21735
21998
18136
10784
1216
-8878
-17691
-23626
-25585
-23172
-16768
-7458
3158
13264
21146
25502
25659
21680
14337
4956
-4831
-13373
-19282
-21658
-20214
-15302
-7819
962
9610
16770
21364
22742
20752
15744
8489
60
-8328
-15489
-20425
-22454
-21302
-17139
-10562
-2517
5819
13200
18490
20833
19793
15444
8376
-370
-9452
-17427
-22985
-25167
-23534
-18256
-10098
-306
9595
18051
23738
25781
23899
18445
10342
916
-8328
-15950
-20809
-22233
-20100
-14836
-7317
1280
9676
16676
21335
23071
21720
17531
11107
3316
-4831
-12303
-18167
-21692
-22436
-20294
-15522
-8715
-749
7315
14367
19391
21614
20635
16499
9718
1216
-7793
-15984
-22118
-25243
-24846
-20941
-14071
-5225
4317
13185
20136
24233
24981
22385
16923
9452
1064
-7079
-13917
-18615
-20664
-19908
-16541
-11055
-4160
3299
10441
16433
20571
22346
21500
18059
12350
4978
-3219
-11256
-18121
-22898
-24907
-23810
-19683
-13021
-4692
4186
12397
18810
22546
23111
20461
15010
7549
-873
-9116
-16108
-20992
-23227
-22631
-19380
-13947
-7025
575
8021
14540
19489
22393
22979
21192
17198
11380
4318
-3252
-10500
-16581
-20738
-22403
-21287
-17441
-11278
-3530
4831
12726
19119
23164
24330
22475
17858
11093
3053
-5263
-12871
-18928
-22826
-24245
-23158
-19803
-14624
-8203
-1193
5740
11965
16925
20162
21356
20348
17173
12078
5526
-1827
-9185
-15695
-20553
-23111
-22980
-20099
-14756
-7561
632
8844
16108
21593
24718
25209
23119
18786
12774
5772
-1491
-8328
-14156
-18525
-21131
-21815
-20554
-17456
-12759
-6829
-157
6661
12962
18074
21393
22467
21073
17269
11407
4108
-3815
-11459
-17953
-22575
-24845
-24580
-21894
-17166
-10967
-3970
3141
9741
15316
19489
22014
22770
21741
19008
14749
9242
2876
-3856
-10372
-16048
-20279
-22562
-22571
-20219
-15695
-9452
-2160
5382
12349
18005
21791
23390
22743
20034
15633
10027
3752
-2675
-8791
-14203
-18591
-21694
-23307
-23278
-21529
-18082
-13090
-6866
124
7279
13920
19371
23050
24552
23716
20646
15704
9452
2566
-4252
-10371
-15295
-18702
-20448
-20539
-19094
-16300
-12377
-7562
-2112
3683
9486
14901
19489
22805
24451
24142
21768
17438
11484
4439
-3027
-10196
-16398
-21097
-23949
-24833
-23833
-21195
-17269
-12441
-7082
-1521
3964
9127
13732
17535
20273
21685
21548
19726
16225
11226
5098
-1631
-8328
-14339
-19077
-22108
-23198
-22340
-19731
-15719
-10741
-5241
379
5798
10778
15145
18756
21466
23111
23512
22505
19986
15959
10586
4196
-2727
-9595
-15790
-20750
-24052
-25465
-24976
-22770
-19180
-14624
-9523
-4248
917
5776
10197
14077
17297
19700
21088
21249
20007
17276
13115
7755
1596
-4831
-10938
-16157
-20031
-22272
-22793
-21697
-19237
-15748
-11578
-7027
-2319
2403
7049
11537
15747
19489
22499
24467
25085
24121
21478
17245
11701
5294
-1425
-7882
-13568
-18106
-21295
-23105
-23647
-23111
-21701
-19579
-16838
-13498
-9548
-4992
89
5505
10937
15966
20131
23004
24269
23789
21632
18059
13479
8369
3188
-1692
-6031
-9732
-12810
-15333
-17361
-18889
-19825
-19992
-19174
-17181
-13920
-9452
-4016
1983
8031
13586
18168
21437
23239
23614
22759
20961
18517
15660
12521
9114
5374
1216
-3394
-8381
-13521
-18461
-22755
-25952
-27680
-27728
-26088
-22961
-18716
-13812
-8707
-3772
764
4831
8490
11867
15078
18157
21005
23396
25007
25498
24600
22191
18354
13373
7699
1865
-3613
-8328
-12050
-14744
-16547
-17693
-18431
-18934
-19241
-19243
-18710
-17367
-14982
-11457
-6883
-1553
4073
9452
14062
17506
19582
20313
19919
18745
17163
15467
13805
12147
10313
8037
5073
1287
-3267
-8328
-13456
-18116
-21785
-24065
-24768
-23951
-21896
-19028
-15815
-12647
-9751
-7146
-4666
-2023
1077
4831
9250
14115
19011
23395
26721
28561
28704
27204
24367
20675
16664
12802
9378
6445
3833
1216
-1772
-5409
-9781
-14721
-19828
-24540
-28256
-30482
-30944
-29657
-26921
-23245
-19226
-15398
-12111
-9452
-7239
-5094
-2565
728
4965
10045
15584
20986
25578
28767
30179
29755
27760
24720
21282
18059
15470
13644
12393
11282
9753
7294
3603
-1312
-7104
-13150
-18690
-23005
-25590
-26278
-25276
-23111
-20490
-18120
-16519
-15885
-16045
-16506
-16589
-15621
-13129
-8982
-3453
2828
9013
14239
17836
19489
19316
17833
15814
14091
13329
13846
15527
17844
19995
21112
20496
17815
13207
7266
912
-4831
-9088
-11343
-11577
-10263
-8243
-6510
-5936
-7044
-9852
-13860
-18163
-21681
-23433
-22803
-19704
-14624
-8515
-2563
2101
4690
4961
3277
517
-2150
-3571
-2915
95
5096
11155
16996
21313
23111
21957
18111
12473
6364
1202
-1858
-2218
0
3978
8403
11804
12923
11061
6263
-661
-8328
-15110
-19547
-20709
-18446
-13439
-7038
-933
3268
4451
2288
-2670
-9109
-15281
-19436
-20270
-17269
-10860
-2323
6503
13675
17624
17552
13646
7044
-438
-6748
-10116
-9502
-4874
2766
11612
19489
24393
24992
20975
13146
3247
-6453
-13713
-16874
-15271
-9419
-894
8039
14981
17991
16075
9452
-484
-11483
-20977
-26708
-27284
-22529
-13547
-2464
8071
15531
18124
15240
7608
-2863
-13539
-21694
-25174
-22923
-15258
-3804
8879
19903
26744
27847
23008
13430
1444
-10040
-18230
-21115
-17953
-9452
2389
14751
24660
29696
28562
21402
9768
-3740
-16081
-24488
-27110
-23450
-14470
-2370
9933
19489
23995
22337
14836
3174
-10002
-21698
-29260
-30980
-26482
-16796
-4110
8737
18907
24204
23562
17269
6882
-5141
-16010
-23227
-25144
-21317
-12579
-836
11371
21439
27272
27724
22829
13764
2566
-8328
-16611
-20598
-19566
-13876
-4870
5444
14830
21300
23513
21037
14409
4991
-5321
-14505
-20812
-23111
-21086
-15278
-6950
2178
10279
15767
17601
15467
9822
1797
-7032
-14943
-20394
-22308
-20275
-14624
-6366
2997
11743
18255
21326
20385
15618
7946
-1143
-9863
-16470
-19603
-18552
-13416
-5102
4831
14468
21899
25605
24765
19436
10561
-202
-10793
-19159
-23661
-23411
-18457
-9790
852
11321
19489
23676
22989
17506
8259
-2970
-14002
-22701
-27390
-27185
-22159
-13316
-2383
8538
17386
22537
23111
19117
11435
1619
-8414
-16757
-21866
-22839
-19557
-12675
-3479
6373
15156
21389
24077
22861
18059
10579
1745
-6935
-14023
-18380
-19340
-16806
-11247
-3621
4785
12557
18379
21238
20593
16466
9452
634
-8577
-16669
-22278
-24419
-22671
-17266
-9070
547
9934
17446
21735
21998
18136
10784
1216
-8878
-17691
-23626
-25585
-23172
-16768
-7458
3158
13264
21146
25502
25659
21680
14337
4956
-4831
-13373
-19282
-21658
-20214
-15302
-7819
962
9610
16770
21364
22742
20752
15744
8489
60
-8328
-15489
-20425
-22454
-21302
-17139
-10562
-2517
5819
13200
18490
20833
19793
15444
8376
-370
-9452
-17427
-22985
-25167
-23534
-18256
-10098
-306
9595
18051
23738
25781
23899
18445
10342
916
-8328
-15950
-20809
-22233
-20100
-14836
-7317
1280
9676
16676
21335
23071
21720
17531
11107
3316
-4831
-12303
-18167
-21692
-22436
-20294
-15522
-8715
-749
7315
14367
19391
21614
20635
16499
9718
1216
-7793
-15984
-22118
-25243
-24846
-20941
-14071
-5225
4317
13185
20136
24233
24981
22385
16923
9452
1064
-7079
-13917
-18615
-20664
-19908
-16541
-11055
-4160
3299
10441
16433
20571
22346
21500
18059
12350
4978
-3219
-11256
-18121
-22898
-24907
-23810
-19683
-13021
-4692
4186
12397
18810
22546
23111
20461
15010
7549
-873
-9116
-16108
-20992
-23227
-22631
-19380
-13947
-7025
575
8021
14540
19489
22393
22979
21192
17198
11380
4318
-3252
-10500
-16581
-20738
-22403
-21287
-17441
-11278
-3530
4831
12726
19119
23164
24330
22475
17858
11093
3053
-5263
-12871
-18928
-22826
-24245
-23158
-19803
-14624
-8203
-1193
5740
11965
16925
20162
21356
20348
17173
12078
5526
-1827
-9185
-15695
-20553
-23111
-22980
-20099
-14756
-7561
632
8844
16108
21593
24718
25209
23119
18786
12774
5772
-1491
-8328
-14156
-18525
-21131
-21815
-20554
-17456
-12759
-6829
-157
6661
12962
18074
21393
22467
21073
17269
11407
4108
-3815
-11459
-17953
-22575
-24845
-24580
-21894
-17166
-10967
-3970
3141
9741
15316
19489
22014
22770
21741
19008
14749
9242
2876
-3856
-10372
-16048
-20279
-22562
-22571
-20219
-15695
-9452
-2160
5382
12349
18005
21791
23390
22743
20034
15633
10027
3752
-2675
-8791
-14203
-18591
-21694
-23307
-23278
-21529
-18082
-13090
-6866
124
7279
13920
19371
23050
24552
23716
20646
15704
9452
2566
-4252
-10371
-15295
-18702
-20448
-20539
-19094
-16300
-12377
-7562
-2112
3683
9486
14901
19489
22805
24451
24142
21768
17438
11484
4439
-3027
-10196
-16398
-21097
-23949
-24833
-23833
-21195
-17269
-12441
-7082
-1521
3964
9127
13732
17535
20273
21685
21548
19726
16225
11226
5098
-1631
-8328
-14339
-19077
-22108
-23198
-22340
-19731
-15719
-10741
-5241
379
5798
10778
15145
18756
21466
23111
23512
22505
19986
15959
10586
4196
-2727
-9595
-15790
-20750
-24052
-25465
-24976
-22770
-19180
-14624
-9523
-4248
917
5776
10197
14077
17297
19700
21088
21249
20007
17276
13115
7755
1596
-4831
-10938
-16157
-20031
-22272
-22793
-21697
-19237
-15748
-11578
-7027
-2319
2403
7049
11537
15747
19489
22499
24467
25085
24121
21478
17245
11701
5294
-1425
-7882
-13568
-18106
-21295
-23105
-23647
-23111
-21701
-19579
-16838
-13498
-9548
-4992
89
5505
10937
15966
20131
23004
24269
23789
21632
18059
13479
8369
3188
-1692
-6031
-9732
-12810
-15333
-17361
-18889
-19825
-19992
-19174
-17181
-13920
-9452
-4016
1983
8031
13586
18168
21437
23239
23614
22759
20961
18517
15660
12521
9114
5374
1216
-3394
-8381
-13521
-18461
-22755
-25952
-27680
-27728
-26088
-22961
-18716
-13812
-8707
-3772
764
4831
8490
11867
15078
18157
21005
23396
25007
25498
24600
22191
18354
13373
7699
1865
-3613
-8328
-12050
-14744
-16547
-17693
-18431
-18934
-19241
-19243
-18710
-17367
-14982
-11457
-6883
-1553
4073
9452
14062
17506
19582
20313
19919
18745
17163
15467
13805
12147
10313
8037
5073
1287
-3267
-8328
-13456
-18116
-21785
-24065
-24768
-23951
-21896
-19028
-15815
-12647
-9751
-7146
-4666
-2023
1077
4831
9250
14115
19011
23395
26721
28561
28704
27204
24367
20675
16664
12802
9378
6445
3833
1216
-1772
-5409
-9781
-14721
-19828
-24540
-28256
-30482
-30944
-29657
-26921
-23245
-19226
-15398
-12111
-9452
-7239
-5094
-2565
728
4965
10045
15584
20986
25578
28767
30179
29755
27760
24720
21282
18059
15470
13644
12393
11282
9753
7294
3603
-1312
-7104
-13150
-18690
-23005
-25590
-26278
-25276
-23111
-20490
-18120
-16519
-15885
-16045
-16506
-16589
-15621
-13129
-8982
-3453
2828
9013
14239
17836
19489
19316
17833
15814
14091
13329
13846
15527
17844
19995
21112
20496
17815
13207
7266
912
-4831
-9088
-11343
-11577
-10263
-8243
-6510
-5936
-7044
-9852
-13860
-18163
-21681
-23433
-22803
-19704
-14624
-8515
-2563
2101
4690
4961
3277
517
-2150
-3571
-2915
95
5096
11155
16996
21313
23111
21957
18111
12473
6364
1202
-1858
-2218
0
3978
8403
11804
12923
11061
6263
-661
-8328
-15110
-19547
-20709
-18446
-13439
-7038
-933
3268
4451
2288
-2670
-9109
-15281
-19436
-20270
-17269
-10860
-2323
6503
13675
17624
17552
13646
7044
-438
-6748
-10116
-9502
-4874
2766
11612
19489
24393
24992
20975
13146
3247
-6453
-13713
-16874
-15271
-9419
-894
8039
14981
17991
16075
9452
-484
-11483
-20977
-26708
-27284
-22529
-13547
-2464
8071
15531
18124
15240
7608
-2863
-13539
-21694
-25174
-22923
-15258
-3804
8879
19903
26744
27847
23008
13430
1444
-10040
-18230
-21115
-17953
-9452
2389
14751
24660
29696
28562
21402
9768
-3740
-16081
-24488
-27110
-23450
-14470
-2370
9933
19489
23995
22337
14836
3174
-10002
-21698
-29260
-30980
-26482
-16796
-4110
8737
18907
24204
23562
17269
6882
-5141
-16010
-23227
-25144
-21317
-12579
-836
11371
21439
27272
27724
22829
13764
2566
-8328
-16611
-20598
-19566
-13876
-4870
5444
14830
21300
23513
21037
14409
4991
-5321
-14505
-20812
-23111
-21086
-15278
-6950
2178
10279
15767
17601
15467
9822
1797
-7032
-14943
-20394
-22308
-20275
-14624
-6366
2997
11743
18255
21326
20385
15618
7946
-1143
-9863
-16470
-19603
-18552
-13416
-5102
4831
14468
21899
25605
24765
19436
10561
-202
-10793
-19159
-23661
-23411
-18457
-9790
852
11321
19489
23676
22989
17506
8259
-2970
-14002
-22701
-27390
-27185
-22159
-13316
-2383
8538
17386
22537
23111
19117
11435
1619
-8414
-16757
-21866
-22839
-19557
-12675
-3479
6373
15156
21389
24077
22861
18059
10579
1745
-6935
-14023
-18380
-19340
-16806
-11247
-3621
4785
12557
18379
21238
20593
16466
9452
634
-8577
-16669
-22278
-24419
-22671
-17266
-9070
547
9934
17446
21735
21998
18136
10784
1216
-8878
-17691
-23626
-25585
-23172
-16768
-7458
3158
13264
21146
25502
25659
21680
14337
4956
-4831
-13373
-19282
-21658
-20214
-15302
-7819
962
9610
16770
21364
22742
20752
15744
8489
60
-8328
-15489
-20425
-22454
-21302
-17139
-10562
-2517
5819
13200
18490
20833
19793
15444
8376
-370
-9452
-17427
-22985
-25167
-23534
-18256
-10098
-306
9595
18051
23738
25781
23899
18445
10342
916
-8328
-15950
-20809
-22233
-20100
-14836
-7317
1280
9676
16676
21335
23071
21720
17531
11107
3316
-4831
-12303
-18167
-21692
-22436
-20294
-15522
-8715
-749
7315
14367
19391
21614
20635
16499
9718
1216
-7793
-15984
-22118
-25243
-24846
-20941
-14071
-5225
4317
13185
20136
24233
24981
22385
16923
9452
1064
-7079
-13917
-18615
-20664
-19908
-16541
-11055
-4160
3299
10441
16433
20571
22346
21500
18059
12350
4978
-3219
-11256
-18121
-22898
-24907
-23810
-19683
-13021
-4692
4186
12397
18810
22546
23111
20461
15010
7549
-873
-9116
-16108
-20992
-23227
-22631
-19380
-13947
-7025
575
8021
14540
19489
22393
22979
21192
17198
11380
4318
-3252
-10500
-16581
-20738
-22403
-21287
-17441
-11278
-3530
4831
12726
19119
23164
24330
22475
17858
11093
3053
-5263
-12871
-18928
-22826
-24245
-23158
-19803
-14624
-8203
-1193
5740
11965
16925
20162
21356
20348
17173
12078
5526
-1827
-9185
-15695
-20553
-23111
-22980
-20099
-14756
-7561
632
8844
16108
21593
24718
25209
23119
18786
12774
5772
-1491
-8328
-14156
-18525
-21131
-21815
-20554
-17456
-12759
-6829
-157
6661
12962
18074
21393
22467
21073
17269
11407
4108
-3815
-11459
-17953
-22575
-24845
-24580
-21894
-17166
-10967
-3970
3141
9741
15316
19489
22014
22770
21741
19008
14749
9242
2876
-3856
-10372
-16048
-20279
-22562
-22571
-20219
-15695
-9452
-2160
5382
12349
18005
21791
23390
22743
20034
15633
10027
3752
-2675
-8791
-14203
-18591
-21694
-23307
-23278
-21529
-18082
-13090
-6866
124
7279
13920
19371
23050
24552
23716
20646
15704
9452
2566
-4252
-10371
-15295
-18702
-20448
-20539
-19094
-16300
-12377
-7562
-2112
3683
9486
14901
19489
22805
24451
24142
21768
17438
11484
4439
-3027
-10196
-16398
-21097
-23949
-24833
-23833
-21195
-17269
-12441
-7082
-1521
3964
9127
13732
17535
20273
21685
21548
19726
16225
11226
5098
-1631
-8328
-14339
-19077
-22108
-23198
-22340
-19731
-15719
-10741
-5241
379
5798
10778
15145
18756
21466
23111
23512
22505
19986
15959
10586
4196
-2727
-9595
-15790
-20750
-24052
-25465
-24976
-22770
-19180
-14624
-9523
-4248
917
5776
10197
14077
17297
19700
21088
21249
20007
17276
13115
7755
1596
-4831
-10938
-16157
-20031
-22272
-22793
-21697
-19237
-15748
-11578
-7027
-2319
2403
7049
11537
15747
19489
22499
24467
25085
24121
21478
17245
11701
5294
-1425
-7882
-13568
-18106
-21295
-23105
-23647
-23111
-21701
-19579
-16838
-13498
-9548
-4992
89
5505
10937
15966
20131
23004
24269
23789
21632
18059
13479
8369
3188
-1692
-6031
-9732
-12810
-15333
-17361
-18889
-19825
-19992
-19174
-17181
-13920
-9452
-4016
1983
8031
13586
18168
21437
23239
23614
22759
20961
18517
15660
12521
9114
5374
1216
-3394
-8381
-13521
-18461
-22755
-25952
-27680
-27728
-26088
-22961
-18716
-13812
-8707
-3772
764
4831
8490
11867
15078
18157
21005
23396
25007
25498
24600
22191
18354
13373
7699
1865
-3613
-8328
-12050
-14744
-16547
-17693
-18431
-18934
-19241
-19243
-18710
-17367
-14982
-11457
-6883
-1553
4073
9452
14062
17506
19582
20313
19919
18745
17163
15467
13805
12147
10313
8037
5073
1287
-3267
-8328
-13456
-18116
-21785
-24065
-24768
-23951
-21896
-19028
-15815
-12647
-9751
-7146
-4666
-2023
1077
4831
9250
14115
19011
23395
26721
28561
28704
27204
24367
20675
16664
12802
9378
6445
3833
1216
-1772
-5409
-9781
-14721
-19828
-24540
-28256
-30482
-30944
-29657
-26921
-23245
-19226
-15398
-12111
-9452
-7239
-5094
-2565
728
4965
10045
15584
20986
25578
28767
30179
29755
27760
24720
21282
18059
15470
13644
12393
11282
9753
7294
3603
-1312
-7104
-13150
-18690
-23005
-25590
-26278
-25276
-23111
-20490
-18120
-16519
-15885
-16045
-16506
-16589
-15621
-13129
-8982
-3453
2828
9013
14239
17836
19489
19316
17833
15814
14091
13329
13846
15527
17844
19995
21112
20496
17815
13207
7266
912
-4831
-9088
-11343
-11577
-10263
-8243
-6510
-5936
-7044
-9852
-13860
-18163
-21681
-23433
-22803
-19704
-14624
-8515
-2563
2101
4690
4961
3277
517
-2150
-3571
-2915
95
5096
11155
16996
21313
23111
21957
18111
12473
6364
1202
-1858
-2218
0
3978
8403
11804
12923
11061
6263
-661
-8328
-15110
-19547
-20709
-18446
-13439
-7038
-933
3268
4451
2288
-2670
-9109
-15281
-19436
-20270
-17269
-10860
-2323
6503
13675
17624
17552
13646
7044
-438
-6748
-10116
-9502
-4874
2766
11612
19489
24393
24992
20975
13146
3247
-6453
-13713
-16874
-15271
-9419
-894
8039
14981
17991
16075
9452
-484
-11483
-20977
-26708
-27284
-22529
-13547
-2464
8071
15531
18124
15240
7608
-2863
-13539
-21694
-25174
-22923
-15258
-3804
8879
19903
26744
27847
23008
13430
1444
-10040
-18230
-21115
-17953
-9452
2389
14751
24660
29696
28562
21402
9768
-3740
-16081
-24488
-27110
-23450
-14470
-2370
9933
19489
23995
22337
14836
3174
-10002
-21698
-29260
-30980
-26482
-16796
-4110
8737
18907
24204
23562
17269
6882
-5141
-16010
-23227
-25144
-21317
-12579
-836
11371
21439
27272
27724
22829
13764
2566
-8328
-16611
-20598
-19566
-13876
-4870
5444
14830
21300
23513
21037
14409
4991
-5321
-14505
-20812
-23111
-21086
-15278
-6950
2178
10279
15767
17601
15467
9822
1797
-7032
-14943
-20394
-22308
-20275
-14624
-6366
2997
11743
18255
21326
20385
15618
7946
-1143
-9863
-16470
-19603
-18552
-13416
-5102
4831
14468
21899
25605
24765
19436
10561
-202
-10793
-19159
-23661
-23411
-18457
-9790
852
11321
19489
23676
22989
17506
8259
-2970
-14002
-22701
-27390
-27185
-22159
-13316
-2383
8538
17386
22537
23111
19117
11435
1619
-8414
-16757
-21866
-22839
-19557
-12675
-3479
6373
15156
21389
24077
22861
18059
10579
1745
-6935
-14023
-18380
-19340
-16806
-11247
-3621
4785
12557
18379
21238
20593
16466
9452
634
-8577
-16669
-22278
-24419
-22671
-17266
-9070
547
9934
17446
21735
21998
18136
10784
1216
-8878
-17691
-23626
-25585
-23172
-16768
-7458
3158
13264
21146
25502
25659
21680
14337
4956
-4831
-13373
-19282
-21658
-20214
-15302
-7819
962
9610
16770
21364
22742
20752
15744
8489
60
-8328
-15489
-20425
-22454
-21302
-17139
-10562
-2517
5819
13200
18490
20833
19793
15444
8376
-370
-9452
-17427
-22985
-25167
-23534
-18256
-10098
-306
9595
18051
23738
25781
23899
18445
10342
916
-8328
-15950
-20809
-22233
-20100
-14836
-7317
1280
9676
16676
21335
23071
21720
17531
11107
3316
-4831
-12303
-18167
-21692
-22436
-20294
-15522
-8715
-749
7315
14367
19391
21614
20635
16499
9718
1216
-7793
-15984
-22118
-25243
-24846
-20941
-14071
-5225
4317
13185
20136
24233
24981
22385
16923
9452
1064
-7079
-13917
-18615
-20664
-19908
-16541
-11055
-4160
3299
10441
16433
20571
22346
21500
18059
12350
4978
-3219
-11256
-18121
-22898
-24907
-23810
-19683
-13021
-4692
4186
12397
18810
22546
23111
20461
15010
7549
-873
-9116
-16108
-20992
-23227
-22631
-19380
-13947
-7025
575
8021
14540
19489
22393
22979
21192
17198
11380
4318
-3252
-10500
-16581
-20738
-22403
-21287
-17441
-11278
-3530
4831
12726
19119
23164
24330
22475
17858
11093
3053
-5263
-12871
-18928
-22826
-24245
-23158
-19803
-14624
-8203
-1193
5740
11965
16925
20162
21356
20348
17173
12078
5526
-1827
-9185
-15695
-20553
-23111
-22980
-20099
-14756
-7561
632
8844
16108
21593
24718
25209
23119
18786
12774
5772
-1491
-8328
-14156
-18525
-21131
-21815
-20554
-17456
-12759
-6829
-157
6661
12962
18074
21393
22467
21073
17269
11407
4108
-3815
-11459
-17953
-22575
-24845
-24580
-21894
-17166
-10967
-3970
3141
9741
15316
19489
22014
22770
21741
19008
14749
9242
2876
-3856
-10372
-16048
-20279
-22562
-22571
-20219
-15695
-9452
-2160
5382
12349
18005
21791
23390
22743
20034
15633
10027
3752
-2675
-8791
-14203
-18591
-21694
-23307
-23278
-21529
-18082
-13090
-6866
124
7279
13920
19371
23050
24552
23716
20646
15704
9452
2566
-4252
-10371
-15295
-18702
-20448
-20539
-19094
-16300
-12377
-7562
-2112
3683
9486
14901
19489
22805
24451
24142
21768
17438
11484
4439
-3027
-10196
-16398
-21097
-23949
-24833
-23833
-21195
-17269
-12441
-7082
-1521
3964
9127
13732
17535
20273
21685
21548
19726
16225
11226
5098
-1631
-8328
-14339
-19077
-22108
-23198
-22340
-19731
-15719
-10741
-5241
379
5798
10778
15145
18756
21466
23111
23512
22505
19986
15959
10586
4196
-2727
-9595
-15790
-20750
-24052
-25465
-24976
-22770
-19180
-14624
-9523
-4248
917
5776
10197
14077
17297
19700
21088
21249
20007
17276
13115
7755
1596
-4831
-10938
-16157
-20031
-22272
-22793
-21697
-19237
-15748
-11578
-7027
-2319
2403
7049
11537
15747
19489
22499
24467
25085
24121
21478
17245
11701
5294
-1425
-7882
-13568
-18106
-21295
-23105
-23647
-23111
-21701
-19579
-16838
-13498
-9548
-4992
89
5505
10937
15966
20131
23004
24269
23789
21632
18059
13479
8369
3188
-1692
-6031
-9732
-12810
-15333
-17361
-18889
-19825
-19992
-19174
-17181
-13920
-9452
-4016
1983
8031
13586
18168
21437
23239
23614
22759
20961
18517
15660
12521
9114
5374
1216
-3394
-8381
-13521
-18461
-22755
-25952
-27680
-27728
-26088
-22961
-18716
-13812
-8707
-3772
764
4831
8490
11867
15078
18157
21005
23396
25007
25498
24600
22191
18354
13373
7699
1865
-3613
-8328
-12050
-14744
-16547
-17693
-18431
-18934
-19241
-19243
-18710
-17367
-14982
-11457
-6883
-1553
4073
9452
14062
17506
19582
20313
19919
18745
17163
15467
13805
12147
10313
8037
5073
1287
-3267
-8328
-13456
-18116
-21785
-24065
-24768
-23951
-21896
-19028
-15815
-12647
-9751
-7146
-4666
-2023
1077
4831
9250
14115
19011
23395
26721
28561
28704
27204
24367
20675
16664
12802
9378
6445
3833
1216
-1772
-5409
-9781
-14721
-19828
-24540
-28256
-30482
-30944
-29657
-26921
-23245
-19226
-15398
-12111
-9452
-7239
-5094
-2565
728
4965
10045
15584
20986
25578
28767
30179
29755
27760
24720
21282
18059
15470
13644
12393
11282
9753
7294
3603
-1312
-7104
-13150
-18690
-23005
-25590
-26278
-25276
-23111
-20490
-18120
-16519
-15885
-16045
-16506
-16589
-15621
-13129
-8982
-3453
2828
9013
14239
17836
19489
19316
17833
15814
14091
13329
13846
15527
17844
19995
21112
20496
17815
13207
7266
912
-4831
-9088
-11343
-11577
-10263
-8243
-6510
-5936
-7044
-9852
-13860
-18163
-21681
-23433
-22803
-19704
-14624
-8515
-2563
2101
4690
4961
3277
517
-2150
-3571
-2915
95
5096
11155
16996
21313
23111
21957
18111
12473
6364
1202
-1858
-2218
0
3978
8403
11804
12923
11061
6263
-661
-8328
-15110
-19547
-20709
-18446
-13439
-7038
-933
3268
4451
2288
-2670
-9109
-15281
-19436
-20270
-17269
-10860
-2323
6503
13675
17624
17552
13646
7044
-438
-6748
-10116
-9502
-4874
2766
11612
19489
24393
24992
20975
13146
3247
-6453
-13713
-16874
-15271
-9419
-894
8039
14981
17991
16075
9452
-484
-11483
-20977
-26708
-27284
-22529
-13547
-2464
8071
15531
18124
15240
7608
-2863
-13539
-21694
-25174
-22923
-15258
-3804
8879
19903
26744
27847
23008
13430
1444
-10040
-18230
-21115
-17953
-9452
2389
14751
24660
29696
28562
21402
9768
-3740
-16081
-24488
-27110
-23450
-14470
-2370
9933
19489
23995
22337
14836
3174
-10002
-21698
-29260
-30980
-26482
-16796
-4110
8737
18907
24204
23562
17269
6882
-5141
-16010
-23227
-25144
-21317
-12579
-836
11371
21439
27272
27724
22829
13764
2566
-8328
-16611
-20598
-19566
-13876
-4870
5444
14830
21300
23513
21037
14409
4991
-5321
-14505
-20812
-23111
-21086
-15278
-6950
2178
10279
15767
17601
15467
9822
1797
-7032
-14943
-20394
-22308
-20275
-14624
-6366
2997
11743
18255
21326
20385
15618
7946
-1143
-9863
-16470
-19603
-18552
-13416
-5102
4831
14468
21899
25605
24765
19436
10561
-202
-10793
-19159
-23661
-23411
-18457
-9790
852
11321
19489
23676
22989
17506
8259
-2970
-14002
-22701
-27390
-27185
-22159
-13316
-2383
8538
17386
22537
23111
19117
11435
1619
-8414
-16757
-21866
-22839
-19557
-12675
-3479
6373
15156
21389
24077
22861
18059
10579
1745
-6935
-14023
-18380
-19340
-16806
-11247
-3621
4785
12557
18379
21238
20593
16466
9452
634
-8577
-16669
-22278
-24419
-22671
-17266
-9070
547
9934
17446
21735
21998
18136
10784
1216
-8878
-17691
-23626
-25585
-23172
-16768
-7458
3158
13264
21146
25502
25659
21680
14337
4956
-4831
-13373
-19282
-21658
-20214
-15302
-7819
962
9610
16770
21364
22742
20752
15744
8489
60
-8328
-15489
-20425
-22454
-21302
-17139
-10562
-2517
5819
13200
18490
20833
19793
15444
8376
-370
-9452
-17427
-22985
-25167
-23534
-18256
-10098
-306
9595
18051
23738
25781
23899
18445
10342
916
-8328
-15950
-20809
-22233
-20100
-14836
-7317
1280
9676
16676
21335
23071
21720
17531
11107
3316
-4831
-12303
-18167
-21692
-22436
-20294
-15522
-8715
-749
7315
14367
19391
21614
20635
16499
9718
1216
-7793
-15984
-22118
-25243
-24846
-20941
-14071
-5225
4317
13185
20136
24233
24981
22385
16923
9452
1064
-7079
-13917
-18615
-20664
-19908
-16541
-11055
-4160
3299
10441
16433
20571
22346
21500
18059
12350
4978
-3219
-11256
-18121
-22898
-24907
-23810
-19683
-13021
-4692
4186
12397
18810
22546
23111
20461
15010
7549
-873
-9116
-16108
-20992
-23227
-22631
-19380
-13947
-7025
575
8021
14540
19489
22393
22979
21192
17198
11380
4318
-3252
-10500
-16581
-20738
-22403
-21287
-17441
-11278
-3530
4831
12726
19119
23164
24330
22475
17858
11093
3053
-5263
-12871
-18928
-22826
-24245
-23158
-19803
-14624
-8203
-1193
5740
11965
16925
20162
21356
20348
17173
12078
5526
-1827
-9185
-15695
-20553
-23111
-22980
-20099
-14756
-7561
632
8844
16108
21593
24718
25209
23119
18786
12774
5772
-1491
-8328
-14156
-18525
-21131
-21815
-20554
-17456
-12759
-6829
-157
6661
12962
18074
21393
22467
21073
17269
11407
4108
-3815
-11459
-17953
-22575
-24845
-24580
-21894
-17166
-10967
-3970
3141
9741
15316
19489
22014
22770
21741
19008
14749
9242
2876
-3856
-10372
-16048
-20279
-22562
-22571
-20219
-15695
-9452
-2160
5382
12349
18005
21791
23390
22743
20034
15633
10027
3752
-2675
-8791
-14203
-18591
-21694
-23307
-23278
-21529
-18082
-13090
-6866
124
7279
13920
19371
23050
24552
23716
20646
15704
9452
2566
-4252
-10371
-15295
-18702
-20448
-20539
-19094
-16300
-12377
-7562
-2112
3683
9486
14901
19489
22805
24451
24142
21768
17438
11484
4439
-3027
-10196
-16398
-21097
-23949
-24833
-23833
-21195
-17269
-12441
-7082
-1521
3964
9127
13732
17535
20273
21685
21548
19726
16225
11226
5098
-1631
-8328
-14339
-19077
-22108
-23198
-22340
-19731
-15719
-10741
-5241
379
5798
10778
15145
18756
21466
23111
23512
22505
19986
15959
10586
4196
-2727
-9595
-15790
-20750
-24052
-25465
-24976
-22770
-19180
-14624
-9523
-4248
917
5776
10197
14077
17297
19700
21088
21249
20007
17276
13115
7755
1596
-4831
-10938
-16157
-20031
-22272
-22793
-21697
-19237
-15748
-11578
-7027
-2319
2403
7049
11537
15747
19489
22499
24467
25085
24121
21478
17245
11701
5294
-1425
-7882
-13568
-18106
-21295
-23105
-23647
-23111
-21701
-19579
-16838
-13498
-9548
-4992
89
5505
10937
15966
20131
23004
24269
23789
21632
18059
13479
8369
3188
-1692
-6031
-9732
-12810
-15333
-17361
-18889
-19825
-19992
-19174
-17181
-13920
-9452
-4016
1983
8031
13586
18168
21437
23239
23614
22759
20961
18517
15660
12521
9114
5374
1216
-3394
-8381
-13521
-18461
-22755
-25952
-27680
-27728
-26088
-22961
-18716
-13812
-8707
-3772
764
4831
8490
11867
15078
18157
21005
23396
25007
25498
24600
22191
18354
13373
7699
1865
-3613
-8328
-12050
-14744
-16547
-17693
-18431
-18934
-19241
-19243
-18710
-17367
-14982
-11457
-6883
-1553
4073
9452
14062
17506
19582
20313
19919
18745
17163
15467
13805
12147
10313
8037
5073
1287
-3267
-8328
-13456
-18116
-21785
-24065
-24768
-23951
-21896
-19028
-15815
-12647
-9751
-7146
-4666
-2023
1077
4831
9250
14115
19011
23395
26721
28561
28704
27204
24367
20675
16664
12802
9378
6445
3833
1216
-1772
-5409
-9781
-14721
-19828
-24540
-28256
-30482
-30944
-29657
-26921
-23245
-19226
-15398
-12111
-9452
-7239
-5094
-2565
728
4965
10045
15584
20986
25578
28767
30179
29755
27760
24720
21282
18059
15470
13644
12393
11282
9753
7294
3603
-1312
-7104
-13150
-18690
-23005
-25590
-26278
-25276
-23111
-20490
-18120
-16519
-15885
-16045
-16506
-16589
-15621
-13129
-8982
-3453
2828
9013
14239
17836
19489
19316
17833
15814
14091
13329
13846
15527
17844
19995
21112
20496
17815
13207
7266
912
-4831
-9088
-11343
-11577
-10263
-8243
-6510
-5936
-7044
-9852
-13860
-18163
-21681
-23433
-22803
-19704
-14624
-8515
-2563
2101
4690
4961
3277
517
-2150
-3571
-2915
95
5096
11155
16996
21313
23111
21957
18111
12473
6364
1202
-1858
-2218
0
3978
8403
11804
12923
11061
6263
-661
-8328
-15110
-19547
-20709
-18446
-13439
-7038
-933
3268
4451
2288
-2670
-9109
-15281
-19436
-20270
17269
10860
2323
-6503
-13675
-17624
-17552
-13646
-7044
438
6748
10116
9502
4874
-2766
-11612
-19489
-24393
-24992
-20975
-13146
-3247
6453
13713
16874
15271
9419
894
-8039
-14981
-17991
-16075
-9452
484
11483
20977
26708
27284
22529
13547
2464
-8071
-15531
-18124
-15240
-7608
2863
13539
21694
25174
22923
15258
3804
-8879
-19903
-26744
-27847
-23008
-13430
-1444
10040
18230
21115
17953
9452
-2389
-14751
-24660
-29696
-28562
-21402
-9768
3740
16081
24488
27110
23450
14470
2370
-9933
-19489
-23995
-22337
-14836
-3174
10002
21698
29260
30980
26482
16796
4110
-8737
-18907
-24204
-23562
-17269
-6882
5141
16010
23227
25144
21317
12579
836
-11371
-21439
-27272
-27724
-22829
-13764
-2566
8328
16611
20598
19566
13876
4870
-5444
-14830
-21300
-23513
-21037
-14409
-4991
5321
14505
20812
23111
21086
15278
6950
-2178
-10279
-15767
-17601
-15467
-9822
-1797
7032
14943
20394
22308
20275
14624
6366
-2997
-11743
-18255
-21326
-20385
-15618
-7946
1143
9863
16470
19603
18552
13416
5102
-4831
-14468
-21899
-25605
-24765
-19436
-10561
202
10793
19159
23661
23411
18457
9790
-852
-11321
-19489
-23676
-22989
-17506
-8259
2970
14002
22701
27390
27185
22159
13316
2383
-8538
-17386
-22537
-23111
-19117
-11435
-1619
8414
16757
21866
22839
19557
12675
3479
-6373
-15156
-21389
-24077
-22861
-18059
-10579
-1745
6935
14023
18380
19340
16806
11247
3621
-4785
-12557
-18379
-21238
-20593
-16466
-9452
-634
8577
16669
22278
24419
22671
17266
9070
-547
-9934
-17446
-21735
-21998
-18136
-10784
-1216
8878
17691
23626
25585
23172
16768
7458
-3158
-13264
-21146
-25502
-25659
-21680
-14337
-4956
4831
13373
19282
21658
20214
15302
7819
-962
-9610
-16770
-21364
-22742
-20752
-15744
-8489
-60
8328
15489
20425
22454
21302
17139
10562
2517
-5819
-13200
-18490
-20833
-19793
-15444
-8376
370
9452
17427
22985
25167
23534
18256
10098
306
-9595
-18051
-23738
-25781
-23899
-18445
-10342
-916
8328
15950
20809
22233
20100
14836
7317
-1280
-9676
-16676
-21335
-23071
-21720
-17531
-11107
-3316
4831
12303
18167
21692
22436
20294
15522
8715
749
-7315
-14367
-19391
-21614
-20635
-16499
-9718
-1216
7793
15984
22118
25243
24846
20941
14071
5225
-4317
-13185
-20136
-24233
-24981
-22385
-16923
-9452
-1064
7079
13917
18615
20664
19908
16541
11055
4160
-3299
-10441
-16433
-20571
-22346
-21500
-18059
-12350
-4978
3219
11256
18121
22898
24907
23810
19683
13021
4692
-4186
-12397
-18810
-22546
-23111
-20461
-15010
-7549
873
9116
16108
20992
23227
22631
19380
13947
7025
-575
-8021
-14540
-19489
-22393
-22979
-21192
-17198
-11380
-4318
3252
10500
16581
20738
22403
21287
17441
11278
3530
-4831
-12726
-19119
-23164
-24330
-22475
-17858
-11093
-3053
5263
12871
18928
22826
24245
23158
19803
14624
8203
1193
-5740
-11965
-16925
-20162
-21356
-20348
-17173
-12078
-5526
1827
9185
15695
20553
23111
22980
20099
14756
7561
-632
-8844
-16108
-21593
-24718
-25209
-23119
-18786
-12774
-5772
1491
8328
14156
18525
21131
21815
20554
17456
12759
6829
157
-6661
-12962
-18074
-21393
-22467
-21073
-17269
-11407
-4108
3815
11459
17953
22575
24845
24580
21894
17166
10967
3970
-3141
-9741
-15316
-19489
-22014
-22770
-21741
-19008
-14749
-9242
-2876
3856
10372
16048
20279
22562
22571
20219
15695
9452
2160
-5382
-12349
-18005
-21791
-23390
-22743
-20034
-15633
-10027
-3752
2675
8791
14203
18591
21694
23307
23278
21529
18082
13090
6866
-124
-7279
-13920
-19371
-23050
-24552
-23716
-20646
-15704
-9452
-2566
4252
10371
15295
18702
20448
20539
19094
16300
12377
7562
2112
-3683
-9486
-14901
-19489
-22805
-24451
-24142
-21768
-17438
-11484
-4439
3027
10196
16398
21097
23949
24833
23833
21195
17269
12441
7082
1521
-3964
-9127
-13732
-17535
-20273
-21685
-21548
-19726
-16225
-11226
-5098
1631
8328
14339
19077
22108
23198
22340
19731
15719
10741
5241
-379
-5798
-10778
-15145
-18756
-21466
-23111
-23512
-22505
-19986
-15959
-10586
-4196
2727
9595
15790
20750
24052
25465
24976
22770
19180
14624
9523
4248
-917
-5776
-10197
-14077
-17297
-19700
-21088
-21249
-20007
-17276
-13115
-7755
-1596
4831
10938
16157
20031
22272
22793
21697
19237
15748
11578
7027
2319
-2403
-7049
-11537
-15747
-19489
-22499
-24467
-25085
-24121
-21478
-17245
-11701
-5294
1425
7882
13568
18106
21295
23105
23647
23111
21701
19579
16838
13498
9548
4992
-89
-5505
-10937
-15966
-20131
-23004
-24269
-23789
-21632
-18059
-13479
-8369
-3188
1692
6031
9732
12810
15333
17361
18889
19825
19992
19174
17181
13920
9452
4016
-1983
-8031
-13586
-18168
-21437
-23239
-23614
-22759
-20961
-18517
-15660
-12521
-9114
-5374
-1216
3394
8381
13521
18461
22755
25952
27680
27728
26088
22961
18716
13812
8707
3772
-764
-4831
-8490
-11867
-15078
-18157
-21005
-23396
-25007
-25498
-24600
-22191
-18354
-13373
-7699
-1865
3613
8328
12050
14744
16547
17693
18431
18934
19241
19243
18710
17367
14982
11457
6883
1553
-4073
-9452
-14062
-17506
-19582
-20313
-19919
-18745
-17163
-15467
-13805
-12147
-10313
-8037
-5073
-1287
3267
8328
13456
18116
21785
24065
24768
23951
21896
19028
15815
12647
9751
7146
4666
2023
-1077
-4831
-9250
-14115
-19011
-23395
-26721
-28561
-28704
-27204
-24367
-20675
-16664
-12802
-9378
-6445
-3833
-1216
1772
5409
9781
14721
19828
24540
28256
30482
30944
29657
26921
23245
19226
15398
12111
9452
7239
5094
2565
-728
-4965
-10045
-15584
-20986
-25578
-28767
-30179
-29755
-27760
-24720
-21282
-18059
-15470
-13644
-12393
-11282
-9753
-7294
-3603
1312
7104
13150
18690
23005
25590
26278
25276
23111
20490
18120
16519
15885
16045
16506
16589
15621
13129
8982
3453
-2828
-9013
-14239
-17836
-19489
-19316
-17833
-15814
-14091
-13329
-13846
-15527
-17844
-19995
-21112
-20496
-17815
-13207
-7266
-912
4831
9088
11343
11577
10263
8243
6510
5936
7044
9852
13860
18163
21681
23433
22803
19704
14624
8515
2563
-2101
-4690
-4961
-3277
-517
2150
3571
2915
-95
-5096
-11155
-16996
-21313
-23111
-21957
-18111
-12473
-6364
-1202
1858
2218
0
-3978
-8403
-11804
-12923
-11061
-6263
661
8328
15110
19547
20709
18446
13439
7038
933
-3268
-4451
-2288
2670
9109
15281
19436
20270
-17269
-10860
-2323
6503
13675
17624
17552
13646
7044
-438
-6748
-10116
-9502
-4874
2766
11612
19489
24393
24992
20975
13146
3247
-6453
-13713
-16874
-15271
-9419
-894
8039
14981
17991
16075
9452
-484
-11483
-20977
-26708
-27284
-22529
-13547
-2464
8071
15531
18124
15240
7608
-2863
-13539
-21694
-25174
-22923
-15258
-3804
8879
19903
26744
27847
23008
13430
1444
-10040
-18230
-21115
-17953
-9452
2389
14751
24660
29696
28562
21402
9768
-3740
-16081
-24488
-27110
-23450
-14470
-2370
9933
19489
23995
22337
14836
3174
-10002
-21698
-29260
-30980
-26482
-16796
-4110
8737
18907
24204
23562
17269
6882
-5141
-16010
-23227
-25144
-21317
-12579
-836
11371
21439
27272
27724
22829
13764
2566
-8328
-16611
-20598
-19566
-13876
-4870
5444
14830
21300
23513
21037
14409
4991
-5321
-14505
-20812
-23111
-21086
-15278
-6950
2178
10279
15767
17601
15467
9822
1797
-7032
-14943
-20394
-22308
-20275
-14624
-6366
2997
11743
18255
21326
20385
15618
7946
-1143
-9863
-16470
-19603
-18552
-13416
-5102
4831
14468
21899
25605
24765
19436
10561
-202
-10793
-19159
-23661
-23411
-18457
-9790
852
11321
19489
23676
22989
17506
8259
-2970
-14002
-22701
-27390
-27185
-22159
-13316
-2383
8538
17386
22537
23111
19117
11435
1619
-8414
-16757
-21866
-22839
-19557
-12675
-3479
6373
15156
21389
24077
22861
18059
10579
1745
-6935
-14023
-18380
-19340
-16806
-11247
-3621
4785
12557
18379
21238
20593
16466
9452
634
-8577
-16669
-22278
-24419
-22671
-17266
-9070
547
9934
17446
21735
21998
18136
10784
1216
-8878
-17691
-23626
-25585
-23172
-16768
-7458
3158
13264
21146
25502
25659
21680
14337
4956
-4831
-13373
-19282
-21658
-20214
-15302
-7819
962
9610
16770
21364
22742
20752
15744
8489
60
-8328
-15489
-20425
-22454
-21302
-17139
-10562
-2517
5819
13200
18490
20833
19793
15444
8376
-370
-9452
-17427
-22985
-25167
-23534
-18256
-10098
-306
9595
18051
23738
25781
23899
18445
10342
916
-8328
-15950
-20809
-22233
-20100
-14836
-7317
1280
9676
16676
21335
23071
21720
17531
11107
3316
-4831
-12303
-18167
-21692
-22436
-20294
-15522
-8715
-749
7315
14367
19391
21614
20635
16499
9718
1216
-7793
-15984
-22118
-25243
-24846
-20941
-14071
-5225
4317
13185
20136
24233
24981
22385
16923
9452
1064
-7079
-13917
-18615
-20664
-19908
-16541
-11055
-4160
3299
10441
16433
20571
22346
21500
18059
12350
4978
-3219
-11256
-18121
-22898
-24907
-23810
-19683
-13021
-4692
4186
12397
18810
22546
23111
20461
15010
7549
-873
-9116
-16108
-20992
-23227
-22631
-19380
-13947
-7025
575
8021
14540
19489
22393
22979
21192
17198
11380
4318
-3252
-10500
-16581
-20738
-22403
-21287
-17441
-11278
-3530
4831
12726
19119
23164
24330
22475
17858
11093
3053
-5263
-12871
-18928
-22826
-24245
-23158
-19803
-14624
-8203
-1193
5740
11965
16925
20162
21356
20348
17173
12078
5526
-1827
-9185
-15695
-20553
-23111
-22980
-20099
-14756
-7561
632
8844
16108
21593
24718
25209
23119
18786
12774
5772
-1491
-8328
-14156
-18525
-21131
-21815
-20554
-17456
-12759
-6829
-157
6661
12962
18074
21393
22467
21073
17269
11407
4108
-3815
-11459
-17953
-22575
-24845
-24580
-21894
-17166
-10967
-3970
3141
9741
15316
19489
22014
22770
21741
19008
14749
9242
2876
-3856
-10372
-16048
-20279
-22562
-22571
-20219
-15695
-9452
-2160
5382
12349
18005
21791
23390
22743
20034
15633
10027
3752
-2675
-8791
-14203
-18591
-21694
-23307
-23278
-21529
-18082
-13090
-6866
124
7279
13920
19371
23050
24552
23716
20646
15704
9452
2566
-4252
-10371
-15295
-18702
-20448
-20539
-19094
-16300
-12377
-7562
-2112
3683
9486
14901
19489
22805
24451
24142
21768
17438
11484
4439
-3027
-10196
-16398
-21097
-23949
-24833
-23833
-21195
-17269
-12441
-7082
-1521
3964
9127
13732
17535
20273
21685
21548
19726
16225
11226
5098
-1631
-8328
-14339
-19077
-22108
-23198
-22340
-19731
-15719
-10741
-5241
379
5798
10778
15145
18756
21466
23111
23512
22505
19986
15959
10586
4196
-2727
-9595
-15790
-20750
-24052
-25465
-24976
-22770
-19180
-14624
-9523
-4248
917
5776
10197
14077
17297
19700
21088
21249
20007
17276
13115
7755
1596
-4831
-10938
-16157
-20031
-22272
-22793
-21697
-19237
-15748
-11578
-7027
-2319
2403
7049
11537
15747
19489
22499
24467
25085
24121
21478
17245
11701
5294
-1425
-7882
-13568
-18106
-21295
-23105
-23647
-23111
-21701
-19579
-16838
-13498
-9548
-4992
89
5505
10937
15966
20131
23004
24269
23789
21632
18059
13479
8369
3188
-1692
-6031
-9732
-12810
-15333
-17361
-18889
-19825
-19992
-19174
-17181
-13920
-9452
-4016
1983
8031
13586
18168
21437
23239
23614
22759
20961
18517
15660
12521
9114
5374
1216
-3394
-8381
-13521
-18461
-22755
-25952
-27680
-27728
-26088
-22961
-18716
-13812
-8707
-3772
764
4831
8490
11867
15078
18157
21005
23396
25007
25498
24600
22191
18354
13373
7699
1865
-3613
-8328
-12050
-14744
-16547
-17693
-18431
-18934
-19241
-19243
-18710
-17367
-14982
-11457
-6883
-1553
4073
9452
14062
17506
19582
20313
19919
18745
17163
15467
13805
12147
10313
8037
5073
1287
-3267
-8328
-13456
-18116
-21785
-24065
-24768
-23951
-21896
-19028
-15815
-12647
-9751
-7146
-4666
-2023
1077
4831
9250
14115
19011
23395
26721
28561
28704
27204
24367
20675
16664
12802
9378
6445
3833
1216
-1772
-5409
-9781
-14721
-19828
-24540
-28256
-30482
-30944
-29657
-26921
-23245
-19226
-15398
-12111
-9452
-7239
-5094
-2565
728
4965
10045
15584
20986
25578
28767
30179
29755
27760
24720
21282
18059
15470
13644
12393
11282
9753
7294
3603
-1312
-7104
-13150
-18690
-23005
-25590
-26278
-25276
-23111
-20490
-18120
-16519
-15885
-16045
-16506
-16589
-15621
-13129
-8982
-3453
2828
9013
14239
17836
19489
19316
17833
15814
14091
13329
13846
15527
17844
19995
21112
20496
17815
13207
7266
912
-4831
-9088
-11343
-11577
-10263
-8243
-6510
-5936
-7044
-9852
-13860
-18163
-21681
-23433
-22803
-19704
-14624
-8515
-2563
2101
4690
4961
3277
517
-2150
-3571
-2915
95
5096
11155
16996
21313
23111
21957
18111
12473
6364
1202
-1858
-2218
0
3978
8403
11804
12923
11061
6263
-661
-8328
-15110
-19547
-20709
-18446
-13439
-7038
-933
3268
4451
2288
-2670
-9109
-15281
-19436
-20270
0
0
0
0
0
0
0
0
0
0
0
0
0
0
0
0
0
0
0
0
0
0
0
0
0
0
0
0
0
0
0
0
0
0
0
0
0
0
0
0
0
0
0
0
0
0
0
0
0
0
0
0
0
0
0
0
0
0
0
0
0
0
0
0
0
0
0
0
0
0
0
0
0
0
0
0
0
0
0
0
0
0
0
0
0
0
0
0
0
0
0
0
0
0
0
0
0
0
0
0
0
0
0
0
0
0
0
0
0
0
0
0
0
0
0
0
0
0
0
0
0
0
0
0
0
0
0
0
0
0
0
0
0
0
0
0
0
0
0
0
0
0
0
0
0
0
0
0
0
0
0
0
0
0
0
0
0
0
0
0
0
0
0
0
0
0
0
0
0
0
0
0
0
0
0
0
0
0
0
0
0
0
0
0
0
0
0
0
0
0
0
0
0
0
0
0
0
0
0
0
0
0
0
0
0
0
0
0
0
0
0
0
0
0
0
0
0
0
0
0
0
0
0
0
0
0
0
0
0
0
0
0
0
0
0
0
0
0
0
0
0
0
0
0
0
0
0
0
0
0
0
0
0
0
0
0
0
0
0
0
0
0
0
0
0
0
0
0
0
0
0
0
0
0
0
0
0
0
0
0
0
0
0
0
0
0
0
0
0
0
0
0
0
0
0
0
0
0
0
0
0
0
0
0
0
0
0
0
0
0
0
0
0
0
0
0
0
0
0
0
0
0
0
0
0
0
0
0
0
0
0
0
0
0
0
0
0
0
0
0
0
0
0
0
0
0
0
0
0
0
0
0
0
0
0
0
0
0
0
0
0
0
0
0
0
0
0
0
0
0
0
0
0
0
0
0
0
0
0
0
0
0
0
0
0
0
0
0
0
0
0
0
0
0
0
0
0
0
0
0
0
0
0
0
0
0
0
0
0
0
0
0
0
0
0
0
0
0
0
0
0
0
0
0
0
0
0
0
0
0
0
0
0
0
0
0
0
0
0
0
0
0
0
0
0
0
0
0
0
0
0
0
0
0
0
0
0
0
0
0
0
0
0
0
0
0
0
0
0
0
0
0
0
0
0
0
0
0
0
0
0
0
0
0
0
0
0
0
0
0
0
0
0
0
0
0
0
0
0
0
0
0
0
0
0
0
0
0
0
0
0
0
0
0
0
0
0
0
0
0
0
0
0
0
0
0
0
0
0
0
0
0
0
0
0
0
0
0
0
0
0
0
0
0
0
0
0
0
0
0
0
0
0
0
0
0
0
0
0
0
0
0
0
0
0
0
0
0
0
0
0
0
0
0
0
0
0
0
0
0
0
0
0
0
0
0
0
0
0
0
0
0
0
0
0
0
0
0
0
0
0
0
0
0
0
0
0
0
0
0
0
0
0
0
0
0
0
0
0
0
0
0
0
0
0
0
0
0
0
0
0
0
0
0
0
0
0
0
0
0
0
0
0
0
0
0
0
0
0
0
0
0
0
0
0
0
0
0
0
0
0
0
0
0
0
0
0
0
0
0
0
0
0
0
0
0
0
0
0
0
0
0
0
0
0
0
0
0
0
0
0
0
0
0
0
0
0
0
0
0
0
0
0
0
0
0
0
0
0
0
0
0
0
0
0
0
0
0
0
0
0
0
0
0
0
0
0
0
0
0
0
0
0
0
0
0
0
0
0
0
0
0
0
0
0
0
0
0
0
0
0
0
0
0
0
0
0
0
0
0
0
0
0
0
0
0
0
0
0
0
0
0
0
0
0
0
0
0
0
0
0
0
0
0
0
0
0
0
0
0
0
0
0
0
0
0
0
0
0
0
0
0
0
0
0
0
0
0
0
0
0
0
0
0
0
0
0
0
0
0
0
0
0
0
0
0
0
0
0
0
0
0
0
0
0
0
0
0
0
0
0
0
0
0
0
0
0
0
0
0
0
0
0
0
0
0
0
0
0
0
0
0
0
0
0
0
0
0
0
0
0
0
0
0
0
0
0
0
0
0
0
0
0
0
0
0
0
0
0
0
0
0
0
0
0
0
0
0
0
0
0
0
0
0
0
0
0
0
0
0
0
0
0
0
0
0
0
0
0
0
0
0
0
0
0
0
0
0
0
0
0
0
0
0
0
0
0
0
0
0
0
0
0
0
0
0
0
0
0
0
0
0
0
0
0
0
0
0
0
0
0
6071
11911
17291
22010
25892
28795
30622
31318
30880
29344
26798
23367
19208
14507
9467
4298
-790
-5599
-9948
-13686
-16691
-18882
-20216
-20691
-20344
-19248
-17509
-15254
-12632
-9798
-6909
-4118
-1557
656
2435
3724
4495
4759
4555
3951
3039
1928
739
-403
-1379
-2081
-2419
-2327
-1766
-729
756
2637
4824
7206
9655
12026
14171
15943
17210
17853
17783
16942
15305
12887
9743
5963
1677
-2960
-7769
-12554
-17112
-21243
-24758
-27490
-29298
-30081
-29775
-28362
-25872
-22379
-18001
-12894
-7248
-1277
4791
10723
16289
21272
25481
28756
30978
32068
31995
30778
28481
25210
21112
16364
11165
5732
282
-4969
-9825
-14109
-17673
-20409
-22246
-23157
-23153
-22290
-20656
-18372
-15581
-12444
-9127
-5797
-2612
289
2789
4799
6263
7159
7498
7325
6710
5749
4557
3256
1973
828
-68
-629
-784
-499
235
1393
2919
4730
6717
8756
10710
12440
13809
14691
14985
14611
13523
11707
9190
6034
2338
-1768
-6128
-10562
-14883
-18894
-22410
-25258
-27286
-28376
-28445
-27452
-25403
-22347
-18376
-13627
-8269
-2500
3460
9384
15037
20199
24666
28262
30845
32317
32623
31757
29759
26719
22766
18063
12807
7209
1494
-4113
-9399
-14167
-18250
-21508
-23847
-25210
-25587
-25009
-23549
-21314
-18438
-15084
-11422
-7632
-3888
-353
2829
5542
7696
9241
10158
10462
10205
9465
8343
6959
5440
3917
2513
1342
494
37
8
417
1239
2420
3878
5510
7196
8804
10202
11261
11867
11926
11367
10153
8283
5788
2736
-769
-4597
-8592
-12581
-16382
-19812
-22699
-24882
-26232
-26650
-26072
-24479
-21895
-18389
-14068
-9083
-3613
2137
7947
13589
18837
23483
27335
30236
32066
32749
32254
30599
27851
24118
19552
14335
8674
2794
-3073
-8705
-13886
-18430
-22175
-24998
-26820
-27603
-27356
-26129
-24015
-21139
-17655
-13737
-9571
-5346
-1242
2571
5952
8781
10976
12490
13311
13463
13007
12027
10634
8956
7126
5281
3550
2048
870
84
-269
-181
325
1195
2354
3696
5107
6459
7624
8483
8927
8866
8241
7023
5212
2847
0
-3225
-6699
-10269
-13769
-17026
-19869
-22139
-23693
-24420
-24236
-23102
-21013
-18011
-14183
-9649
-4567
874
6469
11997
17237
21974
26009
29172
31326
32372
32255
30972
28565
25122
20775
15690
10069
4128
-1899
-7782
-13295
-18232
-22415
-25695
-27967
-29169
-29285
-28343
-26418
-23620
-20093
-16010
-11559
-6939
-2343
2037
6037
9510
12345
14463
15823
16427
16309
15539
14213
12452
10393
8177
5951
3846
1983
460
-652
-1314
-1514
-1277
-652
278
1416
2648
3847
4892
5664
6059
5997
5420
4302
2651
507
-2055
-4935
-8005
-11118
-14113
-16831
-19110
-20805
-21793
-21973
-21283
-19699
-17233
-13944
-9927
-5315
-274
5006
10320
15451
20188
24327
27687
30116
31497
31755
30862
28835
25739
21685
16823
11339
5440
-642
-6677
-12431
-17685
-22243
-25937
-28638
-30259
-30760
-30146
-28467
-25820
-22337
-18181
-13539
-8614
-3613
1260
5817
9888
13334
16049
17962
19048
19315
18814
17625
15860
13650
11143
8492
5847
3349
1123
-730
-2140
-3065
-3494
-3452
-2993
-2195
-1159
0
1159
2195
2993
3452
3494
3065
2140
730
-1123
-3349
-5847
-8492
-11143
-13650
-15860
-17625
-18814
-19315
-19048
-17962
-16049
-13334
-9888
-5817
-1260
3613
8614
13539
18181
22337
25820
28467
30146
30760
30259
28638
25937
22243
17685
12431
6677
642
-5440
-11339
-16823
-21685
-25739
-28835
-30862
-31755
-31497
-30116
-27687
-24327
-20188
-15451
-10320
-5006
274
5315
9927
13944
17233
19699
21283
21973
21793
20805
19110
16831
14113
11118
8005
4935
2055
-507
-2651
-4302
-5420
-5997
-6059
-5664
-4892
-3847
-2648
-1416
-278
652
1277
1514
1314
652
-460
-1983
-3846
-5951
-8177
-10393
-12452
-14213
-15539
-16309
-16427
-15823
-14463
-12345
-9510
-6037
-2037
2343
6939
11559
16010
20093
23620
26418
28343
29285
29169
27967
25695
22415
18232
13295
7782
1899
-4128
-10069
-15690
-20775
-25122
-28565
-30972
-32255
-32372
-31326
-29172
-26009
-21974
-17237
-11997
-6469
-874
4567
9649
14183
18011
21013
23102
24236
24420
23693
22139
19869
17026
13769
10269
6699
3225
0
-2847
-5212
-7023
-8241
-8866
-8927
-8483
-7624
-6459
-5107
-3696
-2354
-1195
-325
181
269
-84
-870
-2048
-3550
-5281
-7126
-8956
-10634
-12027
-13007
-13463
-13311
-12490
-10976
-8781
-5952
-2571
1242
5346
9571
13737
17655
21139
24015
26129
27356
27603
26820
24998
22175
18430
13886
8705
3073
-2794
-8674
-14335
-19552
-24118
-27851
-30599
-32254
-32749
-32066
-30236
-27335
-23483
-18837
-13589
-7947
-2137
3613
9083
14068
18389
21895
24479
26072
26650
26232
24882
22699
19812
16383
12581
8592
4597
769
-2736
-5788
-8283
-10153
-11367
-11926
-11867
-11261
-10202
-8804
-7196
-5510
-3878
-2420
-1239
-417
-8
-37
-494
-1342
-2513
-3917
-5440
-6959
-8343
-9465
-10205
-10462
-10158
-9241
-7696
-5542
-2829
353
3888
7632
11422
15084
18438
21314
23549
25009
25587
25210
23847
21508
18250
14167
9399
4113
-1494
-7209
-12807
-18063
-22766
-26719
-29759
-31757
-32623
-32317
-30845
-28262
-24666
-20199
-15037
-9384
-3460
2500
8269
13627
18376
22347
25403
27452
28445
28376
27286
25258
22410
18894
14883
10562
6128
1768
-2338
-6034
-9190
-11707
-13523
-14611
-14985
-14691
-13809
-12440
-10710
-8756
-6717
-4730
-2919
-1393
-235
499
784
629
68
-828
-1973
-3256
-4557
-5749
-6710
-7325
-7498
-7159
-6263
-4799
-2789
-289
2612
5797
9127
12444
15581
18372
20656
22290
23153
23157
22246
20409
17673
14109
9825
4969
-282
-5732
-11165
-16364
-21112
-25210
-28481
-30778
-31995
-32068
-30978
-28756
-25481
-21272
-16289
-10723
-4791
1277
7248
12894
18001
22379
25872
28362
29775
30081
29298
27490
24758
21243
17112
12554
7769
2960
-1677
-5963
-9743
-12887
-15305
-16942
-17783
-17853
-17210
-15943
-14171
-12026
-9655
-7206
-4824
-2637
-756
729
1766
2327
2419
2081
1379
403
-739
-1928
-3039
-3951
-4555
-4759
-4495
-3724
-2435
-656
1557
4118
6909
9798
12632
15254
17509
19248
20344
20691
20216
18882
16691
13686
9948
5599
790
-4298
-9467
-14507
-19208
-23367
-26798
-29344
-30880
-31318
-30622
-28795
-25892
-22010
-17291
-11911
-6071
0
6071
11911
17291
22010
25892
28795
30622
31318
30880
29344
26798
23367
19208
14507
9467
4298
-790
-5599
-9948
-13686
-16691
-18882
-20216
-20691
-20344
-19248
-17509
-15254
-12632
-9798
-6909
-4118
-1557
656
2435
3724
4495
4759
4555
3951
3039
1928
739
-403
-1379
-2081
-2419
-2327
-1766
-729
756
2637
4824
7206
9655
12026
14171
15943
17210
17853
17783
16942
15305
12887
9743
5963
1677
-2960
-7769
-12554
-17112
-21243
-24758
-27490
-29298
-30081
-29775
-28362
-25872
-22379
-18001
-12894
-7248
-1277
4791
10723
16289
21272
25481
28756
30978
32068
31995
30778
28481
25210
21112
16364
11165
5732
282
-4969
-9825
-14109
-17673
-20409
-22246
-23157
-23153
-22290
-20656
-18372
-15581
-12444
-9127
-5797
-2612
289
2789
4799
6263
7159
7498
7325
6710
5749
4557
3256
1973
828
-68
-629
-784
-499
235
1393
2919
4730
6717
8756
10710
12440
13809
14691
14985
14611
13523
11707
9190
6034
2338
-1768
-6128
-10562
-14883
-18894
-22410
-25258
-27286
-28376
-28445
-27452
-25403
-22347
-18376
-13627
-8269
-2500
3460
9384
15037
20199
24666
28262
30845
32317
32623
31757
29759
26719
22766
18063
12807
7209
1494
-4113
-9399
-14167
-18250
-21508
-23847
-25210
-25587
-25009
-23549
-21314
-18438
-15084
-11422
-7632
-3888
-353
2829
5542
7696
9241
10158
10462
10205
9465
8343
6959
5440
3917
2513
1342
494
37
8
417
1239
2420
3878
5510
7196
8804
10202
11261
11867
11926
11367
10153
8283
5788
2736
-769
-4597
-8592
-12581
-16382
-19812
-22699
-24882
-26232
-26650
-26072
-24479
-21895
-18389
-14068
-9083
-3613
2137
7947
13589
18837
23483
27335
30236
32066
32749
32254
30599
27851
24118
19552
14335
8674
2794
-3073
-8705
-13886
-18430
-22175
-24998
-26820
-27603
-27356
-26129
-24015
-21139
-17655
-13737
-9571
-5346
-1242
2571
5952
8781
10976
12490
13311
13463
13007
12027
10634
8956
7126
5281
3550
2048
870
84
-269
-181
325
1195
2354
3696
5107
6459
7624
8483
8927
8866
8241
7023
5212
2847
0
-3225
-6699
-10269
-13769
-17026
-19869
-22139
-23693
-24420
-24236
-23102
-21013
-18011
-14183
-9649
-4567
874
6469
11997
17237
21974
26009
29172
31326
32372
32255
30972
28565
25122
20775
15690
10069
4128
-1899
-7782
-13295
-18232
-22415
-25695
-27967
-29169
-29285
-28343
-26418
-23620
-20093
-16010
-11559
-6939
-2343
2037
6037
9510
12345
14463
15823
16427
16309
15539
14213
12452
10393
8177
5951
3846
1983
460
-652
-1314
-1514
-1277
-652
278
1416
2648
3847
4892
5664
6059
5997
5420
4302
2651
507
-2055
-4935
-8005
-11118
-14113
-16831
-19110
-20805
-21793
-21973
-21283
-19699
-17233
-13944
-9927
-5315
-274
5006
10320
15451
20188
24327
27687
30116
31497
31755
30862
28835
25739
21685
16823
11339
5440
-642
-6677
-12431
-17685
-22243
-25937
-28638
-30259
-30760
-30146
-28467
-25820
-22337
-18181
-13539
-8614
-3613
1260
5817
9888
13334
16049
17962
19048
19315
18814
17625
15860
13650
11143
8492
5847
3349
1123
-730
-2140
-3065
-3494
-3452
-2993
-2195
-1159
0
1159
2195
2993
3452
3494
3065
2140
730
-1123
-3349
-5847
-8492
-11143
-13650
-15860
-17625
-18814
-19315
-19048
-17962
-16049
-13334
-9888
-5817
-1260
3613
8614
13539
18181
22337
25820
28467
30146
30760
30259
28638
25937
22243
17685
12431
6677
642
-5440
-11339
-16823
-21685
-25739
-28835
-30862
-31755
-31497
-30116
-27687
-24327
-20188
-15451
-10320
-5006
274
5315
9927
13944
17233
19699
21283
21973
21793
20805
19110
16831
14113
11118
8005
4935
2055
-507
-2651
-4302
-5420
-5997
-6059
-5664
-4892
-3847
-2648
-1416
-278
652
1277
1514
1314
652
-460
-1983
-3846
-5951
-8177
-10393
-12452
-14213
-15539
-16309
-16427
-15823
-14463
-12345
-9510
-6037
-2037
2343
6939
11559
16010
20093
23620
26418
28343
29285
29169
27967
25695
22415
18232
13295
7782
1899
-4128
-10069
-15690
-20775
-25122
-28565
-30972
-32255
-32372
-31326
-29172
-26009
-21974
-17237
-11997
-6469
-874
4567
9649
14183
18011
21013
23102
24236
24420
23693
22139
19869
17026
13769
10269
6699
3225
0
-2847
-5212
-7023
-8241
-8866
-8927
-8483
-7624
-6459
-5107
-3696
-2354
-1195
-325
181
269
-84
-870
-2048
-3550
-5281
-7126
-8956
-10634
-12027
-13007
-13463
-13311
-12490
-10976
-8781
-5952
-2571
1242
5346
9571
13737
17655
21139
24015
26129
27356
27603
26820
24998
22175
18430
13886
8705
3073
-2794
-8674
-14335
-19552
-24118
-27851
-30599
-32254
-32749
-32066
-30236
-27335
-23483
-18837
-13589
-7947
-2137
3613
9083
14068
18389
21895
24479
26072
26650
26232
24882
22699
19812
16383
12581
8592
4597
769
-2736
-5788
-8283
-10153
-11367
-11926
-11867
-11261
-10202
-8804
-7196
-5510
-3878
-2420
-1239
-417
-8
-37
-494
-1342
-2513
-3917
-5440
-6959
-8343
-9465
-10205
-10462
-10158
-9241
-7696
-5542
-2829
353
3888
7632
11422
15084
18438
21314
23549
25009
25587
25210
23847
21508
18250
14167
9399
4113
-1494
-7209
-12807
-18063
-22766
-26719
-29759
-31757
-32623
-32317
-30845
-28262
-24666
-20199
-15037
-9384
-3460
2500
8269
13627
18376
22347
25403
27452
28445
28376
27286
25258
22410
18894
14883
10562
6128
1768
-2338
-6034
-9190
-11707
-13523
-14611
-14985
-14691
-13809
-12440
-10710
-8756
-6717
-4730
-2919
-1393
-235
499
784
629
68
-828
-1973
-3256
-4557
-5749
-6710
-7325
-7498
-7159
-6263
-4799
-2789
-289
2612
5797
9127
12444
15581
18372
20656
22290
23153
23157
22246
20409
17673
14109
9825
4969
-282
-5732
-11165
-16364
-21112
-25210
-28481
-30778
-31995
-32068
-30978
-28756
-25481
-21272
-16289
-10723
-4791
1277
7248
12894
18001
22379
25872
28362
29775
30081
29298
27490
24758
21243
17112
12554
7769
2960
-1677
-5963
-9743
-12887
-15305
-16942
-17783
-17853
-17210
-15943
-14171
-12026
-9655
-7206
-4824
-2637
-756
729
1766
2327
2419
2081
1379
403
-739
-1928
-3039
-3951
-4555
-4759
-4495
-3724
-2435
-656
1557
4118
6909
9798
12632
15254
17509
19248
20344
20691
20216
18882
16691
13686
9948
5599
790
-4298
-9467
-14507
-19208
-23367
-26798
-29344
-30880
-31318
-30622
-28795
-25892
-22010
-17291
-11911
-6071
0
6071
11911
17291
22010
25892
28795
30622
31318
30880
29344
26798
23367
19208
14507
9467
4298
-790
-5599
-9948
-13686
-16691
-18882
-20216
-20691
-20344
-19248
-17509
-15254
-12632
-9798
-6909
-4118
-1557
656
2435
3724
4495
4759
4555
3951
3039
1928
739
-403
-1379
-2081
-2419
-2327
-1766
-729
756
2637
4824
7206
9655
12026
14171
15943
17210
17853
17783
16942
15305
12887
9743
5963
1677
-2960
-7769
-12554
-17112
-21243
-24758
-27490
-29298
-30081
-29775
-28362
-25872
-22379
-18001
-12894
-7248
-1277
4791
10723
16289
21272
25481
28756
30978
32068
31995
30778
28481
25210
21112
16364
11165
5732
282
-4969
-9825
-14109
-17673
-20409
-22246
-23157
-23153
-22290
-20656
-18372
-15581
-12444
-9127
-5797
-2612
289
2789
4799
6263
7159
7498
7325
6710
5749
4557
3256
1973
828
-68
-629
-784
-499
235
1393
2919
4730
6717
8756
10710
12440
13809
14691
14985
14611
13523
11707
9190
6034
2338
-1768
-6128
-10562
-14883
-18894
-22410
-25258
-27286
-28376
-28445
-27452
-25403
-22347
-18376
-13627
-8269
-2500
3460
9384
15037
20199
24666
28262
30845
32317
32623
31757
29759
26719
22766
18063
12807
7209
1494
-4113
-9399
-14167
-18250
-21508
-23847
-25210
-25587
-25009
-23549
-21314
-18438
-15084
-11422
-7632
-3888
-353
2829
5542
7696
9241
10158
10462
10205
9465
8343
6959
5440
3917
2513
1342
494
37
8
417
1239
2420
3878
5510
7196
8804
10202
11261
11867
11926
11367
10153
8283
5788
2736
-769
-4597
-8592
-12581
-16382
-19812
-22699
-24882
-26232
-26650
-26072
-24479
-21895
-18389
-14068
-9083
-3613
2137
7947
13589
18837
23483
27335
30236
32066
32749
32254
30599
27851
24118
19552
14335
8674
2794
-3073
-8705
-13886
-18430
-22175
-24998
-26820
-27603
-27356
-26129
-24015
-21139
-17655
-13737
-9571
-5346
-1242
2571
5952
8781
10976
12490
13311
13463
13007
12027
10634
8956
7126
5281
3550
2048
870
84
-269
-181
325
1195
2354
3696
5107
6459
7624
8483
8927
8866
8241
7023
5212
2847
0
-3225
-6699
-10269
-13769
-17026
-19869
-22139
-23693
-24420
-24236
-23102
-21013
-18011
-14183
-9649
-4567
874
6469
11997
17237
21974
26009
29172
31326
32372
32255
30972
28565
25122
20775
15690
10069
4128
-1899
-7782
-13295
-18232
-22415
-25695
-27967
-29169
-29285
-28343
-26418
-23620
-20093
-16010
-11559
-6939
-2343
2037
6037
9510
12345
14463
15823
16427
16309
15539
14213
12452
10393
8177
5951
3846
1983
460
-652
-1314
-1514
-1277
-652
278
1416
2648
3847
4892
5664
6059
5997
5420
4302
2651
507
-2055
-4935
-8005
-11118
-14113
-16831
-19110
-20805
-21793
-21973
-21283
-19699
-17233
-13944
-9927
-5315
-274
5006
10320
15451
20188
24327
27687
30116
31497
31755
30862
28835
25739
21685
16823
11339
5440
-642
-6677
-12431
-17685
-22243
-25937
-28638
-30259
-30760
-30146
-28467
-25820
-22337
-18181
-13539
-8614
-3613
1260
5817
9888
13334
16049
17962
19048
19315
18814
17625
15860
13650
11143
8492
5847
3349
1123
-730
-2140
-3065
-3494
-3452
-2993
-2195
-1159
0
1159
2195
2993
3452
3494
3065
2140
730
-1123
-3349
-5847
-8492
-11143
-13650
-15860
-17625
-18814
-19315
-19048
-17962
-16049
-13334
-9888
-5817
-1260
3613
8614
13539
18181
22337
25820
28467
30146
30760
30259
28638
25937
22243
17685
12431
6677
642
-5440
-11339
-16823
-21685
-25739
-28835
-30862
-31755
-31497
-30116
-27687
-24327
-20188
-15451
-10320
-5006
274
5315
9927
13944
17233
19699
21283
21973
21793
20805
19110
16831
14113
11118
8005
4935
2055
-507
-2651
-4302
-5420
-5997
-6059
-5664
-4892
-3847
-2648
-1416
-278
652
1277
1514
1314
652
-460
-1983
-3846
-5951
-8177
-10393
-12452
-14213
-15539
-16309
-16427
-15823
-14463
-12345
-9510
-6037
-2037
2343
6939
11559
16010
20093
23620
26418
28343
29285
29169
27967
25695
22415
18232
13295
7782
1899
-4128
-10069
-15690
-20775
-25122
-28565
-30972
-32255
-32372
-31326
-29172
-26009
-21974
-17237
-11997
-6469
-874
4567
9649
14183
18011
21013
23102
24236
24420
23693
22139
19869
17026
13769
10269
6699
3225
0
-2847
-5212
-7023
-8241
-8866
-8927
-8483
-7624
-6459
-5107
-3696
-2354
-1195
-325
181
269
-84
-870
-2048
-3550
-5281
-7126
-8956
-10634
-12027
-13007
-13463
-13311
-12490
-10976
-8781
-5952
-2571
1242
5346
9571
13737
17655
21139
24015
26129
27356
27603
26820
24998
22175
18430
13886
8705
3073
-2794
-8674
-14335
-19552
-24118
-27851
-30599
-32254
-32749
-32066
-30236
-27335
-23483
-18837
-13589
-7947
-2137
3613
9083
14068
18389
21895
24479
26072
26650
26232
24882
22699
19812
16383
12581
8592
4597
769
-2736
-5788
-8283
-10153
-11367
-11926
-11867
-11261
-10202
-8804
-7196
-5510
-3878
-2420
-1239
-417
-8
-37
-494
-1342
-2513
-3917
-5440
-6959
-8343
-9465
-10205
-10462
-10158
-9241
-7696
-5542
-2829
353
3888
7632
11422
15084
18438
21314
23549
25009
25587
25210
23847
21508
18250
14167
9399
4113
-1494
-7209
-12807
-18063
-22766
-26719
-29759
-31757
-32623
-32317
-30845
-28262
-24666
-20199
-15037
-9384
-3460
2500
8269
13627
18376
22347
25403
27452
28445
28376
27286
25258
22410
18894
14883
10562
6128
1768
-2338
-6034
-9190
-11707
-13523
-14611
-14985
-14691
-13809
-12440
-10710
-8756
-6717
-4730
-2919
-1393
-235
499
784
629
68
-828
-1973
-3256
-4557
-5749
-6710
-7325
-7498
-7159
-6263
-4799
-2789
-289
2612
5797
9127
12444
15581
18372
20656
22290
23153
23157
22246
20409
17673
14109
9825
4969
-282
-5732
-11165
-16364
-21112
-25210
-28481
-30778
-31995
-32068
-30978
-28756
-25481
-21272
-16289
-10723
-4791
1277
7248
12894
18001
22379
25872
28362
29775
30081
29298
27490
24758
21243
17112
12554
7769
2960
-1677
-5963
-9743
-12887
-15305
-16942
-17783
-17853
-17210
-15943
-14171
-12026
-9655
-7206
-4824
-2637
-756
729
1766
2327
2419
2081
1379
403
-739
-1928
-3039
-3951
-4555
-4759
-4495
-3724
-2435
-656
1557
4118
6909
9798
12632
15254
17509
19248
20344
20691
20216
18882
16691
13686
9948
5599
790
-4298
-9467
-14507
-19208
-23367
-26798
-29344
-30880
-31318
-30622
-28795
-25892
-22010
-17291
-11911
-6071
0
6071
11911
17291
22010
25892
28795
30622
31318
30880
29344
26798
23367
19208
14507
9467
4298
-790
-5599
-9948
-13686
-16691
-18882
-20216
-20691
-20344
-19248
-17509
-15254
-12632
-9798
-6909
-4118
-1557
656
2435
3724
4495
4759
4555
3951
3039
1928
739
-403
-1379
-2081
-2419
-2327
-1766
-729
756
2637
4824
7206
9655
12026
14171
15943
17210
17853
17783
16942
15305
12887
9743
5963
1677
-2960
-7769
-12554
-17112
-21243
-24758
-27490
-29298
-30081
-29775
-28362
-25872
-22379
-18001
-12894
-7248
-1277
4791
10723
16289
21272
25481
28756
30978
32068
31995
30778
28481
25210
21112
16364
11165
5732
282
-4969
-9825
-14109
-17673
-20409
-22246
-23157
-23153
-22290
-20656
-18372
-15581
-12444
-9127
-5797
-2612
289
2789
4799
6263
7159
7498
7325
6710
5749
4557
3256
1973
828
-68
-629
-784
-499
235
1393
2919
4730
6717
8756
10710
12440
13809
14691
14985
14611
13523
11707
9190
6034
2338
-1768
-6128
-10562
-14883
-18894
-22410
-25258
-27286
-28376
-28445
-27452
-25403
-22347
-18376
-13627
-8269
-2500
3460
9384
15037
20199
24666
28262
30845
32317
32623
31757
29759
26719
22766
18063
12807
7209
1494
-4113
-9399
-14167
-18250
-21508
-23847
-25210
-25587
-25009
-23549
-21314
-18438
-15084
-11422
-7632
-3888
-353
2829
5542
7696
9241
10158
10462
10205
9465
8343
6959
5440
3917
2513
1342
494
37
8
417
1239
2420
3878
5510
7196
8804
10202
11261
11867
11926
11367
10153
8283
5788
2736
-769
-4597
-8592
-12581
-16382
-19812
-22699
-24882
-26232
-26650
-26072
-24479
-21895
-18389
-14068
-9083
-3613
2137
7947
13589
18837
23483
27335
30236
32066
32749
32254
30599
27851
24118
19552
14335
8674
2794
-3073
-8705
-13886
-18430
-22175
-24998
-26820
-27603
-27356
-26129
-24015
-21139
-17655
-13737
-9571
-5346
-1242
2571
5952
8781
10976
12490
13311
13463
13007
12027
10634
8956
7126
5281
3550
2048
870
84
-269
-181
325
1195
2354
3696
5107
6459
7624
8483
8927
8866
8241
7023
5212
2847
0
-3225
-6699
-10269
-13769
-17026
-19869
-22139
-23693
-24420
-24236
-23102
-21013
-18011
-14183
-9649
-4567
874
6469
11997
17237
21974
26009
29172
31326
32372
32255
30972
28565
25122
20775
15690
10069
4128
-1899
-7782
-13295
-18232
-22415
-25695
-27967
-29169
-29285
-28343
-26418
-23620
-20093
-16010
-11559
-6939
-2343
2037
6037
9510
12345
14463
15823
16427
16309
15539
14213
12452
10393
8177
5951
3846
1983
460
-652
-1314
-1514
-1277
-652
278
1416
2648
3847
4892
5664
6059
5997
5420
4302
2651
507
-2055
-4935
-8005
-11118
-14113
-16831
-19110
-20805
-21793
-21973
-21283
-19699
-17233
-13944
-9927
-5315
-274
5006
10320
15451
20188
24327
27687
30116
31497
31755
30862
28835
25739
21685
16823
11339
5440
-642
-6677
-12431
-17685
-22243
-25937
-28638
-30259
-30760
-30146
-28467
-25820
-22337
-18181
-13539
-8614
-3613
1260
5817
9888
13334
16049
17962
19048
19315
18814
17625
15860
13650
11143
8492
5847
3349
1123
-730
-2140
-3065
-3494
-3452
-2993
-2195
-1159
0
1159
2195
2993
3452
3494
3065
2140
730
-1123
-3349
-5847
-8492
-11143
-13650
-15860
-17625
-18814
-19315
-19048
-17962
-16049
-13334
-9888
-5817
-1260
3613
8614
13539
18181
22337
25820
28467
30146
30760
30259
28638
25937
22243
17685
12431
6677
642
-5440
-11339
-16823
-21685
-25739
-28835
-30862
-31755
-31497
-30116
-27687
-24327
-20188
-15451
-10320
-5006
274
5315
9927
13944
17233
19699
21283
21973
21793
20805
19110
16831
14113
11118
8005
4935
2055
-507
-2651
-4302
-5420
-5997
-6059
-5664
-4892
-3847
-2648
-1416
-278
652
1277
1514
1314
652
-460
-1983
-3846
-5951
-8177
-10393
-12452
-14213
-15539
-16309
-16427
-15823
-14463
-12345
-9510
-6037
-2037
2343
6939
11559
16010
20093
23620
26418
28343
29285
29169
27967
25695
22415
18232
13295
7782
1899
-4128
-10069
-15690
-20775
-25122
-28565
-30972
-32255
-32372
-31326
-29172
-26009
-21974
-17237
-11997
-6469
-874
4567
9649
14183
18011
21013
23102
24236
24420
23693
22139
19869
17026
13769
10269
6699
3225
0
-2847
-5212
-7023
-8241
-8866
-8927
-8483
-7624
-6459
-5107
-3696
-2354
-1195
-325
181
269
-84
-870
-2048
-3550
-5281
-7126
-8956
-10634
-12027
-13007
-13463
-13311
-12490
-10976
-8781
-5952
-2571
1242
5346
9571
13737
17655
21139
24015
26129
27356
27603
26820
24998
22175
18430
13886
8705
3073
-2794
-8674
-14335
-19552
-24118
-27851
-30599
-32254
-32749
-32066
-30236
-27335
-23483
-18837
-13589
-7947
-2137
3613
9083
14068
18389
21895
24479
26072
26650
26232
24882
22699
19812
16383
12581
8592
4597
769
-2736
-5788
-8283
-10153
-11367
-11926
-11867
-11261
-10202
-8804
-7196
-5510
-3878
-2420
-1239
-417
-8
-37
-494
-1342
-2513
-3917
-5440
-6959
-8343
-9465
-10205
-10462
-10158
-9241
-7696
-5542
-2829
353
3888
7632
11422
15084
18438
21314
23549
25009
25587
25210
23847
21508
18250
14167
9399
4113
-1494
-7209
-12807
-18063
-22766
-26719
-29759
-31757
-32623
-32317
-30845
-28262
-24666
-20199
-15037
-9384
-3460
2500
8269
13627
18376
22347
25403
27452
28445
28376
27286
25258
22410
18894
14883
10562
6128
1768
-2338
-6034
-9190
-11707
-13523
-14611
-14985
-14691
-13809
-12440
-10710
-8756
-6717
-4730
-2919
-1393
-235
499
784
629
68
-828
-1973
-3256
-4557
-5749
-6710
-7325
-7498
-7159
-6263
-4799
-2789
-289
2612
5797
9127
12444
15581
18372
20656
22290
23153
23157
22246
20409
17673
14109
9825
4969
-282
-5732
-11165
-16364
-21112
-25210
-28481
-30778
-31995
-32068
-30978
-28756
-25481
-21272
-16289
-10723
-4791
1277
7248
12894
18001
22379
25872
28362
29775
30081
29298
27490
24758
21243
17112
12554
7769
2960
-1677
-5963
-9743
-12887
-15305
-16942
-17783
-17853
-17210
-15943
-14171
-12026
-9655
-7206
-4824
-2637
-756
729
1766
2327
2419
2081
1379
403
-739
-1928
-3039
-3951
-4555
-4759
-4495
-3724
-2435
-656
1557
4118
6909
9798
12632
15254
17509
19248
20344
20691
20216
18882
16691
13686
9948
5599
790
-4298
-9467
-14507
-19208
-23367
-26798
-29344
-30880
-31318
-30622
-28795
-25892
-22010
-17291
-11911
-6071
0
6071
11911
17291
22010
25892
28795
30622
31318
30880
29344
26798
23367
19208
14507
9467
4298
-790
-5599
-9948
-13686
-16691
-18882
-20216
-20691
-20344
-19248
-17509
-15254
-12632
-9798
-6909
-4118
-1557
656
2435
3724
4495
4759
4555
3951
3039
1928
739
-403
-1379
-2081
-2419
-2327
-1766
-729
756
2637
4824
7206
9655
12026
14171
15943
17210
17853
17783
16942
15305
12887
9743
5963
1677
-2960
-7769
-12554
-17112
-21243
-24758
-27490
-29298
-30081
-29775
-28362
-25872
-22379
-18001
-12894
-7248
-1277
4791
10723
16289
21272
25481
28756
30978
32068
31995
30778
28481
25210
21112
16364
11165
5732
282
-4969
-9825
-14109
-17673
-20409
-22246
-23157
-23153
-22290
-20656
-18372
-15581
-12444
-9127
-5797
-2612
289
2789
4799
6263
7159
7498
7325
6710
5749
4557
3256
1973
828
-68
-629
-784
-499
235
1393
2919
4730
6717
8756
10710
12440
13809
14691
14985
14611
13523
11707
9190
6034
2338
-1768
-6128
-10562
-14883
-18894
-22410
-25258
-27286
-28376
-28445
-27452
-25403
-22347
-18376
-13627
-8269
-2500
3460
9384
15037
20199
24666
28262
30845
32317
32623
31757
29759
26719
22766
18063
12807
7209
1494
-4113
-9399
-14167
-18250
-21508
-23847
-25210
-25587
-25009
-23549
-21314
-18438
-15084
-11422
-7632
-3888
-353
2829
5542
7696
9241
10158
10462
10205
9465
8343
6959
5440
3917
2513
1342
494
37
8
417
1239
2420
3878
5510
7196
8804
10202
11261
11867
11926
11367
10153
8283
5788
2736
-769
-4597
-8592
-12581
-16382
-19812
-22699
-24882
-26232
-26650
-26072
-24479
-21895
-18389
-14068
-9083
-3613
2137
7947
13589
18837
23483
27335
30236
32066
32749
32254
30599
27851
24118
19552
14335
8674
2794
-3073
-8705
-13886
-18430
-22175
-24998
-26820
-27603
-27356
-26129
-24015
-21139
-17655
-13737
-9571
-5346
-1242
2571
5952
8781
10976
12490
13311
13463
13007
12027
10634
8956
7126
5281
3550
2048
870
84
-269
-181
325
1195
2354
3696
5107
6459
7624
8483
8927
8866
8241
7023
5212
2847
0
-3225
-6699
-10269
-13769
-17026
-19869
-22139
-23693
-24420
-24236
-23102
-21013
-18011
-14183
-9649
-4567
874
6469
11997
17237
21974
26009
29172
31326
32372
32255
30972
28565
25122
20775
15690
10069
4128
-1899
-7782
-13295
-18232
-22415
-25695
-27967
-29169
-29285
-28343
-26418
-23620
-20093
-16010
-11559
-6939
-2343
2037
6037
9510
12345
14463
15823
16427
16309
15539
14213
12452
10393
8177
5951
3846
1983
460
-652
-1314
-1514
-1277
-652
278
1416
2648
3847
4892
5664
6059
5997
5420
4302
2651
507
-2055
-4935
-8005
-11118
-14113
-16831
-19110
-20805
-21793
-21973
-21283
-19699
-17233
-13944
-9927
-5315
-274
5006
10320
15451
20188
24327
27687
30116
31497
31755
30862
28835
25739
21685
16823
11339
5440
-642
-6677
-12431
-17685
-22243
-25937
-28638
-30259
-30760
-30146
-28467
-25820
-22337
-18181
-13539
-8614
-3613
1260
5817
9888
13334
16049
17962
19048
19315
18814
17625
15860
13650
11143
8492
5847
3349
1123
-730
-2140
-3065
-3494
-3452
-2993
-2195
-1159
0
1159
2195
2993
3452
3494
3065
2140
730
-1123
-3349
-5847
-8492
-11143
-13650
-15860
-17625
-18814
-19315
-19048
-17962
-16049
-13334
-9888
-5817
-1260
3613
8614
13539
18181
22337
25820
28467
30146
30760
30259
28638
25937
22243
17685
12431
6677
642
-5440
-11339
-16823
-21685
-25739
-28835
-30862
-31755
-31497
-30116
-27687
-24327
-20188
-15451
-10320
-5006
274
5315
9927
13944
17233
19699
21283
21973
21793
20805
19110
16831
14113
11118
8005
4935
2055
-507
-2651
-4302
-5420
-5997
-6059
-5664
-4892
-3847
-2648
-1416
-278
652
1277
1514
1314
652
-460
-1983
-3846
-5951
-8177
-10393
-12452
-14213
-15539
-16309
-16427
-15823
-14463
-12345
-9510
-6037
-2037
2343
6939
11559
16010
20093
23620
26418
28343
29285
29169
27967
25695
22415
18232
13295
7782
1899
-4128
-10069
-15690
-20775
-25122
-28565
-30972
-32255
-32372
-31326
-29172
-26009
-21974
-17237
-11997
-6469
-874
4567
9649
14183
18011
21013
23102
24236
24420
23693
22139
19869
17026
13769
10269
6699
3225
0
-2847
-5212
-7023
-8241
-8866
-8927
-8483
-7624
-6459
-5107
-3696
-2354
-1195
-325
181
269
-84
-870
-2048
-3550
-5281
-7126
-8956
-10634
-12027
-13007
-13463
-13311
-12490
-10976
-8781
-5952
-2571
1242
5346
9571
13737
17655
21139
24015
26129
27356
27603
26820
24998
22175
18430
13886
8705
3073
-2794
-8674
-14335
-19552
-24118
-27851
-30599
-32254
-32749
-32066
-30236
-27335
-23483
-18837
-13589
-7947
-2137
3613
9083
14068
18389
21895
24479
26072
26650
26232
24882
22699
19812
16382
12581
8592
4597
769
-2736
-5788
-8283
-10153
-11367
-11926
-11867
-11261
-10202
-8804
-7196
-5510
-3878
-2420
-1239
-417
-8
-37
-494
-1342
-2513
-3917
-5440
-6959
-8343
-9465
-10205
-10462
-10158
-9241
-7696
-5542
-2829
353
3888
7632
11422
15084
18438
21314
23549
25009
25587
25210
23847
21508
18250
14167
9399
4113
-1494
-7209
-12807
-18063
-22766
-26719
-29759
-31757
-32623
-32317
-30845
-28262
-24666
-20199
-15037
-9384
-3460
2500
8269
13627
18376
22347
25403
27452
28445
28376
27286
25258
22410
18894
14883
10562
6128
1768
-2338
-6034
-9190
-11707
-13523
-14611
-14985
-14691
-13809
-12440
-10710
-8756
-6717
-4730
-2919
-1393
-235
499
784
629
68
-828
-1973
-3256
-4557
-5749
-6710
-7325
-7498
-7159
-6263
-4799
-2789
-289
2612
5797
9127
12444
15581
18372
20656
22290
23153
23157
22246
20409
17673
14109
9825
4969
-282
-5732
-11165
-16364
-21112
-25210
-28481
-30778
-31995
-32068
-30978
-28756
-25481
-21272
-16289
-10723
-4791
1277
7248
12894
18001
22379
25872
28362
29775
30081
29298
27490
24758
21243
17112
12554
7769
2960
-1677
-5963
-9743
-12887
-15305
-16942
-17783
-17853
-17210
-15943
-14171
-12026
-9655
-7206
-4824
-2637
-756
729
1766
2327
2419
2081
1379
403
-739
-1928
-3039
-3951
-4555
-4759
-4495
-3724
-2435
-656
1557
4118
6909
9798
12632
15254
17509
19248
20344
20691
20216
18882
16691
13686
9948
5599
790
-4298
-9467
-14507
-19208
-23367
-26798
-29344
-30880
-31318
-30622
-28795
-25892
-22010
-17291
-11911
-6071
