17269
10860
2323
-6503
-13675
-17624
-17552
-13646
-7044
438
6748
10116
9502
4874
-2766
-11612
-19489
-24393
-24992
-20975
-13146
-3247
6453
13713
16874
15271
9419
894
-8039
-14981
-17991
-16075
-9452
484
11483
20977
26708
27284
22529
13547
2464
-8071
-15531
-18124
-15240
-7608
2863
13539
21694
25174
22923
15258
3804
-8879
-19903
-26744
-27847
-23008
-13430
-1444
10040
18230
21115
17953
9452
-2389
-14751
-24660
-29696
-28562
-21402
-9768
3740
16081
24488
27110
23450
14470
2370
-9933
-19489
-23995
-22337
-14836
-3174
10002
21698
29260
30980
26482
16796
4110
-8737
-18907
-24204
-23562
-17269
-6882
5141
16010
23227
25144
21317
12579
836
-11371
-21439
-27272
-27724
-22829
-13764
-2566
8328
16611
20598
19566
13876
4870
-5444
-14830
-21300
-23513
-21037
-14409
-4991
5321
14505
20812
23111
21086
15278
6950
-2178
-10279
-15767
-17601
-15467
-9822
-1797
7032
14943
20394
22308
20275
14624
6366
-2997
-11743
-18255
-21326
-20385
-15618
-7946
1143
9863
16470
19603
18552
13416
5102
-4831
-14468
-21899
-25605
-24765
-19436
-10561
202
10793
19159
23661
23411
18457
9790
-852
-11321
-19489
-23676
-22989
-17506
-8259
2970
14002
22701
27390
27185
22159
13316
2383
-8538
-17386
-22537
-23111
-19117
-11435
-1619
8414
16757
21866
22839
19557
12675
3479
-6373
-15156
-21389
-24077
-22861
-18059
-10579
-1745
6935
14023
18380
19340
16806
11247
3621
-4785
-12557
-18379
-21238
-20593
-16466
-9452
-634
8577
16669
22278
24419
22671
17266
9070
-547
-9934
-17446
-21735
-21998
-18136
-10784
-1216
8878
17691
23626
25585
23172
16768
7458
-3158
-13264
-21146
-25502
-25659
-21680
-14337
-4956
4831
13373
19282
21658
20214
15302
7819
-962
-9610
-16770
-21364
-22742
-20752
-15744
-8489
-60
8328
15489
20425
22454
21302
17139
10562
2517
-5819
-13200
-18490
-20833
-19793
-15444
-8376
370
9452
17427
22985
25167
23534
18256
10098
306
-9595
-18051
-23738
-25781
-23899
-18445
-10342
-916
8328
15950
20809
22233
20100
14836
7317
-1280
-9676
-16676
-21335
-23071
-21720
-17531
-11107
-3316
4831
12303
18167
21692
22436
20294
15522
8715
749
-7315
-14367
-19391
-21614
-20635
-16499
-9718
-1216
7793
15984
22118
25243
24846
20941
14071
5225
-4317
-13185
-20136
-24233
-24981
-22385
-16923
-9452
-1064
7079
13917
18615
20664
19908
16541
11055
4160
-3299
-10441
-16433
-20571
-22346
-21500
-18059
-12350
-4978
3219
11256
18121
22898
24907
23810
19683
13021
4692
-4186
-12397
-18810
-22546
-23111
-20461
-15010
-7549
873
9116
16108
20992
23227
22631
19380
13947
7025
-575
-8021
-14540
-19489
-22393
-22979
-21192
-17198
-11380
-4318
3252
10500
16581
20738
22403
21287
17441
11278
3530
-4831
-12726
-19119
-23164
-24330
-22475
-17858
-11093
-3053
5263
12871
18928
22826
24245
23158
19803
14624
8203
1193
-5740
-11965
-16925
-20162
-21356
-20348
-17173
-12078
-5526
1827
9185
15695
20553
23111
22980
20099
14756
7561
-632
-8844
-16108
-21593
-24718
-25209
-23119
-18786
-12774
-5772
1491
8328
14156
18525
21131
21815
20554
17456
12759
6829
157
-6661
-12962
-18074
-21393
-22467
-21073
-17269
-11407
-4108
3815
11459
17953
22575
24845
24580
21894
17166
10967
3970
-3141
-9741
-15316
-19489
-22014
-22770
-21741
-19008
-14749
-9242
-2876
3856
10372
16048
20279
22562
22571
20219
15695
9452
2160
-5382
-12349
-18005
-21791
-23390
-22743
-20034
-15633
-10027
-3752
2675
8791
14203
18591
21694
23307
23278
21529
18082
13090
6866
-124
-7279
-13920
-19371
-23050
-24552
-23716
-20646
-15704
-9452
-2566
4252
10371
15295
18702
20448
20539
19094
16300
12377
7562
2112
-3683
-9486
-14901
-19489
-22805
-24451
-24142
-21768
-17438
-11484
-4439
3027
10196
16398
21097
23949
24833
23833
21195
17269
12441
7082
1521
-3964
-9127
-13732
-17535
-20273
-21685
-21548
-19726
-16225
-11226
-5098
1631
8328
14339
19077
22108
23198
22340
19731
15719
10741
5241
-379
-5798
-10778
-15145
-18756
-21466
-23111
-23512
-22505
-19986
-15959
-10586
-4196
2727
9595
15790
20750
24052
25465
24976
22770
19180
14624
9523
4248
-917
-5776
-10197
-14077
-17297
-19700
-21088
-21249
-20007
-17276
-13115
-7755
-1596
4831
10938
16157
20031
22272
22793
21697
19237
15748
11578
7027
2319
-2403
-7049
-11537
-15747
-19489
-22499
-24467
-25085
-24121
-21478
-17245
-11701
-5294
1425
7882
13568
18106
21295
23105
23647
23111
21701
19579
16838
13498
9548
4992
-89
-5505
-10937
-15966
-20131
-23004
-24269
-23789
-21632
-18059
-13479
-8369
-3188
1692
6031
9732
12810
15333
17361
18889
19825
19992
19174
17181
13920
9452
4016
-1983
-8031
-13586
-18168
-21437
-23239
-23614
-22759
-20961
-18517
-15660
-12521
-9114
-5374
-1216
3394
8381
13521
18461
22755
25952
27680
27728
26088
22961
18716
13812
8707
3772
-764
-4831
-8490
-11867
-15078
-18157
-21005
-23396
-25007
-25498
-24600
-22191
-18354
-13373
-7699
-1865
3613
8328
12050
14744
16547
17693
18431
18934
19241
19243
18710
17367
14982
11457
6883
1553
-4073
-9452
-14062
-17506
-19582
-20313
-19919
-18745
-17163
-15467
-13805
-12147
-10313
-8037
-5073
-1287
3267
8328
13456
18116
21785
24065
24768
23951
21896
19028
15815
12647
9751
7146
4666
2023
-1077
-4831
-9250
-14115
-19011
-23395
-26721
-28561
-28704
-27204
-24367
-20675
-16664
-12802
-9378
-6445
-3833
-1216
1772
5409
9781
14721
19828
24540
28256
30482
30944
29657
26921
23245
19226
15398
12111
9452
7239
5094
2565
-728
-4965
-10045
-15584
-20986
-25578
-28767
-30179
-29755
-27760
-24720
-21282
-18059
-15470
-13644
-12393
-11282
-9753
-7294
-3603
1312
7104
13150
18690
23005
25590
26278
25276
23111
20490
18120
16519
15885
16045
16506
16589
15621
13129
8982
3453
-2828
-9013
-14239
-17836
-19489
-19316
-17833
-15814
-14091
-13329
-13846
-15527
-17844
-19995
-21112
-20496
-17815
-13207
-7266
-912
4831
9088
11343
11577
10263
8243
6510
5936
7044
9852
13860
18163
21681
23433
22803
19704
14624
8515
2563
-2101
-4690
-4961
-3277
-517
2150
3571
2915
-95
-5096
-11155
-16996
-21313
-23111
-21957
-18111
-12473
-6364
-1202
1858
2218
0
-3978
-8403
-11804
-12923
-11061
-6263
661
8328
15110
19547
20709
18446
13439
7038
933
-3268
-4451
-2288
2670
9109
15281
19436
20270
-17269
-10860
-2323
6503
13675
17624
17552
13646
7044
-438
-6748
-10116
-9502
-4874
2766
11612
19489
24393
24992
20975
13146
3247
-6453
-13713
-16874
-15271
-9419
-894
8039
14981
17991
16075
9452
-484
-11483
-20977
-26708
-27284
-22529
-13547
-2464
8071
15531
18124
15240
7608
-2863
-13539
-21694
-25174
-22923
-15258
-3804
8879
19903
26744
27847
23008
13430
1444
-10040
-18230
-21115
-17953
-9452
2389
14751
24660
29696
28562
21402
9768
-3740
-16081
-24488
-27110
-23450
-14470
-2370
9933
19489
23995
22337
14836
3174
-10002
-21698
-29260
-30980
-26482
-16796
-4110
8737
18907
24204
23562
17269
6882
-5141
-16010
-23227
-25144
-21317
-12579
-836
11371
21439
27272
27724
22829
13764
2566
-8328
-16611
-20598
-19566
-13876
-4870
5444
14830
21300
23513
21037
14409
4991
-5321
-14505
-20812
-23111
-21086
-15278
-6950
2178
10279
15767
17601
15467
9822
1797
-7032
-14943
-20394
-22308
-20275
-14624
-6366
2997
11743
18255
21326
20385
15618
7946
-1143
-9863
-16470
-19603
-18552
-13416
-5102
4831
14468
21899
25605
24765
19436
10561
-202
-10793
-19159
-23661
-23411
-18457
-9790
852
11321
19489
23676
22989
17506
8259
-2970
-14002
-22701
-27390
-27185
-22159
-13316
-2383
8538
17386
22537
23111
19117
11435
1619
-8414
-16757
-21866
-22839
-19557
-12675
-3479
6373
15156
21389
24077
22861
18059
10579
1745
-6935
-14023
-18380
-19340
-16806
-11247
-3621
4785
12557
18379
21238
20593
16466
9452
634
-8577
-16669
-22278
-24419
-22671
-17266
-9070
547
9934
17446
21735
21998
18136
10784
1216
-8878
-17691
-23626
-25585
-23172
-16768
-7458
3158
13264
21146
25502
25659
21680
14337
4956
-4831
-13373
-19282
-21658
-20214
-15302
-7819
962
9610
16770
21364
22742
20752
15744
8489
60
-8328
-15489
-20425
-22454
-21302
-17139
-10562
-2517
5819
13200
18490
20833
19793
15444
8376
-370
-9452
-17427
-22985
-25167
-23534
-18256
-10098
-306
9595
18051
23738
25781
23899
18445
10342
916
-8328
-15950
-20809
-22233
-20100
-14836
-7317
1280
9676
16676
21335
23071
21720
17531
11107
3316
-4831
-12303
-18167
-21692
-22436
-20294
-15522
-8715
-749
7315
14367
19391
21614
20635
16499
9718
1216
-7793
-15984
-22118
-25243
-24846
-20941
-14071
-5225
4317
13185
20136
24233
24981
22385
16923
9452
1064
-7079
-13917
-18615
-20664
-19908
-16541
-11055
-4160
3299
10441
16433
20571
22346
21500
18059
12350
4978
-3219
-11256
-18121
-22898
-24907
-23810
-19683
-13021
-4692
4186
12397
18810
22546
23111
20461
15010
7549
-873
-9116
-16108
-20992
-23227
-22631
-19380
-13947
-7025
575
8021
14540
19489
22393
22979
21192
17198
11380
4318
-3252
-10500
-16581
-20738
-22403
-21287
-17441
-11278
-3530
4831
12726
19119
23164
24330
22475
17858
11093
3053
-5263
-12871
-18928
-22826
-24245
-23158
-19803
-14624
-8203
-1193
5740
11965
16925
20162
21356
20348
17173
12078
5526
-1827
-9185
-15695
-20553
-23111
-22980
-20099
-14756
-7561
632
8844
16108
21593
24718
25209
23119
18786
12774
5772
-1491
-8328
-14156
-18525
-21131
-21815
-20554
-17456
-12759
-6829
-157
6661
12962
18074
21393
22467
21073
17269
11407
4108
-3815
-11459
-17953
-22575
-24845
-24580
-21894
-17166
-10967
-3970
3141
9741
15316
19489
22014
22770
21741
19008
14749
9242
2876
-3856
-10372
-16048
-20279
-22562
-22571
-20219
-15695
-9452
-2160
5382
12349
18005
21791
23390
22743
20034
15633
10027
3752
-2675
-8791
-14203
-18591
-21694
-23307
-23278
-21529
-18082
-13090
-6866
124
7279
13920
19371
23050
24552
23716
20646
15704
9452
2566
-4252
-10371
-15295
-18702
-20448
-20539
-19094
-16300
-12377
-7562
-2112
3683
9486
14901
19489
22805
24451
24142
21768
17438
11484
4439
-3027
-10196
-16398
-21097
-23949
-24833
-23833
-21195
-17269
-12441
-7082
-1521
3964
9127
13732
17535
20273
21685
21548
19726
16225
11226
5098
-1631
-8328
-14339
-19077
-22108
-23198
-22340
-19731
-15719
-10741
-5241
379
5798
10778
15145
18756
21466
23111
23512
22505
19986
15959
10586
4196
-2727
-9595
-15790
-20750
-24052
-25465
-24976
-22770
-19180
-14624
-9523
-4248
917
5776
10197
14077
17297
19700
21088
21249
20007
17276
13115
7755
1596
-4831
-10938
-16157
-20031
-22272
-22793
-21697
-19237
-15748
-11578
-7027
-2319
2403
7049
11537
15747
19489
22499
24467
25085
24121
21478
17245
11701
5294
-1425
-7882
-13568
-18106
-21295
-23105
-23647
-23111
-21701
-19579
-16838
-13498
-9548
-4992
89
5505
10937
15966
20131
23004
24269
23789
21632
18059
13479
8369
3188
-1692
-6031
-9732
-12810
-15333
-17361
-18889
-19825
-19992
-19174
-17181
-13920
-9452
-4016
1983
8031
13586
18168
21437
23239
23614
22759
20961
18517
15660
12521
9114
5374
1216
-3394
-8381
-13521
-18461
-22755
-25952
-27680
-27728
-26088
-22961
-18716
-13812
-8707
-3772
764
4831
8490
11867
15078
18157
21005
23396
25007
25498
24600
22191
18354
13373
7699
1865
-3613
-8328
-12050
-14744
-16547
-17693
-18431
-18934
-19241
-19243
-18710
-17367
-14982
-11457
-6883
-1553
4073
9452
14062
17506
19582
20313
19919
18745
17163
15467
13805
12147
10313
8037
5073
1287
-3267
-8328
-13456
-18116
-21785
-24065
-24768
-23951
-21896
-19028
-15815
-12647
-9751
-7146
-4666
-2023
1077
4831
9250
14115
19011
23395
26721
28561
28704
27204
24367
20675
16664
12802
9378
6445
3833
1216
-1772
-5409
-9781
-14721
-19828
-24540
-28256
-30482
-30944
-29657
-26921
-23245
-19226
-15398
-12111
-9452
-7239
-5094
-2565
728
4965
10045
15584
20986
25578
28767
30179
29755
27760
24720
21282
18059
15470
13644
12393
11282
9753
7294
3603
-1312
-7104
-13150
-18690
-23005
-25590
-26278
-25276
-23111
-20490
-18120
-16519
-15885
-16045
-16506
-16589
-15621
-13129
-8982
-3453
2828
9013
14239
17836
19489
19316
17833
15814
14091
13329
13846
15527
17844
19995
21112
20496
17815
13207
7266
912
-4831
-9088
-11343
-11577
-10263
-8243
-6510
-5936
-7044
-9852
-13860
-18163
-21681
-23433
-22803
-19704
-14624
-8515
-2563
2101
4690
4961
3277
517
-2150
-3571
-2915
95
5096
11155
16996
21313
23111
21957
18111
12473
6364
1202
-1858
-2218
0
3978
8403
11804
12923
11061
6263
-661
-8328
-15110
-19547
-20709
-18446
-13439
-7038
-933
3268
4451
2288
-2670
-9109
-15281
-19436
-20270
-17269
-10860
-2323
6503
13675
17624
17552
13646
7044
-438
-6748
-10116
-9502
-4874
2766
11612
19489
24393
24992
20975
13146
3247
-6453
-13713
-16874
-15271
-9419
-894
8039
14981
17991
16075
9452
-484
-11483
-20977
-26708
-27284
-22529
-13547
-2464
8071
15531
18124
15240
7608
-2863
-13539
-21694
-25174
-22923
-15258
-3804
8879
19903
26744
27847
23008
13430
1444
-10040
-18230
-21115
-17953
-9452
2389
14751
24660
29696
28562
21402
9768
-3740
-16081
-24488
-27110
-23450
-14470
-2370
9933
19489
23995
22337
14836
3174
-10002
-21698
-29260
-30980
-26482
-16796
-4110
8737
18907
24204
23562
17269
6882
-5141
-16010
-23227
-25144
-21317
-12579
-836
11371
21439
27272
27724
22829
13764
2566
-8328
-16611
-20598
-19566
-13876
-4870
5444
14830
21300
23513
21037
14409
4991
-5321
-14505
-20812
-23111
-21086
-15278
-6950
2178
10279
15767
17601
15467
9822
1797
-7032
-14943
-20394
-22308
-20275
-14624
-6366
2997
11743
18255
21326
20385
15618
7946
-1143
-9863
-16470
-19603
-18552
-13416
-5102
4831
14468
21899
25605
24765
19436
10561
-202
-10793
-19159
-23661
-23411
-18457
-9790
852
11321
19489
23676
22989
17506
8259
-2970
-14002
-22701
-27390
-27185
-22159
-13316
-2383
8538
17386
22537
23111
19117
11435
1619
-8414
-16757
-21866
-22839
-19557
-12675
-3479
6373
15156
21389
24077
22861
18059
10579
1745
-6935
-14023
-18380
-19340
-16806
-11247
-3621
4785
12557
18379
21238
20593
16466
9452
634
-8577
-16669
-22278
-24419
-22671
-17266
-9070
547
9934
17446
21735
21998
18136
10784
1216
-8878
-17691
-23626
-25585
-23172
-16768
-7458
3158
13264
21146
25502
25659
21680
14337
4956
-4831
-13373
-19282
-21658
-20214
-15302
-7819
962
9610
16770
21364
22742
20752
15744
8489
60
-8328
-15489
-20425
-22454
-21302
-17139
-10562
-2517
5819
13200
18490
20833
19793
15444
8376
-370
-9452
-17427
-22985
-25167
-23534
-18256
-10098
-306
9595
18051
23738
25781
23899
18445
10342
916
-8328
-15950
-20809
-22233
-20100
-14836
-7317
1280
9676
16676
21335
23071
21720
17531
11107
3316
-4831
-12303
-18167
-21692
-22436
-20294
-15522
-8715
-749
7315
14367
19391
21614
20635
16499
9718
1216
-7793
-15984
-22118
-25243
-24846
-20941
-14071
-5225
4317
13185
20136
24233
24981
22385
16923
9452
1064
-7079
-13917
-18615
-20664
-19908
-16541
-11055
-4160
3299
10441
16433
20571
22346
21500
18059
12350
4978
-3219
-11256
-18121
-22898
-24907
-23810
-19683
-13021
-4692
4186
12397
18810
22546
23111
20461
15010
7549
-873
-9116
-16108
-20992
-23227
-22631
-19380
-13947
-7025
575
8021
14540
19489
22393
22979
21192
17198
11380
4318
-3252
-10500
-16581
-20738
-22403
-21287
-17441
-11278
-3530
4831
12726
19119
23164
24330
22475
17858
11093
3053
-5263
-12871
-18928
-22826
-24245
-23158
-19803
-14624
-8203
-1193
5740
11965
16925
20162
21356
20348
17173
12078
5526
-1827
-9185
-15695
-20553
-23111
-22980
-20099
-14756
-7561
632
8844
16108
21593
24718
25209
23119
18786
12774
5772
-1491
-8328
-14156
-18525
-21131
-21815
-20554
-17456
-12759
-6829
-157
6661
12962
18074
21393
22467
21073
17269
11407
4108
-3815
-11459
-17953
-22575
-24845
-24580
-21894
-17166
-10967
-3970
3141
9741
15316
19489
22014
22770
21741
19008
14749
9242
2876
-3856
-10372
-16048
-20279
-22562
-22571
-20219
-15695
-9452
-2160
5382
12349
18005
21791
23390
22743
20034
15633
10027
3752
-2675
-8791
-14203
-18591
-21694
-23307
-23278
-21529
-18082
-13090
-6866
124
7279
13920
19371
23050
24552
23716
20646
15704
9452
2566
-4252
-10371
-15295
-18702
-20448
-20539
-19094
-16300
-12377
-7562
-2112
3683
9486
14901
19489
22805
24451
24142
21768
17438
11484
4439
-3027
-10196
-16398
-21097
-23949
-24833
-23833
-21195
-17269
-12441
-7082
-1521
3964
9127
13732
17535
20273
21685
21548
19726
16225
11226
5098
-1631
-8328
-14339
-19077
-22108
-23198
-22340
-19731
-15719
-10741
-5241
379
5798
10778
15145
18756
21466
23111
23512
22505
19986
15959
10586
4196
-2727
-9595
-15790
-20750
-24052
-25465
-24976
-22770
-19180
-14624
-9523
-4248
917
5776
10197
14077
17297
19700
21088
21249
20007
17276
13115
7755
1596
-4831
-10938
-16157
-20031
-22272
-22793
-21697
-19237
-15748
-11578
-7027
-2319
2403
7049
11537
15747
19489
22499
24467
25085
24121
21478
17245
11701
5294
-1425
-7882
-13568
-18106
-21295
-23105
-23647
-23111
-21701
-19579
-16838
-13498
-9548
-4992
89
5505
10937
15966
20131
23004
24269
23789
21632
18059
13479
8369
3188
-1692
-6031
-9732
-12810
-15333
-17361
-18889
-19825
-19992
-19174
-17181
-13920
-9452
-4016
1983
8031
13586
18168
21437
23239
23614
22759
20961
18517
15660
12521
9114
5374
1216
-3394
-8381
-13521
-18461
-22755
-25952
-27680
-27728
-26088
-22961
-18716
-13812
-8707
-3772
764
4831
8490
11867
15078
18157
21005
23396
25007
25498
24600
22191
18354
13373
7699
1865
-3613
-8328
-12050
-14744
-16547
-17693
-18431
-18934
-19241
-19243
-18710
-17367
-14982
-11457
-6883
-1553
4073
9452
14062
17506
19582
20313
19919
18745
17163
15467
13805
12147
10313
8037
5073
1287
-3267
-8328
-13456
-18116
-21785
-24065
-24768
-23951
-21896
-19028
-15815
-12647
-9751
-7146
-4666
-2023
1077
4831
9250
14115
19011
23395
26721
28561
28704
27204
24367
20675
16664
12802
9378
6445
3833
1216
-1772
-5409
-9781
-14721
-19828
-24540
-28256
-30482
-30944
-29657
-26921
-23245
-19226
-15398
-12111
-9452
-7239
-5094
-2565
728
4965
10045
15584
20986
25578
28767
30179
29755
27760
24720
21282
18059
15470
13644
12393
11282
9753
7294
3603
-1312
-7104
-13150
-18690
-23005
-25590
-26278
-25276
-23111
-20490
-18120
-16519
-15885
-16045
-16506
-16589
-15621
-13129
-8982
-3453
2828
9013
14239
17836
19489
19316
17833
15814
14091
13329
13846
15527
17844
19995
21112
20496
17815
13207
7266
912
-4831
-9088
-11343
-11577
-10263
-8243
-6510
-5936
-7044
-9852
-13860
-18163
-21681
-23433
-22803
-19704
-14624
-8515
-2563
2101
4690
4961
3277
517
-2150
-3571
-2915
95
5096
11155
16996
21313
23111
21957
18111
12473
6364
1202
-1858
-2218
0
3978
8403
11804
12923
11061
6263
-661
-8328
-15110
-19547
-20709
-18446
-13439
-7038
-933
3268
4451
2288
-2670
-9109
-15281
-19436
-20270
-17269
-10860
-2323
6503
13675
17624
17552
13646
7044
-438
-6748
-10116
-9502
-4874
2766
11612
19489
24393
24992
20975
13146
3247
-6453
-13713
-16874
-15271
-9419
-894
8039
14981
17991
16075
9452
-484
-11483
-20977
-26708
-27284
-22529
-13547
-2464
8071
15531
18124
15240
7608
-2863
-13539
-21694
-25174
-22923
-15258
-3804
8879
19903
26744
27847
23008
13430
1444
-10040
-18230
-21115
-17953
-9452
2389
14751
24660
29696
28562
21402
9768
-3740
-16081
-24488
-27110
-23450
-14470
-2370
9933
19489
23995
22337
14836
3174
-10002
-21698
-29260
-30980
-26482
-16796
-4110
8737
18907
24204
23562
17269
6882
-5141
-16010
-23227
-25144
-21317
-12579
-836
11371
21439
27272
27724
22829
13764
2566
-8328
-16611
-20598
-19566
-13876
-4870
5444
14830
21300
23513
21037
14409
4991
-5321
-14505
-20812
-23111
-21086
-15278
-6950
2178
10279
15767
17601
15467
9822
1797
-7032
-14943
-20394
-22308
-20275
-14624
-6366
2997
11743
18255
21326
20385
15618
7946
-1143
-9863
-16470
-19603
-18552
-13416
-5102
4831
14468
21899
25605
24765
19436
10561
-202
-10793
-19159
-23661
-23411
-18457
-9790
852
11321
19489
23676
22989
17506
8259
-2970
-14002
-22701
-27390
-27185
-22159
-13316
-2383
8538
17386
22537
23111
19117
11435
1619
-8414
-16757
-21866
-22839
-19557
-12675
-3479
6373
15156
21389
24077
22861
18059
10579
1745
-6935
-14023
-18380
-19340
-16806
-11247
-3621
4785
12557
18379
21238
20593
16466
9452
634
-8577
-16669
-22278
-24419
-22671
-17266
-9070
547
9934
17446
21735
21998
18136
10784
1216
-8878
-17691
-23626
-25585
-23172
-16768
-7458
3158
13264
21146
25502
25659
21680
14337
4956
-4831
-13373
-19282
-21658
-20214
-15302
-7819
962
9610
16770
21364
22742
20752
15744
8489
60
-8328
-15489
-20425
-22454
-21302
-17139
-10562
-2517
5819
13200
18490
20833
19793
15444
8376
-370
-9452
-17427
-22985
-25167
-23534
-18256
-10098
-306
9595
18051
23738
25781
23899
18445
10342
916
-8328
-15950
-20809
-22233
-20100
-14836
-7317
1280
9676
16676
21335
23071
21720
17531
11107
3316
-4831
-12303
-18167
-21692
-22436
-20294
-15522
-8715
-749
7315
14367
19391
21614
20635
16499
9718
1216
-7793
-15984
-22118
-25243
-24846
-20941
-14071
-5225
4317
13185
20136
24233
24981
22385
16923
9452
1064
-7079
-13917
-18615
-20664
-19908
-16541
-11055
-4160
3299
10441
16433
20571
22346
21500
18059
12350
4978
-3219
-11256
-18121
-22898
-24907
-23810
-19683
-13021
-4692
4186
12397
18810
22546
23111
20461
15010
7549
-873
-9116
-16108
-20992
-23227
-22631
-19380
-13947
-7025
575
8021
14540
19489
22393
22979
21192
17198
11380
4318
-3252
-10500
-16581
-20738
-22403
-21287
-17441
-11278
-3530
4831
12726
19119
23164
24330
22475
17858
11093
3053
-5263
-12871
-18928
-22826
-24245
-23158
-19803
-14624
-8203
-1193
5740
11965
16925
20162
21356
20348
17173
12078
5526
-1827
-9185
-15695
-20553
-23111
-22980
-20099
-14756
-7561
632
8844
16108
21593
24718
25209
23119
18786
12774
5772
-1491
-8328
-14156
-18525
-21131
-21815
-20554
-17456
-12759
-6829
-157
6661
12962
18074
21393
22467
21073
17269
11407
4108
-3815
-11459
-17953
-22575
-24845
-24580
-21894
-17166
-10967
-3970
3141
9741
15316
19489
22014
22770
21741
19008
14749
9242
2876
-3856
-10372
-16048
-20279
-22562
-22571
-20219
-15695
-9452
-2160
5382
12349
18005
21791
23390
22743
20034
15633
10027
3752
-2675
-8791
-14203
-18591
-21694
-23307
-23278
-21529
-18082
-13090
-6866
124
7279
13920
19371
23050
24552
23716
20646
15704
9452
2566
-4252
-10371
-15295
-18702
-20448
-20539
-19094
-16300
-12377
-7562
-2112
3683
9486
14901
19489
22805
24451
24142
21768
17438
11484
4439
-3027
-10196
-16398
-21097
-23949
-24833
-23833
-21195
-17269
-12441
-7082
-1521
3964
9127
13732
17535
20273
21685
21548
19726
16225
11226
5098
-1631
-8328
-14339
-19077
-22108
-23198
-22340
-19731
-15719
-10741
-5241
379
5798
10778
15145
18756
21466
23111
23512
22505
19986
15959
10586
4196
-2727
-9595
-15790
-20750
-24052
-25465
-24976
-22770
-19180
-14624
-9523
-4248
917
5776
10197
14077
17297
19700
21088
21249
20007
17276
13115
7755
1596
-4831
-10938
-16157
-20031
-22272
-22793
-21697
-19237
-15748
-11578
-7027
-2319
2403
7049
11537
15747
19489
22499
24467
25085
24121
21478
17245
11701
5294
-1425
-7882
-13568
-18106
-21295
-23105
-23647
-23111
-21701
-19579
-16838
-13498
-9548
-4992
89
5505
10937
15966
20131
23004
24269
23789
21632
18059
13479
8369
3188
-1692
-6031
-9732
-12810
-15333
-17361
-18889
-19825
-19992
-19174
-17181
-13920
-9452
-4016
1983
8031
13586
18168
21437
23239
23614
22759
20961
18517
15660
12521
9114
5374
1216
-3394
-8381
-13521
-18461
-22755
-25952
-27680
-27728
-26088
-22961
-18716
-13812
-8707
-3772
764
4831
8490
11867
15078
18157
21005
23396
25007
25498
24600
22191
18354
13373
7699
1865
-3613
-8328
-12050
-14744
-16547
-17693
-18431
-18934
-19241
-19243
-18710
-17367
-14982
-11457
-6883
-1553
4073
9452
14062
17506
19582
20313
19919
18745
17163
15467
13805
12147
10313
8037
5073
1287
-3267
-8328
-13456
-18116
-21785
-24065
-24768
-23951
-21896
-19028
-15815
-12647
-9751
-7146
-4666
-2023
1077
4831
9250
14115
19011
23395
26721
28561
28704
27204
24367
20675
16664
12802
9378
6445
3833
1216
-1772
-5409
-9781
-14721
-19828
-24540
-28256
-30482
-30944
-29657
-26921
-23245
-19226
-15398
-12111
-9452
-7239
-5094
-2565
728
4965
10045
15584
20986
25578
28767
30179
29755
27760
24720
21282
18059
15470
13644
12393
11282
9753
7294
3603
-1312
-7104
-13150
-18690
-23005
-25590
-26278
-25276
-23111
-20490
-18120
-16519
-15885
-16045
-16506
-16589
-15621
-13129
-8982
-3453
2828
9013
14239
17836
19489
19316
17833
15814
14091
13329
13846
15527
17844
19995
21112
20496
17815
13207
7266
912
-4831
-9088
-11343
-11577
-10263
-8243
-6510
-5936
-7044
-9852
-13860
-18163
-21681
-23433
-22803
-19704
-14624
-8515
-2563
2101
4690
4961
3277
517
-2150
-3571
-2915
95
5096
11155
16996
21313
23111
21957
18111
12473
6364
1202
-1858
-2218
0
3978
8403
11804
12923
11061
6263
-661
-8328
-15110
-19547
-20709
-18446
-13439
-7038
-933
3268
4451
2288
-2670
-9109
-15281
-19436
-20270
-17269
-10860
-2323
6503
13675
17624
17552
13646
7044
-438
-6748
-10116
-9502
-4874
2766
11612
19489
24393
24992
20975
13146
3247
-6453
-13713
-16874
-15271
-9419
-894
8039
14981
17991
16075
9452
-484
-11483
-20977
-26708
-27284
-22529
-13547
-2464
8071
15531
18124
15240
7608
-2863
-13539
-21694
-25174
-22923
-15258
-3804
8879
19903
26744
27847
23008
13430
1444
-10040
-18230
-21115
-17953
-9452
2389
14751
24660
29696
28562
21402
9768
-3740
-16081
-24488
-27110
-23450
-14470
-2370
9933
19489
23995
22337
14836
3174
-10002
-21698
-29260
-30980
-26482
-16796
-4110
8737
18907
24204
23562
17269
6882
-5141
-16010
-23227
-25144
-21317
-12579
-836
11371
21439
27272
27724
22829
13764
2566
-8328
-16611
-20598
-19566
-13876
-4870
5444
14830
21300
23513
21037
14409
4991
-5321
-14505
-20812
-23111
-21086
-15278
-6950
2178
10279
15767
17601
15467
9822
1797
-7032
-14943
-20394
-22308
-20275
-14624
-6366
2997
11743
18255
21326
20385
15618
7946
-1143
-9863
-16470
-19603
-18552
-13416
-5102
4831
14468
21899
25605
24765
19436
10561
-202
-10793
-19159
-23661
-23411
-18457
-9790
852
11321
19489
23676
22989
17506
8259
-2970
-14002
-22701
-27390
-27185
-22159
-13316
-2383
8538
17386
22537
23111
19117
11435
1619
-8414
-16757
-21866
-22839
-19557
-12675
-3479
6373
15156
21389
24077
22861
18059
10579
1745
-6935
-14023
-18380
-19340
-16806
-11247
-3621
4785
12557
18379
21238
20593
16466
9452
634
-8577
-16669
-22278
-24419
-22671
-17266
-9070
547
9934
17446
21735
21998
18136
10784
1216
-8878
-17691
-23626
-25585
-23172
-16768
-7458
3158
13264
21146
25502
25659
21680
14337
4956
-4831
-13373
-19282
-21658
-20214
-15302
-7819
962
9610
16770
21364
22742
20752
15744
8489
60
-8328
-15489
-20425
-22454
-21302
-17139
-10562
-2517
5819
13200
18490
20833
19793
15444
8376
-370
-9452
-17427
-22985
-25167
-23534
-18256
-10098
-306
9595
18051
23738
25781
23899
18445
10342
916
-8328
-15950
-20809
-22233
-20100
-14836
-7317
1280
9676
16676
21335
23071
21720
17531
11107
3316
-4831
-12303
-18167
-21692
-22436
-20294
-15522
-8715
-749
7315
14367
19391
21614
20635
16499
9718
1216
-7793
-15984
-22118
-25243
-24846
-20941
-14071
-5225
4317
13185
20136
24233
24981
22385
16923
9452
1064
-7079
-13917
-18615
-20664
-19908
-16541
-11055
-4160
3299
10441
16433
20571
22346
21500
18059
12350
4978
-3219
-11256
-18121
-22898
-24907
-23810
-19683
-13021
-4692
4186
12397
18810
22546
23111
20461
15010
7549
-873
-9116
-16108
-20992
-23227
-22631
-19380
-13947
-7025
575
8021
14540
19489
22393
22979
21192
17198
11380
4318
-3252
-10500
-16581
-20738
-22403
-21287
-17441
-11278
-3530
4831
12726
19119
23164
24330
22475
17858
11093
3053
-5263
-12871
-18928
-22826
-24245
-23158
-19803
-14624
-8203
-1193
5740
11965
16925
20162
21356
20348
17173
12078
5526
-1827
-9185
-15695
-20553
-23111
-22980
-20099
-14756
-7561
632
8844
16108
21593
24718
25209
23119
18786
12774
5772
-1491
-8328
-14156
-18525
-21131
-21815
-20554
-17456
-12759
-6829
-157
6661
12962
18074
21393
22467
21073
17269
11407
4108
-3815
-11459
-17953
-22575
-24845
-24580
-21894
-17166
-10967
-3970
3141
9741
15316
19489
22014
22770
21741
19008
14749
9242
2876
-3856
-10372
-16048
-20279
-22562
-22571
-20219
-15695
-9452
-2160
5382
12349
18005
21791
23390
22743
20034
15633
10027
3752
-2675
-8791
-14203
-18591
-21694
-23307
-23278
-21529
-18082
-13090
-6866
124
7279
13920
19371
23050
24552
23716
20646
15704
9452
2566
-4252
-10371
-15295
-18702
-20448
-20539
-19094
-16300
-12377
-7562
-2112
3683
9486
14901
19489
22805
24451
24142
21768
17438
11484
4439
-3027
-10196
-16398
-21097
-23949
-24833
-23833
-21195
-17269
-12441
-7082
-1521
3964
9127
13732
17535
20273
21685
21548
19726
16225
11226
5098
-1631
-8328
-14339
-19077
-22108
-23198
-22340
-19731
-15719
-10741
-5241
379
5798
10778
15145
18756
21466
23111
23512
22505
19986
15959
10586
4196
-2727
-9595
-15790
-20750
-24052
-25465
-24976
-22770
-19180
-14624
-9523
-4248
917
5776
10197
14077
17297
19700
21088
21249
20007
17276
13115
7755
1596
-4831
-10938
-16157
-20031
-22272
-22793
-21697
-19237
-15748
-11578
-7027
-2319
2403
7049
11537
15747
19489
22499
24467
25085
24121
21478
17245
11701
5294
-1425
-7882
-13568
-18106
-21295
-23105
-23647
-23111
-21701
-19579
-16838
-13498
-9548
-4992
89
5505
10937
15966
20131
23004
24269
23789
21632
18059
13479
8369
3188
-1692
-6031
-9732
-12810
-15333
-17361
-18889
-19825
-19992
-19174
-17181
-13920
-9452
-4016
1983
8031
13586
18168
21437
23239
23614
22759
20961
18517
15660
12521
9114
5374
1216
-3394
-8381
-13521
-18461
-22755
-25952
-27680
-27728
-26088
-22961
-18716
-13812
-8707
-3772
764
4831
8490
11867
15078
18157
21005
23396
25007
25498
24600
22191
18354
13373
7699
1865
-3613
-8328
-12050
-14744
-16547
-17693
-18431
-18934
-19241
-19243
-18710
-17367
-14982
-11457
-6883
-1553
4073
9452
14062
17506
19582
20313
19919
18745
17163
15467
13805
12147
10313
8037
5073
1287
-3267
-8328
-13456
-18116
-21785
-24065
-24768
-23951
-21896
-19028
-15815
-12647
-9751
-7146
-4666
-2023
1077
4831
9250
14115
19011
23395
26721
28561
28704
27204
24367
20675
16664
12802
9378
6445
3833
1216
-1772
-5409
-9781
-14721
-19828
-24540
-28256
-30482
-30944
-29657
-26921
-23245
-19226
-15398
-12111
-9452
-7239
-5094
-2565
728
4965
10045
15584
20986
25578
28767
30179
29755
27760
24720
21282
18059
15470
13644
12393
11282
9753
7294
3603
-1312
-7104
-13150
-18690
-23005
-25590
-26278
-25276
-23111
-20490
-18120
-16519
-15885
-16045
-16506
-16589
-15621
-13129
-8982
-3453
2828
9013
14239
17836
19489
19316
17833
15814
14091
13329
13846
15527
17844
19995
21112
20496
17815
13207
7266
912
-4831
-9088
-11343
-11577
-10263
-8243
-6510
-5936
-7044
-9852
-13860
-18163
-21681
-23433
-22803
-19704
-14624
-8515
-2563
2101
4690
4961
3277
517
-2150
-3571
-2915
95
5096
11155
16996
21313
23111
21957
18111
12473
6364
1202
-1858
-2218
0
3978
8403
11804
12923
11061
6263
-661
-8328
-15110
-19547
-20709
-18446
-13439
-7038
-933
3268
4451
2288
-2670
-9109
-15281
-19436
-20270
-17269
-10860
-2323
6503
13675
17624
17552
13646
7044
-438
-6748
-10116
-9502
-4874
2766
11612
19489
24393
24992
20975
13146
3247
-6453
-13713
-16874
-15271
-9419
-894
8039
14981
17991
16075
9452
-484
-11483
-20977
-26708
-27284
-22529
-13547
-2464
8071
15531
18124
15240
7608
-2863
-13539
-21694
-25174
-22923
-15258
-3804
8879
19903
26744
27847
23008
13430
1444
-10040
-18230
-21115
-17953
-9452
2389
14751
24660
29696
28562
21402
9768
-3740
-16081
-24488
-27110
-23450
-14470
-2370
9933
19489
23995
22337
14836
3174
-10002
-21698
-29260
-30980
-26482
-16796
-4110
8737
18907
24204
23562
17269
6882
-5141
-16010
-23227
-25144
-21317
-12579
-836
11371
21439
27272
27724
22829
13764
2566
-8328
-16611
-20598
-19566
-13876
-4870
5444
14830
21300
23513
21037
14409
4991
-5321
-14505
-20812
-23111
-21086
-15278
-6950
2178
10279
15767
17601
15467
9822
1797
-7032
-14943
-20394
-22308
-20275
-14624
-6366
2997
11743
18255
21326
20385
15618
7946
-1143
-9863
-16470
-19603
-18552
-13416
-5102
4831
14468
21899
25605
24765
19436
10561
-202
-10793
-19159
-23661
-23411
-18457
-9790
852
11321
19489
23676
22989
17506
8259
-2970
-14002
-22701
-27390
-27185
-22159
-13316
-2383
8538
17386
22537
23111
19117
11435
1619
-8414
-16757
-21866
-22839
-19557
-12675
-3479
6373
15156
21389
24077
22861
18059
10579
1745
-6935
-14023
-18380
-19340
-16806
-11247
-3621
4785
12557
18379
21238
20593
16466
9452
634
-8577
-16669
-22278
-24419
-22671
-17266
-9070
547
9934
17446
21735
21998
18136
10784
1216
-8878
-17691
-23626
-25585
-23172
-16768
-7458
3158
13264
21146
25502
25659
21680
14337
4956
-4831
-13373
-19282
-21658
-20214
-15302
-7819
962
9610
16770
21364
22742
20752
15744
8489
60
-8328
-15489
-20425
-22454
-21302
-17139
-10562
-2517
5819
13200
18490
20833
19793
15444
8376
-370
-9452
-17427
-22985
-25167
-23534
-18256
-10098
-306
9595
18051
23738
25781
23899
18445
10342
916
-8328
-15950
-20809
-22233
-20100
-14836
-7317
1280
9676
16676
21335
23071
21720
17531
11107
3316
-4831
-12303
-18167
-21692
-22436
-20294
-15522
-8715
-749
7315
14367
19391
21614
20635
16499
9718
1216
-7793
-15984
-22118
-25243
-24846
-20941
-14071
-5225
4317
13185
20136
24233
24981
22385
16923
9452
1064
-7079
-13917
-18615
-20664
-19908
-16541
-11055
-4160
3299
10441
16433
20571
22346
21500
18059
12350
4978
-3219
-11256
-18121
-22898
-24907
-23810
-19683
-13021
-4692
4186
12397
18810
22546
23111
20461
15010
7549
-873
-9116
-16108
-20992
-23227
-22631
-19380
-13947
-7025
575
8021
14540
19489
22393
22979
21192
17198
11380
4318
-3252
-10500
-16581
-20738
-22403
-21287
-17441
-11278
-3530
4831
12726
19119
23164
24330
22475
17858
11093
3053
-5263
-12871
-18928
-22826
-24245
-23158
-19803
-14624
-8203
-1193
5740
11965
16925
20162
21356
20348
17173
12078
5526
-1827
-9185
-15695
-20553
-23111
-22980
-20099
-14756
-7561
632
8844
16108
21593
24718
25209
23119
18786
12774
5772
-1491
-8328
-14156
-18525
-21131
-21815
-20554
-17456
-12759
-6829
-157
6661
12962
18074
21393
22467
21073
17269
11407
4108
-3815
-11459
-17953
-22575
-24845
-24580
-21894
-17166
-10967
-3970
3141
9741
15316
19489
22014
22770
21741
19008
14749
9242
2876
-3856
-10372
-16048
-20279
-22562
-22571
-20219
-15695
-9452
-2160
5382
12349
18005
21791
23390
22743
20034
15633
10027
3752
-2675
-8791
-14203
-18591
-21694
-23307
-23278
-21529
-18082
-13090
-6866
124
7279
13920
19371
23050
24552
23716
20646
15704
9452
2566
-4252
-10371
-15295
-18702
-20448
-20539
-19094
-16300
-12377
-7562
-2112
3683
9486
14901
19489
22805
24451
24142
21768
17438
11484
4439
-3027
-10196
-16398
-21097
-23949
-24833
-23833
-21195
-17269
-12441
-7082
-1521
3964
9127
13732
17535
20273
21685
21548
19726
16225
11226
5098
-1631
-8328
-14339
-19077
-22108
-23198
-22340
-19731
-15719
-10741
-5241
379
5798
10778
15145
18756
21466
23111
23512
22505
19986
15959
10586
4196
-2727
-9595
-15790
-20750
-24052
-25465
-24976
-22770
-19180
-14624
-9523
-4248
917
5776
10197
14077
17297
19700
21088
21249
20007
17276
13115
7755
1596
-4831
-10938
-16157
-20031
-22272
-22793
-21697
-19237
-15748
-11578
-7027
-2319
2403
7049
11537
15747
19489
22499
24467
25085
24121
21478
17245
11701
5294
-1425
-7882
-13568
-18106
-21295
-23105
-23647
-23111
-21701
-19579
-16838
-13498
-9548
-4992
89
5505
10937
15966
20131
23004
24269
23789
21632
18059
13479
8369
3188
-1692
-6031
-9732
-12810
-15333
-17361
-18889
-19825
-19992
-19174
-17181
-13920
-9452
-4016
1983
8031
13586
18168
21437
23239
23614
22759
20961
18517
15660
12521
9114
5374
1216
-3394
-8381
-13521
-18461
-22755
-25952
-27680
-27728
-26088
-22961
-18716
-13812
-8707
-3772
764
4831
8490
11867
15078
18157
21005
23396
25007
25498
24600
22191
18354
13373
7699
1865
-3613
-8328
-12050
-14744
-16547
-17693
-18431
-18934
-19241
-19243
-18710
-17367
-14982
-11457
-6883
-1553
4073
9452
14062
17506
19582
20313
19919
18745
17163
15467
13805
12147
10313
8037
5073
1287
-3267
-8328
-13456
-18116
-21785
-24065
-24768
-23951
-21896
-19028
-15815
-12647
-9751
-7146
-4666
-2023
1077
4831
9250
14115
19011
23395
26721
28561
28704
27204
24367
20675
16664
12802
9378
6445
3833
1216
-1772
-5409
-9781
-14721
-19828
-24540
-28256
-30482
-30944
-29657
-26921
-23245
-19226
-15398
-12111
-9452
-7239
-5094
-2565
728
4965
10045
15584
20986
25578
28767
30179
29755
27760
24720
21282
18059
15470
13644
12393
11282
9753
7294
3603
-1312
-7104
-13150
-18690
-23005
-25590
-26278
-25276
-23111
-20490
-18120
-16519
-15885
-16045
-16506
-16589
-15621
-13129
-8982
-3453
2828
9013
14239
17836
19489
19316
17833
15814
14091
13329
13846
15527
17844
19995
21112
20496
17815
13207
7266
912
-4831
-9088
-11343
-11577
-10263
-8243
-6510
-5936
-7044
-9852
-13860
-18163
-21681
-23433
-22803
-19704
-14624
-8515
-2563
2101
4690
4961
3277
517
-2150
-3571
-2915
95
5096
11155
16996
21313
23111
21957
18111
12473
6364
1202
-1858
-2218
0
3978
8403
11804
12923
11061
6263
-661
-8328
-15110
-19547
-20709
-18446
-13439
-7038
-933
3268
4451
2288
-2670
-9109
-15281
-19436
-20270
17269
10860
2323
-6503
-13675
-17624
-17552
-13646
-7044
438
6748
10116
9502
4874
-2766
-11612
-19489
-24393
-24992
-20975
-13146
-3247
6453
13713
16874
15271
9419
894
-8039
-14981
-17991
-16075
-9452
484
11483
20977
26708
27284
22529
13547
2464
-8071
-15531
-18124
-15240
-7608
2863
13539
21694
25174
22923
15258
3804
-8879
-19903
-26744
-27847
-23008
-13430
-1444
10040
18230
21115
17953
9452
-2389
-14751
-24660
-29696
-28562
-21402
-9768
3740
16081
24488
27110
23450
14470
2370
-9933
-19489
-23995
-22337
-14836
-3174
10002
21698
29260
30980
26482
16796
4110
-8737
-18907
-24204
-23562
-17269
-6882
5141
16010
23227
25144
21317
12579
836
-11371
-21439
-27272
-27724
-22829
-13764
-2566
8328
16611
20598
19566
13876
4870
-5444
-14830
-21300
-23513
-21037
-14409
-4991
5321
14505
20812
23111
21086
15278
6950
-2178
-10279
-15767
-17601
-15467
-9822
-1797
7032
14943
20394
22308
20275
14624
6366
-2997
-11743
-18255
-21326
-20385
-15618
-7946
1143
9863
16470
19603
18552
13416
5102
-4831
-14468
-21899
-25605
-24765
-19436
-10561
202
10793
19159
23661
23411
18457
9790
-852
-11321
-19489
-23676
-22989
-17506
-8259
2970
14002
22701
27390
27185
22159
13316
2383
-8538
-17386
-22537
-23111
-19117
-11435
-1619
8414
16757
21866
22839
19557
12675
3479
-6373
-15156
-21389
-24077
-22861
-18059
-10579
-1745
6935
14023
18380
19340
16806
11247
3621
-4785
-12557
-18379
-21238
-20593
-16466
-9452
-634
8577
16669
22278
24419
22671
17266
9070
-547
-9934
-17446
-21735
-21998
-18136
-10784
-1216
8878
17691
23626
25585
23172
16768
7458
-3158
-13264
-21146
-25502
-25659
-21680
-14337
-4956
4831
13373
19282
21658
20214
15302
7819
-962
-9610
-16770
-21364
-22742
-20752
-15744
-8489
-60
8328
15489
20425
22454
21302
17139
10562
2517
-5819
-13200
-18490
-20833
-19793
-15444
-8376
370
9452
17427
22985
25167
23534
18256
10098
306
-9595
-18051
-23738
-25781
-23899
-18445
-10342
-916
8328
15950
20809
22233
20100
14836
7317
-1280
-9676
-16676
-21335
-23071
-21720
-17531
-11107
-3316
4831
12303
18167
21692
22436
20294
15522
8715
749
-7315
-14367
-19391
-21614
-20635
-16499
-9718
-1216
7793
15984
22118
25243
24846
20941
14071
5225
-4317
-13185
-20136
-24233
-24981
-22385
-16923
-9452
-1064
7079
13917
18615
20664
19908
16541
11055
4160
-3299
-10441
-16433
-20571
-22346
-21500
-18059
-12350
-4978
3219
11256
18121
22898
24907
23810
19683
13021
4692
-4186
-12397
-18810
-22546
-23111
-20461
-15010
-7549
873
9116
16108
20992
23227
22631
19380
13947
7025
-575
-8021
-14540
-19489
-22393
-22979
-21192
-17198
-11380
-4318
3252
10500
16581
20738
22403
21287
17441
11278
3530
-4831
-12726
-19119
-23164
-24330
-22475
-17858
-11093
-3053
5263
12871
18928
22826
24245
23158
19803
14624
8203
1193
-5740
-11965
-16925
-20162
-21356
-20348
-17173
-12078
-5526
1827
9185
15695
20553
23111
22980
20099
14756
7561
-632
-8844
-16108
-21593
-24718
-25209
-23119
-18786
-12774
-5772
1491
8328
14156
18525
21131
21815
20554
17456
12759
6829
157
-6661
-12962
-18074
-21393
-22467
-21073
-17269
-11407
-4108
3815
11459
17953
22575
24845
24580
21894
17166
10967
3970
-3141
-9741
-15316
-19489
-22014
-22770
-21741
-19008
-14749
-9242
-2876
3856
10372
16048
20279
22562
22571
20219
15695
9452
2160
-5382
-12349
-18005
-21791
-23390
-22743
-20034
-15633
-10027
-3752
2675
8791
14203
18591
21694
23307
23278
21529
18082
13090
6866
-124
-7279
-13920
-19371
-23050
-24552
-23716
-20646
-15704
-9452
-2566
4252
10371
15295
18702
20448
20539
19094
16300
12377
7562
2112
-3683
-9486
-14901
-19489
-22805
-24451
-24142
-21768
-17438
-11484
-4439
3027
10196
16398
21097
23949
24833
23833
21195
17269
12441
7082
1521
-3964
-9127
-13732
-17535
-20273
-21685
-21548
-19726
-16225
-11226
-5098
1631
8328
14339
19077
22108
23198
22340
19731
15719
10741
5241
-379
-5798
-10778
-15145
-18756
-21466
-23111
-23512
-22505
-19986
-15959
-10586
-4196
2727
9595
15790
20750
24052
25465
24976
22770
19180
14624
9523
4248
-917
-5776
-10197
-14077
-17297
-19700
-21088
-21249
-20007
-17276
-13115
-7755
-1596
4831
10938
16157
20031
22272
22793
21697
19237
15748
11578
7027
2319
-2403
-7049
-11537
-15747
-19489
-22499
-24467
-25085
-24121
-21478
-17245
-11701
-5294
1425
7882
13568
18106
21295
23105
23647
23111
21701
19579
16838
13498
9548
4992
-89
-5505
-10937
-15966
-20131
-23004
-24269
-23789
-21632
-18059
-13479
-8369
-3188
1692
6031
9732
12810
15333
17361
18889
19825
19992
19174
17181
13920
9452
4016
-1983
-8031
-13586
-18168
-21437
-23239
-23614
-22759
-20961
-18517
-15660
-12521
-9114
-5374
-1216
3394
8381
13521
18461
22755
25952
27680
27728
26088
22961
18716
13812
8707
3772
-764
-4831
-8490
-11867
-15078
-18157
-21005
-23396
-25007
-25498
-24600
-22191
-18354
-13373
-7699
-1865
3613
8328
12050
14744
16547
17693
18431
18934
19241
19243
18710
17367
14982
11457
6883
1553
-4073
-9452
-14062
-17506
-19582
-20313
-19919
-18745
-17163
-15467
-13805
-12147
-10313
-8037
-5073
-1287
3267
8328
13456
18116
21785
24065
24768
23951
21896
19028
15815
12647
9751
7146
4666
2023
-1077
-4831
-9250
-14115
-19011
-23395
-26721
-28561
-28704
-27204
-24367
-20675
-16664
-12802
-9378
-6445
-3833
-1216
1772
5409
9781
14721
19828
24540
28256
30482
30944
29657
26921
23245
19226
15398
12111
9452
7239
5094
2565
-728
-4965
-10045
-15584
-20986
-25578
-28767
-30179
-29755
-27760
-24720
-21282
-18059
-15470
-13644
-12393
-11282
-9753
-7294
-3603
1312
7104
13150
18690
23005
25590
26278
25276
23111
20490
18120
16519
15885
16045
16506
16589
15621
13129
8982
3453
-2828
-9013
-14239
-17836
-19489
-19316
-17833
-15814
-14091
-13329
-13846
-15527
-17844
-19995
-21112
-20496
-17815
-13207
-7266
-912
4831
9088
11343
11577
10263
8243
6510
5936
7044
9852
13860
18163
21681
23433
22803
19704
14624
8515
2563
-2101
-4690
-4961
-3277
-517
2150
3571
2915
-95
-5096
-11155
-16996
-21313
-23111
-21957
-18111
-12473
-6364
-1202
1858
2218
0
-3978
-8403
-11804
-12923
-11061
-6263
661
8328
15110
19547
20709
18446
13439
7038
933
-3268
-4451
-2288
2670
9109
15281
19436
20270
-17269
-10860
-2323
6503
13675
17624
17552
13646
7044
-438
-6748
-10116
-9502
-4874
2766
11612
19489
24393
24992
20975
13146
3247
-6453
-13713
-16874
-15271
-9419
-894
8039
14981
17991
16075
9452
-484
-11483
-20977
-26708
-27284
-22529
-13547
-2464
8071
15531
18124
15240
7608
-2863
-13539
-21694
-25174
-22923
-15258
-3804
8879
19903
26744
27847
23008
13430
1444
-10040
-18230
-21115
-17953
-9452
2389
14751
24660
29696
28562
21402
9768
-3740
-16081
-24488
-27110
-23450
-14470
-2370
9933
19489
23995
22337
14836
3174
-10002
-21698
-29260
-30980
-26482
-16796
-4110
8737
18907
24204
23562
17269
6882
-5141
-16010
-23227
-25144
-21317
-12579
-836
11371
21439
27272
27724
22829
13764
2566
-8328
-16611
-20598
-19566
-13876
-4870
5444
14830
21300
23513
21037
14409
4991
-5321
-14505
-20812
-23111
-21086
-15278
-6950
2178
10279
15767
17601
15467
9822
1797
-7032
-14943
-20394
-22308
-20275
-14624
-6366
2997
11743
18255
21326
20385
15618
7946
-1143
-9863
-16470
-19603
-18552
-13416
-5102
4831
14468
21899
25605
24765
19436
10561
-202
-10793
-19159
-23661
-23411
-18457
-9790
852
11321
19489
23676
22989
17506
8259
-2970
-14002
-22701
-27390
-27185
-22159
-13316
-2383
8538
17386
22537
23111
19117
11435
1619
-8414
-16757
-21866
-22839
-19557
-12675
-3479
6373
15156
21389
24077
22861
18059
10579
1745
-6935
-14023
-18380
-19340
-16806
-11247
-3621
4785
12557
18379
21238
20593
16466
9452
634
-8577
-16669
-22278
-24419
-22671
-17266
-9070
547
9934
17446
21735
21998
18136
10784
1216
-8878
-17691
-23626
-25585
-23172
-16768
-7458
3158
13264
21146
25502
25659
21680
14337
4956
-4831
-13373
-19282
-21658
-20214
-15302
-7819
962
9610
16770
21364
22742
20752
15744
8489
60
-8328
-15489
-20425
-22454
-21302
-17139
-10562
-2517
5819
13200
18490
20833
19793
15444
8376
-370
-9452
-17427
-22985
-25167
-23534
-18256
-10098
-306
9595
18051
23738
25781
23899
18445
10342
916
-8328
-15950
-20809
-22233
-20100
-14836
-7317
1280
9676
16676
21335
23071
21720
17531
11107
3316
-4831
-12303
-18167
-21692
-22436
-20294
-15522
-8715
-749
7315
14367
19391
21614
20635
16499
9718
1216
-7793
-15984
-22118
-25243
-24846
-20941
-14071
-5225
4317
13185
20136
24233
24981
22385
16923
9452
1064
-7079
-13917
-18615
-20664
-19908
-16541
-11055
-4160
3299
10441
16433
20571
22346
21500
18059
12350
4978
-3219
-11256
-18121
-22898
-24907
-23810
-19683
-13021
-4692
4186
12397
18810
22546
23111
20461
15010
7549
-873
-9116
-16108
-20992
-23227
-22631
-19380
-13947
-7025
575
8021
14540
19489
22393
22979
21192
17198
11380
4318
-3252
-10500
-16581
-20738
-22403
-21287
-17441
-11278
-3530
4831
12726
19119
23164
24330
22475
17858
11093
3053
-5263
-12871
-18928
-22826
-24245
-23158
-19803
-14624
-8203
-1193
5740
11965
16925
20162
21356
20348
17173
12078
5526
-1827
-9185
-15695
-20553
-23111
-22980
-20099
-14756
-7561
632
8844
16108
21593
24718
25209
23119
18786
12774
5772
-1491
-8328
-14156
-18525
-21131
-21815
-20554
-17456
-12759
-6829
-157
6661
12962
18074
21393
22467
21073
17269
11407
4108
-3815
-11459
-17953
-22575
-24845
-24580
-21894
-17166
-10967
-3970
3141
9741
15316
19489
22014
22770
21741
19008
14749
9242
2876
-3856
-10372
-16048
-20279
-22562
-22571
-20219
-15695
-9452
-2160
5382
12349
18005
21791
23390
22743
20034
15633
10027
3752
-2675
-8791
-14203
-18591
-21694
-23307
-23278
-21529
-18082
-13090
-6866
124
7279
13920
19371
23050
24552
23716
20646
15704
9452
2566
-4252
-10371
-15295
-18702
-20448
-20539
-19094
-16300
-12377
-7562
-2112
3683
9486
14901
19489
22805
24451
24142
21768
17438
11484
4439
-3027
-10196
-16398
-21097
-23949
-24833
-23833
-21195
-17269
-12441
-7082
-1521
3964
9127
13732
17535
20273
21685
21548
19726
16225
11226
5098
-1631
-8328
-14339
-19077
-22108
-23198
-22340
-19731
-15719
-10741
-5241
379
5798
10778
15145
18756
21466
23111
23512
22505
19986
15959
10586
4196
-2727
-9595
-15790
-20750
-24052
-25465
-24976
-22770
-19180
-14624
-9523
-4248
917
5776
10197
14077
17297
19700
21088
21249
20007
17276
13115
7755
1596
-4831
-10938
-16157
-20031
-22272
-22793
-21697
-19237
-15748
-11578
-7027
-2319
2403
7049
11537
15747
19489
22499
24467
25085
24121
21478
17245
11701
5294
-1425
-7882
-13568
-18106
-21295
-23105
-23647
-23111
-21701
-19579
-16838
-13498
-9548
-4992
89
5505
10937
15966
20131
23004
24269
23789
21632
18059
13479
8369
3188
-1692
-6031
-9732
-12810
-15333
-17361
-18889
-19825
-19992
-19174
-17181
-13920
-9452
-4016
1983
8031
13586
18168
21437
23239
23614
22759
20961
18517
15660
12521
9114
5374
1216
-3394
-8381
-13521
-18461
-22755
-25952
-27680
-27728
-26088
-22961
-18716
-13812
-8707
-3772
764
4831
8490
11867
15078
18157
21005
23396
25007
25498
24600
22191
18354
13373
7699
1865
-3613
-8328
-12050
-14744
-16547
-17693
-18431
-18934
-19241
-19243
-18710
-17367
-14982
-11457
-6883
-1553
4073
9452
14062
17506
19582
20313
19919
18745
17163
15467
13805
12147
10313
8037
5073
1287
-3267
-8328
-13456
-18116
-21785
-24065
-24768
-23951
-21896
-19028
-15815
-12647
-9751
-7146
-4666
-2023
1077
4831
9250
14115
19011
23395
26721
28561
28704
27204
24367
20675
16664
12802
9378
6445
3833
1216
-1772
-5409
-9781
-14721
-19828
-24540
-28256
-30482
-30944
-29657
-26921
-23245
-19226
-15398
-12111
-9452
-7239
-5094
-2565
728
4965
10045
15584
20986
25578
28767
30179
29755
27760
24720
21282
18059
15470
13644
12393
11282
9753
7294
3603
-1312
-7104
-13150
-18690
-23005
-25590
-26278
-25276
-23111
-20490
-18120
-16519
-15885
-16045
-16506
-16589
-15621
-13129
-8982
-3453
2828
9013
14239
17836
19489
19316
17833
15814
14091
13329
13846
15527
17844
19995
21112
20496
17815
13207
7266
912
-4831
-9088
-11343
-11577
-10263
-8243
-6510
-5936
-7044
-9852
-13860
-18163
-21681
-23433
-22803
-19704
-14624
-8515
-2563
2101
4690
4961
3277
517
-2150
-3571
-2915
95
5096
11155
16996
21313
23111
21957
18111
12473
6364
1202
-1858
-2218
0
3978
8403
11804
12923
11061
6263
-661
-8328
-15110
-19547
-20709
-18446
-13439
-7038
-933
3268
4451
2288
-2670
-9109
-15281
-19436
-20270
0
0
0
0
0
0
0
0
0
0
0
0
0
0
0
0
0
0
0
0
0
0
0
0
0
0
0
0
0
0
0
0
0
0
0
0
0
0
0
0
0
0
0
0
0
0
0
0
0
0
0
0
0
0
0
0
0
0
0
0
0
0
0
0
0
0
0
0
0
0
0
0
0
0
0
0
0
0
0
0
0
0
0
0
0
0
0
0
0
0
0
0
0
0
0
0
0
0
0
0
0
0
0
0
0
0
0
0
0
0
0
0
0
0
0
0
0
0
0
0
0
0
0
0
0
0
0
0
0
0
0
0
0
0
0
0
0
0
0
0
0
0
0
0
0
0
0
0
0
0
0
0
0
0
0
0
0
0
0
0
0
0
0
0
0
0
0
0
0
0
0
0
0
0
0
0
0
0
0
0
0
0
0
0
0
0
0
0
0
0
0
0
0
0
0
0
0
0
0
0
0
0
0
0
0
0
0
0
0
0
0
0
0
0
0
0
0
0
0
0
0
0
0
0
0
0
0
0
0
0
0
0
0
0
0
0
0
0
0
0
0
0
0
0
0
0
0
0
0
0
0
0
0
0
0
0
0
0
0
0
0
0
0
0
0
0
0
0
0
0
0
0
0
0
0
0
0
0
0
0
0
0
0
0
0
0
0
0
0
0
0
0
0
0
0
0
0
0
0
0
0
0
0
0
0
0
0
0
0
0
0
0
0
0
0
0
0
0
0
0
0
0
0
0
0
0
0
0
0
0
0
0
0
0
0
0
0
0
0
0
0
0
0
0
0
0
0
0
0
0
0
0
0
0
0
0
0
0
0
0
0
0
0
0
0
0
0
0
0
0
0
0
0
0
0
0
0
0
0
0
0
0
0
0
0
0
0
0
0
0
0
0
0
0
0
0
0
0
0
0
0
0
0
0
0
0
0
0
0
0
0
0
0
0
0
0
0
0
0
0
0
0
0
0
0
0
0
0
0
0
0
0
0
0
0
0
0
0
0
0
0
0
0
0
0
0
0
0
0
0
0
0
0
0
0
0
0
0
0
0
0
0
0
0
0
0
0
0
0
0
0
0
0
0
0
0
0
0
0
0
0
0
0
0
0
0
0
0
0
0
0
0
0
0
0
0
0
0
0
0
0
0
0
0
0
0
0
0
0
0
0
0
0
0
0
0
0
0
0
0
0
0
0
0
0
0
0
0
0
0
0
0
0
0
0
0
0
0
0
0
0
0
0
0
0
0
0
0
0
0
0
0
0
0
0
0
0
0
0
0
0
0
0
0
0
0
0
0
0
0
0
0
0
0
0
0
0
0
0
0
0
0
0
0
0
0
0
0
0
0
0
0
0
0
0
0
0
0
0
0
0
0
0
0
0
0
0
0
0
0
0
0
0
0
0
0
0
0
0
0
0
0
0
0
0
0
0
0
0
0
0
0
0
0
0
0
0
0
0
0
0
0
0
0
0
0
0
0
0
0
0
0
0
0
0
0
0
0
0
0
0
0
0
0
0
0
0
0
0
0
0
0
0
0
0
0
0
0
0
0
0
0
0
0
0
0
0
0
0
0
0
0
0
0
0
0
0
0
0
0
0
0
0
0
0
0
0
0
0
0
0
0
0
0
0
0
0
0
0
0
0
0
0
0
0
0
0
0
0
0
0
0
0
0
0
0
0
0
0
0
0
0
0
0
0
0
0
0
0
0
0
0
0
0
0
0
0
0
0
0
0
0
0
0
0
0
0
0
0
0
0
0
0
0
0
0
0
0
0
0
0
0
0
0
0
0
0
0
0
0
0
0
0
0
0
0
0
0
0
0
0
0
0
0
0
0
0
0
0
0
0
0
0
0
0
0
0
0
0
0
0
0
0
0
0
0
0
0
0
0
0
0
0
0
0
0
0
0
0
0
0
0
0
0
0
0
0
0
0
0
0
0
0
0
0
0
0
0
0
0
0
0
0
0
0
0
0
0
0
0
0
0
0
0
0
0
0
0
0
0
0
0
0
0
0
0
0
0
0
0
0
0
0
0
0
0
0
0
0
0
0
0
0
0
0
0
0
0
0
0
0
0
0
0
0
0
0
0
0
0
0
0
0
0
0
0
0
0
0
0
0
0
0
0
0
0
0
0
0
0
0
0
0
0
0
0
0
0
0
0
0
0
0
0
0
0
0
0
0
0
9629
9702
7509
3686
-782
-4811
-7484
-8251
-7054
-4296
-728
2756
5348
6503
6061
4253
1618
-1153
-3396
-4632
-4668
-3625
-1868
99
1781
2812
3033
2516
1506
349
-632
-1215
-1329
-1061
-604
-180
38
-11
-272
-578
-731
-573
-50
747
1604
2231
2361
1835
672
-905
-2521
-3724
-4123
-3493
-1867
442
2906
4896
5843
5402
3551
640
-2679
-5599
-7349
-7397
-5606
-2298
1801
5722
8473
9300
7883
4442
-279
-5185
-9073
-10934
-10208
-6947
-1836
3954
9036
12131
12398
9656
4452
-2038
-8282
-12745
-14274
-12390
-7433
-502
6782
12660
15659
14959
10616
3570
-4546
-11800
-16406
-17175
-13815
-7026
1638
10131
16394
18857
16831
10697
1839
-7667
-15544
-19850
-19469
-14391
-5739
4473
13820
20027
21539
17899
9885
-656
-11235
-19305
-22878
-21018
-14075
-3633
7855
17645
23355
23549
18094
8213
-3787
-15057
-22877
-25321
-21727
-12874
-813
11602
21398
26192
24768
17393
5761
-7389
-18925
-26060
-27035
-21547
-10841
2575
15515
24875
28376
25120
15823
2652
-11274
-22633
-28679
-27919
-20476
-8076
6357
19386
27883
29781
24576
13458
-952
-15237
-25978
-30586
-27916
-18562
-4718
10335
23008
30259
30326
23153
10417
-4868
-19067
-28782
-31673
-27018
-15899
-940
14301
26188
31872
29975
20922
6853
-8893
-22563
-30893
-31878
-25268
-12619
3062
18046
28756
32634
28740
17995
2948
-12815
-25543
-32196
-31187
-22749
-8893
7084
21376
30578
32500
26683
14519
-1092
-16431
-27847
-32623
-29632
-19595
-4910
10915
24118
31558
31477
23910
10676
-5062
-19556
-29358
-32153
-27295
-15966
-880
14358
26130
31646
29621
20567
6665
-8755
-22026
-30000
-30811
-24300
-12052
2989
17237
27311
30842
27031
16827
2695
-11982
-23719
-29745
-28673
-20805
-8060
6499
19404
27606
29194
23847
12890
-1026
-14578
-24551
-28614
-25857
-16998
-4199
9468
20753
27005
26795
20241
8964
-4309
-16411
-24488
-26672
-22517
-13082
-669
11746
21221
25552
23781
16408
5255
-6982
-17394
-23544
-24035
-18838
-9267
2344
13219
20794
23334
20319
12556
1961
-8910
-17485
-21778
-20851
-15020
-5756
4686
13818
19507
20479
16603
8893
-746
-10000
-16691
-19298
-17300
-11273
-2735
6239
13523
17440
17153
12838
5618
-2727
-10201
-15066
-16250
-13582
-7802
-366
6925
12360
14718
13544
9234
2906
-3880
-9514
-12710
-12810
-9906
-4798
1228
6718
10406
11501
9860
5990
902
-4151
-7987
-9766
-9176
-6479
-2423
1965
5639
7778
7974
6306
3287
-284
-3531
-5715
-6403
-5554
-3493
-809
1810
3755
4631
4343
3087
1274
-594
-2063
-2832
-2819
-2154
-1117
-42
778
1180
1150
816
385
65
-12
165
491
778
829
514
-165
-1068
-1935
-2463
-2403
-1643
-272
1425
3023
4064
4183
3224
1308
-1170
-3624
-5411
-6001
-5128
-2881
283
3638
6347
7680
7197
4890
1214
-3002
-6743
-9048
-9257
-7198
-3255
1702
6500
9948
11130
9643
5729
235
-5560
-10248
-12637
-12042
-8492
-2734
3909
9853
13619
14213
11377
5682
-1582
-8702
-13942
-15971
-14193
-8927
-1342
6786
13508
17152
16750
12292
4745
-4141
-12257
-17616
-18858
-15581
-8468
850
10178
17262
20344
18592
12327
2961
-7308
-16027
-21064
-21130
-16116
-7132
3732
13899
20906
23012
19626
11468
418
-10913
-19807
-24088
-22653
-15759
-4979
7153
17748
24236
25003
19785
9751
-2753
-14762
-23388
-26517
-23332
-14517
-2119
10932
21516
27067
26199
19048
7260
-6388
-18650
-26572
-28213
-23119
-12447
1303
14868
24998
29239
26523
17443
4118
-10298
-22368
-29183
-29075
-22018
-9650
5111
18752
28005
30628
25952
15048
487
-14276
-25715
-31077
-29049
-20077
-6267
9106
22379
30372
31153
24504
11982
-3446
-18112
-28512
-32148
-28129
-17389
-2471
13079
25555
31971
30781
22252
8400
-7478
-21607
-30611
-32336
-26358
-14093
1540
16823
28113
32715
29528
19308
4488
-11400
-24575
-31898
-31626
-23825
-10359
5561
20145
29919
32564
27456
15824
447
-15008
-26865
-32308
-30055
-20660
-6377
9384
22871
30881
31525
24673
11981
-3513
-18114
-28356
-31820
-27707
-17031
-2356
12809
24861
30949
29656
21327
7978
-7188
-20563
-28977
-30462
-24707
-13125
1495
15663
26018
30127
27058
17594
4027
-10390
-22229
-28700
-28314
-21217
-9150
4979
17801
26287
28464
23874
13671
331
-12953
-23031
-27548
-25493
-17422
-5314
7914
19116
25662
26055
20275
9769
-2916
-14750
-22938
-25592
-22157
-13527
-1818
10152
19550
24188
23038
16460
6094
-5548
-15694
-21966
-22945
-18489
-9742
1152
11582
19089
21952
19582
12635
2840
-7431
-15746
-20177
-19760
-14692
-6269
3448
12137
17770
19089
15880
9008
180
-8471
-14913
-17680
-16216
-10975
-3296
4948
11798
15678
15762
12139
5776
-1747
-8623
-13254
-14622
-12515
-7544
-978
5580
10594
12936
12161
8569
3115
-2843
-7888
-10870
-11181
-8865
-4587
557
5320
8602
9708
8493
5367
1168
-3056
-6316
-7903
-7554
-5473
-2267
1235
4189
5944
6180
4967
2713
41
-2380
-4004
-4530
-3950
-2531
-711
1020
2258
2775
2557
1783
757
-206
-858
-1090
-942
-577
-204
-6
-69
-356
-719
-953
-873
-392
436
1417
2257
2649
2370
1371
-192
-1972
-3505
-4337
-4146
-2852
-668
1933
4317
5845
6037
4723
2105
-1258
-4577
-7006
-7868
-6836
-4037
-52
4199
7675
9465
9026
6341
1951
-3148
-7736
-10657
-11110
-8867
-4352
1426
7110
11299
12909
11440
7127
913
-5757
-11274
-14251
-13873
-10115
-3776
3688
10501
14985
15979
13136
7027
-960
-8945
-14991
-17581
-15993
-10500
-2328
6615
14186
18522
18495
14008
6037
-3571
-12535
-18678
-20455
-17345
-9994
-83
10047
17962
21711
20309
13999
4203
-6781
-16334
-22130
-22708
-17842
-8609
2844
13800
21618
24368
21312
13096
1614
-10422
-20131
-25150
-24206
-17445
-6412
6303
17673
24952
26342
21436
11338
-1596
-14299
-23721
-27568
-24857
-16165
-3513
10111
21455
27777
27514
20665
8809
-5263
-18204
-26905
-29247
-24616
-14060
-59
14068
24942
29937
27813
19030
5636
-9195
-21930
-29510
-30089
-23485
-11233
3772
17963
27946
31309
27217
16607
1981
-13186
-25277
-31391
-30040
-21518
-7827
7782
21593
30303
31816
25746
13519
-1966
-17027
-28068
-32446
-29099
-18811
-4017
11760
24764
31888
31425
23475
9923
-6004
-20518
-30154
-32615
-27310
-15501
0
15501
27310
32615
30154
20518
6004
-9923
-23475
-31425
-31888
-24764
-11760
4017
18811
29099
32446
28068
17027
1966
-13519
-25746
-31816
-30303
-21593
-7782
7827
21518
30040
31391
25277
13186
-1981
-16607
-27217
-31309
-27946
-17963
-3772
11233
23485
30089
29510
21930
9195
-5636
-19030
-27813
-29937
-24942
-14068
59
14060
24616
29247
26905
18204
5263
-8809
-20665
-27514
-27777
-21455
-10111
3513
16165
24857
27568
23721
14299
1596
-11338
-21436
-26342
-24952
-17673
-6303
6412
17445
24206
25150
20131
10422
-1614
-13096
-21312
-24368
-21618
-13800
-2844
8609
17842
22708
22130
16334
6781
-4203
-13999
-20309
-21711
-17962
-10047
83
9994
17345
20455
18678
12535
3571
-6037
-14008
-18495
-18522
-14186
-6615
2328
10500
15993
17581
14991
8945
960
-7027
-13136
-15979
-14985
-10501
-3688
3776
10115
13873
14251
11274
5757
-913
-7127
-11440
-12909
-11299
-7110
-1426
4352
8867
11110
10657
7736
3148
-1951
-6341
-9026
-9465
-7675
-4199
52
4037
6836
7868
7006
4577
1258
-2105
-4723
-6037
-5845
-4317
-1933
668
2852
4146
4337
3505
1972
192
-1371
-2370
-2649
-2257
-1417
-436
392
873
953
719
356
69
6
204
577
942
1090
858
206
-757
-1783
-2557
-2775
-2258
-1020
711
2531
3950
4530
4004
2380
-41
-2713
-4967
-6180
-5944
-4189
-1235
2267
5473
7554
7903
6316
3056
-1168
-5367
-8493
-9708
-8602
-5320
-557
4587
8865
11181
10870
7888
2843
-3115
-8569
-12161
-12936
-10594
-5580
978
7544
12515
14622
13254
8623
1747
-5776
-12139
-15762
-15678
-11798
-4948
3296
10975
16216
17680
14913
8471
-180
-9008
-15880
-19089
-17770
-12137
-3448
6269
14692
19760
20177
15746
7431
-2840
-12635
-19582
-21952
-19089
-11582
-1152
9742
18489
22945
21966
15694
5548
-6094
-16460
-23038
-24188
-19550
-10152
1818
13527
22157
25592
22938
14750
2916
-9769
-20275
-26055
-25662
-19116
-7914
5314
17422
25493
27548
23031
12953
-331
-13671
-23874
-28464
-26287
-17801
-4979
9150
21217
28314
28700
22229
10390
-4027
-17594
-27058
-30127
-26018
-15663
-1495
13125
24707
30462
28977
20563
7188
-7978
-21327
-29656
-30949
-24861
-12809
2356
17031
27707
31820
28356
18114
3513
-11981
-24673
-31525
-30881
-22871
-9384
6377
20660
30055
32308
26865
15008
-447
-15824
-27456
-32564
-29919
-20145
-5561
10359
23825
31626
31898
24575
11400
-4488
-19308
-29528
-32715
-28113
-16823
-1540
14093
26358
32336
30611
21607
7478
-8400
-22252
-30781
-31971
-25555
-13079
2471
17389
28129
32148
28512
18112
3446
-11982
-24504
-31153
-30372
-22379
-9106
6267
20077
29049
31077
25715
14276
-487
-15048
-25952
-30628
-28005
-18752
-5111
9650
22018
29075
29183
22368
10298
-4118
-17443
-26523
-29239
-24998
-14868
-1303
12447
23119
28213
26572
18650
6388
-7260
-19048
-26199
-27067
-21516
-10932
2119
14517
23332
26517
23388
14762
2753
-9751
-19785
-25003
-24236
-17748
-7153
4979
15759
22653
24088
19807
10913
-418
-11468
-19626
-23012
-20906
-13899
-3732
7132
16116
21130
21064
16027
7308
-2961
-12327
-18592
-20344
-17262
-10178
-850
8468
15581
18858
17616
12257
4141
-4745
-12292
-16750
-17152
-13508
-6786
1342
8927
14193
15971
13942
8702
1582
-5682
-11377
-14213
-13619
-9853
-3909
2734
8492
12042
12637
10248
5560
-235
-5729
-9643
-11130
-9948
-6500
-1702
3255
7198
9257
9048
6743
3002
-1214
-4890
-7197
-7680
-6347
-3638
-283
2881
5128
6001
5411
3624
1170
-1308
-3224
-4183
-4064
-3023
-1425
272
1643
2403
2463
1935
1068
165
-514
-829
-778
-491
-165
12
-65
-385
-816
-1150
-1180
-778
42
1117
2154
2819
2832
2063
594
-1274
-3087
-4343
-4631
-3755
-1810
809
3493
5554
6403
5715
3531
284
-3287
-6306
-7974
-7778
-5639
-1965
2423
6479
9176
9766
7987
4151
-902
-5990
-9860
-11501
-10406
-6718
-1228
4798
9906
12810
12710
9514
3880
-2906
-9234
-13544
-14718
-12360
-6925
366
7802
13582
16250
15066
10201
2727
-5618
-12838
-17153
-17440
-13523
-6239
2735
11273
17300
19298
16691
10000
746
-8893
-16603
-20479
-19507
-13818
-4686
5756
15020
20851
21778
17485
8910
-1961
-12556
-20319
-23334
-20794
-13219
-2344
9267
18838
24035
23544
17394
6982
-5255
-16408
-23781
-25552
-21221
-11746
669
13082
22517
26672
24488
16411
4309
-8964
-20241
-26795
-27005
-20753
-9468
4199
16998
25857
28614
24551
14578
1026
-12890
-23847
-29194
-27606
-19404
-6499
8060
20805
28673
29745
23719
11982
-2695
-16827
-27031
-30842
-27311
-17237
-2989
12052
24300
30811
30000
22026
8755
-6665
-20567
-29621
-31646
-26130
-14358
880
15966
27295
32153
29358
19556
5062
-10676
-23910
-31477
-31558
-24118
-10915
4910
19595
29632
32623
27847
16431
1092
-14519
-26683
-32500
-30578
-21376
-7084
8893
22749
31187
32196
25543
12815
-2948
-17995
-28740
-32634
-28756
-18046
-3062
12619
25268
31878
30893
22563
8893
-6853
-20922
-29975
-31872
-26188
-14301
940
15899
27018
31673
28782
19067
4868
-10417
-23153
-30326
-30259
-23008
-10335
4718
18562
27916
30586
25978
15237
952
-13458
-24576
-29781
-27883
-19386
-6357
8076
20476
27919
28679
22633
11274
-2652
-15823
-25120
-28376
-24875
-15515
-2575
10841
21547
27035
26060
18925
7389
-5761
-17393
-24768
-26192
-21398
-11602
813
12874
21727
25321
22877
15057
3787
-8213
-18094
-23549
-23355
-17645
-7855
3633
14075
21018
22878
19305
11235
656
-9885
-17899
-21539
-20027
-13820
-4473
5739
14391
19469
19850
15544
7667
-1839
-10697
-16831
-18857
-16394
-10131
-1638
7026
13815
17175
16406
11800
4546
-3570
-10616
-14959
-15659
-12660
-6782
502
7433
12390
14274
12745
8282
2038
-4452
-9656
-12398
-12131
-9036
-3954
1836
6947
10208
10934
9073
5185
279
-4442
-7883
-9300
-8473
-5722
-1801
2298
5606
7397
7349
5599
2679
-640
-3551
-5402
-5843
-4896
-2906
-442
1867
3493
4123
3724
2521
905
-672
-1835
-2361
-2231
-1604
-747
50
573
731
578
272
11
-38
180
604
1061
1329
1215
632
-349
-1506
-2516
-3033
-2812
-1781
-99
1868
3625
4668
4632
3396
1153
-1618
-4253
-6061
-6503
-5348
-2756
728
4296
7054
8251
7484
4811
782
-3686
-7509
-9702
-9629
-7186
-2852
2402
7326
10694
11603
9719
5377
-465
-6439
-11091
-13227
-12229
-8216
-2056
4830
10789
14338
14529
11203
5051
-2524
-9726
-14795
-16436
-14149
-8371
-406
7882
14491
17778
16858
11843
3842
-5286
-13364
-18412
-19141
-15272
-7633
2015
11391
18227
20818
18452
11595
1810
-8605
-17153
-21739
-21183
-15525
-6031
5081
15168
21785
23281
19210
10459
-944
-12302
-20884
-24585
-22442
-14884
-3643
8630
19007
24970
25025
19082
8488
-4278
-16179
-24352
-26788
-22838
-13370
-590
12475
22698
27599
25944
18061
5775
-8016
-20027
-27363
-28221
-22337
-11055
2970
16411
26041
29525
25979
16194
2462
-11965
-23641
-29753
-28799
-20957
-8055
6856
20228
28852
30639
25120
13569
-1284
-15915
-26824
-31387
-28481
-18763
-4522
10863
23724
30980
30873
23402
10319
-5270
-19659
-29407
-32173
-27276
-15863
-636
14782
26714
32306
30210
20910
6611
-9287
-22998
-31250
-32066
-25246
-12404
3400
18407
29039
32759
28681
17772
2634
-13127
-25760
-32255
-31069
-22490
-8567
7379
21552
30577
32315
26362
14150
-1404
-16592
-27800
-32372
-29233
-19153
-4547
11095
24052
31250
30996
23376
10229
-5297
-19502
-29014
-31593
-26656
-15408
-555
14355
25781
31025
28874
19879
6216
-8841
-21709
-29344
-29967
-23473
-11452
3201
16994
26655
29921
26065
16057
2319
-11856
-23104
-28778
-27582
-19856
-7494
6531
18877
26632
28000
22721
12111
-1256
-14188
-23620
-27355
-24571
-16000
-3739
9261
19914
25725
25375
19025
8253
-4329
-15721
-23239
-25158
-21100
-12110
-387
11255
20061
23992
22191
15176
4686
-6738
-16383
-21994
-22315
-17361
-8396
2388
12413
19319
21536
18629
11383
1599
-8365
-16149
-19963
-18988
-13560
-5056
4447
12684
17741
18500
14885
7854
-847
-9128
-15044
-17266
-15366
-9906
-2269
5682
12065
15425
15059
11169
4779
-2526
-8998
-13142
-14062
-11652
-6598
-182
6035
10602
12507
11409
7688
2324
-3350
-7993
-10555
-10535
-8056
-3819
1093
5497
8385
9160
7759
4635
622
-3284
-6176
-7439
-6890
-4781
-1723
1494
4106
5547
5576
4316
2182
-236
-2338
-3658
-3974
-3333
-2013
-424
1003
1948
2255
1964
1275
464
-207
-570
-589
-363
-71
93
5
-346
-850
-1299
-1468
-1186
-418
707
1915
2852
3187
2708
1416
-455
-2479
-4127
-4912
-4523
-2928
-417
2452
4974
6471
6469
4844
1877
-1785
-5271
-7694
-8372
-7021
-3847
472
4931
8432
10055
9293
6210
1445
-3909
-8565
-11345
-11479
-8817
-3885
2204
8006
12094
13398
11494
6721
139
-6712
-12176
-14873
-14053
-9799
-3031
4684
11506
15749
16307
12937
6340
-1974
-10041
-15900
-18074
-15940
-9904
-1326
7783
15236
19191
18612
13534
5079
-4785
-13712
-19527
-20763
-17026
-9116
1144
11331
18989
22223
20175
13240
2997
-8146
-17525
-22854
-22783
-17239
-7467
4254
15138
22556
24672
20901
12060
198
-11876
-21272
-25694
-24015
-16558
-5035
7839
18997
25739
26396
20737
10046
-3171
-15778
-24745
-27884
-24381
-15005
-1944
11712
22699
28361
27291
19683
7299
-6939
-19642
-27755
-29298
-23850
-12657
1646
15666
26044
30274
27301
17783
3955
-10909
-23261
-30135
-29854
-22442
-9629
5553
19492
28851
31370
26415
15132
187
-14869
-26443
-31755
-29514
-20222
-6075
9572
22988
30967
31585
24674
11862
-3811
-18614
-29017
-32525
-28289
-17304
-2177
13493
25971
32278
30902
22165
8141
-7832
-21949
-30845
-32400
-26240
-13833
1864
17113
28283
32714
29356
19015
4160
-11667
-24697
-31834
-31386
-23472
-9991
5837
20245
29803
32251
27025
15387
126
-15118
-26719
-31932
-29536
-20130
-5976
9539
22726
30456
30918
24033
11472
-3752
-18007
-27912
-31136
-26950
-16388
-1999
12778
24431
30212
28785
20537
7472
-7274
-20188
-28218
-29495
-23765
-12444
1736
15388
25277
29090
25971
16725
3598
-10259
-21552
-27630
-27101
-20157
-8507
5035
17239
25228
27155
22630
12799
52
-12555
-22037
-26187
-24088
-16315
-4783
7727
18241
24297
24522
18945
8968
-2981
-14049
-21627
-23977
-20624
-12450
-1469
9678
18351
22543
21338
15116
5438
-5347
-14670
-20353
-21126
-16900
-8770
1261
10791
17574
20071
17783
11355
2395
-6924
-14395
-18299
-17800
-13122
-5473
3269
11015
15965
17028
14058
7864
0
-7636
-13253
-15586
-14187
-9502
-2736
4449
10352
13624
13588
10369
4836
-1623
-7456
-11316
-12373
-10492
-6237
-705
4748
8846
10688
9948
6923
2434
-2390
-6401
-8703
-8847
-6926
-3509
511
4156
6593
7332
6318
3915
791
-2265
-4540
-5567
-5212
-3688
-1468
852
2714
3725
3749
2903
1513
-6
-1262
-1985
-2092
-1676
-964
-229
301
509
413
145
-98
-146
85
558
1114
1520
1557
1089
139
-1107
-2328
-3153
-3267
-2514
-970
1060
3091
4579
5062
4300
2356
-384
-3292
-5637
-6767
-6294
-4206
-906
2862
6190
8208
8327
6392
2758
-1774
-6131
-9225
-10219
-8757
-5071
43
5394
9680
11796
11126
7709
2267
-3954
-9464
-12889
-13311
-10510
-5052
1831
8514
13361
15132
13292
8169
904
-6806
-13105
-16420
-15860
-11447
-4143
4366
12050
17029
18025
14697
7736
-1263
-10176
-16849
-19614
-17716
-11505
-2384
7510
15807
20474
20308
15252
6424
-4122
-13881
-20488
-22290
-18767
-10670
135
11096
19579
23500
21844
14915
4294
-7524
-17719
-23817
-24290
-18942
-8975
3286
14930
23154
25936
22538
13693
1454
-11287
-21480
-26650
-25497
-18223
-6504
6906
18809
26339
27641
22341
11642
-1951
-15211
-24959
-28827
-25835
-16636
-3378
10803
22521
28953
28514
21256
8860
-5747
-19089
-27967
-30224
-25276
-14256
240
14773
25869
30853
28499
19327
5490
-9733
-22714
-30338
-30759
-23841
-11202
4165
18607
28670
31932
27591
16651
1703
-13703
-25892
-31944
-30398
-21599
-7629
8194
22102
30773
32128
25829
13364
-2304
-17449
-28456
-32697
-29154
-18664
-3720
12117
25076
32070
31428
23304
9632
-6326
-20775
-30270
-32554
-27089
-15184
321
15729
27373
32488
29866
20144
5651
-10153
-23508
-31240
-31523
-24311
-11340
4287
18844
28875
32008
27523
16514
1625
-13589
-25510
-31318
-29661
-20966
-7333
7971
21304
29507
30659
24525
12605
-2236
-16455
-26679
-30505
-27067
-17229
-3372
11186
22984
29242
28516
21032
8620
-5733
-18607
-26960
-28849
-23883
-13299
337
13765
23801
28100
25697
17231
4771
-8686
-19940
-26349
-26446
-20280
-9385
3602
15581
23724
26151
22359
13325
1259
-10944
-20391
-24885
-23431
-16456
-5693
6256
16544
22766
23509
18686
9525
-1734
-12396
-19948
-22658
-19972
-12618
-2419
8161
16615
20989
20324
14879
6033
-4053
-12973
-18645
-19800
-16263
-8973
265
9226
15803
18501
16777
11147
3036
-5579
-12656
-16566
-16473
-12511
-5719
2219
9403
14161
15448
13067
7695
692
-6239
-11473
-13834
-12869
-8923
-3032
3345
8692
11792
12008
9405
4714
-872
-6006
-9500
-10611
-9193
-5700
-1058
3587
7143
8837
8377
5996
2367
-1579
-4900
-6858
-7085
-5653
-3021
100
2939
4851
5469
4764
3032
782
-1395
-2994
-3700
-3457
-2452
-1036
378
1444
1953
1883
1378
680
46
-334
-398
-212
60
227
142
-233
-808
-1382
-1711
-1587
-923
201
1539
2733
3402
3266
2231
448
-1700
-3687
-4962
-5108
-3961
-1687
1236
4120
6220
6937
5974
3442
-137
-3940
-7028
-8579
-8109
-5603
-1563
3097
7260
9865
10186
8025
3787
-1585
-6826
-10640
-12027
-10539
-6414
-553
5681
10781
13456
12960
9295
3238
-3821
-10198
-14319
-15103
-12253
-6341
1291
8845
14486
16788
15095
9705
1818
-6722
-13869
-17853
-17630
-13146
-5378
3876
12418
18166
19668
16464
9222
-401
-10134
-17634
-21043
-19458
-13158
-3568
7065
16203
21615
21930
16980
7860
-3306
-13872
-21283
-23706
-20476
-12277
-1002
10687
19992
24637
23441
16602
5685
-6747
-17733
-24616
-25688
-20617
-10540
2188
14551
23577
27061
24105
15341
2806
-10541
-21508
-27443
-26872
-19862
-8030
5841
18448
26761
28749
23879
13254
-633
-14486
-24993
-29609
-27184
-18242
-4872
9762
22170
29368
29601
22762
10442
-4452
-18376
-27998
-30989
-26598
-15832
-1228
13746
25518
31257
29564
20808
7047
-8455
-22004
-30360
-31505
-25139
-12756
2713
17586
28312
32320
28632
18110
3244
-12431
-25178
-31952
-31124
-22878
-9167
6748
21078
30404
32498
26852
14806
-771
-16174
-27731
-32687
-29862
-19927
-5250
10669
24041
31684
31779
24312
11068
-4791
-19490
-29529
-32527
-27783
-16440
-1210
14270
26322
32084
30202
21144
7088
-8607
-22207
-30481
-31481
-24996
-12597
2744
17368
27803
31586
27848
17514
3072
-12024
-24185
-30539
-29605
-21649
-8600
6410
19803
28412
30221
24847
13614
-769
-14864
-25329
-29707
-27004
-17919
-4658
9597
21455
28124
28067
21358
9648
-4237
-16986
-25585
-28035
-23820
-14004
-976
12143
22242
26962
25244
17569
5825
-7155
-18284
-24947
-25622
-20226
-10115
2253
13921
22134
24997
21910
13685
2348
-9373
-18699
-23461
-22604
-16419
-6457
4864
14844
21147
22345
18247
9915
-602
-10780
-18220
-21218
-19151
-12608
-3225
6722
14875
19346
19158
14462
6463
-2872
-11312
-16886
-18349
-15456
-8998
-589
7737
14023
16839
15618
10760
3514
-4346
-10949
-14779
-15020
-11727
-5788
1311
7864
12346
13775
11925
7349
1224
-4951
-9724
-12028
-11424
-8173
-3153
2379
7103
9947
10333
8288
4415
-283
-4663
-7713
-8793
-7763
-4992
-1236
2562
5508
6971
6709
4914
2122
-930
-3506
-5039
-5263
-4250
-2363
-139
1857
3177
3589
3113
1993
595
-685
-1551
-1859
-1643
-1085
-433
77
308
245
0
-245
-308
-77
433
1085
1643
1859
1551
685
-595
-1993
-3113
-3589
-3177
-1857
139
2363
4250
5263
5039
3506
930
-2122
-4914
-6709
-6971
-5508
-2562
1236
4992
7763
8793
7713
4663
283
-4415
-8288
-10333
-9947
-7103
-2379
3153
8173
11424
12028
9724
4951
-1224
-7349
-11925
-13775
-12346
-7864
-1311
5788
11727
15020
14779
10949
4346
-3514
-10760
-15618
-16839
-14023
-7737
589
8998
15456
18349
16886
11312
2872
-6463
-14462
-19158
-19346
-14875
-6722
3225
12608
19151
21218
18220
10780
602
-9915
-18247
-22345
-21147
-14844
-4864
6457
16419
22604
23461
18699
9373
-2348
-13685
-21910
-24997
-22134
-13921
-2253
10115
20226
25622
24947
18284
7155
-5825
-17569
-25244
-26962
-22242
-12143
976
14004
23820
28035
25585
16986
4237
-9648
-21358
-28067
-28124
-21455
-9597
4658
17919
27004
29707
25329
14864
769
-13614
-24847
-30221
-28412
-19803
-6410
8600
21649
29605
30539
24185
12024
-3072
-17514
-27848
-31586
-27803
-17368
-2744
12597
24996
31481
30481
22207
8607
-7088
-21144
-30202
-32084
-26322
-14270
1210
16440
27783
32527
29529
19490
4791
-11068
-24312
-31779
-31684
-24041
-10669
5250
19927
29862
32687
27731
16174
771
-14806
-26852
-32498
-30404
-21078
-6748
9167
22878
31124
31952
25178
12431
-3244
-18110
-28632
-32320
-28312
-17586
-2713
12756
25139
31505
30360
22004
8455
-7047
-20808
-29564
-31257
-25518
-13746
1228
15832
26598
30989
27998
18376
4452
-10442
-22762
-29601
-29368
-22170
-9762
4872
18242
27184
29609
24993
14486
633
-13254
-23879
-28749
-26761
-18448
-5841
8030
19862
26872
27443
21508
10541
-2806
-15341
-24105
-27061
-23577
-14551
-2188
10540
20617
25688
24616
17733
6747
-5685
-16602
-23441
-24637
-19992
-10687
1002
12277
20476
23706
21283
13872
3306
-7860
-16980
-21930
-21615
-16203
-7065
3568
13158
19458
21043
17634
10134
401
-9222
-16464
-19668
-18166
-12418
-3876
5378
13146
17630
17853
13869
6722
-1818
-9705
-15095
-16788
-14486
-8845
-1291
6341
12253
15103
14319
10198
3821
-3238
-9295
-12960
-13456
-10781
-5681
553
6414
10539
12027
10640
6826
1585
-3787
-8025
-10186
-9865
-7260
-3097
1563
5603
8109
8579
7028
3940
137
-3442
-5974
-6937
-6220
-4120
-1236
1687
3961
5108
4962
3687
1700
-448
-2231
-3266
-3402
-2733
-1539
-201
923
1587
1711
1382
808
233
-142
-227
-60
212
398
334
-46
-680
-1378
-1883
-1953
-1444
-378
1036
2452
3457
3700
2994
1395
-782
-3032
-4764
-5469
-4851
-2939
-100
3021
5653
7085
6858
4900
1579
-2367
-5996
-8377
-8837
-7143
-3587
1058
5700
9193
10611
9500
6006
872
-4714
-9405
-12008
-11792
-8692
-3345
3032
8923
12869
13834
11473
6239
-692
-7695
-13067
-15448
-14161
-9403
-2219
5719
12511
16473
16566
12656
5579
-3036
-11147
-16777
-18501
-15803
-9226
-265
8973
16263
19800
18645
12973
4053
-6033
-14879
-20324
-20989
-16615
-8161
2419
12618
19972
22658
19948
12396
1734
-9525
-18686
-23509
-22766
-16544
-6256
5693
16456
23431
24885
20391
10944
-1259
-13325
-22359
-26151
-23724
-15581
-3602
9385
20280
26446
26349
19940
8686
-4771
-17231
-25697
-28100
-23801
-13765
-337
13299
23883
28849
26960
18607
5733
-8620
-21032
-28516
-29242
-22984
-11186
3372
17229
27067
30505
26679
16455
2236
-12605
-24525
-30659
-29507
-21304
-7971
7333
20966
29661
31318
25510
13589
-1625
-16514
-27523
-32008
-28875
-18844
-4287
11340
24311
31523
31240
23508
10153
-5651
-20144
-29866
-32488
-27373
-15729
-321
15184
27089
32554
30270
20775
6326
-9632
-23304
-31428
-32070
-25076
-12117
3720
18664
29154
32697
28456
17449
2304
-13364
-25829
-32128
-30773
-22102
-8194
7629
21599
30398
31944
25892
13703
-1703
-16651
-27591
-31932
-28670
-18607
-4165
11202
23841
30759
30338
22714
9733
-5490
-19327
-28499
-30853
-25869
-14773
-240
14256
25276
30224
27967
19089
5747
-8860
-21256
-28514
-28953
-22521
-10803
3378
16636
25835
28827
24959
15211
1951
-11642
-22341
-27641
-26339
-18809
-6906
6504
18223
25497
26650
21480
11287
-1454
-13693
-22538
-25936
-23154
-14930
-3286
8975
18942
24290
23817
17719
7524
-4294
-14915
-21844
-23500
-19579
-11096
-135
10670
18767
22290
20488
13881
4122
-6424
-15252
-20308
-20474
-15807
-7510
2384
11505
17716
19614
16849
10176
1263
-7736
-14697
-18025
-17029
-12050
-4366
4143
11447
15860
16420
13105
6806
-904
-8169
-13292
-15132
-13361
-8514
-1831
5052
10510
13311
12889
9464
3954
-2267
-7709
-11126
-11796
-9680
-5394
-43
5071
8757
10219
9225
6131
1774
-2758
-6392
-8327
-8208
-6190
-2862
906
4206
6294
6767
5637
3292
384
-2356
-4300
-5062
-4579
-3091
-1060
970
2514
3267
3153
2328
1107
-139
-1089
-1557
-1520
-1114
-558
-85
146
98
-145
-413
-509
-301
229
964
1676
2092
1985
1262
6
-1513
-2903
-3749
-3725
-2714
-852
1468
3688
5212
5567
4540
2265
-791
-3915
-6318
-7332
-6593
-4156
-511
3509
6926
8847
8703
6401
2390
-2434
-6923
-9948
-10688
-8846
-4748
705
6237
10492
12373
11316
7456
1623
-4836
-10369
-13588
-13624
-10352
-4449
2736
9502
14187
15586
13253
7636
0
-7864
-14058
-17028
-15965
-11015
-3269
5473
13122
17800
18299
14395
6924
-2395
-11355
-17783
-20071
-17574
-10791
-1261
8770
16900
21126
20353
14670
5347
-5438
-15116
-21338
-22543
-18351
-9678
1469
12450
20624
23977
21627
14049
2981
-8968
-18945
-24522
-24297
-18241
-7727
4783
16315
24088
26187
22037
12555
-52
-12799
-22630
-27155
-25228
-17239
-5035
8507
20157
27101
27630
21552
10259
-3598
-16725
-25971
-29090
-25277
-15388
-1736
12444
23765
29495
28218
20188
7274
-7472
-20537
-28785
-30212
-24431
-12778
1999
16388
26950
31136
27912
18007
3752
-11472
-24033
-30918
-30456
-22726
-9539
5976
20130
29536
31932
26719
15118
-126
-15387
-27025
-32251
-29803
-20245
-5837
9991
23472
31386
31834
24697
11667
-4160
-19015
-29356
-32714
-28283
-17113
-1864
13833
26240
32400
30845
21949
7832
-8141
-22165
-30902
-32278
-25971
-13493
2177
17304
28289
32525
29017
18614
3811
-11862
-24674
-31585
-30967
-22988
-9572
6075
20222
29514
31755
26443
14869
-187
-15132
-26415
-31370
-28851
-19492
-5553
9629
22442
29854
30135
23261
10909
-3955
-17783
-27301
-30274
-26044
-15666
-1646
12657
23850
29298
27755
19642
6939
-7299
-19683
-27291
-28361
-22699
-11712
1944
15005
24381
27884
24745
15778
3171
-10046
-20737
-26396
-25739
-18997
-7839
5035
16558
24015
25694
21272
11876
-198
-12060
-20901
-24672
-22556
-15138
-4254
7467
17239
22783
22854
17525
8146
-2997
-13240
-20175
-22223
-18989
-11331
-1144
9116
17026
20763
19527
13712
4785
-5079
-13534
-18612
-19191
-15236
-7783
1326
9904
15940
18074
15900
10041
1974
-6340
-12937
-16307
-15749
-11506
-4684
3031
9799
14053
14873
12176
6712
-139
-6721
-11494
-13398
-12094
-8006
-2204
3885
8817
11479
11345
8565
3909
-1445
-6210
-9293
-10055
-8432
-4931
-472
3847
7021
8372
7694
5271
1785
-1877
-4844
-6469
-6471
-4974
-2452
417
2928
4523
4912
4127
2479
455
-1416
-2708
-3187
-2852
-1915
-707
418
1186
1468
1299
850
346
-5
-93
71
363
589
570
207
-464
-1275
-1964
-2255
-1948
-1003
424
2013
3333
3974
3658
2338
236
-2182
-4316
-5576
-5547
-4106
-1494
1723
4781
6890
7439
6176
3284
-622
-4635
-7759
-9160
-8385
-5497
-1093
3819
8056
10535
10555
7993
3350
-2324
-7688
-11409
-12507
-10602
-6035
182
6598
11652
14062
13142
8998
2526
-4779
-11169
-15059
-15425
-12065
-5682
2269
9906
15366
17266
15044
9128
847
-7854
-14885
-18500
-17741
-12684
-4447
5056
13560
18988
19963
16149
8365
-1599
-11383
-18629
-21536
-19319
-12413
-2388
8396
17361
22315
21994
16383
6738
-4686
-15176
-22191
-23992
-20061
-11255
387
12110
21100
25158
23239
15721
4329
-8253
-19025
-25375
-25725
-19914
-9261
3739
16000
24571
27355
23620
14188
1256
-12111
-22721
-28000
-26632
-18877
-6531
7494
19856
27582
28778
23104
11856
-2319
-16057
-26065
-29921
-26655
-16994
-3201
11452
23473
29967
29344
21709
8841
-6216
-19879
-28874
-31025
-25781
-14355
555
15408
26656
31593
29014
19502
5297
-10229
-23376
-30996
-31250
-24052
-11095
4547
19153
29233
32372
27800
16592
1404
-14150
-26362
-32315
-30577
-21552
-7379
8567
22490
31069
32255
25760
13127
-2634
-17772
-28681
-32759
-29039
-18407
-3400
12404
25246
32066
31250
22998
9287
-6611
-20910
-30210
-32306
-26714
-14782
636
15863
27276
32173
29407
19659
5270
-10319
-23402
-30873
-30980
-23724
-10863
4522
18763
28481
31387
26824
15915
1284
-13569
-25120
-30639
-28852
-20228
-6856
8055
20957
28799
29753
23641
11965
-2462
-16194
-25979
-29525
-26041
-16411
-2970
11055
22337
28221
27363
20027
8016
-5775
-18061
-25944
-27599
-22698
-12475
590
13370
22838
26788
24352
16179
4278
-8488
-19082
-25025
-24970
-19007
-8630
3643
14884
22442
24585
20884
12302
944
-10459
-19210
-23281
-21785
-15168
-5081
6031
15525
21183
21739
17153
8605
-1810
-11595
-18452
-20818
-18227
-11391
-2015
7633
15272
19141
18412
13364
5286
-3842
-11843
-16858
-17778
-14491
-7882
406
8371
14149
16436
14795
9726
2524
-5051
-11203
-14529
-14338
-10789
-4830
2056
8216
12229
13227
11091
6439
465
-5377
-9719
-11603
-10694
-7326
-2402
2852
7186
