0.05001831,0.00460577,0.010578871
0.038794518,0.008489609,-0.0065021515
0.030017853,-0.012619972,-0.010396957
0.022558212,-0.0074067116,-0.016522884
0.018697739,1.3685226E-4,0.0010814667
0.033851624,0.004055023,-0.01709652
0.025136948,-0.009866238,-0.011382103
0.017661095,0.011921644,-0.002184391
0.010248184,-0.005629301,-2.040863E-4
-0.0030298233,-4.608631E-4,-6.1535835E-4
0.009881973,0.0057804585,-0.016456127
0.0037021637,0.013147831,-0.013134718
0.0011377335,0.01811409,-0.0051293373
-0.0026197433,0.013454199,0.0028514862
-0.008720398,-0.011389017,-0.0010569096
-0.017151833,-0.01820898,-0.004961729
-0.011300087,-0.021597624,-0.005126953
-0.005496025,-0.016632795,6.3204765E-4
-9.727478E-4,-0.016620636,-0.0042541027
-0.004858017,-0.027407885,0.0027530193
-0.0015668869,-0.020335436,-0.0056273937
0.007587433,-0.031258106,-0.0020184517
0.002363205,-0.018498898,-0.0019636154
0.003118515,-0.016551495,-0.009006977
-0.006869316,-0.008810282,-0.0041036606
-2.1266937E-4,-0.010714531,7.1668625E-4
-7.381439E-4,-0.010294437,-0.00630188
-0.007288933,-0.005282402,-0.00975585
-0.016243935,-0.011120081,-0.012060881
-0.006169319,-0.011093378,-0.014293194
0.0049381256,-0.0135445595,-0.00706625
-0.0019216537,-0.033931732,-0.009390116
-5.1403046E-4,-0.031758785,-0.009371996
0.011431694,-0.035744667,-0.023691177
0.00537014,-0.04580593,-0.01063776
0.008737564,-0.04057288,-0.008409262
0.008399963,-0.042706966,-0.013372898
0.017463684,-0.043836117,-0.014740467
0.008524895,-0.053449154,-0.0114302635
0.0066490173,-0.053725243,-0.015325546
0.014199257,-0.057693243,-0.010933876
0.009775162,-0.04273343,0.0017485619
5.598068E-4,-0.03394556,-0.005923748
-3.2043457E-4,-0.020606995,-0.005197525
0.007095337,-0.003843546,-0.016367197
-0.006948471,-0.001475811,0.0033535957
0.0028533936,0.017484903,-0.0020365715
-0.0075597763,0.010265827,-0.0014400482
0.002319336,0.023387432,0.005027294
-0.012791634,0.028164864,-0.0075888634
-0.013503075,0.021115303,-0.00706625
-0.007051468,0.032004833,-0.0053679943
-0.016034126,0.034632206,0.0057780743
-0.022504807,0.052815437,0.006130457
-0.018212318,0.04840803,0.0040314198
-0.017438889,0.048892498,-0.0027358532
-0.016581535,0.044850826,-0.0023670197
-0.0074014664,0.045687675,-8.802414E-4
-0.017241478,0.05615282,0.010040998
-0.024585724,0.05594492,0.0030477047
-0.02114582,0.055850506,0.010320902
-0.02479744,0.044070244,-0.0027208328
-0.018876076,0.05753708,-0.007502556
-0.022420883,0.049715996,-0.011093378
-0.021177292,0.061032772,-4.8422813E-4
-0.024662018,0.04753065,-0.011502743
-0.03162861,0.053325653,-0.008294821
-0.0289917,0.058053493,-0.014695406
-0.024011612,0.059283733,1.7046928E-4
-0.023747444,0.05951786,-0.012450933
-0.018749237,0.057489872,-0.016828775
-0.013750076,0.044941425,-0.010560751
-0.024225235,0.034936428,-0.016297102
-0.017987251,0.039360046,-0.011411667
-0.010623932,0.03783846,-0.019686699
-0.01757145,0.012681484,-0.01614499
-0.019730568,0.016235828,-0.01269412
0.0030918121,0.0044493675,-0.009333611
-0.0075540543,0.028328896,-0.007230997
-0.016904831,0.022380352,-0.005153179
-0.019025803,0.022411346,-0.0018250942
-0.03058052,0.02135086,2.8777122E-4
-0.014744759,0.020345211,0.012988567
-0.025100708,0.037275314,-0.0076551437
-0.023530006,0.041078568,0.00731349
-0.029001236,0.034219265,-0.0061535835
-0.02603817,0.035879612,0.012561798
-0.02545929,0.039901257,0.00741601
-0.011786461,0.035676956,-0.0048263073
-0.005293846,0.028014183,-0.0038673878
-0.0071430206,0.016843319,0.003087759
0.0040807724,0.0046141148,-0.006670952
0.009269714,0.0031518936,0.009773493
0.008422852,-7.252693E-4,-0.001303196
0.011112213,-0.008252859,-3.4284592E-4
0.01612854,-0.024060488,-0.01603508
0.029370308,-0.016133785,-0.004226446
0.016314507,-0.027374506,-0.0056245327
0.03060627,-0.026792765,-0.008184433
0.025753975,-0.037023783,-0.009464264
0.022050858,-0.025928736,-9.846687E-5
0.029016495,-0.036475897,-0.0073194504
0.02876854,-0.04112792,-0.0060977936
0.0166111,-0.032794,-0.0012960434
0.021111488,-0.0448606,0.0011172295
0.025514603,-0.04154539,-0.0012080669
0.03697014,-0.040781975,-0.010532379
0.029314041,-0.033031225,0.012363911
0.03948307,-0.038566113,0.0054802895
0.034104347,-0.041837692,0.0011429787
0.039413452,-0.04404807,-0.0018904209
0.0351696,-0.026215076,0.009505272
0.03805065,-0.04195094,0.011444807
0.04325199,-0.02802372,0.0016005039
0.04486561,-0.04636097,0.0026845932
0.04165554,-0.05527711,0.0074403286
0.030164719,-0.048800945,0.007552147
0.028251648,-0.035400867,0.016112328
0.022787094,-0.024560452,0.019927502
0.01974678,-0.035303354,0.019128323
0.016786575,-0.006796837,0.006623268
-3.1757355E-4,-0.0033714771,0.015678644
0.001748085,0.020244122,0.012829781
0.0014638901,0.021104813,0.008929729
0.0012159348,0.030311584,0.02290368
-0.002547264,0.038335085,0.013033628
-0.005015373,0.04402852,-0.0038149357
0.003273964,0.046169758,0.0032863617
0.007964134,0.035303354,-0.0015485287
0.007886887,0.009171009,0.0042989254
0.0030708313,0.015368938,-0.012506485
0.019664764,0.019183397,0.008772135
0.019498825,0.01706481,-0.0046010017
0.022854805,0.01851821,-0.013213396
0.022633553,0.010492802,-0.0051412582
0.0069885254,0.016845703,-0.011443615
0.016384125,0.014872551,-0.011849403
-4.15802E-4,0.018928051,-0.017098904
-0.0076093674,0.027770042,-0.011785984
0.0030727386,0.028277397,-0.0053670406
-0.0053195953,0.038417816,-0.01221323
0.012429237,0.024749279,-0.010822296
3.9482117E-4,0.020780087,0.0024154186
0.00979805,0.018107414,-0.0071775913
0.015535355,0.013121605,-0.022742033
0.03306198,0.005847931,-0.02407384
0.039741516,-0.0048975945,-0.024287462
0.042744637,-0.0072164536,-0.024684906
0.04924202,-0.009567022,-0.02274847
0.05802536,-0.021394968,-0.007856369
0.05716324,-0.01662302,-0.014505863
0.042030334,-0.022550583,-0.0140936375
0.031764984,-0.0189147,-0.019657612
0.02396679,0.0037226677,-0.010960579
0.013856888,0.010723591,-0.007065773
2.6512146E-4,-1.1396408E-4,0.008617401
-0.015576363,0.023627758,-0.003180027
-0.016990662,0.037795544,0.0088431835
-0.019544601,0.049545288,-0.002974987
-0.029096603,0.04711914,-0.0015745163
-0.032592773,0.04599285,-1.9693375E-4
-0.033586502,0.052197933,0.0071105957
-0.04286194,0.051277637,0.0072233677
-0.030584335,0.049335957,0.028788328
-0.02188778,0.03806877,0.0074579716
-0.016785622,0.044745445,0.012470245
-0.009284973,0.03244686,0.013953686
-0.006524086,0.028654099,0.016686678
-0.010861397,0.027301073,0.02184534
-0.0044107437,0.030715466,0.02356553
-0.0121974945,0.027027607,0.013499498
-0.021032333,0.015088797,0.01791668
-0.0262146,0.022234678,0.025914192
-0.033620834,0.029358864,0.031697273
-0.053941727,0.037706137,0.026842833
-0.066926,0.02700591,0.03280568
-0.054804802,0.03545451,0.02457118
-0.061686516,0.03437209,0.009468555
-0.0696249,0.05003214,0.03846407
-0.057261467,0.043019056,0.036483288
-0.05917549,0.033775806,0.026283264
-0.061030388,0.04122281,0.02341342
-0.06284714,0.05104375,0.020550251
-0.056303978,0.042999268,0.022526264
-0.051000595,0.036253452,0.01731515
-0.045729637,0.039097548,0.0073826313
-0.06071663,0.03355217,0.015325069
-0.04951477,0.029129505,0.0053954124
-0.051460266,-1.3375282E-4,0.021621943
-0.051073074,0.006369114,0.0068058968
-0.05909252,0.018590927,-8.0394745E-4
-0.05288124,9.305477E-4,0.004622221
-0.043224335,-0.008353472,0.0087554455
-0.042037964,-0.0058038235,-0.005015135
-0.045749664,-0.024861574,0.013289213
-0.039993286,-0.02014327,0.005321026
-0.014158249,-0.021515846,0.008108377
-0.021873474,-0.015897036,-0.007008791
-0.018928528,-0.017606497,-0.005411148
-0.01963234,-0.0182724,-0.00617671
-0.018024445,-0.022622585,0.010855436
-0.009399414,-0.028262615,-0.004370928
-0.015152931,-0.026911974,-0.0027942657
-7.5626373E-4,-0.029269695,0.012977123
-0.01862526,-0.04129982,0.007249117
-0.017435074,-0.02730298,-0.0067276955
-0.010396957,-0.030181885,-0.0016214848
-0.008248329,-0.032022953,-0.009615421
-3.0517578E-4,-0.035250902,0.003768444
-0.006747246,-0.036258936,0.008762598
-0.012055397,-0.039839745,0.013689756
-0.009105682,-0.036460876,0.009070635
-0.013374329,-0.04276371,0.0045018196
-0.00823307,-0.052764416,-0.0048630238
-0.004419327,-0.04504776,5.7935715E-5
0.004055977,-0.035172224,-0.00688982
0.019496918,-0.02436304,-0.0054781437
0.028810501,-0.032768488,-0.0135753155
0.027282715,-0.032946587,9.3078613E-4
0.038676262,-0.03682804,-0.014564037
0.04282856,-0.028883219,-0.022771597
0.026708603,-0.03177023,-0.011959553
0.034397125,-0.04068041,-0.0024561882
0.032478333,-0.021054506,-0.0061752796
0.030511856,-0.01713109,-0.0051395893
0.033329964,-0.0144171715,-0.0064439774
0.037255287,-0.014115572,-0.00785923
0.043553352,0.0028018951,-0.013923883
0.039107323,-0.010108948,-0.005692482
0.020487785,-0.008598328,-0.0034582615
0.019846916,0.0036087036,0.0047056675
0.032313347,0.0074706078,0.002156496
0.04472351,0.008972168,-0.012173891
0.03097725,0.0058045387,-2.2029877E-4
0.047065735,0.0026960373,-0.003722906
0.0464859,0.0021357536,-0.0012235641
0.057861328,0.0017032623,0.008434057
0.05969715,0.006090164,-9.326935E-4
0.055703163,0.01183176,-0.0066030025
0.03759098,0.024792194,-0.001480341
0.03399563,0.044981003,8.773804E-5
0.036499023,0.043866634,0.0016920567
0.029589653,0.045274258,0.0128798485
0.019296646,0.051653862,0.002619028
0.02109909,0.066580296,0.0031228065
0.03137684,0.072160244,0.0049266815
0.025082588,0.07911062,-0.0015389919
0.033200264,0.06135893,0.0062344074
0.046082497,0.056977272,0.0068261623
0.043551445,0.052860737,0.013386488
0.045847893,0.041849136,-0.0039408207
0.050588608,0.027535915,-0.00567317
0.070757866,0.012291908,-0.013406277
0.075387955,0.005666733,-0.021148443
0.07526207,-0.002003193,-0.005114794
0.08821201,-0.013114452,-0.011794329
