17269
10860
2323
-6503
-13675
-17624
-17552
-13646
-7044
438
6748
10116
9502
4874
-2766
-11612
-19489
-24393
-24992
-20975
-13146
-3247
6453
13713
16874
15271
9419
894
-8039
-14981
-17991
-16075
-9452
484
11483
20977
26708
27284
22529
13547
2464
-8071
-15531
-18124
-15240
-7608
2863
13539
21694
25174
22923
15258
3804
-8879
-19903
-26744
-27847
-23008
-13430
-1444
10040
18230
21115
17953
9452
-2389
-14751
-24660
-29696
-28562
-21402
-9768
3740
16081
24488
27110
23450
14470
2370
-9933
-19489
-23995
-22337
-14836
-3174
10002
21698
29260
30980
26482
16796
4110
-8737
-18907
-24204
-23562
-17269
-6882
5141
16010
23227
25144
21317
12579
836
-11371
-21439
-27272
-27724
-22829
-13764
-2566
8328
16611
20598
19566
13876
4870
-5444
-14830
-21300
-23513
-21037
-14409
-4991
5321
14505
20812
23111
21086
15278
6950
-2178
-10279
-15767
-17601
-15467
-9822
-1797
7032
14943
20394
22308
20275
14624
6366
-2997
-11743
-18255
-21326
-20385
-15618
-7946
1143
9863
16470
19603
18552
13416
5102
-4831
-14468
-21899
-25605
-24765
-19436
-10561
202
10793
19159
23661
23411
18457
9790
-852
-11321
-19489
-23676
-22989
-17506
-8259
2970
14002
22701
27390
27185
22159
13316
2383
-8538
-17386
-22537
-23111
-19117
-11435
-1619
8414
16757
21866
22839
19557
12675
3479
-6373
-15156
-21389
-24077
-22861
-18059
-10579
-1745
6935
14023
18380
19340
16806
11247
3621
-4785
-12557
-18379
-21238
-20593
-16466
-9452
-634
8577
16669
22278
24419
22671
17266
9070
-547
-9934
-17446
-21735
-21998
-18136
-10784
-1216
8878
17691
23626
25585
23172
16768
7458
-3158
-13264
-21146
-25502
-25659
-21680
-14337
-4956
4831
13373
19282
21658
20214
15302
7819
-962
-9610
-16770
-21364
-22742
-20752
-15744
-8489
-60
8328
15489
20425
22454
21302
17139
10562
2517
-5819
-13200
-18490
-20833
-19793
-15444
-8376
370
9452
17427
22985
25167
23534
18256
10098
306
-9595
-18051
-23738
-25781
-23899
-18445
-10342
-916
8328
15950
20809
22233
20100
14836
7317
-1280
-9676
-16676
-21335
-23071
-21720
-17531
-11107
-3316
4831
12303
18167
21692
22436
20294
15522
8715
749
-7315
-14367
-19391
-21614
-20635
-16499
-9718
-1216
7793
15984
22118
25243
24846
20941
14071
5225
-4317
-13185
-20136
-24233
-24981
-22385
-16923
-9452
-1064
7079
13917
18615
20664
19908
16541
11055
4160
-3299
-10441
-16433
-20571
-22346
-21500
-18059
-12350
-4978
3219
11256
18121
22898
24907
23810
19683
13021
4692
-4186
-12397
-18810
-22546
-23111
-20461
-15010
-7549
873
9116
16108
20992
23227
22631
19380
13947
7025
-575
-8021
-14540
-19489
-22393
-22979
-21192
-17198
-11380
-4318
3252
10500
16581
20738
22403
21287
17441
11278
3530
-4831
-12726
-19119
-23164
-24330
-22475
-17858
-11093
-3053
5263
12871
18928
22826
24245
23158
19803
14624
8203
1193
-5740
-11965
-16925
-20162
-21356
-20348
-17173
-12078
-5526
1827
9185
15695
20553
23111
22980
20099
14756
7561
-632
-8844
-16108
-21593
-24718
-25209
-23119
-18786
-12774
-5772
1491
8328
14156
18525
21131
21815
20554
17456
12759
6829
157
-6661
-12962
-18074
-21393
-22467
-21073
-17269
-11407
-4108
3815
11459
17953
22575
24845
24580
21894
17166
10967
3970
-3141
-9741
-15316
-19489
-22014
-22770
-21741
-19008
-14749
-9242
-2876
3856
10372
16048
20279
22562
22571
20219
15695
9452
2160
-5382
-12349
-18005
-21791
-23390
-22743
-20034
-15633
-10027
-3752
2675
8791
14203
18591
21694
23307
23278
21529
18082
13090
6866
-124
-7279
-13920
-19371
-23050
-24552
-23716
-20646
-15704
-9452
-2566
4252
10371
15295
18702
20448
20539
19094
16300
12377
7562
2112
-3683
-9486
-14901
-19489
-22805
-24451
-24142
-21768
-17438
-11484
-4439
3027
10196
16398
21097
23949
24833
23833
21195
17269
12441
7082
1521
-3964
-9127
-13732
-17535
-20273
-21685
-21548
-19726
-16225
-11226
-5098
1631
8328
14339
19077
22108
23198
22340
19731
15719
10741
5241
-379
-5798
-10778
-15145
-18756
-21466
-23111
-23512
-22505
-19986
-15959
-10586
-4196
2727
9595
15790
20750
24052
25465
24976
22770
19180
14624
9523
4248
-917
-5776
-10197
-14077
-17297
-19700
-21088
-21249
-20007
-17276
-13115
-7755
-1596
4831
10938
16157
20031
22272
22793
21697
19237
15748
11578
7027
2319
-2403
-7049
-11537
-15747
-19489
-22499
-24467
-25085
-24121
-21478
-17245
-11701
-5294
1425
7882
13568
18106
21295
23105
23647
23111
21701
19579
16838
13498
9548
4992
-89
-5505
-10937
-15966
-20131
-23004
-24269
-23789
-21632
-18059
-13479
-8369
-3188
1692
6031
9732
12810
15333
17361
18889
19825
19992
19174
17181
13920
9452
4016
-1983
-8031
-13586
-18168
-21437
-23239
-23614
-22759
-20961
-18517
-15660
-12521
-9114
-5374
-1216
3394
8381
13521
18461
22755
25952
27680
27728
26088
22961
18716
13812
8707
3772
-764
-4831
-8490
-11867
-15078
-18157
-21005
-23396
-25007
-25498
-24600
-22191
-18354
-13373
-7699
-1865
3613
8328
12050
14744
16547
17693
18431
18934
19241
19243
18710
17367
14982
11457
6883
1553
-4073
-9452
-14062
-17506
-19582
-20313
-19919
-18745
-17163
-15467
-13805
-12147
-10313
-8037
-5073
-1287
3267
8328
13456
18116
21785
24065
24768
23951
21896
19028
15815
12647
9751
7146
4666
2023
-1077
-4831
-9250
-14115
-19011
-23395
-26721
-28561
-28704
-27204
-24367
-20675
-16664
-12802
-9378
-6445
-3833
-1216
1772
5409
9781
14721
19828
24540
28256
30482
30944
29657
26921
23245
19226
15398
12111
9452
7239
5094
2565
-728
-4965
-10045
-15584
-20986
-25578
-28767
-30179
-29755
-27760
-24720
-21282
-18059
-15470
-13644
-12393
-11282
-9753
-7294
-3603
1312
7104
13150
18690
23005
25590
26278
25276
23111
20490
18120
16519
15885
16045
16506
16589
15621
13129
8982
3453
-2828
-9013
-14239
-17836
-19489
-19316
-17833
-15814
-14091
-13329
-13846
-15527
-17844
-19995
-21112
-20496
-17815
-13207
-7266
-912
4831
9088
11343
11577
10263
8243
6510
5936
7044
9852
13860
18163
21681
23433
22803
19704
14624
8515
2563
-2101
-4690
-4961
-3277
-517
2150
3571
2915
-95
-5096
-11155
-16996
-21313
-23111
-21957
-18111
-12473
-6364
-1202
1858
2218
0
-3978
-8403
-11804
-12923
-11061
-6263
661
8328
15110
19547
20709
18446
13439
7038
933
-3268
-4451
-2288
2670
9109
15281
19436
20270
-17269
-10860
-2323
6503
13675
17624
17552
13646
7044
-438
-6748
-10116
-9502
-4874
2766
11612
19489
24393
24992
20975
13146
3247
-6453
-13713
-16874
-15271
-9419
-894
8039
14981
17991
16075
9452
-484
-11483
-20977
-26708
-27284
-22529
-13547
-2464
8071
15531
18124
15240
7608
-2863
-13539
-21694
-25174
-22923
-15258
-3804
8879
19903
26744
27847
23008
13430
1444
-10040
-18230
-21115
-17953
-9452
2389
14751
24660
29696
28562
21402
9768
-3740
-16081
-24488
-27110
-23450
-14470
-2370
9933
19489
23995
22337
14836
3174
-10002
-21698
-29260
-30980
-26482
-16796
-4110
8737
18907
24204
23562
17269
6882
-5141
-16010
-23227
-25144
-21317
-12579
-836
11371
21439
27272
27724
22829
13764
2566
-8328
-16611
-20598
-19566
-13876
-4870
5444
14830
21300
23513
21037
14409
4991
-5321
-14505
-20812
-23111
-21086
-15278
-6950
2178
10279
15767
17601
15467
9822
1797
-7032
-14943
-20394
-22308
-20275
-14624
-6366
2997
11743
18255
21326
20385
15618
7946
-1143
-9863
-16470
-19603
-18552
-13416
-5102
4831
14468
21899
25605
24765
19436
10561
-202
-10793
-19159
-23661
-23411
-18457
-9790
852
11321
19489
23676
22989
17506
8259
-2970
-14002
-22701
-27390
-27185
-22159
-13316
-2383
8538
17386
22537
23111
19117
11435
1619
-8414
-16757
-21866
-22839
-19557
-12675
-3479
6373
15156
21389
24077
22861
18059
10579
1745
-6935
-14023
-18380
-19340
-16806
-11247
-3621
4785
12557
18379
21238
20593
16466
9452
634
-8577
-16669
-22278
-24419
-22671
-17266
-9070
547
9934
17446
21735
21998
18136
10784
1216
-8878
-17691
-23626
-25585
-23172
-16768
-7458
3158
13264
21146
25502
25659
21680
14337
4956
-4831
-13373
-19282
-21658
-20214
-15302
-7819
962
9610
16770
21364
22742
20752
15744
8489
60
-8328
-15489
-20425
-22454
-21302
-17139
-10562
-2517
5819
13200
18490
20833
19793
15444
8376
-370
-9452
-17427
-22985
-25167
-23534
-18256
-10098
-306
9595
18051
23738
25781
23899
18445
10342
916
-8328
-15950
-20809
-22233
-20100
-14836
-7317
1280
9676
16676
21335
23071
21720
17531
11107
3316
-4831
-12303
-18167
-21692
-22436
-20294
-15522
-8715
-749
7315
14367
19391
21614
20635
16499
9718
1216
-7793
-15984
-22118
-25243
-24846
-20941
-14071
-5225
4317
13185
20136
24233
24981
22385
16923
9452
1064
-7079
-13917
-18615
-20664
-19908
-16541
-11055
-4160
3299
10441
16433
20571
22346
21500
18059
12350
4978
-3219
-11256
-18121
-22898
-24907
-23810
-19683
-13021
-4692
4186
12397
18810
22546
23111
20461
15010
7549
-873
-9116
-16108
-20992
-23227
-22631
-19380
-13947
-7025
575
8021
14540
19489
22393
22979
21192
17198
11380
4318
-3252
-10500
-16581
-20738
-22403
-21287
-17441
-11278
-3530
4831
12726
19119
23164
24330
22475
17858
11093
3053
-5263
-12871
-18928
-22826
-24245
-23158
-19803
-14624
-8203
-1193
5740
11965
16925
20162
21356
20348
17173
12078
5526
-1827
-9185
-15695
-20553
-23111
-22980
-20099
-14756
-7561
632
8844
16108
21593
24718
25209
23119
18786
12774
5772
-1491
-8328
-14156
-18525
-21131
-21815
-20554
-17456
-12759
-6829
-157
6661
12962
18074
21393
22467
21073
17269
11407
4108
-3815
-11459
-17953
-22575
-24845
-24580
-21894
-17166
-10967
-3970
3141
9741
15316
19489
22014
22770
21741
19008
14749
9242
2876
-3856
-10372
-16048
-20279
-22562
-22571
-20219
-15695
-9452
-2160
5382
12349
18005
21791
23390
22743
20034
15633
10027
3752
-2675
-8791
-14203
-18591
-21694
-23307
-23278
-21529
-18082
-13090
-6866
124
7279
13920
19371
23050
24552
23716
20646
15704
9452
2566
-4252
-10371
-15295
-18702
-20448
-20539
-19094
-16300
-12377
-7562
-2112
3683
9486
14901
19489
22805
24451
24142
21768
17438
11484
4439
-3027
-10196
-16398
-21097
-23949
-24833
-23833
-21195
-17269
-12441
-7082
-1521
3964
9127
13732
17535
20273
21685
21548
19726
16225
11226
5098
-1631
-8328
-14339
-19077
-22108
-23198
-22340
-19731
-15719
-10741
-5241
379
5798
10778
15145
18756
21466
23111
23512
22505
19986
15959
10586
4196
-2727
-9595
-15790
-20750
-24052
-25465
-24976
-22770
-19180
-14624
-9523
-4248
917
5776
10197
14077
17297
19700
21088
21249
20007
17276
13115
7755
1596
-4831
-10938
-16157
-20031
-22272
-22793
-21697
-19237
-15748
-11578
-7027
-2319
2403
7049
11537
15747
19489
22499
24467
25085
24121
21478
17245
11701
5294
-1425
-7882
-13568
-18106
-21295
-23105
-23647
-23111
-21701
-19579
-16838
-13498
-9548
-4992
89
5505
10937
15966
20131
23004
24269
23789
21632
18059
13479
8369
3188
-1692
-6031
-9732
-12810
-15333
-17361
-18889
-19825
-19992
-19174
-17181
-13920
-9452
-4016
1983
8031
13586
18168
21437
23239
23614
22759
20961
18517
15660
12521
9114
5374
1216
-3394
-8381
-13521
-18461
-22755
-25952
-27680
-27728
-26088
-22961
-18716
-13812
-8707
-3772
764
4831
8490
11867
15078
18157
21005
23396
25007
25498
24600
22191
18354
13373
7699
1865
-3613
-8328
-12050
-14744
-16547
-17693
-18431
-18934
-19241
-19243
-18710
-17367
-14982
-11457
-6883
-1553
4073
9452
14062
17506
19582
20313
19919
18745
17163
15467
13805
12147
10313
8037
5073
1287
-3267
-8328
-13456
-18116
-21785
-24065
-24768
-23951
-21896
-19028
-15815
-12647
-9751
-7146
-4666
-2023
1077
4831
9250
14115
19011
23395
26721
28561
28704
27204
24367
20675
16664
12802
9378
6445
3833
1216
-1772
-5409
-9781
-14721
-19828
-24540
-28256
-30482
-30944
-29657
-26921
-23245
-19226
-15398
-12111
-9452
-7239
-5094
-2565
728
4965
10045
15584
20986
25578
28767
30179
29755
27760
24720
21282
18059
15470
13644
12393
11282
9753
7294
3603
-1312
-7104
-13150
-18690
-23005
-25590
-26278
-25276
-23111
-20490
-18120
-16519
-15885
-16045
-16506
-16589
-15621
-13129
-8982
-3453
2828
9013
14239
17836
19489
19316
17833
15814
14091
13329
13846
15527
17844
19995
21112
20496
17815
13207
7266
912
-4831
-9088
-11343
-11577
-10263
-8243
-6510
-5936
-7044
-9852
-13860
-18163
-21681
-23433
-22803
-19704
-14624
-8515
-2563
2101
4690
4961
3277
517
-2150
-3571
-2915
95
5096
11155
16996
21313
23111
21957
18111
12473
6364
1202
-1858
-2218
0
3978
8403
11804
12923
11061
6263
-661
-8328
-15110
-19547
-20709
-18446
-13439
-7038
-933
3268
4451
2288
-2670
-9109
-15281
-19436
-20270
-17269
-10860
-2323
6503
13675
17624
17552
13646
7044
-438
-6748
-10116
-9502
-4874
2766
11612
19489
24393
24992
20975
13146
3247
-6453
-13713
-16874
-15271
-9419
-894
8039
14981
17991
16075
9452
-484
-11483
-20977
-26708
-27284
-22529
-13547
-2464
8071
15531
18124
15240
7608
-2863
-13539
-21694
-25174
-22923
-15258
-3804
8879
19903
26744
27847
23008
13430
1444
-10040
-18230
-21115
-17953
-9452
2389
14751
24660
29696
28562
21402
9768
-3740
-16081
-24488
-27110
-23450
-14470
-2370
9933
19489
23995
22337
14836
3174
-10002
-21698
-29260
-30980
-26482
-16796
-4110
8737
18907
24204
23562
17269
6882
-5141
-16010
-23227
-25144
-21317
-12579
-836
11371
21439
27272
27724
22829
13764
2566
-8328
-16611
-20598
-19566
-13876
-4870
5444
14830
21300
23513
21037
14409
4991
-5321
-14505
-20812
-23111
-21086
-15278
-6950
2178
10279
15767
17601
15467
9822
1797
-7032
-14943
-20394
-22308
-20275
-14624
-6366
2997
11743
18255
21326
20385
15618
7946
-1143
-9863
-16470
-19603
-18552
-13416
-5102
4831
14468
21899
25605
24765
19436
10561
-202
-10793
-19159
-23661
-23411
-18457
-9790
852
11321
19489
23676
22989
17506
8259
-2970
-14002
-22701
-27390
-27185
-22159
-13316
-2383
8538
17386
22537
23111
19117
11435
1619
-8414
-16757
-21866
-22839
-19557
-12675
-3479
6373
15156
21389
24077
22861
18059
10579
1745
-6935
-14023
-18380
-19340
-16806
-11247
-3621
4785
12557
18379
21238
20593
16466
9452
634
-8577
-16669
-22278
-24419
-22671
-17266
-9070
547
9934
17446
21735
21998
18136
10784
1216
-8878
-17691
-23626
-25585
-23172
-16768
-7458
3158
13264
21146
25502
25659
21680
14337
4956
-4831
-13373
-19282
-21658
-20214
-15302
-7819
962
9610
16770
21364
22742
20752
15744
8489
60
-8328
-15489
-20425
-22454
-21302
-17139
-10562
-2517
5819
13200
18490
20833
19793
15444
8376
-370
-9452
-17427
-22985
-25167
-23534
-18256
-10098
-306
9595
18051
23738
25781
23899
18445
10342
916
-8328
-15950
-20809
-22233
-20100
-14836
-7317
1280
9676
16676
21335
23071
21720
17531
11107
3316
-4831
-12303
-18167
-21692
-22436
-20294
-15522
-8715
-749
7315
14367
19391
21614
20635
16499
9718
1216
-7793
-15984
-22118
-25243
-24846
-20941
-14071
-5225
4317
13185
20136
24233
24981
22385
16923
9452
1064
-7079
-13917
-18615
-20664
-19908
-16541
-11055
-4160
3299
10441
16433
20571
22346
21500
18059
12350
4978
-3219
-11256
-18121
-22898
-24907
-23810
-19683
-13021
-4692
4186
12397
18810
22546
23111
20461
15010
7549
-873
-9116
-16108
-20992
-23227
-22631
-19380
-13947
-7025
575
8021
14540
19489
22393
22979
21192
17198
11380
4318
-3252
-10500
-16581
-20738
-22403
-21287
-17441
-11278
-3530
4831
12726
19119
23164
24330
22475
17858
11093
3053
-5263
-12871
-18928
-22826
-24245
-23158
-19803
-14624
-8203
-1193
5740
11965
16925
20162
21356
20348
17173
12078
5526
-1827
-9185
-15695
-20553
-23111
-22980
-20099
-14756
-7561
632
8844
16108
21593
24718
25209
23119
18786
12774
5772
-1491
-8328
-14156
-18525
-21131
-21815
-20554
-17456
-12759
-6829
-157
6661
12962
18074
21393
22467
21073
17269
11407
4108
-3815
-11459
-17953
-22575
-24845
-24580
-21894
-17166
-10967
-3970
3141
9741
15316
19489
22014
22770
21741
19008
14749
9242
2876
-3856
-10372
-16048
-20279
-22562
-22571
-20219
-15695
-9452
-2160
5382
12349
18005
21791
23390
22743
20034
15633
10027
3752
-2675
-8791
-14203
-18591
-21694
-23307
-23278
-21529
-18082
-13090
-6866
124
7279
13920
19371
23050
24552
23716
20646
15704
9452
2566
-4252
-10371
-15295
-18702
-20448
-20539
-19094
-16300
-12377
-7562
-2112
3683
9486
14901
19489
22805
24451
24142
21768
17438
11484
4439
-3027
-10196
-16398
-21097
-23949
-24833
-23833
-21195
-17269
-12441
-7082
-1521
3964
9127
13732
17535
20273
21685
21548
19726
16225
11226
5098
-1631
-8328
-14339
-19077
-22108
-23198
-22340
-19731
-15719
-10741
-5241
379
5798
10778
15145
18756
21466
23111
23512
22505
19986
15959
10586
4196
-2727
-9595
-15790
-20750
-24052
-25465
-24976
-22770
-19180
-14624
-9523
-4248
917
5776
10197
14077
17297
19700
21088
21249
20007
17276
13115
7755
1596
-4831
-10938
-16157
-20031
-22272
-22793
-21697
-19237
-15748
-11578
-7027
-2319
2403
7049
11537
15747
19489
22499
24467
25085
24121
21478
17245
11701
5294
-1425
-7882
-13568
-18106
-21295
-23105
-23647
-23111
-21701
-19579
-16838
-13498
-9548
-4992
89
5505
10937
15966
20131
23004
24269
23789
21632
18059
13479
8369
3188
-1692
-6031
-9732
-12810
-15333
-17361
-18889
-19825
-19992
-19174
-17181
-13920
-9452
-4016
1983
8031
13586
18168
21437
23239
23614
22759
20961
18517
15660
12521
9114
5374
1216
-3394
-8381
-13521
-18461
-22755
-25952
-27680
-27728
-26088
-22961
-18716
-13812
-8707
-3772
764
4831
8490
11867
15078
18157
21005
23396
25007
25498
24600
22191
18354
13373
7699
1865
-3613
-8328
-12050
-14744
-16547
-17693
-18431
-18934
-19241
-19243
-18710
-17367
-14982
-11457
-6883
-1553
4073
9452
14062
17506
19582
20313
19919
18745
17163
15467
13805
12147
10313
8037
5073
1287
-3267
-8328
-13456
-18116
-21785
-24065
-24768
-23951
-21896
-19028
-15815
-12647
-9751
-7146
-4666
-2023
1077
4831
9250
14115
19011
23395
26721
28561
28704
27204
24367
20675
16664
12802
9378
6445
3833
1216
-1772
-5409
-9781
-14721
-19828
-24540
-28256
-30482
-30944
-29657
-26921
-23245
-19226
-15398
-12111
-9452
-7239
-5094
-2565
728
4965
10045
15584
20986
25578
28767
30179
29755
27760
24720
21282
18059
15470
13644
12393
11282
9753
7294
3603
-1312
-7104
-13150
-18690
-23005
-25590
-26278
-25276
-23111
-20490
-18120
-16519
-15885
-16045
-16506
-16589
-15621
-13129
-8982
-3453
2828
9013
14239
17836
19489
19316
17833
15814
14091
13329
13846
15527
17844
19995
21112
20496
17815
13207
7266
912
-4831
-9088
-11343
-11577
-10263
-8243
-6510
-5936
-7044
-9852
-13860
-18163
-21681
-23433
-22803
-19704
-14624
-8515
-2563
2101
4690
4961
3277
517
-2150
-3571
-2915
95
5096
11155
16996
21313
23111
21957
18111
12473
6364
1202
-1858
-2218
0
3978
8403
11804
12923
11061
6263
-661
-8328
-15110
-19547
-20709
-18446
-13439
-7038
-933
3268
4451
2288
-2670
-9109
-15281
-19436
-20270
-17269
-10860
-2323
6503
13675
17624
17552
13646
7044
-438
-6748
-10116
-9502
-4874
2766
11612
19489
24393
24992
20975
13146
3247
-6453
-13713
-16874
-15271
-9419
-894
8039
14981
17991
16075
9452
-484
-11483
-20977
-26708
-27284
-22529
-13547
-2464
8071
15531
18124
15240
7608
-2863
-13539
-21694
-25174
-22923
-15258
-3804
8879
19903
26744
27847
23008
13430
1444
-10040
-18230
-21115
-17953
-9452
2389
14751
24660
29696
28562
21402
9768
-3740
-16081
-24488
-27110
-23450
-14470
-2370
9933
19489
23995
22337
14836
3174
-10002
-21698
-29260
-30980
-26482
-16796
-4110
8737
18907
24204
23562
17269
6882
-5141
-16010
-23227
-25144
-21317
-12579
-836
11371
21439
27272
27724
22829
13764
2566
-8328
-16611
-20598
-19566
-13876
-4870
5444
14830
21300
23513
21037
14409
4991
-5321
-14505
-20812
-23111
-21086
-15278
-6950
2178
10279
15767
17601
15467
9822
1797
-7032
-14943
-20394
-22308
-20275
-14624
-6366
2997
11743
18255
21326
20385
15618
7946
-1143
-9863
-16470
-19603
-18552
-13416
-5102
4831
14468
21899
25605
24765
19436
10561
-202
-10793
-19159
-23661
-23411
-18457
-9790
852
11321
19489
23676
22989
17506
8259
-2970
-14002
-22701
-27390
-27185
-22159
-13316
-2383
8538
17386
22537
23111
19117
11435
1619
-8414
-16757
-21866
-22839
-19557
-12675
-3479
6373
15156
21389
24077
22861
18059
10579
1745
-6935
-14023
-18380
-19340
-16806
-11247
-3621
4785
12557
18379
21238
20593
16466
9452
634
-8577
-16669
-22278
-24419
-22671
-17266
-9070
547
9934
17446
21735
21998
18136
10784
1216
-8878
-17691
-23626
-25585
-23172
-16768
-7458
3158
13264
21146
25502
25659
21680
14337
4956
-4831
-13373
-19282
-21658
-20214
-15302
-7819
962
9610
16770
21364
22742
20752
15744
8489
60
-8328
-15489
-20425
-22454
-21302
-17139
-10562
-2517
5819
13200
18490
20833
19793
15444
8376
-370
-9452
-17427
-22985
-25167
-23534
-18256
-10098
-306
9595
18051
23738
25781
23899
18445
10342
916
-8328
-15950
-20809
-22233
-20100
-14836
-7317
1280
9676
16676
21335
23071
21720
17531
11107
3316
-4831
-12303
-18167
-21692
-22436
-20294
-15522
-8715
-749
7315
14367
19391
21614
20635
16499
9718
1216
-7793
-15984
-22118
-25243
-24846
-20941
-14071
-5225
4317
13185
20136
24233
24981
22385
16923
9452
1064
-7079
-13917
-18615
-20664
-19908
-16541
-11055
-4160
3299
10441
16433
20571
22346
21500
18059
12350
4978
-3219
-11256
-18121
-22898
-24907
-23810
-19683
-13021
-4692
4186
12397
18810
22546
23111
20461
15010
7549
-873
-9116
-16108
-20992
-23227
-22631
-19380
-13947
-7025
575
8021
14540
19489
22393
22979
21192
17198
11380
4318
-3252
-10500
-16581
-20738
-22403
-21287
-17441
-11278
-3530
4831
12726
19119
23164
24330
22475
17858
11093
3053
-5263
-12871
-18928
-22826
-24245
-23158
-19803
-14624
-8203
-1193
5740
11965
16925
20162
21356
20348
17173
12078
5526
-1827
-9185
-15695
-20553
-23111
-22980
-20099
-14756
-7561
632
8844
16108
21593
24718
25209
23119
18786
12774
5772
-1491
-8328
-14156
-18525
-21131
-21815
-20554
-17456
-12759
-6829
-157
6661
12962
18074
21393
22467
21073
17269
11407
4108
-3815
-11459
-17953
-22575
-24845
-24580
-21894
-17166
-10967
-3970
3141
9741
15316
19489
22014
22770
21741
19008
14749
9242
2876
-3856
-10372
-16048
-20279
-22562
-22571
-20219
-15695
-9452
-2160
5382
12349
18005
21791
23390
22743
20034
15633
10027
3752
-2675
-8791
-14203
-18591
-21694
-23307
-23278
-21529
-18082
-13090
-6866
124
7279
13920
19371
23050
24552
23716
20646
15704
9452
2566
-4252
-10371
-15295
-18702
-20448
-20539
-19094
-16300
-12377
-7562
-2112
3683
9486
14901
19489
22805
24451
24142
21768
17438
11484
4439
-3027
-10196
-16398
-21097
-23949
-24833
-23833
-21195
-17269
-12441
-7082
-1521
3964
9127
13732
17535
20273
21685
21548
19726
16225
11226
5098
-1631
-8328
-14339
-19077
-22108
-23198
-22340
-19731
-15719
-10741
-5241
379
5798
10778
15145
18756
21466
23111
23512
22505
19986
15959
10586
4196
-2727
-9595
-15790
-20750
-24052
-25465
-24976
-22770
-19180
-14624
-9523
-4248
917
5776
10197
14077
17297
19700
21088
21249
20007
17276
13115
7755
1596
-4831
-10938
-16157
-20031
-22272
-22793
-21697
-19237
-15748
-11578
-7027
-2319
2403
7049
11537
15747
19489
22499
24467
25085
24121
21478
17245
11701
5294
-1425
-7882
-13568
-18106
-21295
-23105
-23647
-23111
-21701
-19579
-16838
-13498
-9548
-4992
89
5505
10937
15966
20131
23004
24269
23789
21632
18059
13479
8369
3188
-1692
-6031
-9732
-12810
-15333
-17361
-18889
-19825
-19992
-19174
-17181
-13920
-9452
-4016
1983
8031
13586
18168
21437
23239
23614
22759
20961
18517
15660
12521
9114
5374
1216
-3394
-8381
-13521
-18461
-22755
-25952
-27680
-27728
-26088
-22961
-18716
-13812
-8707
-3772
764
4831
8490
11867
15078
18157
21005
23396
25007
25498
24600
22191
18354
13373
7699
1865
-3613
-8328
-12050
-14744
-16547
-17693
-18431
-18934
-19241
-19243
-18710
-17367
-14982
-11457
-6883
-1553
4073
9452
14062
17506
19582
20313
19919
18745
17163
15467
13805
12147
10313
8037
5073
1287
-3267
-8328
-13456
-18116
-21785
-24065
-24768
-23951
-21896
-19028
-15815
-12647
-9751
-7146
-4666
-2023
1077
4831
9250
14115
19011
23395
26721
28561
28704
27204
24367
20675
16664
12802
9378
6445
3833
1216
-1772
-5409
-9781
-14721
-19828
-24540
-28256
-30482
-30944
-29657
-26921
-23245
-19226
-15398
-12111
-9452
-7239
-5094
-2565
728
4965
10045
15584
20986
25578
28767
30179
29755
27760
24720
21282
18059
15470
13644
12393
11282
9753
7294
3603
-1312
-7104
-13150
-18690
-23005
-25590
-26278
-25276
-23111
-20490
-18120
-16519
-15885
-16045
-16506
-16589
-15621
-13129
-8982
-3453
2828
9013
14239
17836
19489
19316
17833
15814
14091
13329
13846
15527
17844
19995
21112
20496
17815
13207
7266
912
-4831
-9088
-11343
-11577
-10263
-8243
-6510
-5936
-7044
-9852
-13860
-18163
-21681
-23433
-22803
-19704
-14624
-8515
-2563
2101
4690
4961
3277
517
-2150
-3571
-2915
95
5096
11155
16996
21313
23111
21957
18111
12473
6364
1202
-1858
-2218
0
3978
8403
11804
12923
11061
6263
-661
-8328
-15110
-19547
-20709
-18446
-13439
-7038
-933
3268
4451
2288
-2670
-9109
-15281
-19436
-20270
-17269
-10860
-2323
6503
13675
17624
17552
13646
7044
-438
-6748
-10116
-9502
-4874
2766
11612
19489
24393
24992
20975
13146
3247
-6453
-13713
-16874
-15271
-9419
-894
8039
14981
17991
16075
9452
-484
-11483
-20977
-26708
-27284
-22529
-13547
-2464
8071
15531
18124
15240
7608
-2863
-13539
-21694
-25174
-22923
-15258
-3804
8879
19903
26744
27847
23008
13430
1444
-10040
-18230
-21115
-17953
-9452
2389
14751
24660
29696
28562
21402
9768
-3740
-16081
-24488
-27110
-23450
-14470
-2370
9933
19489
23995
22337
14836
3174
-10002
-21698
-29260
-30980
-26482
-16796
-4110
8737
18907
24204
23562
17269
6882
-5141
-16010
-23227
-25144
-21317
-12579
-836
11371
21439
27272
27724
22829
13764
2566
-8328
-16611
-20598
-19566
-13876
-4870
5444
14830
21300
23513
21037
14409
4991
-5321
-14505
-20812
-23111
-21086
-15278
-6950
2178
10279
15767
17601
15467
9822
1797
-7032
-14943
-20394
-22308
-20275
-14624
-6366
2997
11743
18255
21326
20385
15618
7946
-1143
-9863
-16470
-19603
-18552
-13416
-5102
4831
14468
21899
25605
24765
19436
10561
-202
-10793
-19159
-23661
-23411
-18457
-9790
852
11321
19489
23676
22989
17506
8259
-2970
-14002
-22701
-27390
-27185
-22159
-13316
-2383
8538
17386
22537
23111
19117
11435
1619
-8414
-16757
-21866
-22839
-19557
-12675
-3479
6373
15156
21389
24077
22861
18059
10579
1745
-6935
-14023
-18380
-19340
-16806
-11247
-3621
4785
12557
18379
21238
20593
16466
9452
634
-8577
-16669
-22278
-24419
-22671
-17266
-9070
547
9934
17446
21735
21998
18136
10784
1216
-8878
-17691
-23626
-25585
-23172
-16768
-7458
3158
13264
21146
25502
25659
21680
14337
4956
-4831
-13373
-19282
-21658
-20214
-15302
-7819
962
9610
16770
21364
22742
20752
15744
8489
60
-8328
-15489
-20425
-22454
-21302
-17139
-10562
-2517
5819
13200
18490
20833
19793
15444
8376
-370
-9452
-17427
-22985
-25167
-23534
-18256
-10098
-306
9595
18051
23738
25781
23899
18445
10342
916
-8328
-15950
-20809
-22233
-20100
-14836
-7317
1280
9676
16676
21335
23071
21720
17531
11107
3316
-4831
-12303
-18167
-21692
-22436
-20294
-15522
-8715
-749
7315
14367
19391
21614
20635
16499
9718
1216
-7793
-15984
-22118
-25243
-24846
-20941
-14071
-5225
4317
13185
20136
24233
24981
22385
16923
9452
1064
-7079
-13917
-18615
-20664
-19908
-16541
-11055
-4160
3299
10441
16433
20571
22346
21500
18059
12350
4978
-3219
-11256
-18121
-22898
-24907
-23810
-19683
-13021
-4692
4186
12397
18810
22546
23111
20461
15010
7549
-873
-9116
-16108
-20992
-23227
-22631
-19380
-13947
-7025
575
8021
14540
19489
22393
22979
21192
17198
11380
4318
-3252
-10500
-16581
-20738
-22403
-21287
-17441
-11278
-3530
4831
12726
19119
23164
24330
22475
17858
11093
3053
-5263
-12871
-18928
-22826
-24245
-23158
-19803
-14624
-8203
-1193
5740
11965
16925
20162
21356
20348
17173
12078
5526
-1827
-9185
-15695
-20553
-23111
-22980
-20099
-14756
-7561
632
8844
16108
21593
24718
25209
23119
18786
12774
5772
-1491
-8328
-14156
-18525
-21131
-21815
-20554
-17456
-12759
-6829
-157
6661
12962
18074
21393
22467
21073
17269
11407
4108
-3815
-11459
-17953
-22575
-24845
-24580
-21894
-17166
-10967
-3970
3141
9741
15316
19489
22014
22770
21741
19008
14749
9242
2876
-3856
-10372
-16048
-20279
-22562
-22571
-20219
-15695
-9452
-2160
5382
12349
18005
21791
23390
22743
20034
15633
10027
3752
-2675
-8791
-14203
-18591
-21694
-23307
-23278
-21529
-18082
-13090
-6866
124
7279
13920
19371
23050
24552
23716
20646
15704
9452
2566
-4252
-10371
-15295
-18702
-20448
-20539
-19094
-16300
-12377
-7562
-2112
3683
9486
14901
19489
22805
24451
24142
21768
17438
11484
4439
-3027
-10196
-16398
-21097
-23949
-24833
-23833
-21195
-17269
-12441
-7082
-1521
3964
9127
13732
17535
20273
21685
21548
19726
16225
11226
5098
-1631
-8328
-14339
-19077
-22108
-23198
-22340
-19731
-15719
-10741
-5241
379
5798
10778
15145
18756
21466
23111
23512
22505
19986
15959
10586
4196
-2727
-9595
-15790
-20750
-24052
-25465
-24976
-22770
-19180
-14624
-9523
-4248
917
5776
10197
14077
17297
19700
21088
21249
20007
17276
13115
7755
1596
-4831
-10938
-16157
-20031
-22272
-22793
-21697
-19237
-15748
-11578
-7027
-2319
2403
7049
11537
15747
19489
22499
24467
25085
24121
21478
17245
11701
5294
-1425
-7882
-13568
-18106
-21295
-23105
-23647
-23111
-21701
-19579
-16838
-13498
-9548
-4992
89
5505
10937
15966
20131
23004
24269
23789
21632
18059
13479
8369
3188
-1692
-6031
-9732
-12810
-15333
-17361
-18889
-19825
-19992
-19174
-17181
-13920
-9452
-4016
1983
8031
13586
18168
21437
23239
23614
22759
20961
18517
15660
12521
9114
5374
1216
-3394
-8381
-13521
-18461
-22755
-25952
-27680
-27728
-26088
-22961
-18716
-13812
-8707
-3772
764
4831
8490
11867
15078
18157
21005
23396
25007
25498
24600
22191
18354
13373
7699
1865
-3613
-8328
-12050
-14744
-16547
-17693
-18431
-18934
-19241
-19243
-18710
-17367
-14982
-11457
-6883
-1553
4073
9452
14062
17506
19582
20313
19919
18745
17163
15467
13805
12147
10313
8037
5073
1287
-3267
-8328
-13456
-18116
-21785
-24065
-24768
-23951
-21896
-19028
-15815
-12647
-9751
-7146
-4666
-2023
1077
4831
9250
14115
19011
23395
26721
28561
28704
27204
24367
20675
16664
12802
9378
6445
3833
1216
-1772
-5409
-9781
-14721
-19828
-24540
-28256
-30482
-30944
-29657
-26921
-23245
-19226
-15398
-12111
-9452
-7239
-5094
-2565
728
4965
10045
15584
20986
25578
28767
30179
29755
27760
24720
21282
18059
15470
13644
12393
11282
9753
7294
3603
-1312
-7104
-13150
-18690
-23005
-25590
-26278
-25276
-23111
-20490
-18120
-16519
-15885
-16045
-16506
-16589
-15621
-13129
-8982
-3453
2828
9013
14239
17836
19489
19316
17833
15814
14091
13329
13846
15527
17844
19995
21112
20496
17815
13207
7266
912
-4831
-9088
-11343
-11577
-10263
-8243
-6510
-5936
-7044
-9852
-13860
-18163
-21681
-23433
-22803
-19704
-14624
-8515
-2563
2101
4690
4961
3277
517
-2150
-3571
-2915
95
5096
11155
16996
21313
23111
21957
18111
12473
6364
1202
-1858
-2218
0
3978
8403
11804
12923
11061
6263
-661
-8328
-15110
-19547
-20709
-18446
-13439
-7038
-933
3268
4451
2288
-2670
-9109
-15281
-19436
-20270
-17269
-10860
-2323
6503
13675
17624
17552
13646
7044
-438
-6748
-10116
-9502
-4874
2766
11612
19489
24393
24992
20975
13146
3247
-6453
-13713
-16874
-15271
-9419
-894
8039
14981
17991
16075
9452
-484
-11483
-20977
-26708
-27284
-22529
-13547
-2464
8071
15531
18124
15240
7608
-2863
-13539
-21694
-25174
-22923
-15258
-3804
8879
19903
26744
27847
23008
13430
1444
-10040
-18230
-21115
-17953
-9452
2389
14751
24660
29696
28562
21402
9768
-3740
-16081
-24488
-27110
-23450
-14470
-2370
9933
19489
23995
22337
14836
3174
-10002
-21698
-29260
-30980
-26482
-16796
-4110
8737
18907
24204
23562
17269
6882
-5141
-16010
-23227
-25144
-21317
-12579
-836
11371
21439
27272
27724
22829
13764
2566
-8328
-16611
-20598
-19566
-13876
-4870
5444
14830
21300
23513
21037
14409
4991
-5321
-14505
-20812
-23111
-21086
-15278
-6950
2178
10279
15767
17601
15467
9822
1797
-7032
-14943
-20394
-22308
-20275
-14624
-6366
2997
11743
18255
21326
20385
15618
7946
-1143
-9863
-16470
-19603
-18552
-13416
-5102
4831
14468
21899
25605
24765
19436
10561
-202
-10793
-19159
-23661
-23411
-18457
-9790
852
11321
19489
23676
22989
17506
8259
-2970
-14002
-22701
-27390
-27185
-22159
-13316
-2383
8538
17386
22537
23111
19117
11435
1619
-8414
-16757
-21866
-22839
-19557
-12675
-3479
6373
15156
21389
24077
22861
18059
10579
1745
-6935
-14023
-18380
-19340
-16806
-11247
-3621
4785
12557
18379
21238
20593
16466
9452
634
-8577
-16669
-22278
-24419
-22671
-17266
-9070
547
9934
17446
21735
21998
18136
10784
1216
-8878
-17691
-23626
-25585
-23172
-16768
-7458
3158
13264
21146
25502
25659
21680
14337
4956
-4831
-13373
-19282
-21658
-20214
-15302
-7819
962
9610
16770
21364
22742
20752
15744
8489
60
-8328
-15489
-20425
-22454
-21302
-17139
-10562
-2517
5819
13200
18490
20833
19793
15444
8376
-370
-9452
-17427
-22985
-25167
-23534
-18256
-10098
-306
9595
18051
23738
25781
23899
18445
10342
916
-8328
-15950
-20809
-22233
-20100
-14836
-7317
1280
9676
16676
21335
23071
21720
17531
11107
3316
-4831
-12303
-18167
-21692
-22436
-20294
-15522
-8715
-749
7315
14367
19391
21614
20635
16499
9718
1216
-7793
-15984
-22118
-25243
-24846
-20941
-14071
-5225
4317
13185
20136
24233
24981
22385
16923
9452
1064
-7079
-13917
-18615
-20664
-19908
-16541
-11055
-4160
3299
10441
16433
20571
22346
21500
18059
12350
4978
-3219
-11256
-18121
-22898
-24907
-23810
-19683
-13021
-4692
4186
12397
18810
22546
23111
20461
15010
7549
-873
-9116
-16108
-20992
-23227
-22631
-19380
-13947
-7025
575
8021
14540
19489
22393
22979
21192
17198
11380
4318
-3252
-10500
-16581
-20738
-22403
-21287
-17441
-11278
-3530
4831
12726
19119
23164
24330
22475
17858
11093
3053
-5263
-12871
-18928
-22826
-24245
-23158
-19803
-14624
-8203
-1193
5740
11965
16925
20162
21356
20348
17173
12078
5526
-1827
-9185
-15695
-20553
-23111
-22980
-20099
-14756
-7561
632
8844
16108
21593
24718
25209
23119
18786
12774
5772
-1491
-8328
-14156
-18525
-21131
-21815
-20554
-17456
-12759
-6829
-157
6661
12962
18074
21393
22467
21073
17269
11407
4108
-3815
-11459
-17953
-22575
-24845
-24580
-21894
-17166
-10967
-3970
3141
9741
15316
19489
22014
22770
21741
19008
14749
9242
2876
-3856
-10372
-16048
-20279
-22562
-22571
-20219
-15695
-9452
-2160
5382
12349
18005
21791
23390
22743
20034
15633
10027
3752
-2675
-8791
-14203
-18591
-21694
-23307
-23278
-21529
-18082
-13090
-6866
124
7279
13920
19371
23050
24552
23716
20646
15704
9452
2566
-4252
-10371
-15295
-18702
-20448
-20539
-19094
-16300
-12377
-7562
-2112
3683
9486
14901
19489
22805
24451
24142
21768
17438
11484
4439
-3027
-10196
-16398
-21097
-23949
-24833
-23833
-21195
-17269
-12441
-7082
-1521
3964
9127
13732
17535
20273
21685
21548
19726
16225
11226
5098
-1631
-8328
-14339
-19077
-22108
-23198
-22340
-19731
-15719
-10741
-5241
379
5798
10778
15145
18756
21466
23111
23512
22505
19986
15959
10586
4196
-2727
-9595
-15790
-20750
-24052
-25465
-24976
-22770
-19180
-14624
-9523
-4248
917
5776
10197
14077
17297
19700
21088
21249
20007
17276
13115
7755
1596
-4831
-10938
-16157
-20031
-22272
-22793
-21697
-19237
-15748
-11578
-7027
-2319
2403
7049
11537
15747
19489
22499
24467
25085
24121
21478
17245
11701
5294
-1425
-7882
-13568
-18106
-21295
-23105
-23647
-23111
-21701
-19579
-16838
-13498
-9548
-4992
89
5505
10937
15966
20131
23004
24269
23789
21632
18059
13479
8369
3188
-1692
-6031
-9732
-12810
-15333
-17361
-18889
-19825
-19992
-19174
-17181
-13920
-9452
-4016
1983
8031
13586
18168
21437
23239
23614
22759
20961
18517
15660
12521
9114
5374
1216
-3394
-8381
-13521
-18461
-22755
-25952
-27680
-27728
-26088
-22961
-18716
-13812
-8707
-3772
764
4831
8490
11867
15078
18157
21005
23396
25007
25498
24600
22191
18354
13373
7699
1865
-3613
-8328
-12050
-14744
-16547
-17693
-18431
-18934
-19241
-19243
-18710
-17367
-14982
-11457
-6883
-1553
4073
9452
14062
17506
19582
20313
19919
18745
17163
15467
13805
12147
10313
8037
5073
1287
-3267
-8328
-13456
-18116
-21785
-24065
-24768
-23951
-21896
-19028
-15815
-12647
-9751
-7146
-4666
-2023
1077
4831
9250
14115
19011
23395
26721
28561
28704
27204
24367
20675
16664
12802
9378
6445
3833
1216
-1772
-5409
-9781
-14721
-19828
-24540
-28256
-30482
-30944
-29657
-26921
-23245
-19226
-15398
-12111
-9452
-7239
-5094
-2565
728
4965
10045
15584
20986
25578
28767
30179
29755
27760
24720
21282
18059
15470
13644
12393
11282
9753
7294
3603
-1312
-7104
-13150
-18690
-23005
-25590
-26278
-25276
-23111
-20490
-18120
-16519
-15885
-16045
-16506
-16589
-15621
-13129
-8982
-3453
2828
9013
14239
17836
19489
19316
17833
15814
14091
13329
13846
15527
17844
19995
21112
20496
17815
13207
7266
912
-4831
-9088
-11343
-11577
-10263
-8243
-6510
-5936
-7044
-9852
-13860
-18163
-21681
-23433
-22803
-19704
-14624
-8515
-2563
2101
4690
4961
3277
517
-2150
-3571
-2915
95
5096
11155
16996
21313
23111
21957
18111
12473
6364
1202
-1858
-2218
0
3978
8403
11804
12923
11061
6263
-661
-8328
-15110
-19547
-20709
-18446
-13439
-7038
-933
3268
4451
2288
-2670
-9109
-15281
-19436
-20270
17269
10860
2323
-6503
-13675
-17624
-17552
-13646
-7044
438
6748
10116
9502
4874
-2766
-11612
-19489
-24393
-24992
-20975
-13146
-3247
6453
13713
16874
15271
9419
894
-8039
-14981
-17991
-16075
-9452
484
11483
20977
26708
27284
22529
13547
2464
-8071
-15531
-18124
-15240
-7608
2863
13539
21694
25174
22923
15258
3804
-8879
-19903
-26744
-27847
-23008
-13430
-1444
10040
18230
21115
17953
9452
-2389
-14751
-24660
-29696
-28562
-21402
-9768
3740
16081
24488
27110
23450
14470
2370
-9933
-19489
-23995
-22337
-14836
-3174
10002
21698
29260
30980
26482
16796
4110
-8737
-18907
-24204
-23562
-17269
-6882
5141
16010
23227
25144
21317
12579
836
-11371
-21439
-27272
-27724
-22829
-13764
-2566
8328
16611
20598
19566
13876
4870
-5444
-14830
-21300
-23513
-21037
-14409
-4991
5321
14505
20812
23111
21086
15278
6950
-2178
-10279
-15767
-17601
-15467
-9822
-1797
7032
14943
20394
22308
20275
14624
6366
-2997
-11743
-18255
-21326
-20385
-15618
-7946
1143
9863
16470
19603
18552
13416
5102
-4831
-14468
-21899
-25605
-24765
-19436
-10561
202
10793
19159
23661
23411
18457
9790
-852
-11321
-19489
-23676
-22989
-17506
-8259
2970
14002
22701
27390
27185
22159
13316
2383
-8538
-17386
-22537
-23111
-19117
-11435
-1619
8414
16757
21866
22839
19557
12675
3479
-6373
-15156
-21389
-24077
-22861
-18059
-10579
-1745
6935
14023
18380
19340
16806
11247
3621
-4785
-12557
-18379
-21238
-20593
-16466
-9452
-634
8577
16669
22278
24419
22671
17266
9070
-547
-9934
-17446
-21735
-21998
-18136
-10784
-1216
8878
17691
23626
25585
23172
16768
7458
-3158
-13264
-21146
-25502
-25659
-21680
-14337
-4956
4831
13373
19282
21658
20214
15302
7819
-962
-9610
-16770
-21364
-22742
-20752
-15744
-8489
-60
8328
15489
20425
22454
21302
17139
10562
2517
-5819
-13200
-18490
-20833
-19793
-15444
-8376
370
9452
17427
22985
25167
23534
18256
10098
306
-9595
-18051
-23738
-25781
-23899
-18445
-10342
-916
8328
15950
20809
22233
20100
14836
7317
-1280
-9676
-16676
-21335
-23071
-21720
-17531
-11107
-3316
4831
12303
18167
21692
22436
20294
15522
8715
749
-7315
-14367
-19391
-21614
-20635
-16499
-9718
-1216
7793
15984
22118
25243
24846
20941
14071
5225
-4317
-13185
-20136
-24233
-24981
-22385
-16923
-9452
-1064
7079
13917
18615
20664
19908
16541
11055
4160
-3299
-10441
-16433
-20571
-22346
-21500
-18059
-12350
-4978
3219
11256
18121
22898
24907
23810
19683
13021
4692
-4186
-12397
-18810
-22546
-23111
-20461
-15010
-7549
873
9116
16108
20992
23227
22631
19380
13947
7025
-575
-8021
-14540
-19489
-22393
-22979
-21192
-17198
-11380
-4318
3252
10500
16581
20738
22403
21287
17441
11278
3530
-4831
-12726
-19119
-23164
-24330
-22475
-17858
-11093
-3053
5263
12871
18928
22826
24245
23158
19803
14624
8203
1193
-5740
-11965
-16925
-20162
-21356
-20348
-17173
-12078
-5526
1827
9185
15695
20553
23111
22980
20099
14756
7561
-632
-8844
-16108
-21593
-24718
-25209
-23119
-18786
-12774
-5772
1491
8328
14156
18525
21131
21815
20554
17456
12759
6829
157
-6661
-12962
-18074
-21393
-22467
-21073
-17269
-11407
-4108
3815
11459
17953
22575
24845
24580
21894
17166
10967
3970
-3141
-9741
-15316
-19489
-22014
-22770
-21741
-19008
-14749
-9242
-2876
3856
10372
16048
20279
22562
22571
20219
15695
9452
2160
-5382
-12349
-18005
-21791
-23390
-22743
-20034
-15633
-10027
-3752
2675
8791
14203
18591
21694
23307
23278
21529
18082
13090
6866
-124
-7279
-13920
-19371
-23050
-24552
-23716
-20646
-15704
-9452
-2566
4252
10371
15295
18702
20448
20539
19094
16300
12377
7562
2112
-3683
-9486
-14901
-19489
-22805
-24451
-24142
-21768
-17438
-11484
-4439
3027
10196
16398
21097
23949
24833
23833
21195
17269
12441
7082
1521
-3964
-9127
-13732
-17535
-20273
-21685
-21548
-19726
-16225
-11226
-5098
1631
8328
14339
19077
22108
23198
22340
19731
15719
10741
5241
-379
-5798
-10778
-15145
-18756
-21466
-23111
-23512
-22505
-19986
-15959
-10586
-4196
2727
9595
15790
20750
24052
25465
24976
22770
19180
14624
9523
4248
-917
-5776
-10197
-14077
-17297
-19700
-21088
-21249
-20007
-17276
-13115
-7755
-1596
4831
10938
16157
20031
22272
22793
21697
19237
15748
11578
7027
2319
-2403
-7049
-11537
-15747
-19489
-22499
-24467
-25085
-24121
-21478
-17245
-11701
-5294
1425
7882
13568
18106
21295
23105
23647
23111
21701
19579
16838
13498
9548
4992
-89
-5505
-10937
-15966
-20131
-23004
-24269
-23789
-21632
-18059
-13479
-8369
-3188
1692
6031
9732
12810
15333
17361
18889
19825
19992
19174
17181
13920
9452
4016
-1983
-8031
-13586
-18168
-21437
-23239
-23614
-22759
-20961
-18517
-15660
-12521
-9114
-5374
-1216
3394
8381
13521
18461
22755
25952
27680
27728
26088
22961
18716
13812
8707
3772
-764
-4831
-8490
-11867
-15078
-18157
-21005
-23396
-25007
-25498
-24600
-22191
-18354
-13373
-7699
-1865
3613
8328
12050
14744
16547
17693
18431
18934
19241
19243
18710
17367
14982
11457
6883
1553
-4073
-9452
-14062
-17506
-19582
-20313
-19919
-18745
-17163
-15467
-13805
-12147
-10313
-8037
-5073
-1287
3267
8328
13456
18116
21785
24065
24768
23951
21896
19028
15815
12647
9751
7146
4666
2023
-1077
-4831
-9250
-14115
-19011
-23395
-26721
-28561
-28704
-27204
-24367
-20675
-16664
-12802
-9378
-6445
-3833
-1216
1772
5409
9781
14721
19828
24540
28256
30482
30944
29657
26921
23245
19226
15398
12111
9452
7239
5094
2565
-728
-4965
-10045
-15584
-20986
-25578
-28767
-30179
-29755
-27760
-24720
-21282
-18059
-15470
-13644
-12393
-11282
-9753
-7294
-3603
1312
7104
13150
18690
23005
25590
26278
25276
23111
20490
18120
16519
15885
16045
16506
16589
15621
13129
8982
3453
-2828
-9013
-14239
-17836
-19489
-19316
-17833
-15814
-14091
-13329
-13846
-15527
-17844
-19995
-21112
-20496
-17815
-13207
-7266
-912
4831
9088
11343
11577
10263
8243
6510
5936
7044
9852
13860
18163
21681
23433
22803
19704
14624
8515
2563
-2101
-4690
-4961
-3277
-517
2150
3571
2915
-95
-5096
-11155
-16996
-21313
-23111
-21957
-18111
-12473
-6364
-1202
1858
2218
0
-3978
-8403
-11804
-12923
-11061
-6263
661
8328
15110
19547
20709
18446
13439
7038
933
-3268
-4451
-2288
2670
9109
15281
19436
20270
-17269
-10860
-2323
6503
13675
17624
17552
13646
7044
-438
-6748
-10116
-9502
-4874
2766
11612
19489
24393
24992
20975
13146
3247
-6453
-13713
-16874
-15271
-9419
-894
8039
14981
17991
16075
9452
-484
-11483
-20977
-26708
-27284
-22529
-13547
-2464
8071
15531
18124
15240
7608
-2863
-13539
-21694
-25174
-22923
-15258
-3804
8879
19903
26744
27847
23008
13430
1444
-10040
-18230
-21115
-17953
-9452
2389
14751
24660
29696
28562
21402
9768
-3740
-16081
-24488
-27110
-23450
-14470
-2370
9933
19489
23995
22337
14836
3174
-10002
-21698
-29260
-30980
-26482
-16796
-4110
8737
18907
24204
23562
17269
6882
-5141
-16010
-23227
-25144
-21317
-12579
-836
11371
21439
27272
27724
22829
13764
2566
-8328
-16611
-20598
-19566
-13876
-4870
5444
14830
21300
23513
21037
14409
4991
-5321
-14505
-20812
-23111
-21086
-15278
-6950
2178
10279
15767
17601
15467
9822
1797
-7032
-14943
-20394
-22308
-20275
-14624
-6366
2997
11743
18255
21326
20385
15618
7946
-1143
-9863
-16470
-19603
-18552
-13416
-5102
4831
14468
21899
25605
24765
19436
10561
-202
-10793
-19159
-23661
-23411
-18457
-9790
852
11321
19489
23676
22989
17506
8259
-2970
-14002
-22701
-27390
-27185
-22159
-13316
-2383
8538
17386
22537
23111
19117
11435
1619
-8414
-16757
-21866
-22839
-19557
-12675
-3479
6373
15156
21389
24077
22861
18059
10579
1745
-6935
-14023
-18380
-19340
-16806
-11247
-3621
4785
12557
18379
21238
20593
16466
9452
634
-8577
-16669
-22278
-24419
-22671
-17266
-9070
547
9934
17446
21735
21998
18136
10784
1216
-8878
-17691
-23626
-25585
-23172
-16768
-7458
3158
13264
21146
25502
25659
21680
14337
4956
-4831
-13373
-19282
-21658
-20214
-15302
-7819
962
9610
16770
21364
22742
20752
15744
8489
60
-8328
-15489
-20425
-22454
-21302
-17139
-10562
-2517
5819
13200
18490
20833
19793
15444
8376
-370
-9452
-17427
-22985
-25167
-23534
-18256
-10098
-306
9595
18051
23738
25781
23899
18445
10342
916
-8328
-15950
-20809
-22233
-20100
-14836
-7317
1280
9676
16676
21335
23071
21720
17531
11107
3316
-4831
-12303
-18167
-21692
-22436
-20294
-15522
-8715
-749
7315
14367
19391
21614
20635
16499
9718
1216
-7793
-15984
-22118
-25243
-24846
-20941
-14071
-5225
4317
13185
20136
24233
24981
22385
16923
9452
1064
-7079
-13917
-18615
-20664
-19908
-16541
-11055
-4160
3299
10441
16433
20571
22346
21500
18059
12350
4978
-3219
-11256
-18121
-22898
-24907
-23810
-19683
-13021
-4692
4186
12397
18810
22546
23111
20461
15010
7549
-873
-9116
-16108
-20992
-23227
-22631
-19380
-13947
-7025
575
8021
14540
19489
22393
22979
21192
17198
11380
4318
-3252
-10500
-16581
-20738
-22403
-21287
-17441
-11278
-3530
4831
12726
19119
23164
24330
22475
17858
11093
3053
-5263
-12871
-18928
-22826
-24245
-23158
-19803
-14624
-8203
-1193
5740
11965
16925
20162
21356
20348
17173
12078
5526
-1827
-9185
-15695
-20553
-23111
-22980
-20099
-14756
-7561
632
8844
16108
21593
24718
25209
23119
18786
12774
5772
-1491
-8328
-14156
-18525
-21131
-21815
-20554
-17456
-12759
-6829
-157
6661
12962
18074
21393
22467
21073
17269
11407
4108
-3815
-11459
-17953
-22575
-24845
-24580
-21894
-17166
-10967
-3970
3141
9741
15316
19489
22014
22770
21741
19008
14749
9242
2876
-3856
-10372
-16048
-20279
-22562
-22571
-20219
-15695
-9452
-2160
5382
12349
18005
21791
23390
22743
20034
15633
10027
3752
-2675
-8791
-14203
-18591
-21694
-23307
-23278
-21529
-18082
-13090
-6866
124
7279
13920
19371
23050
24552
23716
20646
15704
9452
2566
-4252
-10371
-15295
-18702
-20448
-20539
-19094
-16300
-12377
-7562
-2112
3683
9486
14901
19489
22805
24451
24142
21768
17438
11484
4439
-3027
-10196
-16398
-21097
-23949
-24833
-23833
-21195
-17269
-12441
-7082
-1521
3964
9127
13732
17535
20273
21685
21548
19726
16225
11226
5098
-1631
-8328
-14339
-19077
-22108
-23198
-22340
-19731
-15719
-10741
-5241
379
5798
10778
15145
18756
21466
23111
23512
22505
19986
15959
10586
4196
-2727
-9595
-15790
-20750
-24052
-25465
-24976
-22770
-19180
-14624
-9523
-4248
917
5776
10197
14077
17297
19700
21088
21249
20007
17276
13115
7755
1596
-4831
-10938
-16157
-20031
-22272
-22793
-21697
-19237
-15748
-11578
-7027
-2319
2403
7049
11537
15747
19489
22499
24467
25085
24121
21478
17245
11701
5294
-1425
-7882
-13568
-18106
-21295
-23105
-23647
-23111
-21701
-19579
-16838
-13498
-9548
-4992
89
5505
10937
15966
20131
23004
24269
23789
21632
18059
13479
8369
3188
-1692
-6031
-9732
-12810
-15333
-17361
-18889
-19825
-19992
-19174
-17181
-13920
-9452
-4016
1983
8031
13586
18168
21437
23239
23614
22759
20961
18517
15660
12521
9114
5374
1216
-3394
-8381
-13521
-18461
-22755
-25952
-27680
-27728
-26088
-22961
-18716
-13812
-8707
-3772
764
4831
8490
11867
15078
18157
21005
23396
25007
25498
24600
22191
18354
13373
7699
1865
-3613
-8328
-12050
-14744
-16547
-17693
-18431
-18934
-19241
-19243
-18710
-17367
-14982
-11457
-6883
-1553
4073
9452
14062
17506
19582
20313
19919
18745
17163
15467
13805
12147
10313
8037
5073
1287
-3267
-8328
-13456
-18116
-21785
-24065
-24768
-23951
-21896
-19028
-15815
-12647
-9751
-7146
-4666
-2023
1077
4831
9250
14115
19011
23395
26721
28561
28704
27204
24367
20675
16664
12802
9378
6445
3833
1216
-1772
-5409
-9781
-14721
-19828
-24540
-28256
-30482
-30944
-29657
-26921
-23245
-19226
-15398
-12111
-9452
-7239
-5094
-2565
728
4965
10045
15584
20986
25578
28767
30179
29755
27760
24720
21282
18059
15470
13644
12393
11282
9753
7294
3603
-1312
-7104
-13150
-18690
-23005
-25590
-26278
-25276
-23111
-20490
-18120
-16519
-15885
-16045
-16506
-16589
-15621
-13129
-8982
-3453
2828
9013
14239
17836
19489
19316
17833
15814
14091
13329
13846
15527
17844
19995
21112
20496
17815
13207
7266
912
-4831
-9088
-11343
-11577
-10263
-8243
-6510
-5936
-7044
-9852
-13860
-18163
-21681
-23433
-22803
-19704
-14624
-8515
-2563
2101
4690
4961
3277
517
-2150
-3571
-2915
95
5096
11155
16996
21313
23111
21957
18111
12473
6364
1202
-1858
-2218
0
3978
8403
11804
12923
11061
6263
-661
-8328
-15110
-19547
-20709
-18446
-13439
-7038
-933
3268
4451
2288
-2670
-9109
-15281
-19436
-20270
0
0
0
0
0
0
0
0
0
0
0
0
0
0
0
0
0
0
0
0
0
0
0
0
0
0
0
0
0
0
0
0
0
0
0
0
0
0
0
0
0
0
0
0
0
0
0
0
0
0
0
0
0
0
0
0
0
0
0
0
0
0
0
0
0
0
0
0
0
0
0
0
0
0
0
0
0
0
0
0
0
0
0
0
0
0
0
0
0
0
0
0
0
0
0
0
0
0
0
0
0
0
0
0
0
0
0
0
0
0
0
0
0
0
0
0
0
0
0
0
0
0
0
0
0
0
0
0
0
0
0
0
0
0
0
0
0
0
0
0
0
0
0
0
0
0
0
0
0
0
0
0
0
0
0
0
0
0
0
0
0
0
0
0
0
0
0
0
0
0
0
0
0
0
0
0
0
0
0
0
0
0
0
0
0
0
0
0
0
0
0
0
0
0
0
0
0
0
0
0
0
0
0
0
0
0
0
0
0
0
0
0
0
0
0
0
0
0
0
0
0
0
0
0
0
0
0
0
0
0
0
0
0
0
0
0
0
0
0
0
0
0
0
0
0
0
0
0
0
0
0
0
0
0
0
0
0
0
0
0
0
0
0
0
0
0
0
0
0
0
0
0
0
0
0
0
0
0
0
0
0
0
0
0
0
0
0
0
0
0
0
0
0
0
0
0
0
0
0
0
0
0
0
0
0
0
0
0
0
0
0
0
0
0
0
0
0
0
0
0
0
0
0
0
0
0
0
0
0
0
0
0
0
0
0
0
0
0
0
0
0
0
0
0
0
0
0
0
0
0
0
0
0
0
0
0
0
0
0
0
0
0
0
0
0
0
0
0
0
0
0
0
0
0
0
0
0
0
0
0
0
0
0
0
0
0
0
0
0
0
0
0
0
0
0
0
0
0
0
0
0
0
0
0
0
0
0
0
0
0
0
0
0
0
0
0
0
0
0
0
0
0
0
0
0
0
0
0
0
0
0
0
0
0
0
0
0
0
0
0
0
0
0
0
0
0
0
0
0
0
0
0
0
0
0
0
0
0
0
0
0
0
0
0
0
0
0
0
0
0
0
0
0
0
0
0
0
0
0
0
0
0
0
0
0
0
0
0
0
0
0
0
0
0
0
0
0
0
0
0
0
0
0
0
0
0
0
0
0
0
0
0
0
0
0
0
0
0
0
0
0
0
0
0
0
0
0
0
0
0
0
0
0
0
0
0
0
0
0
0
0
0
0
0
0
0
0
0
0
0
0
0
0
0
0
0
0
0
0
0
0
0
0
0
0
0
0
0
0
0
0
0
0
0
0
0
0
0
0
0
0
0
0
0
0
0
0
0
0
0
0
0
0
0
0
0
0
0
0
0
0
0
0
0
0
0
0
0
0
0
0
0
0
0
0
0
0
0
0
0
0
0
0
0
0
0
0
0
0
0
0
0
0
0
0
0
0
0
0
0
0
0
0
0
0
0
0
0
0
0
0
0
0
0
0
0
0
0
0
0
0
0
0
0
0
0
0
0
0
0
0
0
0
0
0
0
0
0
0
0
0
0
0
0
0
0
0
0
0
0
0
0
0
0
0
0
0
0
0
0
0
0
0
0
0
0
0
0
0
0
0
0
0
0
0
0
0
0
0
0
0
0
0
0
0
0
0
0
0
0
0
0
0
0
0
0
0
0
0
0
0
0
0
0
0
0
0
0
0
0
0
0
0
0
0
0
0
0
0
0
0
0
0
0
0
0
0
0
0
0
0
0
0
0
0
0
0
0
0
0
0
0
0
0
0
0
0
0
0
0
0
0
0
0
0
0
0
0
0
0
0
0
0
0
0
0
0
0
0
0
0
0
0
0
0
0
0
0
0
0
0
0
0
0
0
0
0
0
0
0
0
0
0
0
0
0
0
0
0
0
0
0
0
0
0
0
0
0
0
0
0
0
0
0
0
0
0
0
0
0
0
0
0
0
0
0
0
0
0
0
0
0
0
0
0
0
0
0
0
0
0
0
0
0
0
0
0
0
0
0
0
0
0
0
0
0
0
0
0
0
0
0
0
0
0
0
0
0
0
0
0
0
0
0
0
0
0
0
0
0
0
0
0
0
0
0
0
0
0
0
0
0
0
0
0
0
0
0
0
0
0
0
0
0
0
0
0
0
0
0
0
0
0
0
0
0
0
0
0
0
0
6075
11935
17372
22193
26229
29338
31413
32384
32222
30935
28577
25236
21037
16135
10706
4950
-928
-6720
-12220
-17237
-21598
-25157
-27796
-29435
-30025
-29563
-28078
-25639
-22347
-18331
-13747
-8767
-3576
1638
6691
11406
15621
19198
22024
24015
25120
25322
24637
23111
20823
17876
14393
10518
6399
2194
-1942
-5865
-9437
-12546
-15093
-17006
-18245
-18788
-18645
-17853
-16469
-14572
-12255
-9629
-6804
-3899
-1027
1704
4198
6374
8168
9535
10449
10903
10918
10524
9768
8713
7430
5996
4487
2981
1548
250
-861
-1749
-2391
-2777
-2918
-2832
-2555
-2128
-1603
-1037
-484
0
367
578
600
418
26
-564
-1329
-2234
-3227
-4254
-5251
-6151
-6890
-7404
-7641
-7556
-7120
-6318
-5153
-3646
-1833
226
2464
4798
7133
9372
11413
13159
14522
15418
15786
15580
14777
13375
11398
8895
5936
2615
-956
-4655
-8344
-11884
-15135
-17962
-20245
-21877
-22776
-22883
-22168
-20632
-18304
-15251
-11561
-7352
-2766
2039
6893
11622
16049
20005
23337
25910
27616
28376
28142
26908
24699
21579
17644
13023
7876
2375
-3284
-8901
-14274
-19207
-23520
-27050
-29663
-31259
-31769
-31168
-29467
-26719
-23017
-18484
-13279
-7583
-1597
4467
10395
15975
21008
25314
28739
31162
32494
32691
31745
29691
26606
22599
17817
12431
6634
634
-5355
-11122
-16465
-21196
-25151
-28198
-30237
-31203
-31073
-29861
-27623
-24450
-20463
-15816
-10680
-5246
291
5733
10888
15579
19645
22956
25405
26923
27472
27054
25704
23488
20506
16881
12759
8297
3665
-967
-5435
-9584
-13272
-16383
-18820
-20520
-21445
-21587
-20968
-19638
-17672
-15166
-12233
-8995
-5587
-2139
1220
4369
7203
9630
11581
13009
13886
14213
14007
13311
12181
10691
8922
6965
4914
2858
884
-933
-2527
-3850
-4867
-5562
-5933
-5998
-5783
-5335
-4705
-3950
-3132
-2314
-1551
-896
-390
-62
68
0
-256
-679
-1231
-1868
-2538
-3180
-3739
-4159
-4385
-4378
-4107
-3551
-2709
-1594
-235
1326
3030
4809
6583
8270
9785
11044
11971
12499
12576
12167
11252
9837
7947
5630
2952
0
-3123
-6305
-9424
-12356
-14976
-17171
-18836
-19884
-20250
-19890
-18791
-16965
-14454
-11326
-7676
-3625
693
5124
9510
13685
17492
20779
23411
25276
26285
26381
25540
23769
21114
17651
13491
8768
3646
-1701
-7081
-12302
-17174
-21513
-25158
-27967
-29827
-30659
-30421
-29108
-26757
-23438
-19260
-14368
-8927
-3128
2825
8722
14352
19511
24014
27697
30426
32099
32654
32066
30356
27580
23837
19258
14007
8268
2246
-3842
-9785
-15370
-20402
-24701
-28121
-30543
-31887
-32111
-31213
-29234
-26252
-22379
-17759
-12564
-6983
-1217
4526
10047
15149
19659
23424
26320
28258
29182
29076
27960
25889
22956
19278
15001
10288
5314
264
-4682
-9351
-13582
-17235
-20194
-22371
-23709
-24182
-23799
-22596
-20643
-18032
-14877
-11312
-7476
-3520
408
4170
7633
10684
13228
15193
16530
17223
17272
16707
15580
13962
11938
9610
7080
4459
1852
-639
-2927
-4934
-6599
-7882
-8757
-9222
-9290
-8992
-8375
-7495
-6418
-5214
-3957
-2714
-1548
-517
336
981
1402
1595
1573
1362
999
527
0
-527
-999
-1362
-1573
-1595
-1402
-981
-336
517
1548
2714
3957
5214
6418
7495
8375
8992
9290
9222
8757
7882
6599
4934
2927
639
-1852
-4459
-7080
-9610
-11938
-13962
-15580
-16707
-17272
-17223
-16530
-15193
-13228
-10684
-7633
-4170
-408
3520
7476
11312
14877
18032
20643
22596
23799
24182
23709
22371
20194
17235
13582
9351
4682
-264
-5314
-10288
-15001
-19278
-22956
-25889
-27960
-29076
-29182
-28258
-26320
-23424
-19659
-15149
-10047
-4526
1217
6983
12564
17759
22379
26252
29234
31213
32111
31887
30543
28121
24701
20402
15370
9785
3842
-2246
-8268
-14007
-19258
-23837
-27580
-30356
-32066
-32654
-32099
-30426
-27697
-24014
-19511
-14352
-8722
-2825
3128
8927
14368
19260
23438
26757
29108
30421
30659
29827
27967
25158
21513
17174
12302
7081
1701
-3646
-8768
-13491
-17651
-21114
-23769
-25540
-26381
-26285
-25276
-23411
-20779
-17492
-13685
-9510
-5124
-693
3625
7676
11326
14454
16965
18791
19890
20250
19884
18836
17171
14976
12356
9424
6305
3123
0
-2952
-5630
-7947
-9837
-11252
-12167
-12576
-12499
-11971
-11044
-9785
-8270
-6583
-4809
-3030
-1326
235
1594
2709
3551
4107
4378
4385
4159
3739
3180
2538
1868
1231
679
256
0
-68
62
390
896
1551
2314
3132
3950
4705
5335
5783
5998
5933
5562
4867
3850
2527
933
-884
-2858
-4914
-6965
-8922
-10691
-12181
-13311
-14007
-14213
-13886
-13009
-11581
-9630
-7203
-4369
-1220
2139
5587
8995
12233
15166
17672
19638
20968
21587
21445
20520
18820
16383
13272
9584
5435
967
-3665
-8297
-12759
-16881
-20506
-23488
-25704
-27054
-27472
-26923
-25405
-22956
-19645
-15579
-10888
-5733
-291
5246
10680
15816
20463
24450
27623
29861
31073
31203
30237
28198
25151
21196
16465
11122
5355
-634
-6634
-12431
-17817
-22599
-26606
-29691
-31745
-32691
-32494
-31162
-28739
-25314
-21008
-15975
-10395
-4467
1597
7583
13279
18484
23017
26719
29467
31168
31769
31259
29663
27050
23520
19207
14274
8901
3284
-2375
-7876
-13023
-17644
-21579
-24699
-26908
-28142
-28376
-27616
-25910
-23337
-20005
-16049
-11622
-6893
-2039
2766
7352
11561
15251
18304
20632
22168
22883
22776
21877
20245
17962
15135
11884
8344
4655
956
-2615
-5936
-8895
-11398
-13375
-14777
-15580
-15786
-15418
-14522
-13159
-11413
-9372
-7133
-4798
-2464
-226
1833
3646
5153
6318
7120
7556
7641
7404
6890
6151
5251
4254
3227
2234
1329
564
-26
-418
-600
-578
-367
0
484
1037
1603
2128
2555
2832
2918
2777
2391
1749
861
-250
-1548
-2981
-4487
-5996
-7430
-8713
-9768
-10524
-10918
-10903
-10449
-9535
-8168
-6374
-4198
-1704
1027
3899
6804
9629
12255
14572
16469
17853
18645
18788
18245
17006
15093
12546
9437
5865
1942
-2194
-6399
-10518
-14393
-17876
-20823
-23111
-24637
-25322
-25120
-24015
-22024
-19198
-15621
-11406
-6691
-1638
3576
8767
13747
18331
22347
25639
28078
29563
30025
29435
27796
25157
21598
17237
12220
6720
928
-4950
-10706
-16135
-21037
-25236
-28577
-30935
-32222
-32384
-31413
-29338
-26229
-22193
-17372
-11935
-6075
0
6075
11935
17372
22193
26229
29338
31413
32384
32222
30935
28577
25236
21037
16135
10706
4950
-928
-6720
-12220
-17237
-21598
-25157
-27796
-29435
-30025
-29563
-28078
-25639
-22347
-18331
-13747
-8767
-3576
1638
6691
11406
15621
19198
22024
24015
25120
25322
24637
23111
20823
17876
14393
10518
6399
2194
-1942
-5865
-9437
-12546
-15093
-17006
-18245
-18788
-18645
-17853
-16469
-14572
-12255
-9629
-6804
-3899
-1027
1704
4198
6374
8168
9535
10449
10903
10918
10524
9768
8713
7430
5996
4487
2981
1548
250
-861
-1749
-2391
-2777
-2918
-2832
-2555
-2128
-1603
-1037
-484
0
367
578
600
418
26
-564
-1329
-2234
-3227
-4254
-5251
-6151
-6890
-7404
-7641
-7556
-7120
-6318
-5153
-3646
-1833
226
2464
4798
7133
9372
11413
13159
14522
15418
15786
15580
14777
13375
11398
8895
5936
2615
-956
-4655
-8344
-11884
-15135
-17962
-20245
-21877
-22776
-22883
-22168
-20632
-18304
-15251
-11561
-7352
-2766
2039
6893
11622
16049
20005
23337
25910
27616
28376
28142
26908
24699
21579
17644
13023
7876
2375
-3284
-8901
-14274
-19207
-23520
-27050
-29663
-31259
-31769
-31168
-29467
-26719
-23017
-18484
-13279
-7583
-1597
4467
10395
15975
21008
25314
28739
31162
32494
32691
31745
29691
26606
22599
17817
12431
6634
634
-5355
-11122
-16465
-21196
-25151
-28198
-30237
-31203
-31073
-29861
-27623
-24450
-20463
-15816
-10680
-5246
291
5733
10888
15579
19645
22956
25405
26923
27472
27054
25704
23488
20506
16881
12759
8297
3665
-967
-5435
-9584
-13272
-16383
-18820
-20520
-21445
-21587
-20968
-19638
-17672
-15166
-12233
-8995
-5587
-2139
1220
4369
7203
9630
11581
13009
13886
14213
14007
13311
12181
10691
8922
6965
4914
2858
884
-933
-2527
-3850
-4867
-5562
-5933
-5998
-5783
-5335
-4705
-3950
-3132
-2314
-1551
-896
-390
-62
68
0
-256
-679
-1231
-1868
-2538
-3180
-3739
-4159
-4385
-4378
-4107
-3551
-2709
-1594
-235
1326
3030
4809
6583
8270
9785
11044
11971
12499
12576
12167
11252
9837
7947
5630
2952
0
-3123
-6305
-9424
-12356
-14976
-17171
-18836
-19884
-20250
-19890
-18791
-16965
-14454
-11326
-7676
-3625
693
5124
9510
13685
17492
20779
23411
25276
26285
26381
25540
23769
21114
17651
13491
8768
3646
-1701
-7081
-12302
-17174
-21513
-25158
-27967
-29827
-30659
-30421
-29108
-26757
-23438
-19260
-14368
-8927
-3128
2825
8722
14352
19511
24014
27697
30426
32099
32654
32066
30356
27580
23837
19258
14007
8268
2246
-3842
-9785
-15370
-20402
-24701
-28121
-30543
-31887
-32111
-31213
-29234
-26252
-22379
-17759
-12564
-6983
-1217
4526
10047
15149
19659
23424
26320
28258
29182
29076
27960
25889
22956
19278
15001
10288
5314
264
-4682
-9351
-13582
-17235
-20194
-22371
-23709
-24182
-23799
-22596
-20643
-18032
-14877
-11312
-7476
-3520
408
4170
7633
10684
13228
15193
16530
17223
17272
16707
15580
13962
11938
9610
7080
4459
1852
-639
-2927
-4934
-6599
-7882
-8757
-9222
-9290
-8992
-8375
-7495
-6418
-5214
-3957
-2714
-1548
-517
336
981
1402
1595
1573
1362
999
527
0
-527
-999
-1362
-1573
-1595
-1402
-981
-336
517
1548
2714
3957
5214
6418
7495
8375
8992
9290
9222
8757
7882
6599
4934
2927
639
-1852
-4459
-7080
-9610
-11938
-13962
-15580
-16707
-17272
-17223
-16530
-15193
-13228
-10684
-7633
-4170
-408
3520
7476
11312
14877
18032
20643
22596
23799
24182
23709
22371
20194
17235
13582
9351
4682
-264
-5314
-10288
-15001
-19278
-22956
-25889
-27960
-29076
-29182
-28258
-26320
-23424
-19659
-15149
-10047
-4526
1217
6983
12564
17759
22379
26252
29234
31213
32111
31887
30543
28121
24701
20402
15370
9785
3842
-2246
-8268
-14007
-19258
-23837
-27580
-30356
-32066
-32654
-32099
-30426
-27697
-24014
-19511
-14352
-8722
-2825
3128
8927
14368
19260
23438
26757
29108
30421
30659
29827
27967
25158
21513
17174
12302
7081
1701
-3646
-8768
-13491
-17651
-21114
-23769
-25540
-26381
-26285
-25276
-23411
-20779
-17492
-13685
-9510
-5124
-693
3625
7676
11326
14454
16965
18791
19890
20250
19884
18836
17171
14976
12356
9424
6305
3123
0
-2952
-5630
-7947
-9837
-11252
-12167
-12576
-12499
-11971
-11044
-9785
-8270
-6583
-4809
-3030
-1326
235
1594
2709
3551
4107
4378
4385
4159
3739
3180
2538
1868
1231
679
256
0
-68
62
390
896
1551
2314
3132
3950
4705
5335
5783
5998
5933
5562
4867
3850
2527
933
-884
-2858
-4914
-6965
-8922
-10691
-12181
-13311
-14007
-14213
-13886
-13009
-11581
-9630
-7203
-4369
-1220
2139
5587
8995
12233
15166
17672
19638
20968
21587
21445
20520
18820
16383
13272
9584
5435
967
-3665
-8297
-12759
-16881
-20506
-23488
-25704
-27054
-27472
-26923
-25405
-22956
-19645
-15579
-10888
-5733
-291
5246
10680
15816
20463
24450
27623
29861
31073
31203
30237
28198
25151
21196
16465
11122
5355
-634
-6634
-12431
-17817
-22599
-26606
-29691
-31745
-32691
-32494
-31162
-28739
-25314
-21008
-15975
-10395
-4467
1597
7583
13279
18484
23017
26719
29467
31168
31769
31259
29663
27050
23520
19207
14274
8901
3284
-2375
-7876
-13023
-17644
-21579
-24699
-26908
-28142
-28376
-27616
-25910
-23337
-20005
-16049
-11622
-6893
-2039
2766
7352
11561
15251
18304
20632
22168
22883
22776
21877
20245
17962
15135
11884
8344
4655
956
-2615
-5936
-8895
-11398
-13375
-14777
-15580
-15786
-15418
-14522
-13159
-11413
-9372
-7133
-4798
-2464
-226
1833
3646
5153
6318
7120
7556
7641
7404
6890
6151
5251
4254
3227
2234
1329
564
-26
-418
-600
-578
-367
0
484
1037
1603
2128
2555
2832
2918
2777
2391
1749
861
-250
-1548
-2981
-4487
-5996
-7430
-8713
-9768
-10524
-10918
-10903
-10449
-9535
-8168
-6374
-4198
-1704
1027
3899
6804
9629
12255
14572
16469
17853
18645
18788
18245
17006
15093
12546
9437
5865
1942
-2194
-6399
-10518
-14393
-17876
-20823
-23111
-24637
-25322
-25120
-24015
-22024
-19198
-15621
-11406
-6691
-1638
3576
8767
13747
18331
22347
25639
28078
29563
30025
29435
27796
25157
21598
17237
12220
6720
928
-4950
-10706
-16135
-21037
-25236
-28577
-30935
-32222
-32384
-31413
-29338
-26229
-22193
-17372
-11935
-6075
0
6075
11935
17372
22193
26229
29338
31413
32384
32222
30935
28577
25236
21037
16135
10706
4950
-928
-6720
-12220
-17237
-21598
-25157
-27796
-29435
-30025
-29563
-28078
-25639
-22347
-18331
-13747
-8767
-3576
1638
6691
11406
15621
19198
22024
24015
25120
25322
24637
23111
20823
17876
14393
10518
6399
2194
-1942
-5865
-9437
-12546
-15093
-17006
-18245
-18788
-18645
-17853
-16469
-14572
-12255
-9629
-6804
-3899
-1027
1704
4198
6374
8168
9535
10449
10903
10918
10524
9768
8713
7430
5996
4487
2981
1548
250
-861
-1749
-2391
-2777
-2918
-2832
-2555
-2128
-1603
-1037
-484
0
367
578
600
418
26
-564
-1329
-2234
-3227
-4254
-5251
-6151
-6890
-7404
-7641
-7556
-7120
-6318
-5153
-3646
-1833
226
2464
4798
7133
9372
11413
13159
14522
15418
15786
15580
14777
13375
11398
8895
5936
2615
-956
-4655
-8344
-11884
-15135
-17962
-20245
-21877
-22776
-22883
-22168
-20632
-18304
-15251
-11561
-7352
-2766
2039
6893
11622
16049
20005
23337
25910
27616
28376
28142
26908
24699
21579
17644
13023
7876
2375
-3284
-8901
-14274
-19207
-23520
-27050
-29663
-31259
-31769
-31168
-29467
-26719
-23017
-18484
-13279
-7583
-1597
4467
10395
15975
21008
25314
28739
31162
32494
32691
31745
29691
26606
22599
17817
12431
6634
634
-5355
-11122
-16465
-21196
-25151
-28198
-30237
-31203
-31073
-29861
-27623
-24450
-20463
-15816
-10680
-5246
291
5733
10888
15579
19645
22956
25405
26923
27472
27054
25704
23488
20506
16881
12759
8297
3665
-967
-5435
-9584
-13272
-16383
-18820
-20520
-21445
-21587
-20968
-19638
-17672
-15166
-12233
-8995
-5587
-2139
1220
4369
7203
9630
11581
13009
13886
14213
14007
13311
12181
10691
8922
6965
4914
2858
884
-933
-2527
-3850
-4867
-5562
-5933
-5998
-5783
-5335
-4705
-3950
-3132
-2314
-1551
-896
-390
-62
68
0
-256
-679
-1231
-1868
-2538
-3180
-3739
-4159
-4385
-4378
-4107
-3551
-2709
-1594
-235
1326
3030
4809
6583
8270
9785
11044
11971
12499
12576
12167
11252
9837
7947
5630
2952
0
-3123
-6305
-9424
-12356
-14976
-17171
-18836
-19884
-20250
-19890
-18791
-16965
-14454
-11326
-7676
-3625
693
5124
9510
13685
17492
20779
23411
25276
26285
26381
25540
23769
21114
17651
13491
8768
3646
-1701
-7081
-12302
-17174
-21513
-25158
-27967
-29827
-30659
-30421
-29108
-26757
-23438
-19260
-14368
-8927
-3128
2825
8722
14352
19511
24014
27697
30426
32099
32654
32066
30356
27580
23837
19258
14007
8268
2246
-3842
-9785
-15370
-20402
-24701
-28121
-30543
-31887
-32111
-31213
-29234
-26252
-22379
-17759
-12564
-6983
-1217
4526
10047
15149
19659
23424
26320
28258
29182
29076
27960
25889
22956
19278
15001
10288
5314
264
-4682
-9351
-13582
-17235
-20194
-22371
-23709
-24182
-23799
-22596
-20643
-18032
-14877
-11312
-7476
-3520
408
4170
7633
10684
13228
15193
16530
17223
17272
16707
15580
13962
11938
9610
7080
4459
1852
-639
-2927
-4934
-6599
-7882
-8757
-9222
-9290
-8992
-8375
-7495
-6418
-5214
-3957
-2714
-1548
-517
336
981
1402
1595
1573
1362
999
527
0
-527
-999
-1362
-1573
-1595
-1402
-981
-336
517
1548
2714
3957
5214
6418
7495
8375
8992
9290
9222
8757
7882
6599
4934
2927
639
-1852
-4459
-7080
-9610
-11938
-13962
-15580
-16707
-17272
-17223
-16530
-15193
-13228
-10684
-7633
-4170
-408
3520
7476
11312
14877
18032
20643
22596
23799
24182
23709
22371
20194
17235
13582
9351
4682
-264
-5314
-10288
-15001
-19278
-22956
-25889
-27960
-29076
-29182
-28258
-26320
-23424
-19659
-15149
-10047
-4526
1217
6983
12564
17759
22379
26252
29234
31213
32111
31887
30543
28121
24701
20402
15370
9785
3842
-2246
-8268
-14007
-19258
-23837
-27580
-30356
-32066
-32654
-32099
-30426
-27697
-24014
-19511
-14352
-8722
-2825
3128
8927
14368
19260
23438
26757
29108
30421
30659
29827
27967
25158
21513
17174
12302
7081
1701
-3646
-8768
-13491
-17651
-21114
-23769
-25540
-26381
-26285
-25276
-23411
-20779
-17492
-13685
-9510
-5124
-693
3625
7676
11326
14454
16965
18791
19890
20250
19884
18836
17171
14976
12356
9424
6305
3123
0
-2952
-5630
-7947
-9837
-11252
-12167
-12576
-12499
-11971
-11044
-9785
-8270
-6583
-4809
-3030
-1326
235
1594
2709
3551
4107
4378
4385
4159
3739
3180
2538
1868
1231
679
256
0
-68
62
390
896
1551
2314
3132
3950
4705
5335
5783
5998
5933
5562
4867
3850
2527
933
-884
-2858
-4914
-6965
-8922
-10691
-12181
-13311
-14007
-14213
-13886
-13009
-11581
-9630
-7203
-4369
-1220
2139
5587
8995
12233
15166
17672
19638
20968
21587
21445
20520
18820
16383
13272
9584
5435
967
-3665
-8297
-12759
-16881
-20506
-23488
-25704
-27054
-27472
-26923
-25405
-22956
-19645
-15579
-10888
-5733
-291
5246
10680
15816
20463
24450
27623
29861
31073
31203
30237
28198
25151
21196
16465
11122
5355
-634
-6634
-12431
-17817
-22599
-26606
-29691
-31745
-32691
-32494
-31162
-28739
-25314
-21008
-15975
-10395
-4467
1597
7583
13279
18484
23017
26719
29467
31168
31769
31259
29663
27050
23520
19207
14274
8901
3284
-2375
-7876
-13023
-17644
-21579
-24699
-26908
-28142
-28376
-27616
-25910
-23337
-20005
-16049
-11622
-6893
-2039
2766
7352
11561
15251
18304
20632
22168
22883
22776
21877
20245
17962
15135
11884
8344
4655
956
-2615
-5936
-8895
-11398
-13375
-14777
-15580
-15786
-15418
-14522
-13159
-11413
-9372
-7133
-4798
-2464
-226
1833
3646
5153
6318
7120
7556
7641
7404
6890
6151
5251
4254
3227
2234
1329
564
-26
-418
-600
-578
-367
0
484
1037
1603
2128
2555
2832
2918
2777
2391
1749
861
-250
-1548
-2981
-4487
-5996
-7430
-8713
-9768
-10524
-10918
-10903
-10449
-9535
-8168
-6374
-4198
-1704
1027
3899
6804
9629
12255
14572
16469
17853
18645
18788
18245
17006
15093
12546
9437
5865
1942
-2194
-6399
-10518
-14393
-17876
-20823
-23111
-24637
-25322
-25120
-24015
-22024
-19198
-15621
-11406
-6691
-1638
3576
8767
13747
18331
22347
25639
28078
29563
30025
29435
27796
25157
21598
17237
12220
6720
928
-4950
-10706
-16135
-21037
-25236
-28577
-30935
-32222
-32384
-31413
-29338
-26229
-22193
-17372
-11935
-6075
0
6075
11935
17372
22193
26229
29338
31413
32384
32222
30935
28577
25236
21037
16135
10706
4950
-928
-6720
-12220
-17237
-21598
-25157
-27796
-29435
-30025
-29563
-28078
-25639
-22347
-18331
-13747
-8767
-3576
1638
6691
11406
15621
19198
22024
24015
25120
25322
24637
23111
20823
17876
14393
10518
6399
2194
-1942
-5865
-9437
-12546
-15093
-17006
-18245
-18788
-18645
-17853
-16469
-14572
-12255
-9629
-6804
-3899
-1027
1704
4198
6374
8168
9535
10449
10903
10918
10524
9768
8713
7430
5996
4487
2981
1548
250
-861
-1749
-2391
-2777
-2918
-2832
-2555
-2128
-1603
-1037
-484
0
367
578
600
418
26
-564
-1329
-2234
-3227
-4254
-5251
-6151
-6890
-7404
-7641
-7556
-7120
-6318
-5153
-3646
-1833
226
2464
4798
7133
9372
11413
13159
14522
15418
15786
15580
14777
13375
11398
8895
5936
2615
-956
-4655
-8344
-11884
-15135
-17962
-20245
-21877
-22776
-22883
-22168
-20632
-18304
-15251
-11561
-7352
-2766
2039
6893
11622
16049
20005
23337
25910
27616
28376
28142
26908
24699
21579
17644
13023
7876
2375
-3284
-8901
-14274
-19207
-23520
-27050
-29663
-31259
-31769
-31168
-29467
-26719
-23017
-18484
-13279
-7583
-1597
4467
10395
15975
21008
25314
28739
31162
32494
32691
31745
29691
26606
22599
17817
12431
6634
634
-5355
-11122
-16465
-21196
-25151
-28198
-30237
-31203
-31073
-29861
-27623
-24450
-20463
-15816
-10680
-5246
291
5733
10888
15579
19645
22956
25405
26923
27472
27054
25704
23488
20506
16881
12759
8297
3665
-967
-5435
-9584
-13272
-16383
-18820
-20520
-21445
-21587
-20968
-19638
-17672
-15166
-12233
-8995
-5587
-2139
1220
4369
7203
9630
11581
13009
13886
14213
14007
13311
12181
10691
8922
6965
4914
2858
884
-933
-2527
-3850
-4867
-5562
-5933
-5998
-5783
-5335
-4705
-3950
-3132
-2314
-1551
-896
-390
-62
68
0
-256
-679
-1231
-1868
-2538
-3180
-3739
-4159
-4385
-4378
-4107
-3551
-2709
-1594
-235
1326
3030
4809
6583
8270
9785
11044
11971
12499
12576
12167
11252
9837
7947
5630
2952
0
-3123
-6305
-9424
-12356
-14976
-17171
-18836
-19884
-20250
-19890
-18791
-16965
-14454
-11326
-7676
-3625
693
5124
9510
13685
17492
20779
23411
25276
26285
26381
25540
23769
21114
17651
13491
8768
3646
-1701
-7081
-12302
-17174
-21513
-25158
-27967
-29827
-30659
-30421
-29108
-26757
-23438
-19260
-14368
-8927
-3128
2825
8722
14352
19511
24014
27697
30426
32099
32654
32066
30356
27580
23837
19258
14007
8268
2246
-3842
-9785
-15370
-20402
-24701
-28121
-30543
-31887
-32111
-31213
-29234
-26252
-22379
-17759
-12564
-6983
-1217
4526
10047
15149
19659
23424
26320
28258
29182
29076
27960
25889
22956
19278
15001
10288
5314
264
-4682
-9351
-13582
-17235
-20194
-22371
-23709
-24182
-23799
-22596
-20643
-18032
-14877
-11312
-7476
-3520
408
4170
7633
10684
13228
15193
16530
17223
17272
16707
15580
13962
11938
9610
7080
4459
1852
-639
-2927
-4934
-6599
-7882
-8757
-9222
-9290
-8992
-8375
-7495
-6418
-5214
-3957
-2714
-1548
-517
336
981
1402
1595
1573
1362
999
527
0
-527
-999
-1362
-1573
-1595
-1402
-981
-336
517
1548
2714
3957
5214
6418
7495
8375
8992
9290
9222
8757
7882
6599
4934
2927
639
-1852
-4459
-7080
-9610
-11938
-13962
-15580
-16707
-17272
-17223
-16530
-15193
-13228
-10684
-7633
-4170
-408
3520
7476
11312
14877
18032
20643
22596
23799
24182
23709
22371
20194
17235
13582
9351
4682
-264
-5314
-10288
-15001
-19278
-22956
-25889
-27960
-29076
-29182
-28258
-26320
-23424
-19659
-15149
-10047
-4526
1217
6983
12564
17759
22379
26252
29234
31213
32111
31887
30543
28121
24701
20402
15370
9785
3842
-2246
-8268
-14007
-19258
-23837
-27580
-30356
-32066
-32654
-32099
-30426
-27697
-24014
-19511
-14352
-8722
-2825
3128
8927
14368
19260
23438
26757
29108
30421
30659
29827
27967
25158
21513
17174
12302
7081
1701
-3646
-8768
-13491
-17651
-21114
-23769
-25540
-26381
-26285
-25276
-23411
-20779
-17492
-13685
-9510
-5124
-693
3625
7676
11326
14454
16965
18791
19890
20250
19884
18836
17171
14976
12356
9424
6305
3123
0
-2952
-5630
-7947
-9837
-11252
-12167
-12576
-12499
-11971
-11044
-9785
-8270
-6583
-4809
-3030
-1326
235
1594
2709
3551
4107
4378
4385
4159
3739
3180
2538
1868
1231
679
256
0
-68
62
390
896
1551
2314
3132
3950
4705
5335
5783
5998
5933
5562
4867
3850
2527
933
-884
-2858
-4914
-6965
-8922
-10691
-12181
-13311
-14007
-14213
-13886
-13009
-11581
-9630
-7203
-4369
-1220
2139
5587
8995
12233
15166
17672
19638
20968
21587
21445
20520
18820
16383
13272
9584
5435
967
-3665
-8297
-12759
-16881
-20506
-23488
-25704
-27054
-27472
-26923
-25405
-22956
-19645
-15579
-10888
-5733
-291
5246
10680
15816
20463
24450
27623
29861
31073
31203
30237
28198
25151
21196
16465
11122
5355
-634
-6634
-12431
-17817
-22599
-26606
-29691
-31745
-32691
-32494
-31162
-28739
-25314
-21008
-15975
-10395
-4467
1597
7583
13279
18484
23017
26719
29467
31168
31769
31259
29663
27050
23520
19207
14274
8901
3284
-2375
-7876
-13023
-17644
-21579
-24699
-26908
-28142
-28376
-27616
-25910
-23337
-20005
-16049
-11622
-6893
-2039
2766
7352
11561
15251
18304
20632
22168
22883
22776
21877
20245
17962
15135
11884
8344
4655
956
-2615
-5936
-8895
-11398
-13375
-14777
-15580
-15786
-15418
-14522
-13159
-11413
-9372
-7133
-4798
-2464
-226
1833
3646
5153
6318
7120
7556
7641
7404
6890
6151
5251
4254
3227
2234
1329
564
-26
-418
-600
-578
-367
0
484
1037
1603
2128
2555
2832
2918
2777
2391
1749
861
-250
-1548
-2981
-4487
-5996
-7430
-8713
-9768
-10524
-10918
-10903
-10449
-9535
-8168
-6374
-4198
-1704
1027
3899
6804
9629
12255
14572
16469
17853
18645
18788
18245
17006
15093
12546
9437
5865
1942
-2194
-6399
-10518
-14393
-17876
-20823
-23111
-24637
-25322
-25120
-24015
-22024
-19198
-15621
-11406
-6691
-1638
3576
8767
13747
18331
22347
25639
28078
29563
30025
29435
27796
25157
21598
17237
12220
6720
928
-4950
-10706
-16135
-21037
-25236
-28577
-30935
-32222
-32384
-31413
-29338
-26229
-22193
-17372
-11935
-6075
0
6075
11935
17372
22193
26229
29338
31413
32384
32222
30935
28577
25236
21037
16135
10706
4950
-928
-6720
-12220
-17237
-21598
-25157
-27796
-29435
-30025
-29563
-28078
-25639
-22347
-18331
-13747
-8767
-3576
1638
6691
11406
15621
19198
22024
24015
25120
25322
24637
23111
20823
17876
14393
10518
6399
2194
-1942
-5865
-9437
-12546
-15093
-17006
-18245
-18788
-18645
-17853
-16469
-14572
-12255
-9629
-6804
-3899
-1027
1704
4198
6374
8168
9535
10449
10903
10918
10524
9768
8713
7430
5996
4487
2981
1548
250
-861
-1749
-2391
-2777
-2918
-2832
-2555
-2128
-1603
-1037
-484
0
367
578
600
418
26
-564
-1329
-2234
-3227
-4254
-5251
-6151
-6890
-7404
-7641
-7556
-7120
-6318
-5153
-3646
-1833
226
2464
4798
7133
9372
11413
13159
14522
15418
15786
15580
14777
13375
11398
8895
5936
2615
-956
-4655
-8344
-11884
-15135
-17962
-20245
-21877
-22776
-22883
-22168
-20632
-18304
-15251
-11561
-7352
-2766
2039
6893
11622
16049
20005
23337
25910
27616
28376
28142
26908
24699
21579
17644
13023
7876
2375
-3284
-8901
-14274
-19207
-23520
-27050
-29663
-31259
-31769
-31168
-29467
-26719
-23017
-18484
-13279
-7583
-1597
4467
10395
15975
21008
25314
28739
31162
32494
32691
31745
29691
26606
22599
17817
12431
6634
634
-5355
-11122
-16465
-21196
-25151
-28198
-30237
-31203
-31073
-29861
-27623
-24450
-20463
-15816
-10680
-5246
291
5733
10888
15579
19645
22956
25405
26923
27472
27054
25704
23488
20506
16881
12759
8297
3665
-967
-5435
-9584
-13272
-16383
-18820
-20520
-21445
-21587
-20968
-19638
-17672
-15166
-12233
-8995
-5587
-2139
1220
4369
7203
9630
11581
13009
13886
14213
14007
13311
12181
10691
8922
6965
4914
2858
884
-933
-2527
-3850
-4867
-5562
-5933
-5998
-5783
-5335
-4705
-3950
-3132
-2314
-1551
-896
-390
-62
68
0
-256
-679
-1231
-1868
-2538
-3180
-3739
-4159
-4385
-4378
-4107
-3551
-2709
-1594
-235
1326
3030
4809
6583
8270
9785
11044
11971
12499
12576
12167
11252
9837
7947
5630
2952
0
-3123
-6305
-9424
-12356
-14976
-17171
-18836
-19884
-20250
-19890
-18791
-16965
-14454
-11326
-7676
-3625
693
5124
9510
13685
17492
20779
23411
25276
26285
26381
25540
23769
21114
17651
13491
8768
3646
-1701
-7081
-12302
-17174
-21513
-25158
-27967
-29827
-30659
-30421
-29108
-26757
-23438
-19260
-14368
-8927
-3128
2825
8722
14352
19511
24014
27697
30426
32099
32654
32066
30356
27580
23837
19258
14007
8268
2246
-3842
-9785
-15370
-20402
-24701
-28121
-30543
-31887
-32111
-31213
-29234
-26252
-22379
-17759
-12564
-6983
-1217
4526
10047
15149
19659
23424
26320
28258
29182
29076
27960
25889
22956
19278
15001
10288
5314
264
-4682
-9351
-13582
-17235
-20194
-22371
-23709
-24182
-23799
-22596
-20643
-18032
-14877
-11312
-7476
-3520
408
4170
7633
10684
13228
15193
16530
17223
17272
16707
15580
13962
11938
9610
7080
4459
1852
-639
-2927
-4934
-6599
-7882
-8757
-9222
-9290
-8992
-8375
-7495
-6418
-5214
-3957
-2714
-1548
-517
336
981
1402
1595
1573
1362
999
527
0
-527
-999
-1362
-1573
-1595
-1402
-981
-336
517
1548
2714
3957
5214
6418
7495
8375
8992
9290
9222
8757
7882
6599
4934
2927
639
-1852
-4459
-7080
-9610
-11938
-13962
-15580
-16707
-17272
-17223
-16530
-15193
-13228
-10684
-7633
-4170
-408
3520
7476
11312
14877
18032
20643
22596
23799
24182
23709
22371
20194
17235
13582
9351
4682
-264
-5314
-10288
-15001
-19278
-22956
-25889
-27960
-29076
-29182
-28258
-26320
-23424
-19659
-15149
-10047
-4526
1217
6983
12564
17759
22379
26252
29234
31213
32111
31887
30543
28121
24701
20402
15370
9785
3842
-2246
-8268
-14007
-19258
-23837
-27580
-30356
-32066
-32654
-32099
-30426
-27697
-24014
-19511
-14352
-8722
-2825
3128
8927
14368
19260
23438
26757
29108
30421
30659
29827
27967
25158
21513
17174
12302
7081
1701
-3646
-8768
-13491
-17651
-21114
-23769
-25540
-26381
-26285
-25276
-23411
-20779
-17492
-13685
-9510
-5124
-693
3625
7676
11326
14454
16965
18791
19890
20250
19884
18836
17171
14976
12356
9424
6305
3123
0
-2952
-5630
-7947
-9837
-11252
-12167
-12576
-12499
-11971
-11044
-9785
-8270
-6583
-4809
-3030
-1326
235
1594
2709
3551
4107
4378
4385
4159
3739
3180
2538
1868
1231
679
256
0
-68
62
390
896
1551
2314
3132
3950
4705
5335
5783
5998
5933
5562
4867
3850
2527
933
-884
-2858
-4914
-6965
-8922
-10691
-12181
-13311
-14007
-14213
-13886
-13009
-11581
-9630
-7203
-4369
-1220
2139
5587
8995
12233
15166
17672
19638
20968
21587
21445
20520
18820
16383
13272
9584
5435
967
-3665
-8297
-12759
-16881
-20506
-23488
-25704
-27054
-27472
-26923
-25405
-22956
-19645
-15579
-10888
-5733
-291
5246
10680
15816
20463
24450
27623
29861
31073
31203
30237
28198
25151
21196
16465
11122
5355
-634
-6634
-12431
-17817
-22599
-26606
-29691
-31745
-32691
-32494
-31162
-28739
-25314
-21008
-15975
-10395
-4467
1597
7583
13279
18484
23017
26719
29467
31168
31769
31259
29663
27050
23520
19207
14274
8901
3284
-2375
-7876
-13023
-17644
-21579
-24699
-26908
-28142
-28376
-27616
-25910
-23337
-20005
-16049
-11622
-6893
-2039
2766
7352
11561
15251
18304
20632
22168
22883
22776
21877
20245
17962
15135
11884
8344
4655
956
-2615
-5936
-8895
-11398
-13375
-14777
-15580
-15786
-15418
-14522
-13159
-11413
-9372
-7133
-4798
-2464
-226
1833
3646
5153
6318
7120
7556
7641
7404
6890
6151
5251
4254
3227
2234
1329
564
-26
-418
-600
-578
-367
0
484
1037
1603
2128
2555
2832
2918
2777
2391
1749
861
-250
-1548
-2981
-4487
-5996
-7430
-8713
-9768
-10524
-10918
-10903
-10449
-9535
-8168
-6374
-4198
-1704
1027
3899
6804
9629
12255
14572
16469
17853
18645
18788
18245
17006
15093
12546
9437
5865
1942
-2194
-6399
-10518
-14393
-17876
-20823
-23111
-24637
-25322
-25120
-24015
-22024
-19198
-15621
-11406
-6691
-1638
3576
8767
13747
18331
22347
25639
28078
29563
30025
29435
27796
25157
21598
17237
12220
6720
928
-4950
-10706
-16135
-21037
-25236
-28577
-30935
-32222
-32384
-31413
-29338
-26229
-22193
-17372
-11935
-6075
