17269
10860
2323
-6503
-13675
-17624
-17552
-13646
-7044
438
6748
10116
9502
4874
-2766
-11612
-19489
-24393
-24992
-20975
-13146
-3247
6453
13713
16874
15271
9419
894
-8039
-14981
-17991
-16075
-9452
484
11483
20977
26708
27284
22529
13547
2464
-8071
-15531
-18124
-15240
-7608
2863
13539
21694
25174
22923
15258
3804
-8879
-19903
-26744
-27847
-23008
-13430
-1444
10040
18230
21115
17953
9452
-2389
-14751
-24660
-29696
-28562
-21402
-9768
3740
16081
24488
27110
23450
14470
2370
-9933
-19489
-23995
-22337
-14836
-3174
10002
21698
29260
30980
26482
16796
4110
-8737
-18907
-24204
-23562
-17269
-6882
5141
16010
23227
25144
21317
12579
836
-11371
-21439
-27272
-27724
-22829
-13764
-2566
8328
16611
20598
19566
13876
4870
-5444
-14830
-21300
-23513
-21037
-14409
-4991
5321
14505
20812
23111
21086
15278
6950
-2178
-10279
-15767
-17601
-15467
-9822
-1797
7032
14943
20394
22308
20275
14624
6366
-2997
-11743
-18255
-21326
-20385
-15618
-7946
1143
9863
16470
19603
18552
13416
5102
-4831
-14468
-21899
-25605
-24765
-19436
-10561
202
10793
19159
23661
23411
18457
9790
-852
-11321
-19489
-23676
-22989
-17506
-8259
2970
14002
22701
27390
27185
22159
13316
2383
-8538
-17386
-22537
-23111
-19117
-11435
-1619
8414
16757
21866
22839
19557
12675
3479
-6373
-15156
-21389
-24077
-22861
-18059
-10579
-1745
6935
14023
18380
19340
16806
11247
3621
-4785
-12557
-18379
-21238
-20593
-16466
-9452
-634
8577
16669
22278
24419
22671
17266
9070
-547
-9934
-17446
-21735
-21998
-18136
-10784
-1216
8878
17691
23626
25585
23172
16768
7458
-3158
-13264
-21146
-25502
-25659
-21680
-14337
-4956
4831
13373
19282
21658
20214
15302
7819
-962
-9610
-16770
-21364
-22742
-20752
-15744
-8489
-60
8328
15489
20425
22454
21302
17139
10562
2517
-5819
-13200
-18490
-20833
-19793
-15444
-8376
370
9452
17427
22985
25167
23534
18256
10098
306
-9595
-18051
-23738
-25781
-23899
-18445
-10342
-916
8328
15950
20809
22233
20100
14836
7317
-1280
-9676
-16676
-21335
-23071
-21720
-17531
-11107
-3316
4831
12303
18167
21692
22436
20294
15522
8715
749
-7315
-14367
-19391
-21614
-20635
-16499
-9718
-1216
7793
15984
22118
25243
24846
20941
14071
5225
-4317
-13185
-20136
-24233
-24981
-22385
-16923
-9452
-1064
7079
13917
18615
20664
19908
16541
11055
4160
-3299
-10441
-16433
-20571
-22346
-21500
-18059
-12350
-4978
3219
11256
18121
22898
24907
23810
19683
13021
4692
-4186
-12397
-18810
-22546
-23111
-20461
-15010
-7549
873
9116
16108
20992
23227
22631
19380
13947
7025
-575
-8021
-14540
-19489
-22393
-22979
-21192
-17198
-11380
-4318
3252
10500
16581
20738
22403
21287
17441
11278
3530
-4831
-12726
-19119
-23164
-24330
-22475
-17858
-11093
-3053
5263
12871
18928
22826
24245
23158
19803
14624
8203
1193
-5740
-11965
-16925
-20162
-21356
-20348
-17173
-12078
-5526
1827
9185
15695
20553
23111
22980
20099
14756
7561
-632
-8844
-16108
-21593
-24718
-25209
-23119
-18786
-12774
-5772
1491
8328
14156
18525
21131
21815
20554
17456
12759
6829
157
-6661
-12962
-18074
-21393
-22467
-21073
-17269
-11407
-4108
3815
11459
17953
22575
24845
24580
21894
17166
10967
3970
-3141
-9741
-15316
-19489
-22014
-22770
-21741
-19008
-14749
-9242
-2876
3856
10372
16048
20279
22562
22571
20219
15695
9452
2160
-5382
-12349
-18005
-21791
-23390
-22743
-20034
-15633
-10027
-3752
2675
8791
14203
18591
21694
23307
23278
21529
18082
13090
6866
-124
-7279
-13920
-19371
-23050
-24552
-23716
-20646
-15704
-9452
-2566
4252
10371
15295
18702
20448
20539
19094
16300
12377
7562
2112
-3683
-9486
-14901
-19489
-22805
-24451
-24142
-21768
-17438
-11484
-4439
3027
10196
16398
21097
23949
24833
23833
21195
17269
12441
7082
1521
-3964
-9127
-13732
-17535
-20273
-21685
-21548
-19726
-16225
-11226
-5098
1631
8328
14339
19077
22108
23198
22340
19731
15719
10741
5241
-379
-5798
-10778
-15145
-18756
-21466
-23111
-23512
-22505
-19986
-15959
-10586
-4196
2727
9595
15790
20750
24052
25465
24976
22770
19180
14624
9523
4248
-917
-5776
-10197
-14077
-17297
-19700
-21088
-21249
-20007
-17276
-13115
-7755
-1596
4831
10938
16157
20031
22272
22793
21697
19237
15748
11578
7027
2319
-2403
-7049
-11537
-15747
-19489
-22499
-24467
-25085
-24121
-21478
-17245
-11701
-5294
1425
7882
13568
18106
21295
23105
23647
23111
21701
19579
16838
13498
9548
4992
-89
-5505
-10937
-15966
-20131
-23004
-24269
-23789
-21632
-18059
-13479
-8369
-3188
1692
6031
9732
12810
15333
17361
18889
19825
19992
19174
17181
13920
9452
4016
-1983
-8031
-13586
-18168
-21437
-23239
-23614
-22759
-20961
-18517
-15660
-12521
-9114
-5374
-1216
3394
8381
13521
18461
22755
25952
27680
27728
26088
22961
18716
13812
8707
3772
-764
-4831
-8490
-11867
-15078
-18157
-21005
-23396
-25007
-25498
-24600
-22191
-18354
-13373
-7699
-1865
3613
8328
12050
14744
16547
17693
18431
18934
19241
19243
18710
17367
14982
11457
6883
1553
-4073
-9452
-14062
-17506
-19582
-20313
-19919
-18745
-17163
-15467
-13805
-12147
-10313
-8037
-5073
-1287
3267
8328
13456
18116
21785
24065
24768
23951
21896
19028
15815
12647
9751
7146
4666
2023
-1077
-4831
-9250
-14115
-19011
-23395
-26721
-28561
-28704
-27204
-24367
-20675
-16664
-12802
-9378
-6445
-3833
-1216
1772
5409
9781
14721
19828
24540
28256
30482
30944
29657
26921
23245
19226
15398
12111
9452
7239
5094
2565
-728
-4965
-10045
-15584
-20986
-25578
-28767
-30179
-29755
-27760
-24720
-21282
-18059
-15470
-13644
-12393
-11282
-9753
-7294
-3603
1312
7104
13150
18690
23005
25590
26278
25276
23111
20490
18120
16519
15885
16045
16506
16589
15621
13129
8982
3453
-2828
-9013
-14239
-17836
-19489
-19316
-17833
-15814
-14091
-13329
-13846
-15527
-17844
-19995
-21112
-20496
-17815
-13207
-7266
-912
4831
9088
11343
11577
10263
8243
6510
5936
7044
9852
13860
18163
21681
23433
22803
19704
14624
8515
2563
-2101
-4690
-4961
-3277
-517
2150
3571
2915
-95
-5096
-11155
-16996
-21313
-23111
-21957
-18111
-12473
-6364
-1202
1858
2218
0
-3978
-8403
-11804
-12923
-11061
-6263
661
8328
15110
19547
20709
18446
13439
7038
933
-3268
-4451
-2288
2670
9109
15281
19436
20270
-17269
-10860
-2323
6503
13675
17624
17552
13646
7044
-438
-6748
-10116
-9502
-4874
2766
11612
19489
24393
24992
20975
13146
3247
-6453
-13713
-16874
-15271
-9419
-894
8039
14981
17991
16075
9452
-484
-11483
-20977
-26708
-27284
-22529
-13547
-2464
8071
15531
18124
15240
7608
-2863
-13539
-21694
-25174
-22923
-15258
-3804
8879
19903
26744
27847
23008
13430
1444
-10040
-18230
-21115
-17953
-9452
2389
14751
24660
29696
28562
21402
9768
-3740
-16081
-24488
-27110
-23450
-14470
-2370
9933
19489
23995
22337
14836
3174
-10002
-21698
-29260
-30980
-26482
-16796
-4110
8737
18907
24204
23562
17269
6882
-5141
-16010
-23227
-25144
-21317
-12579
-836
11371
21439
27272
27724
22829
13764
2566
-8328
-16611
-20598
-19566
-13876
-4870
5444
14830
21300
23513
21037
14409
4991
-5321
-14505
-20812
-23111
-21086
-15278
-6950
2178
10279
15767
17601
15467
9822
1797
-7032
-14943
-20394
-22308
-20275
-14624
-6366
2997
11743
18255
21326
20385
15618
7946
-1143
-9863
-16470
-19603
-18552
-13416
-5102
4831
14468
21899
25605
24765
19436
10561
-202
-10793
-19159
-23661
-23411
-18457
-9790
852
11321
19489
23676
22989
17506
8259
-2970
-14002
-22701
-27390
-27185
-22159
-13316
-2383
8538
17386
22537
23111
19117
11435
1619
-8414
-16757
-21866
-22839
-19557
-12675
-3479
6373
15156
21389
24077
22861
18059
10579
1745
-6935
-14023
-18380
-19340
-16806
-11247
-3621
4785
12557
18379
21238
20593
16466
9452
634
-8577
-16669
-22278
-24419
-22671
-17266
-9070
547
9934
17446
21735
21998
18136
10784
1216
-8878
-17691
-23626
-25585
-23172
-16768
-7458
3158
13264
21146
25502
25659
21680
14337
4956
-4831
-13373
-19282
-21658
-20214
-15302
-7819
962
9610
16770
21364
22742
20752
15744
8489
60
-8328
-15489
-20425
-22454
-21302
-17139
-10562
-2517
5819
13200
18490
20833
19793
15444
8376
-370
-9452
-17427
-22985
-25167
-23534
-18256
-10098
-306
9595
18051
23738
25781
23899
18445
10342
916
-8328
-15950
-20809
-22233
-20100
-14836
-7317
1280
9676
16676
21335
23071
21720
17531
11107
3316
-4831
-12303
-18167
-21692
-22436
-20294
-15522
-8715
-749
7315
14367
19391
21614
20635
16499
9718
1216
-7793
-15984
-22118
-25243
-24846
-20941
-14071
-5225
4317
13185
20136
24233
24981
22385
16923
9452
1064
-7079
-13917
-18615
-20664
-19908
-16541
-11055
-4160
3299
10441
16433
20571
22346
21500
18059
12350
4978
-3219
-11256
-18121
-22898
-24907
-23810
-19683
-13021
-4692
4186
12397
18810
22546
23111
20461
15010
7549
-873
-9116
-16108
-20992
-23227
-22631
-19380
-13947
-7025
575
8021
14540
19489
22393
22979
21192
17198
11380
4318
-3252
-10500
-16581
-20738
-22403
-21287
-17441
-11278
-3530
4831
12726
19119
23164
24330
22475
17858
11093
3053
-5263
-12871
-18928
-22826
-24245
-23158
-19803
-14624
-8203
-1193
5740
11965
16925
20162
21356
20348
17173
12078
5526
-1827
-9185
-15695
-20553
-23111
-22980
-20099
-14756
-7561
632
8844
16108
21593
24718
25209
23119
18786
12774
5772
-1491
-8328
-14156
-18525
-21131
-21815
-20554
-17456
-12759
-6829
-157
6661
12962
18074
21393
22467
21073
17269
11407
4108
-3815
-11459
-17953
-22575
-24845
-24580
-21894
-17166
-10967
-3970
3141
9741
15316
19489
22014
22770
21741
19008
14749
9242
2876
-3856
-10372
-16048
-20279
-22562
-22571
-20219
-15695
-9452
-2160
5382
12349
18005
21791
23390
22743
20034
15633
10027
3752
-2675
-8791
-14203
-18591
-21694
-23307
-23278
-21529
-18082
-13090
-6866
124
7279
13920
19371
23050
24552
23716
20646
15704
9452
2566
-4252
-10371
-15295
-18702
-20448
-20539
-19094
-16300
-12377
-7562
-2112
3683
9486
14901
19489
22805
24451
24142
21768
17438
11484
4439
-3027
-10196
-16398
-21097
-23949
-24833
-23833
-21195
-17269
-12441
-7082
-1521
3964
9127
13732
17535
20273
21685
21548
19726
16225
11226
5098
-1631
-8328
-14339
-19077
-22108
-23198
-22340
-19731
-15719
-10741
-5241
379
5798
10778
15145
18756
21466
23111
23512
22505
19986
15959
10586
4196
-2727
-9595
-15790
-20750
-24052
-25465
-24976
-22770
-19180
-14624
-9523
-4248
917
5776
10197
14077
17297
19700
21088
21249
20007
17276
13115
7755
1596
-4831
-10938
-16157
-20031
-22272
-22793
-21697
-19237
-15748
-11578
-7027
-2319
2403
7049
11537
15747
19489
22499
24467
25085
24121
21478
17245
11701
5294
-1425
-7882
-13568
-18106
-21295
-23105
-23647
-23111
-21701
-19579
-16838
-13498
-9548
-4992
89
5505
10937
15966
20131
23004
24269
23789
21632
18059
13479
8369
3188
-1692
-6031
-9732
-12810
-15333
-17361
-18889
-19825
-19992
-19174
-17181
-13920
-9452
-4016
1983
8031
13586
18168
21437
23239
23614
22759
20961
18517
15660
12521
9114
5374
1216
-3394
-8381
-13521
-18461
-22755
-25952
-27680
-27728
-26088
-22961
-18716
-13812
-8707
-3772
764
4831
8490
11867
15078
18157
21005
23396
25007
25498
24600
22191
18354
13373
7699
1865
-3613
-8328
-12050
-14744
-16547
-17693
-18431
-18934
-19241
-19243
-18710
-17367
-14982
-11457
-6883
-1553
4073
9452
14062
17506
19582
20313
19919
18745
17163
15467
13805
12147
10313
8037
5073
1287
-3267
-8328
-13456
-18116
-21785
-24065
-24768
-23951
-21896
-19028
-15815
-12647
-9751
-7146
-4666
-2023
1077
4831
9250
14115
19011
23395
26721
28561
28704
27204
24367
20675
16664
12802
9378
6445
3833
1216
-1772
-5409
-9781
-14721
-19828
-24540
-28256
-30482
-30944
-29657
-26921
-23245
-19226
-15398
-12111
-9452
-7239
-5094
-2565
728
4965
10045
15584
20986
25578
28767
30179
29755
27760
24720
21282
18059
15470
13644
12393
11282
9753
7294
3603
-1312
-7104
-13150
-18690
-23005
-25590
-26278
-25276
-23111
-20490
-18120
-16519
-15885
-16045
-16506
-16589
-15621
-13129
-8982
-3453
2828
9013
14239
17836
19489
19316
17833
15814
14091
13329
13846
15527
17844
19995
21112
20496
17815
13207
7266
912
-4831
-9088
-11343
-11577
-10263
-8243
-6510
-5936
-7044
-9852
-13860
-18163
-21681
-23433
-22803
-19704
-14624
-8515
-2563
2101
4690
4961
3277
517
-2150
-3571
-2915
95
5096
11155
16996
21313
23111
21957
18111
12473
6364
1202
-1858
-2218
0
3978
8403
11804
12923
11061
6263
-661
-8328
-15110
-19547
-20709
-18446
-13439
-7038
-933
3268
4451
2288
-2670
-9109
-15281
-19436
-20270
-17269
-10860
-2323
6503
13675
17624
17552
13646
7044
-438
-6748
-10116
-9502
-4874
2766
11612
19489
24393
24992
20975
13146
3247
-6453
-13713
-16874
-15271
-9419
-894
8039
14981
17991
16075
9452
-484
-11483
-20977
-26708
-27284
-22529
-13547
-2464
8071
15531
18124
15240
7608
-2863
-13539
-21694
-25174
-22923
-15258
-3804
8879
19903
26744
27847
23008
13430
1444
-10040
-18230
-21115
-17953
-9452
2389
14751
24660
29696
28562
21402
9768
-3740
-16081
-24488
-27110
-23450
-14470
-2370
9933
19489
23995
22337
14836
3174
-10002
-21698
-29260
-30980
-26482
-16796
-4110
8737
18907
24204
23562
17269
6882
-5141
-16010
-23227
-25144
-21317
-12579
-836
11371
21439
27272
27724
22829
13764
2566
-8328
-16611
-20598
-19566
-13876
-4870
5444
14830
21300
23513
21037
14409
4991
-5321
-14505
-20812
-23111
-21086
-15278
-6950
2178
10279
15767
17601
15467
9822
1797
-7032
-14943
-20394
-22308
-20275
-14624
-6366
2997
11743
18255
21326
20385
15618
7946
-1143
-9863
-16470
-19603
-18552
-13416
-5102
4831
14468
21899
25605
24765
19436
10561
-202
-10793
-19159
-23661
-23411
-18457
-9790
852
11321
19489
23676
22989
17506
8259
-2970
-14002
-22701
-27390
-27185
-22159
-13316
-2383
8538
17386
22537
23111
19117
11435
1619
-8414
-16757
-21866
-22839
-19557
-12675
-3479
6373
15156
21389
24077
22861
18059
10579
1745
-6935
-14023
-18380
-19340
-16806
-11247
-3621
4785
12557
18379
21238
20593
16466
9452
634
-8577
-16669
-22278
-24419
-22671
-17266
-9070
547
9934
17446
21735
21998
18136
10784
1216
-8878
-17691
-23626
-25585
-23172
-16768
-7458
3158
13264
21146
25502
25659
21680
14337
4956
-4831
-13373
-19282
-21658
-20214
-15302
-7819
962
9610
16770
21364
22742
20752
15744
8489
60
-8328
-15489
-20425
-22454
-21302
-17139
-10562
-2517
5819
13200
18490
20833
19793
15444
8376
-370
-9452
-17427
-22985
-25167
-23534
-18256
-10098
-306
9595
18051
23738
25781
23899
18445
10342
916
-8328
-15950
-20809
-22233
-20100
-14836
-7317
1280
9676
16676
21335
23071
21720
17531
11107
3316
-4831
-12303
-18167
-21692
-22436
-20294
-15522
-8715
-749
7315
14367
19391
21614
20635
16499
9718
1216
-7793
-15984
-22118
-25243
-24846
-20941
-14071
-5225
4317
13185
20136
24233
24981
22385
16923
9452
1064
-7079
-13917
-18615
-20664
-19908
-16541
-11055
-4160
3299
10441
16433
20571
22346
21500
18059
12350
4978
-3219
-11256
-18121
-22898
-24907
-23810
-19683
-13021
-4692
4186
12397
18810
22546
23111
20461
15010
7549
-873
-9116
-16108
-20992
-23227
-22631
-19380
-13947
-7025
575
8021
14540
19489
22393
22979
21192
17198
11380
4318
-3252
-10500
-16581
-20738
-22403
-21287
-17441
-11278
-3530
4831
12726
19119
23164
24330
22475
17858
11093
3053
-5263
-12871
-18928
-22826
-24245
-23158
-19803
-14624
-8203
-1193
5740
11965
16925
20162
21356
20348
17173
12078
5526
-1827
-9185
-15695
-20553
-23111
-22980
-20099
-14756
-7561
632
8844
16108
21593
24718
25209
23119
18786
12774
5772
-1491
-8328
-14156
-18525
-21131
-21815
-20554
-17456
-12759
-6829
-157
6661
12962
18074
21393
22467
21073
17269
11407
4108
-3815
-11459
-17953
-22575
-24845
-24580
-21894
-17166
-10967
-3970
3141
9741
15316
19489
22014
22770
21741
19008
14749
9242
2876
-3856
-10372
-16048
-20279
-22562
-22571
-20219
-15695
-9452
-2160
5382
12349
18005
21791
23390
22743
20034
15633
10027
3752
-2675
-8791
-14203
-18591
-21694
-23307
-23278
-21529
-18082
-13090
-6866
124
7279
13920
19371
23050
24552
23716
20646
15704
9452
2566
-4252
-10371
-15295
-18702
-20448
-20539
-19094
-16300
-12377
-7562
-2112
3683
9486
14901
19489
22805
24451
24142
21768
17438
11484
4439
-3027
-10196
-16398
-21097
-23949
-24833
-23833
-21195
-17269
-12441
-7082
-1521
3964
9127
13732
17535
20273
21685
21548
19726
16225
11226
5098
-1631
-8328
-14339
-19077
-22108
-23198
-22340
-19731
-15719
-10741
-5241
379
5798
10778
15145
18756
21466
23111
23512
22505
19986
15959
10586
4196
-2727
-9595
-15790
-20750
-24052
-25465
-24976
-22770
-19180
-14624
-9523
-4248
917
5776
10197
14077
17297
19700
21088
21249
20007
17276
13115
7755
1596
-4831
-10938
-16157
-20031
-22272
-22793
-21697
-19237
-15748
-11578
-7027
-2319
2403
7049
11537
15747
19489
22499
24467
25085
24121
21478
17245
11701
5294
-1425
-7882
-13568
-18106
-21295
-23105
-23647
-23111
-21701
-19579
-16838
-13498
-9548
-4992
89
5505
10937
15966
20131
23004
24269
23789
21632
18059
13479
8369
3188
-1692
-6031
-9732
-12810
-15333
-17361
-18889
-19825
-19992
-19174
-17181
-13920
-9452
-4016
1983
8031
13586
18168
21437
23239
23614
22759
20961
18517
15660
12521
9114
5374
1216
-3394
-8381
-13521
-18461
-22755
-25952
-27680
-27728
-26088
-22961
-18716
-13812
-8707
-3772
764
4831
8490
11867
15078
18157
21005
23396
25007
25498
24600
22191
18354
13373
7699
1865
-3613
-8328
-12050
-14744
-16547
-17693
-18431
-18934
-19241
-19243
-18710
-17367
-14982
-11457
-6883
-1553
4073
9452
14062
17506
19582
20313
19919
18745
17163
15467
13805
12147
10313
8037
5073
1287
-3267
-8328
-13456
-18116
-21785
-24065
-24768
-23951
-21896
-19028
-15815
-12647
-9751
-7146
-4666
-2023
1077
4831
9250
14115
19011
23395
26721
28561
28704
27204
24367
20675
16664
12802
9378
6445
3833
1216
-1772
-5409
-9781
-14721
-19828
-24540
-28256
-30482
-30944
-29657
-26921
-23245
-19226
-15398
-12111
-9452
-7239
-5094
-2565
728
4965
10045
15584
20986
25578
28767
30179
29755
27760
24720
21282
18059
15470
13644
12393
11282
9753
7294
3603
-1312
-7104
-13150
-18690
-23005
-25590
-26278
-25276
-23111
-20490
-18120
-16519
-15885
-16045
-16506
-16589
-15621
-13129
-8982
-3453
2828
9013
14239
17836
19489
19316
17833
15814
14091
13329
13846
15527
17844
19995
21112
20496
17815
13207
7266
912
-4831
-9088
-11343
-11577
-10263
-8243
-6510
-5936
-7044
-9852
-13860
-18163
-21681
-23433
-22803
-19704
-14624
-8515
-2563
2101
4690
4961
3277
517
-2150
-3571
-2915
95
5096
11155
16996
21313
23111
21957
18111
12473
6364
1202
-1858
-2218
0
3978
8403
11804
12923
11061
6263
-661
-8328
-15110
-19547
-20709
-18446
-13439
-7038
-933
3268
4451
2288
-2670
-9109
-15281
-19436
-20270
-17269
-10860
-2323
6503
13675
17624
17552
13646
7044
-438
-6748
-10116
-9502
-4874
2766
11612
19489
24393
24992
20975
13146
3247
-6453
-13713
-16874
-15271
-9419
-894
8039
14981
17991
16075
9452
-484
-11483
-20977
-26708
-27284
-22529
-13547
-2464
8071
15531
18124
15240
7608
-2863
-13539
-21694
-25174
-22923
-15258
-3804
8879
19903
26744
27847
23008
13430
1444
-10040
-18230
-21115
-17953
-9452
2389
14751
24660
29696
28562
21402
9768
-3740
-16081
-24488
-27110
-23450
-14470
-2370
9933
19489
23995
22337
14836
3174
-10002
-21698
-29260
-30980
-26482
-16796
-4110
8737
18907
24204
23562
17269
6882
-5141
-16010
-23227
-25144
-21317
-12579
-836
11371
21439
27272
27724
22829
13764
2566
-8328
-16611
-20598
-19566
-13876
-4870
5444
14830
21300
23513
21037
14409
4991
-5321
-14505
-20812
-23111
-21086
-15278
-6950
2178
10279
15767
17601
15467
9822
1797
-7032
-14943
-20394
-22308
-20275
-14624
-6366
2997
11743
18255
21326
20385
15618
7946
-1143
-9863
-16470
-19603
-18552
-13416
-5102
4831
14468
21899
25605
24765
19436
10561
-202
-10793
-19159
-23661
-23411
-18457
-9790
852
11321
19489
23676
22989
17506
8259
-2970
-14002
-22701
-27390
-27185
-22159
-13316
-2383
8538
17386
22537
23111
19117
11435
1619
-8414
-16757
-21866
-22839
-19557
-12675
-3479
6373
15156
21389
24077
22861
18059
10579
1745
-6935
-14023
-18380
-19340
-16806
-11247
-3621
4785
12557
18379
21238
20593
16466
9452
634
-8577
-16669
-22278
-24419
-22671
-17266
-9070
547
9934
17446
21735
21998
18136
10784
1216
-8878
-17691
-23626
-25585
-23172
-16768
-7458
3158
13264
21146
25502
25659
21680
14337
4956
-4831
-13373
-19282
-21658
-20214
-15302
-7819
962
9610
16770
21364
22742
20752
15744
8489
60
-8328
-15489
-20425
-22454
-21302
-17139
-10562
-2517
5819
13200
18490
20833
19793
15444
8376
-370
-9452
-17427
-22985
-25167
-23534
-18256
-10098
-306
9595
18051
23738
25781
23899
18445
10342
916
-8328
-15950
-20809
-22233
-20100
-14836
-7317
1280
9676
16676
21335
23071
21720
17531
11107
3316
-4831
-12303
-18167
-21692
-22436
-20294
-15522
-8715
-749
7315
14367
19391
21614
20635
16499
9718
1216
-7793
-15984
-22118
-25243
-24846
-20941
-14071
-5225
4317
13185
20136
24233
24981
22385
16923
9452
1064
-7079
-13917
-18615
-20664
-19908
-16541
-11055
-4160
3299
10441
16433
20571
22346
21500
18059
12350
4978
-3219
-11256
-18121
-22898
-24907
-23810
-19683
-13021
-4692
4186
12397
18810
22546
23111
20461
15010
7549
-873
-9116
-16108
-20992
-23227
-22631
-19380
-13947
-7025
575
8021
14540
19489
22393
22979
21192
17198
11380
4318
-3252
-10500
-16581
-20738
-22403
-21287
-17441
-11278
-3530
4831
12726
19119
23164
24330
22475
17858
11093
3053
-5263
-12871
-18928
-22826
-24245
-23158
-19803
-14624
-8203
-1193
5740
11965
16925
20162
21356
20348
17173
12078
5526
-1827
-9185
-15695
-20553
-23111
-22980
-20099
-14756
-7561
632
8844
16108
21593
24718
25209
23119
18786
12774
5772
-1491
-8328
-14156
-18525
-21131
-21815
-20554
-17456
-12759
-6829
-157
6661
12962
18074
21393
22467
21073
17269
11407
4108
-3815
-11459
-17953
-22575
-24845
-24580
-21894
-17166
-10967
-3970
3141
9741
15316
19489
22014
22770
21741
19008
14749
9242
2876
-3856
-10372
-16048
-20279
-22562
-22571
-20219
-15695
-9452
-2160
5382
12349
18005
21791
23390
22743
20034
15633
10027
3752
-2675
-8791
-14203
-18591
-21694
-23307
-23278
-21529
-18082
-13090
-6866
124
7279
13920
19371
23050
24552
23716
20646
15704
9452
2566
-4252
-10371
-15295
-18702
-20448
-20539
-19094
-16300
-12377
-7562
-2112
3683
9486
14901
19489
22805
24451
24142
21768
17438
11484
4439
-3027
-10196
-16398
-21097
-23949
-24833
-23833
-21195
-17269
-12441
-7082
-1521
3964
9127
13732
17535
20273
21685
21548
19726
16225
11226
5098
-1631
-8328
-14339
-19077
-22108
-23198
-22340
-19731
-15719
-10741
-5241
379
5798
10778
15145
18756
21466
23111
23512
22505
19986
15959
10586
4196
-2727
-9595
-15790
-20750
-24052
-25465
-24976
-22770
-19180
-14624
-9523
-4248
917
5776
10197
14077
17297
19700
21088
21249
20007
17276
13115
7755
1596
-4831
-10938
-16157
-20031
-22272
-22793
-21697
-19237
-15748
-11578
-7027
-2319
2403
7049
11537
15747
19489
22499
24467
25085
24121
21478
17245
11701
5294
-1425
-7882
-13568
-18106
-21295
-23105
-23647
-23111
-21701
-19579
-16838
-13498
-9548
-4992
89
5505
10937
15966
20131
23004
24269
23789
21632
18059
13479
8369
3188
-1692
-6031
-9732
-12810
-15333
-17361
-18889
-19825
-19992
-19174
-17181
-13920
-9452
-4016
1983
8031
13586
18168
21437
23239
23614
22759
20961
18517
15660
12521
9114
5374
1216
-3394
-8381
-13521
-18461
-22755
-25952
-27680
-27728
-26088
-22961
-18716
-13812
-8707
-3772
764
4831
8490
11867
15078
18157
21005
23396
25007
25498
24600
22191
18354
13373
7699
1865
-3613
-8328
-12050
-14744
-16547
-17693
-18431
-18934
-19241
-19243
-18710
-17367
-14982
-11457
-6883
-1553
4073
9452
14062
17506
19582
20313
19919
18745
17163
15467
13805
12147
10313
8037
5073
1287
-3267
-8328
-13456
-18116
-21785
-24065
-24768
-23951
-21896
-19028
-15815
-12647
-9751
-7146
-4666
-2023
1077
4831
9250
14115
19011
23395
26721
28561
28704
27204
24367
20675
16664
12802
9378
6445
3833
1216
-1772
-5409
-9781
-14721
-19828
-24540
-28256
-30482
-30944
-29657
-26921
-23245
-19226
-15398
-12111
-9452
-7239
-5094
-2565
728
4965
10045
15584
20986
25578
28767
30179
29755
27760
24720
21282
18059
15470
13644
12393
11282
9753
7294
3603
-1312
-7104
-13150
-18690
-23005
-25590
-26278
-25276
-23111
-20490
-18120
-16519
-15885
-16045
-16506
-16589
-15621
-13129
-8982
-3453
2828
9013
14239
17836
19489
19316
17833
15814
14091
13329
13846
15527
17844
19995
21112
20496
17815
13207
7266
912
-4831
-9088
-11343
-11577
-10263
-8243
-6510
-5936
-7044
-9852
-13860
-18163
-21681
-23433
-22803
-19704
-14624
-8515
-2563
2101
4690
4961
3277
517
-2150
-3571
-2915
95
5096
11155
16996
21313
23111
21957
18111
12473
6364
1202
-1858
-2218
0
3978
8403
11804
12923
11061
6263
-661
-8328
-15110
-19547
-20709
-18446
-13439
-7038
-933
3268
4451
2288
-2670
-9109
-15281
-19436
-20270
-17269
-10860
-2323
6503
13675
17624
17552
13646
7044
-438
-6748
-10116
-9502
-4874
2766
11612
19489
24393
24992
20975
13146
3247
-6453
-13713
-16874
-15271
-9419
-894
8039
14981
17991
16075
9452
-484
-11483
-20977
-26708
-27284
-22529
-13547
-2464
8071
15531
18124
15240
7608
-2863
-13539
-21694
-25174
-22923
-15258
-3804
8879
19903
26744
27847
23008
13430
1444
-10040
-18230
-21115
-17953
-9452
2389
14751
24660
29696
28562
21402
9768
-3740
-16081
-24488
-27110
-23450
-14470
-2370
9933
19489
23995
22337
14836
3174
-10002
-21698
-29260
-30980
-26482
-16796
-4110
8737
18907
24204
23562
17269
6882
-5141
-16010
-23227
-25144
-21317
-12579
-836
11371
21439
27272
27724
22829
13764
2566
-8328
-16611
-20598
-19566
-13876
-4870
5444
14830
21300
23513
21037
14409
4991
-5321
-14505
-20812
-23111
-21086
-15278
-6950
2178
10279
15767
17601
15467
9822
1797
-7032
-14943
-20394
-22308
-20275
-14624
-6366
2997
11743
18255
21326
20385
15618
7946
-1143
-9863
-16470
-19603
-18552
-13416
-5102
4831
14468
21899
25605
24765
19436
10561
-202
-10793
-19159
-23661
-23411
-18457
-9790
852
11321
19489
23676
22989
17506
8259
-2970
-14002
-22701
-27390
-27185
-22159
-13316
-2383
8538
17386
22537
23111
19117
11435
1619
-8414
-16757
-21866
-22839
-19557
-12675
-3479
6373
15156
21389
24077
22861
18059
10579
1745
-6935
-14023
-18380
-19340
-16806
-11247
-3621
4785
12557
18379
21238
20593
16466
9452
634
-8577
-16669
-22278
-24419
-22671
-17266
-9070
547
9934
17446
21735
21998
18136
10784
1216
-8878
-17691
-23626
-25585
-23172
-16768
-7458
3158
13264
21146
25502
25659
21680
14337
4956
-4831
-13373
-19282
-21658
-20214
-15302
-7819
962
9610
16770
21364
22742
20752
15744
8489
60
-8328
-15489
-20425
-22454
-21302
-17139
-10562
-2517
5819
13200
18490
20833
19793
15444
8376
-370
-9452
-17427
-22985
-25167
-23534
-18256
-10098
-306
9595
18051
23738
25781
23899
18445
10342
916
-8328
-15950
-20809
-22233
-20100
-14836
-7317
1280
9676
16676
21335
23071
21720
17531
11107
3316
-4831
-12303
-18167
-21692
-22436
-20294
-15522
-8715
-749
7315
14367
19391
21614
20635
16499
9718
1216
-7793
-15984
-22118
-25243
-24846
-20941
-14071
-5225
4317
13185
20136
24233
24981
22385
16923
9452
1064
-7079
-13917
-18615
-20664
-19908
-16541
-11055
-4160
3299
10441
16433
20571
22346
21500
18059
12350
4978
-3219
-11256
-18121
-22898
-24907
-23810
-19683
-13021
-4692
4186
12397
18810
22546
23111
20461
15010
7549
-873
-9116
-16108
-20992
-23227
-22631
-19380
-13947
-7025
575
8021
14540
19489
22393
22979
21192
17198
11380
4318
-3252
-10500
-16581
-20738
-22403
-21287
-17441
-11278
-3530
4831
12726
19119
23164
24330
22475
17858
11093
3053
-5263
-12871
-18928
-22826
-24245
-23158
-19803
-14624
-8203
-1193
5740
11965
16925
20162
21356
20348
17173
12078
5526
-1827
-9185
-15695
-20553
-23111
-22980
-20099
-14756
-7561
632
8844
16108
21593
24718
25209
23119
18786
12774
5772
-1491
-8328
-14156
-18525
-21131
-21815
-20554
-17456
-12759
-6829
-157
6661
12962
18074
21393
22467
21073
17269
11407
4108
-3815
-11459
-17953
-22575
-24845
-24580
-21894
-17166
-10967
-3970
3141
9741
15316
19489
22014
22770
21741
19008
14749
9242
2876
-3856
-10372
-16048
-20279
-22562
-22571
-20219
-15695
-9452
-2160
5382
12349
18005
21791
23390
22743
20034
15633
10027
3752
-2675
-8791
-14203
-18591
-21694
-23307
-23278
-21529
-18082
-13090
-6866
124
7279
13920
19371
23050
24552
23716
20646
15704
9452
2566
-4252
-10371
-15295
-18702
-20448
-20539
-19094
-16300
-12377
-7562
-2112
3683
9486
14901
19489
22805
24451
24142
21768
17438
11484
4439
-3027
-10196
-16398
-21097
-23949
-24833
-23833
-21195
-17269
-12441
-7082
-1521
3964
9127
13732
17535
20273
21685
21548
19726
16225
11226
5098
-1631
-8328
-14339
-19077
-22108
-23198
-22340
-19731
-15719
-10741
-5241
379
5798
10778
15145
18756
21466
23111
23512
22505
19986
15959
10586
4196
-2727
-9595
-15790
-20750
-24052
-25465
-24976
-22770
-19180
-14624
-9523
-4248
917
5776
10197
14077
17297
19700
21088
21249
20007
17276
13115
7755
1596
-4831
-10938
-16157
-20031
-22272
-22793
-21697
-19237
-15748
-11578
-7027
-2319
2403
7049
11537
15747
19489
22499
24467
25085
24121
21478
17245
11701
5294
-1425
-7882
-13568
-18106
-21295
-23105
-23647
-23111
-21701
-19579
-16838
-13498
-9548
-4992
89
5505
10937
15966
20131
23004
24269
23789
21632
18059
13479
8369
3188
-1692
-6031
-9732
-12810
-15333
-17361
-18889
-19825
-19992
-19174
-17181
-13920
-9452
-4016
1983
8031
13586
18168
21437
23239
23614
22759
20961
18517
15660
12521
9114
5374
1216
-3394
-8381
-13521
-18461
-22755
-25952
-27680
-27728
-26088
-22961
-18716
-13812
-8707
-3772
764
4831
8490
11867
15078
18157
21005
23396
25007
25498
24600
22191
18354
13373
7699
1865
-3613
-8328
-12050
-14744
-16547
-17693
-18431
-18934
-19241
-19243
-18710
-17367
-14982
-11457
-6883
-1553
4073
9452
14062
17506
19582
20313
19919
18745
17163
15467
13805
12147
10313
8037
5073
1287
-3267
-8328
-13456
-18116
-21785
-24065
-24768
-23951
-21896
-19028
-15815
-12647
-9751
-7146
-4666
-2023
1077
4831
9250
14115
19011
23395
26721
28561
28704
27204
24367
20675
16664
12802
9378
6445
3833
1216
-1772
-5409
-9781
-14721
-19828
-24540
-28256
-30482
-30944
-29657
-26921
-23245
-19226
-15398
-12111
-9452
-7239
-5094
-2565
728
4965
10045
15584
20986
25578
28767
30179
29755
27760
24720
21282
18059
15470
13644
12393
11282
9753
7294
3603
-1312
-7104
-13150
-18690
-23005
-25590
-26278
-25276
-23111
-20490
-18120
-16519
-15885
-16045
-16506
-16589
-15621
-13129
-8982
-3453
2828
9013
14239
17836
19489
19316
17833
15814
14091
13329
13846
15527
17844
19995
21112
20496
17815
13207
7266
912
-4831
-9088
-11343
-11577
-10263
-8243
-6510
-5936
-7044
-9852
-13860
-18163
-21681
-23433
-22803
-19704
-14624
-8515
-2563
2101
4690
4961
3277
517
-2150
-3571
-2915
95
5096
11155
16996
21313
23111
21957
18111
12473
6364
1202
-1858
-2218
0
3978
8403
11804
12923
11061
6263
-661
-8328
-15110
-19547
-20709
-18446
-13439
-7038
-933
3268
4451
2288
-2670
-9109
-15281
-19436
-20270
-17269
-10860
-2323
6503
13675
17624
17552
13646
7044
-438
-6748
-10116
-9502
-4874
2766
11612
19489
24393
24992
20975
13146
3247
-6453
-13713
-16874
-15271
-9419
-894
8039
14981
17991
16075
9452
-484
-11483
-20977
-26708
-27284
-22529
-13547
-2464
8071
15531
18124
15240
7608
-2863
-13539
-21694
-25174
-22923
-15258
-3804
8879
19903
26744
27847
23008
13430
1444
-10040
-18230
-21115
-17953
-9452
2389
14751
24660
29696
28562
21402
9768
-3740
-16081
-24488
-27110
-23450
-14470
-2370
9933
19489
23995
22337
14836
3174
-10002
-21698
-29260
-30980
-26482
-16796
-4110
8737
18907
24204
23562
17269
6882
-5141
-16010
-23227
-25144
-21317
-12579
-836
11371
21439
27272
27724
22829
13764
2566
-8328
-16611
-20598
-19566
-13876
-4870
5444
14830
21300
23513
21037
14409
4991
-5321
-14505
-20812
-23111
-21086
-15278
-6950
2178
10279
15767
17601
15467
9822
1797
-7032
-14943
-20394
-22308
-20275
-14624
-6366
2997
11743
18255
21326
20385
15618
7946
-1143
-9863
-16470
-19603
-18552
-13416
-5102
4831
14468
21899
25605
24765
19436
10561
-202
-10793
-19159
-23661
-23411
-18457
-9790
852
11321
19489
23676
22989
17506
8259
-2970
-14002
-22701
-27390
-27185
-22159
-13316
-2383
8538
17386
22537
23111
19117
11435
1619
-8414
-16757
-21866
-22839
-19557
-12675
-3479
6373
15156
21389
24077
22861
18059
10579
1745
-6935
-14023
-18380
-19340
-16806
-11247
-3621
4785
12557
18379
21238
20593
16466
9452
634
-8577
-16669
-22278
-24419
-22671
-17266
-9070
547
9934
17446
21735
21998
18136
10784
1216
-8878
-17691
-23626
-25585
-23172
-16768
-7458
3158
13264
21146
25502
25659
21680
14337
4956
-4831
-13373
-19282
-21658
-20214
-15302
-7819
962
9610
16770
21364
22742
20752
15744
8489
60
-8328
-15489
-20425
-22454
-21302
-17139
-10562
-2517
5819
13200
18490
20833
19793
15444
8376
-370
-9452
-17427
-22985
-25167
-23534
-18256
-10098
-306
9595
18051
23738
25781
23899
18445
10342
916
-8328
-15950
-20809
-22233
-20100
-14836
-7317
1280
9676
16676
21335
23071
21720
17531
11107
3316
-4831
-12303
-18167
-21692
-22436
-20294
-15522
-8715
-749
7315
14367
19391
21614
20635
16499
9718
1216
-7793
-15984
-22118
-25243
-24846
-20941
-14071
-5225
4317
13185
20136
24233
24981
22385
16923
9452
1064
-7079
-13917
-18615
-20664
-19908
-16541
-11055
-4160
3299
10441
16433
20571
22346
21500
18059
12350
4978
-3219
-11256
-18121
-22898
-24907
-23810
-19683
-13021
-4692
4186
12397
18810
22546
23111
20461
15010
7549
-873
-9116
-16108
-20992
-23227
-22631
-19380
-13947
-7025
575
8021
14540
19489
22393
22979
21192
17198
11380
4318
-3252
-10500
-16581
-20738
-22403
-21287
-17441
-11278
-3530
4831
12726
19119
23164
24330
22475
17858
11093
3053
-5263
-12871
-18928
-22826
-24245
-23158
-19803
-14624
-8203
-1193
5740
11965
16925
20162
21356
20348
17173
12078
5526
-1827
-9185
-15695
-20553
-23111
-22980
-20099
-14756
-7561
632
8844
16108
21593
24718
25209
23119
18786
12774
5772
-1491
-8328
-14156
-18525
-21131
-21815
-20554
-17456
-12759
-6829
-157
6661
12962
18074
21393
22467
21073
17269
11407
4108
-3815
-11459
-17953
-22575
-24845
-24580
-21894
-17166
-10967
-3970
3141
9741
15316
19489
22014
22770
21741
19008
14749
9242
2876
-3856
-10372
-16048
-20279
-22562
-22571
-20219
-15695
-9452
-2160
5382
12349
18005
21791
23390
22743
20034
15633
10027
3752
-2675
-8791
-14203
-18591
-21694
-23307
-23278
-21529
-18082
-13090
-6866
124
7279
13920
19371
23050
24552
23716
20646
15704
9452
2566
-4252
-10371
-15295
-18702
-20448
-20539
-19094
-16300
-12377
-7562
-2112
3683
9486
14901
19489
22805
24451
24142
21768
17438
11484
4439
-3027
-10196
-16398
-21097
-23949
-24833
-23833
-21195
-17269
-12441
-7082
-1521
3964
9127
13732
17535
20273
21685
21548
19726
16225
11226
5098
-1631
-8328
-14339
-19077
-22108
-23198
-22340
-19731
-15719
-10741
-5241
379
5798
10778
15145
18756
21466
23111
23512
22505
19986
15959
10586
4196
-2727
-9595
-15790
-20750
-24052
-25465
-24976
-22770
-19180
-14624
-9523
-4248
917
5776
10197
14077
17297
19700
21088
21249
20007
17276
13115
7755
1596
-4831
-10938
-16157
-20031
-22272
-22793
-21697
-19237
-15748
-11578
-7027
-2319
2403
7049
11537
15747
19489
22499
24467
25085
24121
21478
17245
11701
5294
-1425
-7882
-13568
-18106
-21295
-23105
-23647
-23111
-21701
-19579
-16838
-13498
-9548
-4992
89
5505
10937
15966
20131
23004
24269
23789
21632
18059
13479
8369
3188
-1692
-6031
-9732
-12810
-15333
-17361
-18889
-19825
-19992
-19174
-17181
-13920
-9452
-4016
1983
8031
13586
18168
21437
23239
23614
22759
20961
18517
15660
12521
9114
5374
1216
-3394
-8381
-13521
-18461
-22755
-25952
-27680
-27728
-26088
-22961
-18716
-13812
-8707
-3772
764
4831
8490
11867
15078
18157
21005
23396
25007
25498
24600
22191
18354
13373
7699
1865
-3613
-8328
-12050
-14744
-16547
-17693
-18431
-18934
-19241
-19243
-18710
-17367
-14982
-11457
-6883
-1553
4073
9452
14062
17506
19582
20313
19919
18745
17163
15467
13805
12147
10313
8037
5073
1287
-3267
-8328
-13456
-18116
-21785
-24065
-24768
-23951
-21896
-19028
-15815
-12647
-9751
-7146
-4666
-2023
1077
4831
9250
14115
19011
23395
26721
28561
28704
27204
24367
20675
16664
12802
9378
6445
3833
1216
-1772
-5409
-9781
-14721
-19828
-24540
-28256
-30482
-30944
-29657
-26921
-23245
-19226
-15398
-12111
-9452
-7239
-5094
-2565
728
4965
10045
15584
20986
25578
28767
30179
29755
27760
24720
21282
18059
15470
13644
12393
11282
9753
7294
3603
-1312
-7104
-13150
-18690
-23005
-25590
-26278
-25276
-23111
-20490
-18120
-16519
-15885
-16045
-16506
-16589
-15621
-13129
-8982
-3453
2828
9013
14239
17836
19489
19316
17833
15814
14091
13329
13846
15527
17844
19995
21112
20496
17815
13207
7266
912
-4831
-9088
-11343
-11577
-10263
-8243
-6510
-5936
-7044
-9852
-13860
-18163
-21681
-23433
-22803
-19704
-14624
-8515
-2563
2101
4690
4961
3277
517
-2150
-3571
-2915
95
5096
11155
16996
21313
23111
21957
18111
12473
6364
1202
-1858
-2218
0
3978
8403
11804
12923
11061
6263
-661
-8328
-15110
-19547
-20709
-18446
-13439
-7038
-933
3268
4451
2288
-2670
-9109
-15281
-19436
-20270
17269
10860
2323
-6503
-13675
-17624
-17552
-13646
-7044
438
6748
10116
9502
4874
-2766
-11612
-19489
-24393
-24992
-20975
-13146
-3247
6453
13713
16874
15271
9419
894
-8039
-14981
-17991
-16075
-9452
484
11483
20977
26708
27284
22529
13547
2464
-8071
-15531
-18124
-15240
-7608
2863
13539
21694
25174
22923
15258
3804
-8879
-19903
-26744
-27847
-23008
-13430
-1444
10040
18230
21115
17953
9452
-2389
-14751
-24660
-29696
-28562
-21402
-9768
3740
16081
24488
27110
23450
14470
2370
-9933
-19489
-23995
-22337
-14836
-3174
10002
21698
29260
30980
26482
16796
4110
-8737
-18907
-24204
-23562
-17269
-6882
5141
16010
23227
25144
21317
12579
836
-11371
-21439
-27272
-27724
-22829
-13764
-2566
8328
16611
20598
19566
13876
4870
-5444
-14830
-21300
-23513
-21037
-14409
-4991
5321
14505
20812
23111
21086
15278
6950
-2178
-10279
-15767
-17601
-15467
-9822
-1797
7032
14943
20394
22308
20275
14624
6366
-2997
-11743
-18255
-21326
-20385
-15618
-7946
1143
9863
16470
19603
18552
13416
5102
-4831
-14468
-21899
-25605
-24765
-19436
-10561
202
10793
19159
23661
23411
18457
9790
-852
-11321
-19489
-23676
-22989
-17506
-8259
2970
14002
22701
27390
27185
22159
13316
2383
-8538
-17386
-22537
-23111
-19117
-11435
-1619
8414
16757
21866
22839
19557
12675
3479
-6373
-15156
-21389
-24077
-22861
-18059
-10579
-1745
6935
14023
18380
19340
16806
11247
3621
-4785
-12557
-18379
-21238
-20593
-16466
-9452
-634
8577
16669
22278
24419
22671
17266
9070
-547
-9934
-17446
-21735
-21998
-18136
-10784
-1216
8878
17691
23626
25585
23172
16768
7458
-3158
-13264
-21146
-25502
-25659
-21680
-14337
-4956
4831
13373
19282
21658
20214
15302
7819
-962
-9610
-16770
-21364
-22742
-20752
-15744
-8489
-60
8328
15489
20425
22454
21302
17139
10562
2517
-5819
-13200
-18490
-20833
-19793
-15444
-8376
370
9452
17427
22985
25167
23534
18256
10098
306
-9595
-18051
-23738
-25781
-23899
-18445
-10342
-916
8328
15950
20809
22233
20100
14836
7317
-1280
-9676
-16676
-21335
-23071
-21720
-17531
-11107
-3316
4831
12303
18167
21692
22436
20294
15522
8715
749
-7315
-14367
-19391
-21614
-20635
-16499
-9718
-1216
7793
15984
22118
25243
24846
20941
14071
5225
-4317
-13185
-20136
-24233
-24981
-22385
-16923
-9452
-1064
7079
13917
18615
20664
19908
16541
11055
4160
-3299
-10441
-16433
-20571
-22346
-21500
-18059
-12350
-4978
3219
11256
18121
22898
24907
23810
19683
13021
4692
-4186
-12397
-18810
-22546
-23111
-20461
-15010
-7549
873
9116
16108
20992
23227
22631
19380
13947
7025
-575
-8021
-14540
-19489
-22393
-22979
-21192
-17198
-11380
-4318
3252
10500
16581
20738
22403
21287
17441
11278
3530
-4831
-12726
-19119
-23164
-24330
-22475
-17858
-11093
-3053
5263
12871
18928
22826
24245
23158
19803
14624
8203
1193
-5740
-11965
-16925
-20162
-21356
-20348
-17173
-12078
-5526
1827
9185
15695
20553
23111
22980
20099
14756
7561
-632
-8844
-16108
-21593
-24718
-25209
-23119
-18786
-12774
-5772
1491
8328
14156
18525
21131
21815
20554
17456
12759
6829
157
-6661
-12962
-18074
-21393
-22467
-21073
-17269
-11407
-4108
3815
11459
17953
22575
24845
24580
21894
17166
10967
3970
-3141
-9741
-15316
-19489
-22014
-22770
-21741
-19008
-14749
-9242
-2876
3856
10372
16048
20279
22562
22571
20219
15695
9452
2160
-5382
-12349
-18005
-21791
-23390
-22743
-20034
-15633
-10027
-3752
2675
8791
14203
18591
21694
23307
23278
21529
18082
13090
6866
-124
-7279
-13920
-19371
-23050
-24552
-23716
-20646
-15704
-9452
-2566
4252
10371
15295
18702
20448
20539
19094
16300
12377
7562
2112
-3683
-9486
-14901
-19489
-22805
-24451
-24142
-21768
-17438
-11484
-4439
3027
10196
16398
21097
23949
24833
23833
21195
17269
12441
7082
1521
-3964
-9127
-13732
-17535
-20273
-21685
-21548
-19726
-16225
-11226
-5098
1631
8328
14339
19077
22108
23198
22340
19731
15719
10741
5241
-379
-5798
-10778
-15145
-18756
-21466
-23111
-23512
-22505
-19986
-15959
-10586
-4196
2727
9595
15790
20750
24052
25465
24976
22770
19180
14624
9523
4248
-917
-5776
-10197
-14077
-17297
-19700
-21088
-21249
-20007
-17276
-13115
-7755
-1596
4831
10938
16157
20031
22272
22793
21697
19237
15748
11578
7027
2319
-2403
-7049
-11537
-15747
-19489
-22499
-24467
-25085
-24121
-21478
-17245
-11701
-5294
1425
7882
13568
18106
21295
23105
23647
23111
21701
19579
16838
13498
9548
4992
-89
-5505
-10937
-15966
-20131
-23004
-24269
-23789
-21632
-18059
-13479
-8369
-3188
1692
6031
9732
12810
15333
17361
18889
19825
19992
19174
17181
13920
9452
4016
-1983
-8031
-13586
-18168
-21437
-23239
-23614
-22759
-20961
-18517
-15660
-12521
-9114
-5374
-1216
3394
8381
13521
18461
22755
25952
27680
27728
26088
22961
18716
13812
8707
3772
-764
-4831
-8490
-11867
-15078
-18157
-21005
-23396
-25007
-25498
-24600
-22191
-18354
-13373
-7699
-1865
3613
8328
12050
14744
16547
17693
18431
18934
19241
19243
18710
17367
14982
11457
6883
1553
-4073
-9452
-14062
-17506
-19582
-20313
-19919
-18745
-17163
-15467
-13805
-12147
-10313
-8037
-5073
-1287
3267
8328
13456
18116
21785
24065
24768
23951
21896
19028
15815
12647
9751
7146
4666
2023
-1077
-4831
-9250
-14115
-19011
-23395
-26721
-28561
-28704
-27204
-24367
-20675
-16664
-12802
-9378
-6445
-3833
-1216
1772
5409
9781
14721
19828
24540
28256
30482
30944
29657
26921
23245
19226
15398
12111
9452
7239
5094
2565
-728
-4965
-10045
-15584
-20986
-25578
-28767
-30179
-29755
-27760
-24720
-21282
-18059
-15470
-13644
-12393
-11282
-9753
-7294
-3603
1312
7104
13150
18690
23005
25590
26278
25276
23111
20490
18120
16519
15885
16045
16506
16589
15621
13129
8982
3453
-2828
-9013
-14239
-17836
-19489
-19316
-17833
-15814
-14091
-13329
-13846
-15527
-17844
-19995
-21112
-20496
-17815
-13207
-7266
-912
4831
9088
11343
11577
10263
8243
6510
5936
7044
9852
13860
18163
21681
23433
22803
19704
14624
8515
2563
-2101
-4690
-4961
-3277
-517
2150
3571
2915
-95
-5096
-11155
-16996
-21313
-23111
-21957
-18111
-12473
-6364
-1202
1858
2218
0
-3978
-8403
-11804
-12923
-11061
-6263
661
8328
15110
19547
20709
18446
13439
7038
933
-3268
-4451
-2288
2670
9109
15281
19436
20270
-17269
-10860
-2323
6503
13675
17624
17552
13646
7044
-438
-6748
-10116
-9502
-4874
2766
11612
19489
24393
24992
20975
13146
3247
-6453
-13713
-16874
-15271
-9419
-894
8039
14981
17991
16075
9452
-484
-11483
-20977
-26708
-27284
-22529
-13547
-2464
8071
15531
18124
15240
7608
-2863
-13539
-21694
-25174
-22923
-15258
-3804
8879
19903
26744
27847
23008
13430
1444
-10040
-18230
-21115
-17953
-9452
2389
14751
24660
29696
28562
21402
9768
-3740
-16081
-24488
-27110
-23450
-14470
-2370
9933
19489
23995
22337
14836
3174
-10002
-21698
-29260
-30980
-26482
-16796
-4110
8737
18907
24204
23562
17269
6882
-5141
-16010
-23227
-25144
-21317
-12579
-836
11371
21439
27272
27724
22829
13764
2566
-8328
-16611
-20598
-19566
-13876
-4870
5444
14830
21300
23513
21037
14409
4991
-5321
-14505
-20812
-23111
-21086
-15278
-6950
2178
10279
15767
17601
15467
9822
1797
-7032
-14943
-20394
-22308
-20275
-14624
-6366
2997
11743
18255
21326
20385
15618
7946
-1143
-9863
-16470
-19603
-18552
-13416
-5102
4831
14468
21899
25605
24765
19436
10561
-202
-10793
-19159
-23661
-23411
-18457
-9790
852
11321
19489
23676
22989
17506
8259
-2970
-14002
-22701
-27390
-27185
-22159
-13316
-2383
8538
17386
22537
23111
19117
11435
1619
-8414
-16757
-21866
-22839
-19557
-12675
-3479
6373
15156
21389
24077
22861
18059
10579
1745
-6935
-14023
-18380
-19340
-16806
-11247
-3621
4785
12557
18379
21238
20593
16466
9452
634
-8577
-16669
-22278
-24419
-22671
-17266
-9070
547
9934
17446
21735
21998
18136
10784
1216
-8878
-17691
-23626
-25585
-23172
-16768
-7458
3158
13264
21146
25502
25659
21680
14337
4956
-4831
-13373
-19282
-21658
-20214
-15302
-7819
962
9610
16770
21364
22742
20752
15744
8489
60
-8328
-15489
-20425
-22454
-21302
-17139
-10562
-2517
5819
13200
18490
20833
19793
15444
8376
-370
-9452
-17427
-22985
-25167
-23534
-18256
-10098
-306
9595
18051
23738
25781
23899
18445
10342
916
-8328
-15950
-20809
-22233
-20100
-14836
-7317
1280
9676
16676
21335
23071
21720
17531
11107
3316
-4831
-12303
-18167
-21692
-22436
-20294
-15522
-8715
-749
7315
14367
19391
21614
20635
16499
9718
1216
-7793
-15984
-22118
-25243
-24846
-20941
-14071
-5225
4317
13185
20136
24233
24981
22385
16923
9452
1064
-7079
-13917
-18615
-20664
-19908
-16541
-11055
-4160
3299
10441
16433
20571
22346
21500
18059
12350
4978
-3219
-11256
-18121
-22898
-24907
-23810
-19683
-13021
-4692
4186
12397
18810
22546
23111
20461
15010
7549
-873
-9116
-16108
-20992
-23227
-22631
-19380
-13947
-7025
575
8021
14540
19489
22393
22979
21192
17198
11380
4318
-3252
-10500
-16581
-20738
-22403
-21287
-17441
-11278
-3530
4831
12726
19119
23164
24330
22475
17858
11093
3053
-5263
-12871
-18928
-22826
-24245
-23158
-19803
-14624
-8203
-1193
5740
11965
16925
20162
21356
20348
17173
12078
5526
-1827
-9185
-15695
-20553
-23111
-22980
-20099
-14756
-7561
632
8844
16108
21593
24718
25209
23119
18786
12774
5772
-1491
-8328
-14156
-18525
-21131
-21815
-20554
-17456
-12759
-6829
-157
6661
12962
18074
21393
22467
21073
17269
11407
4108
-3815
-11459
-17953
-22575
-24845
-24580
-21894
-17166
-10967
-3970
3141
9741
15316
19489
22014
22770
21741
19008
14749
9242
2876
-3856
-10372
-16048
-20279
-22562
-22571
-20219
-15695
-9452
-2160
5382
12349
18005
21791
23390
22743
20034
15633
10027
3752
-2675
-8791
-14203
-18591
-21694
-23307
-23278
-21529
-18082
-13090
-6866
124
7279
13920
19371
23050
24552
23716
20646
15704
9452
2566
-4252
-10371
-15295
-18702
-20448
-20539
-19094
-16300
-12377
-7562
-2112
3683
9486
14901
19489
22805
24451
24142
21768
17438
11484
4439
-3027
-10196
-16398
-21097
-23949
-24833
-23833
-21195
-17269
-12441
-7082
-1521
3964
9127
13732
17535
20273
21685
21548
19726
16225
11226
5098
-1631
-8328
-14339
-19077
-22108
-23198
-22340
-19731
-15719
-10741
-5241
379
5798
10778
15145
18756
21466
23111
23512
22505
19986
15959
10586
4196
-2727
-9595
-15790
-20750
-24052
-25465
-24976
-22770
-19180
-14624
-9523
-4248
917
5776
10197
14077
17297
19700
21088
21249
20007
17276
13115
7755
1596
-4831
-10938
-16157
-20031
-22272
-22793
-21697
-19237
-15748
-11578
-7027
-2319
2403
7049
11537
15747
19489
22499
24467
25085
24121
21478
17245
11701
5294
-1425
-7882
-13568
-18106
-21295
-23105
-23647
-23111
-21701
-19579
-16838
-13498
-9548
-4992
89
5505
10937
15966
20131
23004
24269
23789
21632
18059
13479
8369
3188
-1692
-6031
-9732
-12810
-15333
-17361
-18889
-19825
-19992
-19174
-17181
-13920
-9452
-4016
1983
8031
13586
18168
21437
23239
23614
22759
20961
18517
15660
12521
9114
5374
1216
-3394
-8381
-13521
-18461
-22755
-25952
-27680
-27728
-26088
-22961
-18716
-13812
-8707
-3772
764
4831
8490
11867
15078
18157
21005
23396
25007
25498
24600
22191
18354
13373
7699
1865
-3613
-8328
-12050
-14744
-16547
-17693
-18431
-18934
-19241
-19243
-18710
-17367
-14982
-11457
-6883
-1553
4073
9452
14062
17506
19582
20313
19919
18745
17163
15467
13805
12147
10313
8037
5073
1287
-3267
-8328
-13456
-18116
-21785
-24065
-24768
-23951
-21896
-19028
-15815
-12647
-9751
-7146
-4666
-2023
1077
4831
9250
14115
19011
23395
26721
28561
28704
27204
24367
20675
16664
12802
9378
6445
3833
1216
-1772
-5409
-9781
-14721
-19828
-24540
-28256
-30482
-30944
-29657
-26921
-23245
-19226
-15398
-12111
-9452
-7239
-5094
-2565
728
4965
10045
15584
20986
25578
28767
30179
29755
27760
24720
21282
18059
15470
13644
12393
11282
9753
7294
3603
-1312
-7104
-13150
-18690
-23005
-25590
-26278
-25276
-23111
-20490
-18120
-16519
-15885
-16045
-16506
-16589
-15621
-13129
-8982
-3453
2828
9013
14239
17836
19489
19316
17833
15814
14091
13329
13846
15527
17844
19995
21112
20496
17815
13207
7266
912
-4831
-9088
-11343
-11577
-10263
-8243
-6510
-5936
-7044
-9852
-13860
-18163
-21681
-23433
-22803
-19704
-14624
-8515
-2563
2101
4690
4961
3277
517
-2150
-3571
-2915
95
5096
11155
16996
21313
23111
21957
18111
12473
6364
1202
-1858
-2218
0
3978
8403
11804
12923
11061
6263
-661
-8328
-15110
-19547
-20709
-18446
-13439
-7038
-933
3268
4451
2288
-2670
-9109
-15281
-19436
-20270
0
0
0
0
0
0
0
0
0
0
0
0
0
0
0
0
0
0
0
0
0
0
0
0
0
0
0
0
0
0
0
0
0
0
0
0
0
0
0
0
0
0
0
0
0
0
0
0
0
0
0
0
0
0
0
0
0
0
0
0
0
0
0
0
0
0
0
0
0
0
0
0
0
0
0
0
0
0
0
0
0
0
0
0
0
0
0
0
0
0
0
0
0
0
0
0
0
0
0
0
0
0
0
0
0
0
0
0
0
0
0
0
0
0
0
0
0
0
0
0
0
0
0
0
0
0
0
0
0
0
0
0
0
0
0
0
0
0
0
0
0
0
0
0
0
0
0
0
0
0
0
0
0
0
0
0
0
0
0
0
0
0
0
0
0
0
0
0
0
0
0
0
0
0
0
0
0
0
0
0
0
0
0
0
0
0
0
0
0
0
0
0
0
0
0
0
0
0
0
0
0
0
0
0
0
0
0
0
0
0
0
0
0
0
0
0
0
0
0
0
0
0
0
0
0
0
0
0
0
0
0
0
0
0
0
0
0
0
0
0
0
0
0
0
0
0
0
0
0
0
0
0
0
0
0
0
0
0
0
0
0
0
0
0
0
0
0
0
0
0
0
0
0
0
0
0
0
0
0
0
0
0
0
0
0
0
0
0
0
0
0
0
0
0
0
0
0
0
0
0
0
0
0
0
0
0
0
0
0
0
0
0
0
0
0
0
0
0
0
0
0
0
0
0
0
0
0
0
0
0
0
0
0
0
0
0
0
0
0
0
0
0
0
0
0
0
0
0
0
0
0
0
0
0
0
0
0
0
0
0
0
0
0
0
0
0
0
0
0
0
0
0
0
0
0
0
0
0
0
0
0
0
0
0
0
0
0
0
0
0
0
0
0
0
0
0
0
0
0
0
0
0
0
0
0
0
0
0
0
0
0
0
0
0
0
0
0
0
0
0
0
0
0
0
0
0
0
0
0
0
0
0
0
0
0
0
0
0
0
0
0
0
0
0
0
0
0
0
0
0
0
0
0
0
0
0
0
0
0
0
0
0
0
0
0
0
0
0
0
0
0
0
0
0
0
0
0
0
0
0
0
0
0
0
0
0
0
0
0
0
0
0
0
0
0
0
0
0
0
0
0
0
0
0
0
0
0
0
0
0
0
0
0
0
0
0
0
0
0
0
0
0
0
0
0
0
0
0
0
0
0
0
0
0
0
0
0
0
0
0
0
0
0
0
0
0
0
0
0
0
0
0
0
0
0
0
0
0
0
0
0
0
0
0
0
0
0
0
0
0
0
0
0
0
0
0
0
0
0
0
0
0
0
0
0
0
0
0
0
0
0
0
0
0
0
0
0
0
0
0
0
0
0
0
0
0
0
0
0
0
0
0
0
0
0
0
0
0
0
0
0
0
0
0
0
0
0
0
0
0
0
0
0
0
0
0
0
0
0
0
0
0
0
0
0
0
0
0
0
0
0
0
0
0
0
0
0
0
0
0
0
0
0
0
0
0
0
0
0
0
0
0
0
0
0
0
0
0
0
0
0
0
0
0
0
0
0
0
0
0
0
0
0
0
0
0
0
0
0
0
0
0
0
0
0
0
0
0
0
0
0
0
0
0
0
0
0
0
0
0
0
0
0
0
0
0
0
0
0
0
0
0
0
0
0
0
0
0
0
0
0
0
0
0
0
0
0
0
0
0
0
0
0
0
0
0
0
0
0
0
0
0
0
0
0
0
0
0
0
0
0
0
0
0
0
0
0
0
0
0
0
0
0
0
0
0
0
0
0
0
0
0
0
0
0
0
0
0
0
0
0
0
0
0
0
0
0
0
0
0
0
0
0
0
0
0
0
0
0
0
0
0
0
0
0
0
0
0
0
0
0
0
0
0
0
0
0
0
0
0
0
0
0
0
0
0
0
0
0
0
0
0
0
0
0
0
0
0
0
0
0
0
0
0
0
0
0
0
0
0
0
0
0
0
0
0
0
0
0
0
0
0
0
0
0
0
0
0
0
0
0
0
0
0
0
0
0
0
0
0
0
0
0
0
0
0
0
0
0
0
0
0
0
0
0
0
0
0
0
0
0
0
0
0
0
0
0
0
0
0
0
0
0
0
0
0
0
0
0
0
0
0
0
0
0
0
0
0
0
0
0
0
0
0
0
0
0
0
0
0
286
209
56
-144
-353
-521
-607
-586
-457
-243
8
237
387
416
314
104
-155
-386
-500
-426
-127
385
1049
1754
2367
2749
2789
2429
1677
611
-629
-1871
-2930
-3651
-3935
-3751
-3146
-2233
-1166
-113
775
1395
1698
1700
1466
1097
701
373
174
126
209
373
553
690
736
676
517
292
47
-173
-333
-415
-422
-370
-290
-211
-158
-142
-164
-214
-273
-323
-350
-345
-308
-245
-162
-69
26
122
212
295
363
411
429
414
366
293
213
149
124
153
239
361
481
545
495
283
-112
-676
-1349
-2034
-2608
-2945
-2941
-2541
-1752
-650
624
1894
2971
3693
3952
3720
3052
2074
963
-93
-932
-1440
-1581
-1394
-980
-477
-29
251
301
122
-225
-642
-1015
-1245
-1271
-1087
-737
-308
98
390
506
432
202
-108
-407
-606
-643
-503
-213
154
513
773
871
787
545
212
-121
-365
-450
-349
-80
291
675
972
1104
1034
775
390
-24
-357
-512
-435
-123
362
915
1398
1676
1643
1249
512
-481
-1592
-2653
-3496
-3985
-4039
-3647
-2863
-1801
-610
553
1547
2269
2663
2730
2516
2101
1582
1055
600
270
86
41
102
223
351
441
460
393
245
38
-195
-417
-589
-686
-695
-622
-489
-329
-181
-79
-47
-93
-204
-351
-494
-591
-611
-537
-377
-161
68
258
365
362
248
50
-180
-384
-503
-498
-360
-115
179
448
614
620
446
116
-296
-690
-947
-966
-684
-97
732
1683
2594
3294
3634
3521
2933
1933
651
-729
-2015
-3028
-3645
-3811
-3552
-2957
-2165
-1328
-587
-39
269
351
263
91
-73
-158
-122
37
290
583
852
1046
1133
1111
999
839
675
547
476
467
503
553
586
572
499
368
196
10
-160
-293
-378
-416
-421
-414
-415
-440
-491
-562
-638
-698
-726
-711
-656
-569
-468
-372
-295
-242
-208
-181
-141
-73
31
171
331
486
609
674
668
589
455
295
145
0
38
145
295
455
589
668
674
609
486
331
171
31
-73
-141
-181
-208
-242
-295
-372
-468
-569
-656
-711
-726
-698
-638
-562
-491
-440
-415
-414
-421
-416
-378
-293
-160
10
196
368
499
572
586
553
503
467
476
547
675
839
999
1111
1133
1046
852
583
290
37
-122
-158
-73
91
263
351
269
-39
-587
-1328
-2165
-2957
-3552
-3811
-3645
-3028
-2015
-729
651
1933
2933
3521
3634
3294
2594
1683
732
-97
-684
-966
-947
-690
-296
116
446
620
614
448
179
-115
-360
-498
-503
-384
-180
50
248
362
365
258
68
-161
-377
-537
-611
-591
-494
-351
-204
-93
-47
-79
-181
-329
-489
-622
-695
-686
-589
-417
-195
38
245
393
460
441
351
223
102
41
86
270
600
1055
1582
2101
2516
2730
2663
2269
1547
553
-610
-1801
-2863
-3647
-4039
-3985
-3496
-2653
-1592
-481
512
1249
1643
1676
1398
915
362
-123
-435
-512
-357
-24
390
775
1034
1104
972
675
291
-80
-349
-450
-365
-121
212
545
787
871
773
513
154
-213
-503
-643
-606
-407
-108
202
432
506
390
98
-308
-737
-1087
-1271
-1245
-1015
-642
-225
122
301
251
-29
-477
-980
-1394
-1581
-1440
-932
-93
963
2074
3052
3720
3952
3693
2971
1894
624
-650
-1752
-2541
-2941
-2945
-2608
-2034
-1349
-676
-112
283
495
545
481
361
239
153
124
149
213
293
366
414
429
411
363
295
212
122
26
-69
-162
-245
-308
-345
-350
-323
-273
-214
-164
-142
-158
-211
-290
-370
-422
-415
-333
-173
47
292
517
676
736
690
553
373
209
126
174
373
701
1097
1466
1700
1698
1395
775
-113
-1166
-2233
-3146
-3751
-3935
-3651
-2930
-1871
-629
611
1677
2429
2789
2749
2367
1754
1049
385
-127
-426
-500
-386
-155
104
314
416
387
237
8
-243
-457
-586
-607
-521
-353
-144
56
209
286
279
201
78
-54
-162
-218
-210
-140
-26
105
224
301
315
260
141
-24
-207
-377
-504
-565
-550
-466
-332
-183
-58
2
-27
-160
-381
-651
-909
-1081
-1095
-893
-449
217
1048
1938
2757
3368
3652
3531
2987
2066
881
-410
-1632
-2615
-3231
-3414
-3171
-2581
-1775
-912
-148
398
662
642
400
39
-322
-575
-647
-516
-213
189
593
906
1056
1018
810
493
153
-121
-261
-236
-56
223
527
767
877
823
611
293
-53
-345
-509
-508
-347
-73
233
483
600
539
300
-65
-477
-834
-1049
-1067
-885
-551
-160
171
335
255
-87
-642
-1300
-1911
-2315
-2378
-2022
-1249
-143
1143
2413
3465
4129
4299
3954
3159
2050
808
-378
-1347
-1990
-2265
-2202
-1886
-1433
-964
-579
-338
-257
-307
-432
-562
-640
-625
-511
-317
-83
143
321
427
456
425
367
314
293
319
385
472
552
597
586
518
403
266
137
42
-4
-5
20
44
37
-26
-153
-330
-528
-706
-822
-848
-777
-628
-443
-276
-182
-197
-327
-543
-778
-946
-955
-734
-251
469
1350
2261
3048
3558
3672
3329
2543
1405
71
-1266
-2415
-3211
-3555
-3426
-2884
-2056
-1108
-213
482
888
980
801
445
35
-307
-492
-476
-269
71
455
786
984
1004
847
557
210
-106
-318
-377
-275
-47
241
511
688
722
600
351
35
-269
-488
-566
-485
-268
24
316
523
585
475
210
-152
-530
-831
-982
-945
-729
-391
-24
264
380
262
-94
-635
-1253
-1807
-2154
-2176
-1808
-1058
-7
1201
2388
3368
3986
4144
3821
3072
2018
821
-342
-1319
-2000
-2336
-2339
-2077
-1651
-1171
-737
-418
-245
-208
-268
-371
-461
-494
-449
-328
-153
42
225
366
452
483
473
441
408
387
382
390
401
402
384
344
286
220
158
108
73
48
22
-19
-88
-189
-315
-448
-561
-630
-635
-569
-447
-296
-157
-69
-63
-146
-297
-468
-591
-592
-413
-25
556
1267
2000
2622
2999
3023
2636
1850
744
-536
-1813
-2897
-3629
-3906
-3699
-3064
-2123
-1044
-6
831
1363
1550
1424
1075
629
215
-59
-134
-6
279
636
966
1181
1223
1080
788
414
46
-235
-375
-355
-200
32
264
423
452
334
89
-229
-547
-789
-901
-859
-682
-421
-149
55
134
62
-147
-441
-743
-968
-1051
-958
-701
-337
49
359
512
461
214
-168
-581
-894
-987
-773
-224
613
1629
2660
3524
4052
4125
3697
2805
1566
153
-1229
-2394
-3192
-3546
-3456
-2994
-2289
-1496
-764
-209
105
175
48
-189
-440
-614
-653
-538
-290
35
369
642
804
833
744
575
383
227
152
180
303
490
690
851
928
898
764
553
312
92
-60
-117
-76
41
192
323
384
341
184
-66
-370
-668
-899
-1018
-1001
-860
-635
-391
-206
-148
-261
-554
-992
-1499
-1971
-2294
-2365
-2113
-1519
-619
493
1683
2793
3669
4188
4275
3922
3185
2177
1045
-49
-965
-1595
-1891
-1861
-1570
-1118
-623
-198
76
157
52
-194
-507
-801
-1002
-1061
-966
-739
-433
-117
139
285
297
185
-13
-239
-428
-526
-500
-352
-109
174
437
621
687
626
458
230
5
-152
-197
-109
99
385
683
923
1044
1014
833
541
205
-90
-270
-278
-98
237
656
1054
1317
1343
1068
480
-372
-1387
-2420
-3313
-3917
-4123
-3883
-3213
-2198
-974
294
1441
2328
2864
3018
2823
2361
1748
1111
561
177
-4
2
149
363
565
685
684
553
314
17
-279
-519
-662
-693
-622
-485
-331
-208
-155
-190
-306
-475
-653
-793
-858
-828
-706
-517
-305
-117
7
46
0
-105
-225
-312
-319
-223
-26
243
533
784
940
969
871
680
462
294
252
382
691
1134
1619
2025
2223
2105
1614
759
-374
-1642
-2856
-3823
-4380
-4428
-3950
-3019
-1785
-445
793
1751
2308
2429
2159
1614
952
334
-105
-291
-213
72
462
837
1086
1138
977
642
213
-204
-516
-654
-599
-383
-78
222
428
475
343
61
-303
-658
-914
-1008
-918
-669
-331
5
248
333
234
-19
-359
-687
-906
-943
-772
-418
40
498
845
997
918
636
237
-156
-410
-415
-118
459
1222
2013
2650
2959
2821
2197
1142
-200
-1628
-2913
-3849
-4293
-4190
-3579
-2589
-1401
-217
782
1474
1805
1801
1547
1162
771
474
327
334
455
621
759
811
747
577
338
87
-120
-244
-270
-216
-121
-34
-2
-50
-179
-362
-554
-702
-765
-723
-586
-389
-185
-27
42
8
-110
-271
-413
-477
-420
-233
57
395
704
913
970
866
631
336
73
-67
-25
215
610
1067
1455
1643
1522
1044
232
-816
-1940
-2947
-3653
-3914
-3661
-2917
-1788
-448
896
2045
2844
3206
3127
2680
1994
1222
509
-33
-352
-449
-375
-211
-46
50
37
-84
-286
-514
-711
-832
-856
-788
-657
-505
-373
-291
-269
-296
-344
-376
-362
-286
-149
26
207
356
447
468
429
359
295
273
318
432
593
763
892
937
873
700
448
170
-70
-218
-240
-139
45
243
364
326
72
-407
-1071
-1824
-2536
-3063
-3279
-3100
-2507
-1549
-344
945
2138
3069
3612
3706
3365
2669
1749
759
-145
-846
-1268
-1395
-1264
-953
-561
-188
87
219
199
55
-162
-388
-563
-643
-608
-467
-250
-2
225
389
461
433
318
146
-40
-199
-295
-310
-241
-108
55
207
309
328
254
95
-121
-350
-542
-653
-654
-539
-329
-67
189
381
461
407
230
-24
-285
-471
-502
-327
66
642
1316
1971
2475
2706
2580
2066
1203
90
-1126
-2274
-3188
-3739
-3855
-3532
-2836
-1888
-837
160
976
1523
1771
1745
1512
1164
800
498
310
249
298
413
542
636
659
600
465
279
74
-116
-269
-371
-423
-434
-420
-397
-375
-362
-356
-356
-356
-356
-353
-349
-344
-335
-318
-282
-218
-119
16
178
349
502
609
650
615
516
379
248
167
174
285
488
737
962
1079
1009
702
149
-607
-1471
-2310
-2975
-3331
-3284
-2802
-1925
-764
518
1737
2717
3323
3487
3215
2585
1730
806
-32
-668
-1035
-1129
-997
-728
-422
-171
-40
-51
-189
-404
-633
-811
-892
-857
-715
-499
-256
-33
132
224
243
210
155
108
92
118
181
269
362
440
490
508
496
461
411
351
284
206
114
8
-105
-217
-310
-367
-380
-351
-296
-248
-242
-312
-475
-723
-1016
-1287
-1449
-1420
-1134
-571
235
1199
2181
3021
3563
3687
3337
2537
1389
59
-1252
-2350
-3079
-3352
-3167
-2603
-1801
-934
-167
373
625
598
362
29
-275
-450
-436
-229
123
535
907
1153
1224
1115
866
553
260
62
2
82
263
479
653
721
648
439
136
-193
-476
-650
-688
-597
-423
-234
-103
-85
-200
-431
-721
-993
-1171
-1198
-1058
-782
-437
-116
92
128
-19
-303
-628
-867
-896
-623
-21
861
1903
2925
3732
4148
4058
3435
2348
952
-539
-1898
-2924
-3482
-3528
-3110
-2355
-1441
-551
156
585
707
567
261
-92
-379
-519
-481
-284
12
326
578
709
695
553
329
87
-110
-219
-222
-130
19
178
298
346
313
210
69
-71
-176
-222
-203
-132
-34
63
137
175
179
161
140
131
143
174
211
238
243
220
181
148
147
202
317
475
631
717
663
406
-81
-779
-1615
-2466
-3182
-3611
-3633
-3187
-2293
-1052
367
1757
2908
3651
3893
3629
2946
2004
999
121
-480
-733
-645
-304
153
574
826
828
569
108
-446
-965
-1329
-1463
-1349
-1034
-613
-203
84
178
58
-234
-612
-966
-1189
-1212
-1014
-636
-164
293
629
772
700
451
110
-211
-407
-403
-178
226
721
1186
1506
1597
1435
1062
578
115
-192
-248
-19
448
1039
1585
1911
1871
1389
480
-743
-2095
-3343
-4265
-4687
-4522
-3790
-2611
-1181
266
1510
2383
2796
2755
2349
1725
1050
474
99
-36
40
253
500
684
737
634
398
90
-213
-440
-541
-505
-359
-161
21
126
118
-7
-217
-455
-653
-755
-730
-581
-344
-81
139
263
260
136
-65
-280
-437
-476
-368
-126
203
546
818
952
913
712
402
69
-190
-295
-201
82
493
921
1238
1321
1089
522
-325
-1334
-2335
-3143
-3596
-3586
-3081
-2138
-889
479
1767
2788
3412
3581
3316
2709
1899
1043
281
-284
-608
-699
-615
-439
-262
-153
-154
-267
-462
-687
-885
-1008
-1032
-958
-811
-631
-462
-338
-275
-269
-296
-323
-317
-255
-130
42
236
415
549
617
617
569
503
454
452
511
625
766
894
965
945
821
605
335
64
-149
-262
-257
-150
8
142
170
22
-337
-897
-1590
-2309
-2916
-3274
-3275
-2863
-2050
-922
377
1667
2764
3511
3810
3636
3042
2148
1113
111
-708
-1241
-1445
-1343
-1014
-568
-124
216
391
380
213
-49
-327
-546
-649
-614
-452
-206
65
300
447
478
395
224
10
-195
-345
-409
-379
-271
-116
43
164
216
183
71
-96
-285
-454
-566
-597
-537
-398
-204
7
196
327
375
334
218
59
-97
-197
-193
-48
248
680
1197
1724
2166
2428
2426
2109
1471
557
-539
-1684
-2725
-3515
-3936
-3923
-3476
-2663
-1607
-469
583
1406
1901
2036
1844
1416
880
370
0
-159
-94
153
500
844
1085
1155
1029
734
336
-72
-403
-586
-593
-441
-187
86
295
373
290
61
-261
-596
-860
-987
-946
-750
-453
-137
113
229
180
-18
-311
-610
-825
-882
-749
-445
-33
385
709
855
786
526
156
-202
-414
-372
-18
626
1463
2332
3039
3400
3284
2645
1535
101
-1439
-2846
-3895
-4430
-4389
-3812
-2835
-1656
-490
470
1096
1342
1247
917
497
130
-74
-64
146
490
865
1167
1314
1270
1050
716
356
60
-104
-110
23
240
458
596
596
439
149
-212
-563
-823
-938
-889
-703
-445
-196
-37
-21
-162
-427
-746
-1029
-1191
-1173
-962
-595
-149
273
576
690
598
338
0
-296
-430
-311
95
755
1565
2375
3012
3322
3201
2619
1632
371
-983
-2229
-3185
-3723
-3786
-3399
-2656
-1701
-697
205
892
1304
1436
1334
1073
745
431
190
52
17
61
148
238
300
315
278
197
87
-33
-146
-239
-304
-336
-336
-304
-247
-170
-85
-2
63
102
107
79
28
-28
-68
-68
-15
94
247
416
566
658
663
572
396
169
-57
-230
-306
-262
-111
101
305
416
361
94
-384
-1024
-1725
-2356
-2778
-2873
-2570
-1867
-831
403
1665
2766
3543
3886
3755
3190
2298
1235
171
-737
-1379
-1700
-1711
-1476
-1096
-681
-331
-110
-45
-117
-279
-467
-616
-680
-638
-494
-279
-38
185
353
445
460
411
326
232
157
114
111
141
191
245
288
307
296
253
179
80
-36
-161
-282
-387
-461
-492
-474
-408
-307
-191
-90
-32
-39
-118
-254
-412
-537
-566
-444
-138
350
978
1658
2276
2705
2835
2591
1960
993
-192
-1436
-2556
-3385
-3800
-3745
-3243
-2389
-1333
-250
693
1371
1715
1729
1477
1066
622
258
51
30
175
423
691
896
976
904
691
383
44
-256
-466
-557
-533
-425
-280
-151
-80
-87
-171
-307
-459
-586
-654
-648
-568
-433
-269
-108
28
127
189
224
245
267
296
334
374
409
436
456
479
518
584
679
785
869
881
767
480
2
-651
-1417
-2192
-2848
-3251
-3292
-2911
-2117
-993
311
1611
2709
3439
3696
3460
2796
1845
790
-176
-895
-1268
-1278
-985
-511
-7
383
557
471
154
-309
-797
-1185
-1376
-1324
-1044
-608
-124
291
542
577
403
78
-299
-620
-790
-757
-521
-136
304
692
932
965
786
444
29
-347
-585
-617
-430
-67
381
802
1085
1153
982
609
127
-336
-655
-727
-505
-14
653
1356
1927
2214
2110
1579
665
-509
-1774
-2934
-3809
-4266
-4241
-3751
-2881
-1773
-591
503
1384
1971
2245
2238
2022
1688
1330
1022
810
707
697
746
809
846
827
743
598
411
208
15
-148
-273
-358
-413
-452
-489
-536
-596
-669
-744
-811
-857
-873
-857
-811
-744
-669
-596
-536
-489
-452
-413
-358
-273
-148
15
208
411
598
743
827
846
809
746
697
707
810
1022
1330
1688
2022
2238
2245
1971
1384
503
-591
-1773
-2881
-3751
-4241
-4266
-3809
-2934
-1774
-509
665
1579
2110
2214
1927
1356
653
-14
-505
-727
-655
-336
127
609
982
1153
1085
802
381
-67
-430
-617
-585
-347
29
444
786
965
932
692
304
-136
-521
-757
-790
-620
-299
78
403
577
542
291
-124
-608
-1044
-1324
-1376
-1185
-797
-309
154
471
557
383
-7
-511
-985
-1278
-1268
-895
-176
790
1845
2796
3460
3696
3439
2709
1611
311
-993
-2117
-2911
-3292
-3251
-2848
-2192
-1417
-651
2
480
767
881
869
785
679
584
518
479
456
436
409
374
334
296
267
245
224
189
127
28
-108
-269
-433
-568
-648
-654
-586
-459
-307
-171
-87
-80
-151
-280
-425
-533
-557
-466
-256
44
383
691
904
976
896
691
423
175
30
51
258
622
1066
1477
1729
1715
1371
693
-250
-1333
-2389
-3243
-3745
-3800
-3385
-2556
-1436
-192
993
1960
2591
2835
2705
2276
1658
978
350
-138
-444
-566
-537
-412
-254
-118
-39
-32
-90
-191
-307
-408
-474
-492
-461
-387
-282
-161
-36
80
179
253
296
307
288
245
191
141
111
114
157
232
326
411
460
445
353
185
-38
-279
-494
-638
-680
-616
-467
-279
-117
-45
-110
-331
-681
-1096
-1476
-1711
-1700
-1379
-737
171
1235
2298
3190
3755
3886
3543
2766
1665
403
-831
-1867
-2570
-2873
-2778
-2356
-1725
-1024
-384
94
361
416
305
101
-111
-262
-306
-230
-57
169
396
572
663
658
566
416
247
94
-15
-68
-68
-28
28
79
107
102
63
-2
-85
-170
-247
-304
-336
-336
-304
-239
-146
-33
87
197
278
315
300
238
148
61
17
52
190
431
745
1073
1334
1436
1304
892
205
-697
-1701
-2656
-3399
-3786
-3723
-3185
-2229
-983
371
1632
2619
3201
3322
3012
2375
1565
755
95
-311
-430
-296
0
338
598
690
576
273
-149
-595
-962
-1173
-1191
-1029
-746
-427
-162
-21
-37
-196
-445
-703
-889
-938
-823
-563
-212
149
439
596
596
458
240
23
-110
-104
60
356
716
1050
1270
1314
1167
865
490
146
-64
-74
130
497
917
1247
1342
1096
470
-490
-1656
-2835
-3812
-4389
-4430
-3895
-2846
-1439
101
1535
2645
3284
3400
3039
2332
1463
626
-18
-372
-414
-202
156
526
786
855
709
385
-33
-445
-749
-882
-825
-610
-311
-18
180
229
113
-137
-453
-750
-946
-987
-860
-596
-261
61
290
373
295
86
-187
-441
-593
-586
-403
-72
336
734
1029
1155
1085
844
500
153
-94
-159
0
370
880
1416
1844
2036
1901
1406
583
-469
-1607
-2663
-3476
-3923
-3936
-3515
-2725
-1684
-539
557
1471
2109
2426
2428
2166
1724
1197
680
248
-48
-193
-197
-97
59
218
334
375
327
196
7
-204
-398
-537
-597
-566
-454
-285
-96
71
183
216
164
43
-116
-271
-379
-409
-345
-195
10
224
395
478
447
300
65
-206
-452
-614
-649
-546
-327
-49
213
380
391
216
-124
-568
-1014
-1343
-1445
-1241
-708
111
1113
2148
3042
3636
3810
3511
2764
1667
377
-922
-2050
-2863
-3275
-3274
-2916
-2309
-1590
-897
-337
22
170
142
8
-150
-257
-262
-149
64
335
605
821
945
965
894
766
625
511
452
454
503
569
617
617
549
415
236
42
-130
-255
-317
-323
-296
-269
-275
-338
-462
-631
-811
-958
-1032
-1008
-885
-687
-462
-267
-154
-153
-262
-439
-615
-699
-608
-284
281
1043
1899
2709
3316
3581
3412
2788
1767
479
-889
-2138
-3081
-3586
-3596
-3143
-2335
-1334
-325
522
1089
1321
1238
921
493
82
-201
-295
-190
69
402
712
913
952
818
546
203
-126
-368
-476
-437
-280
-65
136
260
263
139
-81
-344
-581
-730
-755
-653
-455
-217
-7
118
126
21
-161
-359
-505
-541
-440
-213
90
398
634
737
684
500
253
40
-36
99
474
1050
1725
2349
2755
2796
2383
1510
266
-1181
-2611
-3790
-4522
-4687
-4265
-3343
-2095
-743
480
1389
1871
1911
1585
1039
448
-19
-248
-192
115
578
1062
1435
1597
1506
1186
721
226
-178
-403
-407
-211
110
451
700
772
629
293
-164
-636
-1014
-1212
-1189
-966
-612
-234
58
178
84
-203
-613
-1034
-1349
-1463
-1329
-965
-446
108
569
828
826
574
153
-304
-645
-733
-480
121
999
2004
2946
3629
3893
3651
2908
1757
367
-1052
-2293
-3187
-3633
-3611
-3182
-2466
-1615
-779
-81
406
663
717
631
475
317
202
147
148
181
220
243
238
211
174
143
131
140
161
179
175
137
63
-34
-132
-203
-222
-176
-71
69
210
313
346
298
178
19
-130
-222
-219
-110
87
329
553
695
709
578
326
12
-284
-481
-519
-379
-92
261
567
707
585
156
-551
-1441
-2355
-3110
-3528
-3482
-2924
-1898
-539
952
2348
3435
4058
4148
3732
2925
1903
861
-21
-623
-896
-867
-628
-303
-19
128
92
-116
-437
-782
-1058
-1198
-1171
-993
-721
-431
-200
-85
-103
-234
-423
-597
-688
-650
-476
-193
136
439
648
721
653
479
263
82
2
62
260
553
866
1115
1224
1153
907
535
123
-229
-436
-450
-275
29
362
598
625
373
-167
-934
-1801
-2603
-3167
-3352
-3079
-2350
-1252
59
1389
2537
3337
3687
3563
3021
2181
1199
235
-571
-1134
-1420
-1449
-1287
-1016
-723
-475
-312
-242
-248
-296
-351
-380
-367
-310
-217
-105
8
114
206
284
351
411
461
496
508
490
440
362
269
181
118
92
108
155
210
243
224
132
-33
-256
-499
-715
-857
-892
-811
-633
-404
-189
-51
-40
-171
-422
-728
-997
-1129
-1035
-668
-32
806
1730
2585
3215
3487
3323
2717
1737
518
-764
-1925
-2802
-3284
-3331
-2975
-2310
-1471
-607
149
702
1009
1079
962
737
488
285
174
167
248
379
516
615
650
609
502
349
178
16
-119
-218
-282
-318
-335
-344
-349
-353
-356
-356
-356
-356
-362
-375
-397
-420
-434
-423
-371
-269
-116
74
279
465
600
659
636
542
413
298
249
310
498
800
1164
1512
1745
1771
1523
976
160
-837
-1888
-2836
-3532
-3855
-3739
-3188
-2274
-1126
90
1203
2066
2580
2706
2475
1971
1316
642
66
-327
-502
-471
-285
-24
230
407
461
381
189
-67
-329
-539
-654
-653
-542
-350
-121
95
254
328
309
207
55
-108
-241
-310
-295
-199
-40
146
318
433
461
389
225
-2
-250
-467
-608
-643
-563
-388
-162
55
199
219
87
-188
-561
-953
-1264
-1395
-1268
-846
-145
759
1749
2669
3365
3706
3612
3069
2138
945
-344
-1549
-2507
-3100
-3279
-3063
-2536
-1824
-1071
-407
72
326
364
243
45
-139
-240
-218
-70
170
448
700
873
937
892
763
593
432
318
273
295
359
429
468
447
356
207
26
-149
-286
-362
-376
-344
-296
-269
-291
-373
-505
-657
-788
-856
-832
-711
-514
-286
-84
37
50
-46
-211
-375
-449
-352
-33
509
1222
1994
2680
3127
3206
2844
2045
896
-448
-1788
-2917
-3661
-3914
-3653
-2947
-1940
-816
232
1044
1522
1643
1455
1067
610
215
-25
-67
73
336
631
866
970
913
704
395
57
-233
-420
-477
-413
-271
-110
8
42
-27
-185
-389
-586
-723
-765
-702
-554
-362
-179
-50
-2
-34
-121
-216
-270
-244
-120
87
338
577
747
811
759
621
455
334
327
474
771
1162
1547
1801
1805
1474
782
-217
-1401
-2589
-3579
-4190
-4293
-3849
-2913
-1628
-200
1142
2197
2821
2959
2650
2013
1222
459
-118
-415
-410
-156
237
636
918
997
845
498
40
-418
-772
-943
-906
-687
-359
-19
234
333
248
5
-331
-669
-918
-1008
-914
-658
-303
61
343
475
428
222
-78
-383
-599
-654
-516
-204
213
642
977
1138
1086
837
462
72
-213
-291
-105
334
952
1614
2159
2429
2308
1751
793
-445
-1785
-3019
-3950
-4428
-4380
-3823
-2856
-1642
-374
759
1614
2105
2223
2025
1619
1134
691
382
252
294
462
680
871
969
940
784
533
243
-26
-223
-319
-312
-225
-105
0
46
7
-117
-305
-517
-706
-828
-858
-793
-653
-475
-306
-190
-155
-208
-331
-485
-622
-693
-662
-519
-279
17
314
553
684
685
565
363
149
2
-4
177
561
1111
1748
2361
2823
3018
2864
2328
1441
294
-974
-2198
-3213
-3883
-4123
-3917
-3313
-2420
-1387
-372
480
1068
1343
1317
1054
656
237
-98
-278
-270
-90
205
541
833
1014
1044
923
683
385
99
-109
-197
-152
5
230
458
626
687
621
437
174
-109
-352
-500
-526
-428
-239
-13
185
297
285
139
-117
-433
-739
-966
-1061
-1002
-801
-507
-194
52
157
76
-198
-623
-1118
-1570
-1861
-1891
-1595
-965
-49
1045
2177
3185
3922
4275
4188
3669
2793
1683
493
-619
-1519
-2113
-2365
-2294
-1971
-1499
-992
-554
-261
-148
-206
-391
-635
-860
-1001
-1018
-899
-668
-370
-66
184
341
384
323
192
41
-76
-117
-60
92
312
553
764
898
928
851
690
490
303
180
152
227
383
575
744
833
804
642
369
35
-290
-538
-653
-614
-440
-189
48
175
105
-209
-764
-1496
-2289
-2994
-3456
-3546
-3192
-2394
-1229
153
1566
2805
3697
4125
4052
3524
2660
1629
613
-224
-773
-987
-894
-581
-168
214
461
512
359
49
-337
-701
-958
-1051
-968
-743
-441
-147
62
134
55
-149
-421
-682
-859
-901
-789
-547
-229
89
334
452
423
264
32
-200
-355
-375
-235
46
414
788
1080
1223
1181
966
636
279
-6
-134
-59
215
629
1075
1424
1550
1363
831
-6
-1044
-2123
-3064
-3699
-3906
-3629
-2897
-1813
-536
744
1850
2636
3023
2999
2622
2000
1267
556
-25
-413
-592
-591
-468
-297
-146
-63
-69
-157
-296
-447
-569
-635
-630
-561
-448
-315
-189
-88
-19
22
48
73
108
158
220
286
344
384
402
401
390
382
387
408
441
473
483
452
366
225
42
-153
-328
-449
-494
-461
-371
-268
-208
-245
-418
-737
-1171
-1651
-2077
-2339
-2336
-2000
-1319
-342
821
2018
3072
3821
4144
3986
3368
2388
1201
-7
-1058
-1808
-2176
-2154
-1807
-1253
-635
-94
262
380
264
-24
-391
-729
-945
-982
-831
-530
-152
210
475
585
523
316
24
-268
-485
-566
-488
-269
35
351
600
722
688
511
241
-47
-275
-377
-318
-106
210
557
847
1004
984
786
455
71
-269
-476
-492
-307
35
445
801
980
888
482
-213
-1108
-2056
-2884
-3426
-3555
-3211
-2415
-1266
71
1405
2543
3329
3672
3558
3048
2261
1350
469
-251
-734
-955
-946
-778
-543
-327
-197
-182
-276
-443
-628
-777
-848
-822
-706
-528
-330
-153
-26
37
44
20
-5
-4
42
137
266
403
518
586
597
552
472
385
319
293
314
367
425
456
427
321
143
-83
-317
-511
-625
-640
-562
-432
-307
-257
-338
-579
-964
-1433
-1886
-2202
-2265
-1990
-1347
-378
808
2050
3159
3954
4299
4129
3465
2413
1143
-143
-1249
-2022
-2378
-2315
-1911
-1300
-642
-87
255
335
171
-160
-551
-885
-1067
-1049
-834
-477
-65
300
539
600
483
233
-73
-347
-508
-509
-345
-53
293
611
823
877
767
527
223
-56
-236
-261
-121
153
493
810
1018
1056
906
593
189
-213
-516
-647
-575
-322
39
400
642
662
398
-148
-912
-1775
-2581
-3171
-3414
-3231
-2615
-1632
-410
881
2066
2987
3531
3652
3368
2757
1938
1048
217
-449
-893
-1095
-1081
-909
-651
-381
-160
-27
2
-58
-183
-332
-466
-550
-565
-504
-377
-207
-24
141
260
315
301
224
105
-26
-140
-210
-218
-162
-54
78
201
279
286
209
56
-144
-353
-521
-607
-586
-457
-243
8
237
387
416
314
104
-155
-386
-500
-426
-127
385
1049
1754
2367
2749
2789
2429
1677
611
-629
-1871
-2930
-3651
-3935
-3751
-3146
-2233
-1166
-113
775
1395
1698
1700
1466
1097
701
373
174
126
209
373
553
690
736
676
517
292
47
-173
-333
-415
-422
-370
-290
-211
-158
-142
-164
-214
-273
-323
-350
-345
-308
-245
-162
-69
26
122
212
295
363
411
429
414
366
293
213
149
124
153
239
361
481
545
495
283
-112
-676
-1349
-2034
-2608
-2945
-2941
-2541
-1752
-650
624
1894
2971
3693
3952
3720
3052
2074
963
-93
-932
-1440
-1581
-1394
-980
-477
-29
251
301
122
-225
-642
-1015
-1245
-1271
-1087
-737
-308
98
390
506
432
202
-108
-407
-606
-643
-503
-213
154
513
773
871
787
545
212
-121
-365
-450
-349
-80
291
675
972
1104
1034
775
390
-24
-357
-512
-435
-123
362
915
1398
1676
1643
1249
512
-481
-1592
-2653
-3496
-3985
-4039
-3647
-2863
-1801
-610
553
1547
2269
2663
2730
2516
2101
1582
1055
600
270
86
41
102
223
351
441
460
393
245
38
-195
-417
-589
-686
-695
-622
-489
-329
-181
-79
-47
-93
-204
-351
-494
-591
-611
-537
-377
-161
68
258
365
362
248
50
-180
-384
-503
-498
-360
-115
179
448
614
620
446
116
-296
-690
-947
-966
-684
-97
732
1683
2594
3294
3634
3521
2933
1933
651
-729
-2015
-3028
-3645
-3811
-3552
-2957
-2165
-1328
-587
-39
269
351
263
91
-73
-158
-122
37
290
583
852
1046
1133
1111
999
839
675
547
476
467
503
553
586
572
499
368
196
10
-160
-293
-378
-416
-421
-414
-415
-440
-491
-562
-638
-698
-726
-711
-656
-569
-468
-372
-295
-242
-208
-181
-141
-73
31
171
331
486
609
674
668
589
455
295
145
38
-942
-131
578
1055
1221
1075
686
176
-304
-621
-676
-438
60
723
1423
2021
2406
2506
2311
1860
1233
527
-164
-776
-1270
-1646
-1924
-2133
-2293
-2407
-2457
-2405
-2213
-1853
-1324
-661
70
778
1368
1763
1920
1844
1587
1238
902
674
616
741
1008
1332
1602
1710
1577
1174
532
-262
-1082
-1791
-2267
-2432
-2266
-1810
-1156
-429
244
759
1051
1103
946
641
264
-114
-448
-717
-925
-1093
-1241
-1375
-1479
-1514
-1427
-1169
-709
-52
749
1605
2392
2983
3273
3201
2765
2032
1122
184
-628
-1195
-1450
-1396
-1099
-678
-267
8
69
-104
-467
-919
-1330
-1572
-1553
-1242
-675
41
763
1330
1607
1518
1061
316
-571
-1419
-2042
-2298
-2112
-1498
-556
545
1603
2420
2842
2790
2276
1399
328
-734
-1589
-2080
-2122
-1714
-945
34
1036
1871
2386
2491
2174
1500
595
-376
-1250
-1884
-2192
-2152
-1806
-1252
-617
-33
393
599
574
361
42
-280
-513
-590
-489
-236
98
422
638
674
500
138
-336
-811
-1161
-1275
-1083
-578
178
1066
1925
2588
2913
2819
2298
1427
351
-744
-1667
-2258
-2424
-2155
-1525
-679
200
930
1363
1423
1110
508
-241
-971
-1522
-1782
-1704
-1318
-721
-56
526
896
978
761
305
-276
-842
-1255
-1409
-1256
-812
-151
609
1335
1905
2232
2281
2069
1657
1137
605
145
-189
-384
-456
-448
-413
-398
-434
-530
-668
-817
-939
-999
-979
-877
-711
-510
-309
-139
-19
44
63
54
40
39
62
110
175
242
299
336
351
349
342
342
357
391
435
477
500
487
427
320
175
7
-162
-315
-438
-525
-580
-609
-621
-618
-595
-541
-435
-262
-13
303
663
1021
1317
1493
1498
1307
923
388
-229
-841
-1358
-1706
-1839
-1755
-1487
-1102
-685
-319
-67
40
10
-113
-266
-376
-380
-242
38
429
872
1294
1629
1830
1878
1786
1590
1343
1094
881
714
581
448
272
16
-340
-790
-1296
-1800
-2229
-2621
-2519
-2229
-1800
-1296
-790
-340
16
272
448
581
714
881
1094
1343
1590
1786
1878
1830
1629
1294
872
429
38
-242
-380
-376
-266
-113
10
40
-67
-319
-685
-1102
-1487
-1755
-1839
-1706
-1358
-841
-229
388
923
1307
1498
1493
1317
1021
663
303
-13
-262
-435
-541
-595
-618
-621
-609
-580
-525
-438
-315
-162
7
175
320
427
487
500
477
435
391
357
342
342
349
351
336
299
242
175
110
62
39
40
54
63
44
-19
-139
-309
-510
-711
-877
-979
-999
-939
-817
-668
-530
-434
-398
-413
-448
-456
-384
-189
145
605
1137
1657
2069
2281
2232
1905
1335
609
-151
-812
-1256
-1409
-1255
-842
-276
305
761
978
896
526
-56
-721
-1318
-1704
-1782
-1522
-971
-241
508
1110
1423
1363
930
200
-679
-1525
-2155
-2424
-2258
-1667
-744
351
1427
2298
2819
2913
2588
1925
1066
178
-578
-1083
-1275
-1161
-811
-336
138
500
674
638
422
98
-236
-489
-590
-513
-280
42
361
574
599
393
-33
-617
-1252
-1806
-2152
-2192
-1884
-1250
-376
595
1500
2174
2491
2386
1871
1036
34
-945
-1714
-2122
-2080
-1589
-734
328
1399
2276
2790
2842
2420
1603
545
-556
-1498
-2112
-2298
-2042
-1419
-571
316
1061
1518
1607
1330
763
41
-675
-1242
-1553
-1572
-1330
-919
-467
-104
69
8
-267
-678
-1099
-1396
-1450
-1195
-628
184
1122
2032
2765
3201
3273
2983
2392
1605
749
-52
-709
-1169
-1427
-1514
-1479
-1375
-1241
-1093
-925
-717
-448
-114
264
641
946
1103
1051
759
244
-429
-1156
-1810
-2266
-2432
-2267
-1791
-1082
-262
532
1174
1577
1710
1602
1332
1008
741
616
674
902
1238
1587
1844
1920
1763
1368
778
70
-661
-1324
-1853
-2213
-2405
-2457
-2407
-2293
-2133
-1924
-1646
-1270
-776
-164
527
1233
1860
2311
2506
2406
2021
1423
723
60
-438
-676
-621
-304
176
686
1075
1221
1055
578
-131
-942
-1693
-2229
-2439
-2281
-1787
-1060
-246
496
1035
1293
1259
994
608
231
-17
-60
115
463
881
1244
1435
1371
1030
456
-250
-958
-1529
-1856
-1884
-1622
-1141
-557
0
412
602
548
287
-96
-493
-794
-916
-819
-509
-43
498
1020
1440
1699
1772
1668
1416
1059
639
192
-260
-700
-1111
-1469
-1736
-1867
-1809
-1526
-1004
-272
596
1486
2258
2770
2908
2610
1889
832
-409
-1641
-2669
-3328
-3519
-3228
-2527
-1559
-508
439
1132
1483
1484
1202
762
314
-3
-93
77
474
1005
1539
1944
2112
1987
1573
932
169
-590
-1231
-1670
-1865
-1825
-1599
-1257
-876
-515
-212
26
212
371
520
664
784
842
794
601
247
-250
-836
-1420
-1896
-2162
-2141
-1802
-1169
-319
624
1524
2243
2680
2781
2553
2057
1394
686
47
-435
-718
-804
-732
-572
-398
-272
-233
-287
-409
-558
-683
-746
-727
-630
-486
-337
-228
-193
-244
-363
-513
-637
-678
-590
-353
21
492
992
1443
1774
1930
1890
1666
1298
851
395
-6
-315
-518
-630
-691
-750
-854
-1031
-1284
-1581
-1869
-2073
-2117
-1941
-1513
-840
25
996
1957
2783
3359
3601
3465
2961
2146
1123
21
-1021
-1880
-2455
-2691
-2582
-2170
-1535
-785
-36
603
1049
1252
1202
929
492
-29
-549
-989
-1291
-1420
-1371
-1164
-838
-444
-30
359
695
961
1156
1286
1362
1394
1386
1337
1238
1081
860
577
243
-119
-479
-802
-1057
-1223
-1291
-1273
-1191
-1079
-972
-897
-866
-872
-889
-874
-782
-572
-224
258
836
1446
2001
2413
2603
2523
2164
1565
803
-10
-760
-1338
-1670
-1728
-1538
-1171
-732
-337
-86
-42
-217
-566
-999
-1392
-1622
-1590
-1248
-609
248
1192
2064
2706
2997
2877
2358
1532
546
-420
-1190
-1627
-1657
-1288
-607
236
1060
1686
1971
1837
1284
392
-699
-1814
-2775
-3434
-3699
-3544
-3011
-2201
-1245
-284
557
1192
1581
1732
1691
1532
1335
1171
1090
1115
1238
1427
1635
1806
1887
1837
1629
1255
730
86
-626
-1344
-1996
-2511
-2827
-2901
-2717
-2292
-1675
-946
-205
443
910
1134
1093
815
369
-141
-606
-923
-1019
-869
-500
15
574
1067
1396
1502
1376
1060
638
216
-100
-234
-151
128
536
968
1312
1468
1375
1027
470
-202
-871
-1418
-1746
-1807
-1603
-1193
-672
-154
253
473
471
258
-106
-539
-945
-1242
-1372
-1315
-1086
-730
-306
120
499
795
995
1106
1143
1127
1075
996
894
768
618
453
289
147
53
27
75
186
328
457
519
468
276
-55
-495
-981
-1433
-1768
-1916
-1836
-1528
-1032
-424
197
735
1105
1256
1179
907
507
66
-326
-602
-717
-665
-476
-206
76
308
438
446
338
151
-62
-240
-327
-287
-106
199
588
1000
1364
1612
1689
1558
1214
681
9
-723
-1430
-2018
-2404
-2529
-2365
-1922
-1249
-430
427
1210
1813
2155
2197
1943
1444
787
79
-570
-1068
-1355
-1412
-1262
-966
-601
-253
8
139
129
0
-201
-414
-581
-654
-611
-450
-192
126
468
797
1087
1322
1497
1609
1655
1627
1514
1302
985
567
71
-457
-961
-1375
-1637
-1710
-1583
-1284
-877
-446
-85
124
135
-60
-420
-867
-1295
-1599
-1696
-1541
-1140
-550
137
811
1368
1730
1862
1778
1531
1203
880
631
497
479
546
640
702
685
569
367
124
-100
-249
-283
-201
-39
128
213
128
-183
-731
-1464
-2275
-3020
-3540
-3699
-3407
-2651
-1495
-77
1411
2763
3788
4347
4377
3896
3004
1857
637
-475
-1339
-1869
-2045
-1910
-1554
-1091
-636
-279
-74
-28
-106
-245
-368
-402
-297
-33
368
855
1348
1757
1996
2001
1740
1223
498
-347
-1206
-1959
-2502
-2756
-2684
-2297
-1654
-853
-14
738
1300
1604
1630
1407
1009
535
92
-232
-384
-352
-175
78
320
468
467
301
1
-362
-695
-907
-927
-727
-331
189
730
1177
1431
1435
1185
732
173
-371
-788
-994
-957
-705
-315
99
425
567
479
175
-277
-767
-1172
-1383
-1333
-1016
-486
150
762
1221
1431
1351
1003
465
-144
-698
-1085
-1237
-1140
-835
-405
47
428
670
750
691
549
398
308
320
439
629
825
951
941
758
410
-51
-544
-970
-1243
-1306
-1152
-823
-403
3
296
400
290
-7
-418
-836
-1149
-1265
-1136
-768
-221
406
994
1431
1639
1586
1295
837
310
-178
-539
-717
-700
-521
-244
51
291
420
418
296
95
-127
-314
-420
-422
-322
-146
64
266
420
502
504
432
305
145
-27
-198
-359
-508
-640
-750
-825
-850
-805
-677
-461
-169
171
517
818
1026
1101
1026
811
488
114
-247
-531
-688
-692
-544
-275
61
401
678
837
843
690
396
4
-427
-833
-1151
-1331
-1341
-1175
-850
-404
104
609
1043
1347
1479
1424
1193
828
388
-51
-417
-650
-718
-620
-391
-95
189
383
423
279
-37
-478
-960
-1386
-1664
-1725
-1541
-1131
-557
87
697
1176
1460
1527
1398
1136
825
550
378
341
431
601
777
881
846
635
254
-255
-820
-1351
-1765
-2000
-2028
-1857
-1525
-1092
-619
-162
243
585
863
1091
1279
1425
1518
1532
1440
1223
881
441
-44
-507
-872
-1083
-1112
-974
-723
-445
-238
-184
-330
-668
-1134
-1614
-1971
-2070
-1816
-1177
-198
1001
2247
3340
4097
4387
4154
3431
2332
1026
-294
-1450
-2310
-2805
-2941
-2777
-2415
-1960
-1506
-1107
-782
-512
-261
7
310
636
948
1188
1299
1245
1020
665
253
-123
-373
-435
-291
19
413
773
985
961
667
132
-547
-1237
-1787
-2066
-1996
-1570
-854
24
907
1638
2096
2220
2020
1570
983
385
-118
-464
-643
-694
-687
-694
-765
-908
-1084
-1215
-1212
-998
-544
114
878
1595
2095
2228
1909
1141
32
-1223
-2383
-3198
-3474
-3117
-2157
-748
854
2351
3452
3943
3728
2849
1481
-106
-1607
-2736
-3290
-3185
-2467
-1301
74
1393
2422
3000
3069
2671
1932
1023
122
-629
-1149
-1424
-1498
-1453
-1374
-1326
-1334
-1377
-1397
-1321
-1089
-671
-87
595
1271
1821
2138
2155
1858
1292
551
-240
-957
-1496
-1798
-1850
-1687
-1375
-991
-598
-239
79
376
685
1035
1435
1863
2265
2563
2672
2526
2094
1397
507
-459
-1366
-2083
-2509
-2598
-2369
-1897
-1298
-708
-246
5
20
-168
-480
-805
-1032
-1078
-900
-515
13
584
1086
1420
1524
1387
1048
591
122
-251
-448
-425
-190
199
654
1070
1351
1430
1281
928
437
-98
-575
-904
-1024
-918
-613
-179
290
691
933
953
732
294
-295
-943
-1542
-1996
-2232
-2215
-1957
-1509
-955
-390
93
427
580
563
426
247
113
101
257
581
1031
1521
1943
2189
2178
1871
1292
524
-305
-1044
-1548
-1711
-1491
-921
-107
787
1577
2088
2193
1845
1080
22
-1147
-2221
-3006
-3366
-3242
-2671
-1770
-720
279
1044
1447
1435
1045
388
-377
-1074
-1548
-1696
-1485
-951
-193
656
1459
2097
2495
2629
2527
2250
1875
1475
1101
772
481
198
-107
-458
-853
-1264
-1636
-1907
-2015
-1921
-1620
-1145
-564
31
544
893
1026
930
636
205
-281
-745
-1119
-1364
-1472
-1457
-1350
-1183
-978
-738
-447
-82
383
957
1621
2322
2977
3481
3731
3646
3186
2367
1267
12
-1238
-2322
-3100
-3480
-3438
-3016
-2315
-1472
-637
59
531
742
716
520
250
0
-151
-166
-47
163
398
583
658
593
396
113
-184
-417
-517
-444
-197
179
610
1000
1258
1314
1137
744
195
-416
-983
-1403
-1603
-1550
-1260
-790
-231
315
752
1007
1045
872
535
107
-324
-675
-877
-892
-714
-371
84
582
1048
1411
1615
1627
1435
1056
528
-94
-740
-1335
-1809
-2099
-2164
-1989
-1589
-1009
-321
386
1016
1482
1720
1696
1419
936
325
-314
-884
-1298
-1500
-1468
-1221
-809
-303
223
702
1089
1363
1527
1601
1609
1570
1489
1353
1136
811
358
-219
-887
-1580
-2207
-2669
-2874
-2767
-2336
-1628
-741
189
1014
1601
1859
1759
1341
706
-2
-631
-1044
-1157
-948
-469
173
838
1382
1690
1703
1430
941
353
-197
-591
-749
-654
-354
51
434
669
665
390
-119
-766
-1408
-1894
-2094
-1934
-1414
-607
346
1271
1990
2362
2309
1832
1013
-2
-1033
-1899
-2452
-2602
-2333
-1701
-819
167
1108
1871
2367
2556
2449
2094
1567
951
322
-258
-750
-1132
-1395
-1537
-1562
-1473
-1278
-991
-635
-246
129
440
639
691
587
342
5
-356
-663
-839
-830
-613
-204
343
945
1503
1921
2122
2065
1751
1220
547
-173
-846
-1383
-1727
-1849
-1757
-1487
-1098
-657
-229
128
381
509
514
414
240
29
-181
-354
-460
-480
-406
-244
-13
254
519
739
874
896
793
576
274
-63
-379
-614
-722
-674
-470
-139
267
681
1031
1255
1313
1191
910
515
68
-361
-714
-949
-1050
-1030
-921
-771
-629
-535
-513
-565
-672
-800
-907
-957
-923
-797
-586
-314
-13
285
556
788
982
1151
1312
1483
1670
1865
2045
2172
2200
2087
1801
1332
696
-66
-891
-1701
-2419
-2974
-3316
-3423
-3297
-2965
-2473
-1874
-1220
-556
84
680
1218
1691
2085
2383
2561
2591
2445
2108
1585
904
121
-684
-1419
-1989
-2313
-2342
-2065
-1516
-771
63
867
1528
1955
2096
1948
1553
988
354
-245
-725
-1027
-1132
-1060
-859
-598
-347
-163
-80
-103
-210
-359
-498
-579
-571
-461
-262
-6
262
494
648
699
640
483
257
1
-241
-431
-541
-551
-458
-271
-8
300
622
918
1149
1278
1279
1135
848
440
-44
-546
-993
-1316
-1456
-1384
-1103
-656
-120
407
823
1038
999
700
187
-445
-1075
-1570
-1819
-1756
-1370
-717
90
909
1587
1996
2059
1766
1177
410
-381
-1040
-1438
-1501
-1220
-660
62
800
1406
1763
1809
1543
1027
369
-301
-863
-1224
-1341
-1221
-921
-529
-142
153
303
289
130
-121
-403
-651
-819
-883
-848
-737
-585
-424
-275
-141
-7
149
355
623
946
1296
1623
1869
1976
1906
1649
1228
701
146
-350
-714
-899
-899
-749
-520
-303
-193
-259
-538
-1014
-1625
-2268
-2819
-3156
-3183
-2847
-2153
-1162
16
1240
2360
3242
3789
3953
3743
3219
2477
1639
823
131
-366
-640
-701
-595
-388
-160
18
90
26
-178
-500
-897
-1316
-1699
-1998
-2175
-2210
-2099
-1853
-1496
-1056
-564
-52
451
922
1337
1673
1912
2032
2021
1870
1581
1171
670
124
-410
-873
-1207
-1366
-1322
-1075
-649
-94
521
1119
1623
1966
2103
2013
1705
1211
583
-113
-814
-1454
-1984
-2367
-2583
-2628
-2512
-2253
-1877
-1415
-899
-362
163
647
1063
1387
1603
1702
1683
1552
1326
1026
679
315
-35
-343
-583
-733
-778
-709
-529
-249
109
514
926
1299
1590
1760
1781
1641
1345
917
395
-175
-742
-1260
-1694
-2019
-2229
-2327
-2325
-2239
-2085
-1872
-1606
-1287
-917
-499
-46
419
867
1261
1566
1752
1806
1730
1549
1304
1045
828
698
686
800
1021
1306
1596
1821
1910
1806
1474
906
124
-813
-1827
-2815
-3667
-4280
-4570
-4482
-4006
-3176
-2074
-820
441
1563
2412
2894
2972
2669
2071
1310
543
-78
-435
-465
-177
352
992
1583
1973
2047
1759
1137
284
-642
-1470
-2039
-2246
-2061
-1541
-812
-45
584
937
941
608
34
-624
-1187
-1495
-1445
-1022
-300
568
1388
1967
2158
1895
1216
247
-815
-1753
-2372
-2547
-2248
-1544
-591
410
1257
1794
1942
1717
1220
611
64
-273
-323
-87
349
843
1229
1365
1170
642
-131
-1000
-1784
-2317
-2483
-2251
-1675
-885
-53
648
1089
1207
1025
640
196
-156
-299
-177
185
691
1197
1548
1623
1365
800
33
-773
-1444
-1829
-1841
-1481
-842
-82
607
1051
1129
812
163
-668
-1485
-2085
-2308
-2073
-1397
-391
763
1856
2694
3137
3130
2707
1980
1108
259
-425
-861
-1029
-977
-796
-592
-461
-459
-598
-839
-1114
-1342
-1455
-1415
-1221
-908
-535
-167
143
371
520
619
710
829
996
1199
1400
1540
1557
1406
1070
577
-8
-597
-1091
-1406
-1495
-1357
-1035
-610
-178
171
379
425
334
163
-10
-118
-116
1
201
418
574
603
464
164
-248
-692
-1070
-1292
-1305
-1096
-706
-214
278
673
902
936
798
550
280
76
0
76
280
550
798
936
902
673
278
-214
-706
-1096
-1305
-1292
-1070
-692
-248
164
464
603
574
418
201
1
-116
-118
-10
163
334
425
379
171
-178
-610
-1035
-1357
-1495
-1406
-1091
-597
-8
577
1070
1406
1557
1540
1400
1199
996
829
710
619
520
371
143
-167
-535
-908
-1221
-1415
-1455
-1342
-1114
-839
-598
-459
-461
-592
-796
-977
-1029
-861
-425
259
1108
1980
2707
3130
3137
2694
1856
763
-391
-1397
-2073
-2308
-2085
-1485
-668
163
812
1129
1051
607
-82
-842
-1481
-1841
-1829
-1444
-773
33
800
1365
1623
1548
1197
691
185
-177
-299
-156
196
640
1025
1207
1089
648
-53
-885
-1675
-2251
-2483
-2317
-1784
-1000
-131
642
1170
1365
1229
843
349
-87
-323
-273
64
611
1220
1717
1942
1794
1257
410
-591
-1544
-2248
-2547
-2372
-1753
-815
247
1216
1895
2158
1967
1388
568
-300
-1022
-1445
-1495
-1187
-624
34
608
941
937
584
-45
-812
-1541
-2061
-2246
-2039
-1470
-642
284
1137
1759
2047
1973
1583
992
352
-177
-465
-435
-78
543
1310
2071
2669
2972
2894
2412
1563
441
-820
-2074
-3176
-4006
-4482
-4570
-4280
-3667
-2815
-1827
-813
124
906
1474
1806
1910
1821
1596
1306
1021
800
686
698
828
1045
1304
1549
1730
1806
1752
1566
1261
867
419
-46
-499
-917
-1287
-1606
-1872
-2085
-2239
-2325
-2327
-2229
-2019
-1694
-1260
-742
-175
395
917
1345
1641
1781
1760
1590
1299
926
514
109
-249
-529
-709
-778
-733
-583
-343
-35
315
679
1026
1326
1552
1683
1702
1603
1387
1063
647
163
-362
-899
-1415
-1877
-2253
-2512
-2628
-2583
-2367
-1984
-1454
-814
-113
583
1211
1705
2013
2103
1966
1623
1119
521
-94
-649
-1075
-1322
-1366
-1207
-873
-410
124
670
1171
1581
1870
2021
2032
1912
1673
1337
922
451
-52
-564
-1056
-1496
-1853
-2099
-2210
-2175
-1998
-1699
-1316
-897
-500
-178
26
90
18
-160
-388
-595
-701
-640
-366
131
823
1639
2477
3219
3743
3953
3789
3242
2360
1240
16
-1162
-2153
-2847
-3183
-3156
-2819
-2268
-1625
-1014
-538
-259
-193
-303
-520
-749
-899
-899
-714
-350
146
701
1228
1649
1906
1976
1869
1623
1296
946
623
355
149
-7
-141
-275
-424
-585
-737
-848
-883
-819
-651
-403
-121
130
289
303
153
-142
-529
-921
-1221
-1341
-1224
-863
-301
369
1027
1543
1809
1763
1406
800
62
-660
-1220
-1501
-1438
-1040
-381
410
1177
1766
2059
1996
1587
909
90
-717
-1370
-1756
-1819
-1570
-1075
-445
187
700
999
1038
823
407
-120
-656
-1103
-1384
-1456
-1316
-993
-546
-44
440
848
1135
1279
1278
1149
918
622
300
-8
-271
-458
-551
-541
-431
-241
1
257
483
640
699
648
494
262
-6
-262
-461
-571
-579
-498
-359
-210
-103
-80
-163
-347
-598
-859
-1060
-1132
-1027
-725
-245
354
988
1553
1948
2096
1955
1528
867
63
-771
-1516
-2065
-2342
-2313
-1989
-1419
-684
121
904
1585
2108
2445
2591
2561
2383
2085
1691
1218
680
84
-556
-1220
-1874
-2473
-2965
-3297
-3423
-3316
-2974
-2419
-1701
-891
-66
696
1332
1801
2087
2200
2172
2045
1865
1670
1483
1312
1151
982
788
556
285
-13
-314
-586
-797
-923
-957
-907
-800
-672
-565
-513
-535
-629
-771
-921
-1030
-1050
-949
-714
-361
68
515
910
1191
1313
1255
1031
681
267
-139
-470
-674
-722
-614
-379
-63
274
576
793
896
874
739
519
254
-13
-244
-406
-480
-460
-354
-181
29
240
414
514
509
381
128
-229
-657
-1098
-1487
-1757
-1849
-1727
-1383
-846
-173
547
1220
1751
2065
2122
1921
1503
945
343
-204
-613
-830
-839
-663
-356
5
342
587
691
639
440
129
-246
-635
-991
-1278
-1473
-1562
-1537
-1395
-1132
-750
-258
322
951
1567
2094
2449
2556
2367
1871
1108
167
-819
-1701
-2333
-2602
-2452
-1899
-1033
-2
1013
1832
2309
2362
1990
1271
346
-607
-1414
-1934
-2094
-1894
-1408
-766
-119
390
665
669
434
51
-354
-654
-749
-591
-197
353
941
1430
1703
1690
1382
838
173
-469
-948
-1157
-1044
-631
-2
706
1341
1759
1859
1601
1014
189
-741
-1628
-2336
-2767
-2874
-2669
-2207
-1580
-887
-219
358
811
1136
1353
1489
1570
1609
1601
1527
1363
1089
702
223
-303
-809
-1221
-1468
-1500
-1298
-884
-314
325
936
1419
1696
1720
1482
1016
386
-321
-1009
-1589
-1989
-2164
-2099
-1809
-1335
-740
-94
528
1056
1435
1627
1615
1411
1048
582
84
-371
-714
-892
-877
-675
-324
107
535
872
1045
1007
752
315
-231
-790
-1260
-1550
-1603
-1403
-983
-416
195
744
1137
1314
1258
1000
610
179
-197
-444
-517
-417
-184
113
396
593
658
583
398
163
-47
-166
-151
0
250
520
716
742
531
59
-637
-1472
-2315
-3016
-3438
-3480
-3100
-2322
-1238
12
1267
2367
3186
3646
3731
3481
2977
2322
1621
957
383
-82
-447
-738
-978
-1183
-1350
-1457
-1472
-1364
-1119
-745
-281
205
636
930
1026
893
544
31
-564
-1145
-1620
-1921
-2015
-1907
-1636
-1264
-853
-458
-107
198
481
772
1101
1475
1875
2250
2527
2629
2495
2097
1459
656
-193
-951
-1485
-1696
-1548
-1074
-377
388
1045
1435
1447
1044
279
-720
-1770
-2671
-3242
-3366
-3006
-2221
-1147
22
1080
1845
2193
2088
1577
787
-107
-921
-1491
-1711
-1548
-1044
-305
524
1292
1871
2178
2189
1943
1521
1031
581
257
101
113
247
426
563
580
427
93
-390
-955
-1509
-1957
-2215
-2232
-1996
-1542
-943
-295
294
732
953
933
691
290
-179
-613
-918
-1024
-904
-575
-98
437
928
1281
1430
1351
1070
654
199
-190
-425
-448
-251
122
591
1048
1387
1524
1420
1086
584
13
-515
-900
-1078
-1032
-805
-480
-168
20
5
-246
-708
-1298
-1897
-2369
-2598
-2509
-2083
-1366
-459
507
1397
2094
2526
2672
2563
2265
1863
1435
1035
685
376
79
-239
-598
-991
-1375
-1687
-1850
-1798
-1496
-957
-240
551
1292
1858
2155
2138
1821
1271
595
-87
-671
-1089
-1321
-1397
-1377
-1334
-1326
-1374
-1453
-1498
-1424
-1149
-629
122
1023
1932
2671
3069
3000
2422
1393
74
-1301
-2467
-3185
-3290
-2736
-1607
-106
1481
2849
3728
3943
3452
2351
854
-748
-2157
-3117
-3474
-3198
-2383
-1223
32
1141
1909
2228
2095
1595
878
114
-544
-998
-1212
-1215
-1084
-908
-765
-694
-687
-694
-643
-464
-118
385
983
1570
2020
2220
2096
1638
907
24
-854
-1570
-1996
-2066
-1787
-1237
-547
132
667
961
985
773
413
19
-291
-435
-373
-123
253
665
1020
1245
1299
1188
948
636
310
7
-261
-512
-782
-1107
-1506
-1960
-2415
-2777
-2941
-2805
-2310
-1450
-294
1026
2332
3431
4154
4387
4097
3340
2247
1001
-198
-1177
-1816
-2070
-1971
-1614
-1134
-668
-330
-184
-238
-445
-723
-974
-1112
-1083
-872
-507
-44
441
881
1223
1440
1532
1518
1425
1279
1091
863
585
243
-162
-619
-1092
-1525
-1857
-2028
-2000
-1765
-1351
-820
-255
254
635
846
881
777
601
431
341
378
550
825
1136
1398
1527
1460
1176
697
87
-557
-1131
-1541
-1725
-1664
-1386
-960
-478
-37
279
423
383
189
-95
-391
-620
-718
-650
-417
-51
388
828
1193
1424
1479
1347
1043
609
104
-404
-850
-1175
-1341
-1331
-1151
-833
-427
4
396
690
843
837
678
401
61
-275
-544
-692
-688
-531
-247
114
488
811
1026
1101
1026
818
517
171
-169
-461
-677
-805
-850
-825
-750
-640
-508
-359
-198
-27
145
305
432
504
502
420
266
64
-146
-322
-422
-420
-314
-127
95
296
418
420
291
51
-244
-521
-700
-717
-539
-178
310
837
1295
1586
1639
1431
994
406
-221
-768
-1136
-1265
-1149
-836
-418
-7
290
400
296
3
-403
-823
-1152
-1306
-1243
-970
-544
-51
410
758
941
951
825
629
439
320
308
398
549
691
750
670
428
47
-405
-835
-1140
-1237
-1085
-698
-144
465
1003
1351
1431
1221
762
150
-486
-1016
-1333
-1383
-1172
-767
-277
175
479
567
425
99
-315
-705
-957
-994
-788
-371
173
732
1185
1435
1431
1177
730
189
-331
-727
-927
-907
-695
-362
1
301
467
468
320
78
-175
-352
-384
-232
92
535
1009
1407
1630
1604
1300
738
-14
-853
-1654
-2297
-2684
-2756
-2502
-1959
-1206
-347
498
1223
1740
2001
1996
1757
1348
855
368
-33
-297
-402
-368
-245
-106
-28
-74
-279
-636
-1091
-1554
-1910
-2045
-1869
-1339
-475
637
1857
3004
3896
4377
4347
3788
2763
1411
-77
-1495
-2651
-3407
-3699
-3540
-3020
-2275
-1464
-731
-183
128
213
128
-39
-201
-283
-249
-100
124
367
569
685
702
640
546
479
497
631
880
1203
1531
1778
1862
1730
1368
811
137
-550
-1140
-1541
-1696
-1599
-1295
-867
-420
-60
135
124
-85
-446
-877
-1284
-1583
-1710
-1637
-1375
-961
-457
71
567
985
1302
1514
1627
1655
1609
1497
1322
1087
797
468
126
-192
-450
-611
-654
-581
-414
-201
0
129
139
8
-253
-601
-966
-1262
-1412
-1355
-1068
-570
79
787
1444
1943
2197
2155
1813
1210
427
-430
-1249
-1922
-2365
-2529
-2404
-2018
-1430
-723
9
681
1214
1558
1689
1612
1364
1000
588
199
-106
-287
-327
-240
-62
151
338
446
438
308
76
-206
-476
-665
-717
-602
-326
66
507
907
1179
1256
1105
735
197
-424
-1032
-1528
-1836
-1916
-1768
-1433
-981
-495
-55
276
468
519
457
328
186
75
27
53
147
289
453
618
768
894
996
1075
1127
1143
1106
995
795
499
120
-306
-730
-1086
-1315
-1372
-1242
-945
-539
-106
258
471
473
253
-154
-672
-1193
-1603
-1807
-1746
-1418
-871
-202
470
1027
1375
1468
1312
968
536
128
-151
-234
-100
216
638
1060
1376
1502
1396
1067
574
15
-500
-869
-1019
-923
-606
-141
369
815
1093
1134
910
443
-205
-946
-1675
-2292
-2717
-2901
-2827
-2511
-1996
-1344
-626
86
730
1255
1629
1837
1887
1806
1635
1427
1238
1115
1090
1171
1335
1532
1691
1732
1581
1192
557
-284
-1245
-2201
-3011
-3544
-3699
-3434
-2775
-1814
-699
392
1284
1837
1971
1686
1060
236
-607
-1288
-1657
-1627
-1190
-420
546
1532
2358
2877
2997
2706
2064
1192
248
-609
-1248
-1590
-1622
-1392
-999
-566
-217
-42
-86
-337
-732
-1171
-1538
-1728
-1670
-1338
-760
-10
803
1565
2164
2523
2603
2413
2001
1446
836
258
-224
-572
-782
-874
-889
-872
-866
-897
-972
-1079
-1191
-1273
-1291
-1223
-1057
-802
-479
-119
243
577
860
1081
1238
1337
1386
1394
1362
1286
1156
961
695
359
-30
-444
-838
-1164
-1371
-1420
-1291
-989
-549
-29
492
929
1202
1252
1049
603
-36
-785
-1535
-2170
-2582
-2691
-2455
-1880
-1021
21
1123
2146
2961
3465
3601
3359
2783
1957
996
25
-840
-1513
-1941
-2117
-2073
-1869
-1581
-1284
-1031
-854
-750
-691
-630
-518
-315
-6
395
851
1298
1666
1890
1930
1774
1443
992
492
21
-353
-590
-678
-637
-513
-363
-244
-193
-228
-337
-486
-630
-727
-746
-683
-558
-409
-287
-233
-272
-398
-572
-732
-804
-718
-435
47
686
1394
2057
2553
2781
2680
2243
1524
624
-319
-1169
-1802
-2141
-2162
-1896
-1420
-836
-250
247
601
794
842
784
664
520
371
212
26
-212
-515
-876
-1257
-1599
-1825
-1865
-1670
-1231
-590
169
932
1573
1987
2112
1944
1539
1005
474
77
-93
-3
314
762
1202
1484
1483
1132
439
-508
-1559
-2527
-3228
-3519
-3328
-2669
-1641
-409
832
1889
2610
2908
2770
2258
1486
596
-272
-1004
-1526
-1809
-1867
-1736
-1469
-1111
-700
-260
192
639
1059
1416
1668
1772
1699
1440
1020
498
-43
-509
-819
-916
-794
-493
-96
287
548
602
412
0
-557
-1141
-1622
-1884
-1856
-1529
-958
-250
456
1030
1371
1435
1244
881
463
115
-60
-17
231
608
994
1259
1293
1035
496
-246
-1060
-1787
-2281
-2439
-2229
-1693
-942
-131
578
1055
1221
1075
686
176
-304
-621
-676
-438
60
723
1423
2021
2406
2506
2311
1860
1233
527
-164
-776
-1270
-1646
-1924
-2133
-2293
-2407
-2457
-2405
-2213
-1853
-1324
-661
70
778
1368
1763
1920
1844
1587
1238
902
674
616
741
1008
1332
1602
1710
1577
1174
532
-262
-1082
-1791
-2267
-2432
-2266
-1810
-1156
-429
244
759
1051
1103
946
641
264
-114
-448
-717
-925
-1093
-1241
-1375
-1479
-1514
-1427
-1169
-709
-52
749
1605
2392
2983
3273
3201
2765
2032
1122
184
-628
-1195
-1450
-1396
-1099
-678
-267
8
69
-104
-467
-919
-1330
-1572
-1553
-1242
-675
41
763
1330
1607
1518
1061
316
-571
-1419
-2042
-2298
-2112
-1498
-556
545
1603
2420
2842
2790
2276
1399
328
-734
-1589
-2080
-2122
-1714
-945
34
1036
1871
2386
2491
2174
1500
595
-376
-1250
-1884
-2192
-2152
-1806
-1252
-617
-33
393
599
574
361
42
-280
-513
-590
-489
-236
98
422
638
674
500
138
-336
-811
-1161
-1275
-1083
-578
178
1066
1925
2588
2913
2819
2298
1427
351
-744
-1667
-2258
-2424
-2155
-1525
-679
200
930
1363
1423
1110
508
-241
-971
-1522
-1782
-1704
-1318
-721
-56
526
896
978
761
305
-276
-842
-1255
-1409
-1256
-812
-151
609
1335
1905
2232
2281
2069
1657
1137
605
145
-189
-384
-456
-448
-413
-398
-434
-530
-668
-817
-939
-999
-979
-877
-711
-510
-309
-139
-19
44
63
54
40
39
62
110
175
242
299
336
351
349
342
342
357
391
435
477
500
487
427
320
175
7
-162
-315
-438
-525
-580
-609
-621
-618
-595
-541
-435
-262
-13
303
663
1021
1317
1493
1498
1307
923
388
-229
-841
-1358
-1706
-1839
-1755
-1487
-1102
-685
-319
-67
40
10
-113
-266
-376
-380
-242
38
429
872
1294
1629
1830
1878
1786
1590
1343
1094
881
714
581
448
272
16
-340
-790
-1296
-1800
-2229
-2519
