0
4278
8485
12550
16402
19973
23203
26035
28419
30314
31684
32507
32766
32456
31581
30156
28203
25758
22860
19561
15917
11991
7852
3573
-771
-5106
-9352
-13436
-17284
-20829
-24006
-26759
-29038
-30801
-32015
-32660
-32720
-32196
-31094
-29434
-27244
-24563
-21439
-17925
-14087
-9991
-5712
-1327
3083
7441
11667
15683
19415
22796
25762
28259
30239
31667
32514
32764
32412
31462
29931
27847
25247
22178
18696
14865
10755
6443
2009
-2465
-6896
-11201
-15299
-19113
-22570
-25606
-28162
-30190
-31650
-32514
-32764
-32394
-31411
-29832
-27686
-25012
-21861
-18292
-14372
-10175
-5781
-1274
3259
7733
12062
16161
19951
23359
26318
28771
30668
31973
32659
32711
32127
30919
29107
26727
23823
20452
16679
12577
8226
3711
-879
-5455
-9926
-14204
-18204
-21846
-25058
-27775
-29942
-31516
-32464
-32766
-32415
-31417
-29790
-27567
-24790
-21514
-17805
-13736
-9388
-4849
-209
4437
8997
13377
17489
21248
24578
27411
29687
31359
32393
32765
32468
31507
29899
27676
24884
21579
17828
13707
9301
4700
0
-4703
-9311
-13729
-17864
-21629
-24947
-27746
-29968
-31566
-32503
-32761
-32332
-31225
-29460
-27076
-24119
-20653
-16748
-12488
-7961
-3263
1506
6246
10856
15238
19298
22949
26112
28719
30713
32051
32702
32651
31900
30461
28366
25658
22395
18646
14492
10022
5332
524
-4298
-9029
-13567
-17811
-21669
-25055
-27896
-30127
-31699
-32577
-32739
-32182
-30916
-28967
-26379
-23206
-19519
-15397
-10932
-6222
-1372
3511
8320
12945
17284
21240
24723
27655
29968
31611
32545
32748
32214
30954
28995
26381
23169
19431
15252
10724
5950
1038
-3899
-8751
-13405
-17757
-21705
-25159
-28038
-30277
-31822
-32637
-32702
-32014
-30588
-28456
-25665
-22280
-18377
-14047
-9388
-4509
477
5455
10308
14924
19194
23018
26305
28979
30974
32243
32756
32498
31476
29711
27244
24133
20449
16280
11722
6884
1880
-3170
-8148
-12935
-17416
-21484
-25041
-28000
-30291
-31856
-32659
-32677
-31909
-30373
-28105
-25157
-21600
-17520
-13013
-8189
-3163
1941
7001
11893
16499
20705
24407
27516
29953
31659
32589
32721
32049
30590
28377
25463
21921
17836
13307
8448
3377
-1780
-6896
-11843
-16499
-20746
-24479
-27603
-30040
-31727
-32621
-32699
-31957
-30413
-28105
-25088
-21439
-17247
-12618
-7668
-2522
2689
7836
12787
17416
21605
25247
28248
30530
32035
32723
32574
31592
29801
27244
23987
20112
15718
10917
5832
595
-4660
-9798
-14685
-19194
-23208
-26622
-29345
-31307
-32455
-32757
-32206
-30813
-28614
-25665
-22043
-17841
-13169
-8148
-2911
2405
7661
12717
17440
21705
25397
28419
30689
32146
32750
32483
31352
29385
26633
23169
19084
14487
9500
4255
-1105
-6439
-11603
-16457
-20870
-24723
-27911
-30346
-31961
-32712
-32578
-31559
-29684
-27001
-23582
-19519
-14922
-9916
-4636
771
6162
11386
16301
20770
24671
27896
30354
31977
32719
32558
31498
29565
26813
23317
19172
14492
9407
4058
-1405
-6833
-12073
-16978
-21411
-25247
-28377
-30713
-32188
-32760
-32410
-31148
-29007
-26047
-22351
-18021
-13179
-7961
-2516
3003
8440
13640
18454
22745
26389
29282
31340
32503
32737
32033
30409
27913
24613
20604
16000
10932
5547
0
-5550
-10942
-16021
-20637
-24657
-27963
-30458
-32068
-32745
-32468
-31244
-29107
-26118
-22364
-17952
-13013
-7689
-2137
3479
8997
14252
19090
23367
26955
29748
31662
32640
32650
31691
29790
27003
23411
19119
14256
8965
3403
-2262
-7862
-13230
-18204
-22633
-26385
-29345
-31423
-32556
-32707
-31871
-30072
-27362
-23823
-19561
-14703
-9397
-3803
1908
7565
12994
18030
22517
26318
29316
31419
32559
32702
31841
30001
27238
23635
19302
14372
8996
3339
-2422
-8112
-13553
-18577
-23026
-26761
-29667
-31650
-32648
-32629
-31591
-29565
-26615
-22829
-18327
-13249
-7752
-2009
3799
9491
14886
19815
24120
27666
30338
32052
32751
32412
31044
28690
25423
21345
16586
11295
5642
-193
-6025
-11667
-16938
-21669
-25706
-28920
-31206
-32489
-32726
-31909
-30063
-27244
-23544
-19081
-13998
-8460
-2644
3259
9060
14569
19606
24006
27626
30346
32075
32756
32366
30916
28451
25051
20827
15917
10480
4696
-1244
-7147
-12817
-18065
-22719
-26622
-29644
-31684
-32674
-32578
-31398
-29173
-25975
-21909
-17110
-11737
-5969
0
5972
11747
17130
21941
26016
29217
31436
32596
32657
31615
29504
26395
22390
17625
12260
6476
470
-5554
-11392
-16845
-21726
-25867
-29127
-31393
-32585
-32662
-31619
-29491
-26349
-22301
-17483
-12062
-6222
-166
5898
11762
17222
22088
26191
29387
31566
32648
32597
31411
29131
25835
21636
16679
11138
5205
-912
-7001
-12847
-18244
-23003
-26955
-29960
-31912
-32739
-32412
-30940
-28374
-24803
-20353
-15179
-9465
-3413
2763
8843
14612
19863
24407
28083
30758
32334
32755
32003
30103
27124
23169
18381
12929
7010
836
-5370
-11386
-16993
-21989
-26191
-29446
-31636
-32680
-32538
-31214
-28754
-25247
-20819
-15630
-9868
-3744
2518
8692
14551
19879
24480
28184
30855
32393
32739
31880
29845
26709
22585
17625
12011
5950
-333
-6607
-12639
-18204
-23094
-27128
-30152
-32055
-32763
-32248
-30528
-27666
-23767
-18976
-13473
-7461
-1167
5173
11322
17047
22132
26385
29644
31785
32724
32427
30901
28203
24435
19738
14288
8294
1981
-4409
-10635
-16457
-21654
-26025
-29402
-31656
-32697
-32485
-31027
-28377
-24634
-19943
-14481
-8460
-2109
4324
10594
16457
21686
26077
29459
31699
32710
32451
30929
28203
24378
19601
14056
7961
1552
-4919
-11201
-17047
-22227
-26537
-29806
-31906
-32751
-32307
-30590
-27666
-23648
-18696
-13002
-6791
-309
6187
12441
18204
23246
27366
30398
32222
32762
31995
29951
26709
22398
17189
11289
4935
-1619
-8112
-14281
-19879
-24678
-28486
-31147
-32552
-32643
-31416
-28917
-25247
-20553
-15023
-8882
-2378
4225
10659
16662
21989
26421
29777
31918
32756
32254
30432
27362
23169
18024
12137
5748
-879
-7473
-13762
-19485
-24407
-28323
-31070
-32533
-32650
-31414
-28875
-25136
-20353
-14721
-8475
-1874
4807
11292
17307
22602
26955
30182
32146
32765
32010
29911
26556
22083
16679
10571
4016
-2711
-9326
-15551
-21121
-25799
-29387
-31732
-32732
-32344
-30582
-27520
-23286
-18060
-12062
-5547
1206
7911
14280
20041
24947
28786
31393
32653
32513
30975
28105
24024
18906
12972
6476
-301
-7069
-13534
-19415
-24458
-28443
-31196
-32596
-32580
-31148
-28360
-24336
-19250
-13322
-6811
0
6813
13332
19269
24364
28393
31178
32594
32578
31129
28309
24241
19103
13120
6555
-301
-7147
-13680
-19609
-24671
-28641
-31340
-32648
-32505
-30916
-27948
-23735
-18460
-12360
-5706
1206
8067
14569
20421
25359
29162
31656
32728
32328
30473
27244
22786
17298
11027
4255
-2711
-9557
-15974
-21669
-26383
-29901
-32062
-32766
-31979
-29736
-26137
-21345
-15577
-9095
-2195
4807
11593
17850
23291
27666
30771
32464
32665
31362
28614
24546
19345
13249
6538
-477
-7473
-14125
-20126
-25196
-29098
-31650
-32732
-32292
-30349
-26991
-22374
-16712
-10266
-3339
3746
10659
17076
22694
27251
30530
32377
32702
31489
28793
24740
19519
13375
6597
-494
-7565
-14281
-20323
-25404
-29282
-31772
-32753
-32178
-30072
-26533
-21729
-15887
-9285
-2238
4919
11843
18204
23695
28052
31066
32589
32548
30942
27847
23411
17845
11416
4435
-2763
-9830
-16425
-22227
-26955
-30378
-32330
-32713
-31507
-28769
-24631
-19293
-13013
-6096
1120
8285
15047
21076
26077
29802
32068
32763
31850
29372
25451
20276
14101
7230
0
-7232
-14111
-20295
-25478
-29402
-31872
-32764
-32033
-29711
-25913
-20827
-14703
-7845
-595
6688
13640
19914
25196
29220
31785
32759
32093
29819
26047
20967
14832
7950
664
-6656
-13645
-19948
-25247
-29273
-31822
-32763
-32046
-29706
-25861
-20703
-14492
-7543
-209
7138
14125
20396
25629
29557
31977
32766
31880
29363
25342
20022
13674
6622
-771
-8129
-15071
-21240
-26318
-30042
-32219
-32734
-31559
-28754
-24461
-18901
-12360
-5177
2276
9615
16457
22447
27271
30678
32489
32608
31026
27825
23169
17302
10527
3199
-4298
-11573
-18244
-23960
-28419
-31387
-32705
-32302
-30198
-26501
-21406
-15179
-8148
-684
6817
13962
20369
25700
29668
32064
32757
31710
28975
24698
19103
12488
5205
-2358
-9798
-16717
-22745
-27557
-30894
-32577
-32513
-30703
-27244
-22319
-16192
-9191
-1693
5898
13175
19743
25247
29388
31941
32765
31816
29141
24884
19276
12618
5272
-2362
-9871
-16845
-22903
-27714
-31014
-32621
-32445
-30495
-26875
-21781
-15492
-8351
-749
6896
14165
20658
26016
29942
32220
32721
31417
28377
23767
17841
10926
3403
-4310
-11787
-18613
-24407
-28847
-31684
-32759
-32010
-29476
-25298
-19707
-13013
-5590
2148
9769
16845
22980
27828
31116
32659
32366
30254
26438
21133
14635
7310
-430
-8148
-15409
-21801
-26962
-30598
-32502
-32563
-30778
-27244
-22162
-15818
-8572
-836
6950
14343
20920
26305
30190
32350
32661
31103
27762
22829
16586
9388
1649
-6187
-13670
-20369
-25898
-29936
-32249
-32702
-31267
-28024
-23161
-16955
-9766
-2009
5867
13405
20168
25762
29860
32222
32709
31291
28049
23169
16936
9711
1916
-5992
-13553
-20323
-25904
-29968
-32275
-32687
-31179
-27837
-22855
-16527
-9222
-1372
6562
14111
20829
26318
30252
32397
32623
30916
27374
22206
15718
8294
373
-7571
-15067
-21669
-26980
-30683
-32556
-32483
-30469
-26631
-21197
-14492
-6916
1077
9009
16402
22811
27851
31216
32702
32218
29790
25564
19793
12824
5078
-2978
-10856
-18080
-24210
-28873
-31785
-32766
-31757
-28816
-24119
-17952
-10689
-2772
5316
13083
20053
25799
29968
32304
32662
31017
27469
22233
15630
8064
0
-8067
-15639
-22251
-27492
-31038
-32669
-32282
-29899
-25665
-19840
-12785
-4935
3223
11185
18454
24578
29176
31960
32754
31507
28295
23317
16881
9388
1306
-6859
-14599
-21426
-26913
-30713
-32587
-32415
-30206
-26096
-20343
-13307
-5431
2789
10837
18204
24423
29100
31937
32755
31498
28244
23199
16679
9099
938
-7285
-15047
-21854
-27271
-30951
-32659
-32282
-29844
-25497
-19519
-12290
-4271
4023
12062
19330
25359
29762
32252
32670
30984
27303
21861
15008
7184
-1105
-9326
-16947
-23474
-28484
-31650
-32766
-31757
-28687
-23753
-17274
-9670
-1435
6896
14781
21705
27215
30951
32666
32248
29720
25247
19119
11737
3583
-4807
-12886
-20121
-26035
-30239
-32455
-32534
-30469
-26395
-20578
-13400
-5336
3083
11302
18775
25007
29584
32200
32681
30992
27244
21684
14679
6695
-1736
-10055
-17706
-24178
-29038
-31959
-32744
-31340
-27837
-22468
-15592
-7668
771
9163
16942
23583
28641
31772
32764
31548
28203
22955
16155
8261
-193
-8637
-16499
-23246
-28419
-31667
-32766
-31641
-28366
-23161
-16378
-8479
0
8482
16388
23178
28387
31659
32766
31633
28334
23092
16267
8323
-193
-8699
-16610
-23382
-28547
-31748
-32764
-31521
-28105
-22748
-15818
-7793
771
9287
17161
23850
28887
31923
32744
31292
27666
22114
15023
6884
-1736
-10238
-18030
-24565
-29387
-32158
-32681
-30919
-26991
-21173
-13868
-5590
3083
11543
19194
25499
30012
32414
32534
30361
26047
19895
12336
3903
-4807
-13181
-20625
-26610
-30711
-32637
-32248
-29569
-24790
-18247
-10405
-1820
6896
15124
22277
27843
31423
32760
31757
28483
23169
16196
8060
-655
-9326
-17331
-24094
-29127
-32068
-32703
-30984
-27033
-21133
-13707
-5289
3511
12062
19743
25999
30374
32552
32371
29844
25150
18630
10754
2094
-6719
-15047
-22282
-27896
-31478
-32765
-31661
-28244
-22763
-15616
-7324
1506
10228
18204
24847
29668
32313
32585
30461
26096
19809
12062
3423
-5469
-13962
-21426
-27310
-31178
-32740
-31881
-28661
-23317
-16242
-7961
912
9721
17811
24578
29519
32265
32608
30520
26157
19840
12041
3339
-5613
-14150
-21629
-27492
-31296
-32755
-31758
-28377
-22863
-15630
-7219
1736
10564
18599
25234
29968
32443
32468
30041
25342
18725
10689
1842
-7147
-15598
-22868
-28404
-31785
-32751
-31227
-27327
-21345
-13736
-5078
3969
12717
20496
26712
30887
32702
32014
28875
23522
16364
7950
-1077
-10024
-18204
-24986
-29848
-32414
-32483
-30050
-25298
-18593
-10451
-1499
7571
16058
23305
28750
31969
32711
30916
26720
20449
12587
3744
-5391
-14111
-21734
-27666
-31442
-32766
-31533
-27837
-21964
-14372
-5653
3510
12401
20323
26654
30894
32710
31957
28692
23169
15822
7226
-1941
-10958
-19113
-25762
-30378
-32596
-32237
-29328
-24096
-16955
-8469
691
9799
18132
25028
29936
32465
32412
29778
24772
17791
9388
234
-8940
-17404
-24479
-29598
-32350
-32513
-30072
-25219
-18342
-9991
-836
8388
16942
24135
29387
32275
32563
30226
25451
18620
10283
1113
-8148
-16754
-24006
-29316
-32252
-32574
-30254
-25477
-18630
-10266
-1066
8222
16845
24098
29390
32286
32549
30156
25298
18372
9941
695
-8610
-17213
-24407
-29603
-32371
-32482
-29925
-24908
-17841
-9305
0
9307
17850
24924
29942
32491
32356
29546
24293
17028
8351
-1019
-10308
-18745
-25629
-30386
-32621
-32145
-28995
-23432
-15917
-7073
2362
11603
19879
26497
30903
32728
31816
28241
22301
14491
5464
-4023
-13175
-21224
-27492
-31451
-32766
-31324
-27244
-20868
-12732
-3519
5992
15001
22745
28568
31977
32682
30619
25962
19103
10622
1238
-8253
-17047
-24394
-29668
-32420
-32412
-29643
-24347
-16973
-8148
1373
10781
19269
26112
30723
32705
31886
28334
22351
14449
5304
-4298
-13534
-21608
-27826
-31650
-32749
-31026
-26627
-19930
-11510
-2094
7504
16457
23989
29446
32355
32460
29752
24461
17046
8148
-1459
-10942
-19477
-26318
-30870
-32732
-31742
-27983
-21780
-13674
-4371
5316
14541
22496
28484
31977
32669
30495
25645
18541
9807
209
-9410
-18204
-25397
-30356
-32640
-32046
-28625
-22675
-14721
-5464
4278
13645
21806
28038
31787
32719
30748
26047
19032
10324
695
-8997
-17892
-25196
-30256
-32621
-32077
-28669
-22701
-14703
-5389
4409
13816
21989
28193
31872
32694
30582
25725
18555
9715
0
-9718
-18563
-25739
-30598
-32699
-31850
-28126
-21861
-13619
-4144
5708
15047
23026
28920
32194
32549
29951
24631
17073
7961
-1876
-11547
-20168
-26955
-31287
-32766
-31257
-26894
-20073
-11416
-1713
8148
17267
24807
30076
32589
32113
28690
22632
14492
5018
-4919
-14407
-22570
-28657
-32104
-32591
-30072
-24775
-17189
-8012
1907
11653
20323
27113
31393
32763
31094
26539
19519
10683
852
-9060
-18132
-25519
-30530
-32697
-31816
-27965
-21503
-13031
-3339
6667
16052
23938
29584
32459
32292
29097
23169
15065
5543
-4501
-14125
-22423
-28612
-32108
-32578
-29977
-24546
-16798
-7461
2582
12385
21019
27666
31694
32721
30647
25665
18247
9095
-923
-10856
-19760
-26786
-31264
-32766
-31146
-26556
-19431
-10451
-470
9557
18675
26008
30855
32749
31507
27244
20368
11537
1595
-8501
-17784
-25359
-30497
-32702
-31758
-27754
-21074
-12360
-2451
7696
17103
24860
30215
32648
31922
28105
21563
12929
3039
-7147
-16643
-24525
-30025
-32607
-32016
-28309
-21844
-13249
-3359
6859
16412
24364
29939
32588
32050
28377
21924
13322
3413
-6833
-16412
-24382
-29960
-32596
-32028
-28309
-21804
-13150
-3199
7069
16643
24578
30089
32630
31946
28105
21482
12732
2719
-7565
-17103
-24947
-30318
-32680
-31797
-27754
-20951
-12062
-1970
8320
17784
25478
30633
32732
31565
27244
20200
11134
952
-9326
-18675
-26154
-31014
-32765
-31228
-26556
-19215
-9941
333
10578
19760
26955
31436
32749
30759
25665
17979
8475
-1887
-12062
-21019
-27851
-31864
-32650
-30126
-24546
-16475
-6728
3703
13762
22423
28806
32258
32427
29291
23169
14683
4696
-5772
-15653
-23938
-29777
-32571
-32033
-28214
-21503
-12587
-2378
8077
17706
25519
30711
32748
31416
26850
19519
10175
-219
-10594
-19879
-27113
-31549
-32726
-30520
-25157
-17189
-7439
3083
13289
22119
28657
32222
32441
29289
23092
14492
4381
-6187
-16114
-24364
-30076
-32652
-31820
-27666
-20619
-11416
-1017
9491
19008
26537
31287
32757
30792
25595
17709
7961
-2625
-12939
-21894
-28547
-32194
-32451
-29286
-23032
-14346
-4144
6498
16457
24678
30291
32699
31644
27238
19943
10531
0
-10533
-19951
-27251
-31656
-32694
-30254
-24592
-16309
-6286
4409
14637
23305
29487
32519
32077
28203
21312
12137
1660
-8997
-18692
-26385
-31248
-32757
-30748
-25434
-17383
-7461
3266
13645
22556
29038
32390
32248
28625
21909
12824
2351
-8378
-18204
-26061
-31098
-32765
-30880
-25645
-17625
-7689
3083
13524
22496
29023
32393
32235
28565
21780
12618
2077
-8692
-18516
-26318
-31245
-32755
-30681
-25247
-17046
-6975
3863
14280
23132
29446
32527
32033
28015
20915
11510
836
-9932
-19609
-27125
-31650
-32682
-30103
-24198
-15616
-5304
5596
15880
24407
30232
32705
31550
26894
19250
9465
-1373
-12062
-21411
-28379
-32188
-32412
-29022
-22395
-13267
-2656
8253
18244
26197
31222
32754
30619
25054
16679
6433
-4537
-15001
-23783
-29895
-32648
-31731
-27244
-19690
-9916
976
11762
21224
28293
32170
32415
28997
22301
13080
2378
-8595
-18599
-26497
-31393
-32729
-30352
-24528
-15917
-5494
5554
15974
24578
30386
32734
31352
26395
18425
8351
-2679
-13405
-22602
-29217
-32491
-32046
-27932
-20616
-10936
0
10939
20625
27944
32055
32482
29173
22507
13249
2462
-8610
-18692
-26622
-31481
-32707
-30156
-24119
-15293
-4696
6446
16845
25296
30817
32766
30916
25477
17079
6695
-4468
-15115
-24006
-30106
-32702
-31489
-26606
-18620
-8460
2689
13528
22788
29387
32552
31909
27532
19930
9991
-1120
-12103
-21669
-28693
-32350
-32208
-28280
-21025
-11295
-234
10856
20671
28052
32127
32412
28871
21921
12379
1372
-9799
-19815
-27487
-31906
-32545
-29328
-22632
-13249
-2291
8940
19113
27016
31708
32629
29666
23169
13911
2992
-8285
-18577
-26654
-31549
-32677
-29899
-23544
-14372
-3477
7836
18214
26411
31442
32702
30037
23764
14635
3744
-7598
-18030
-26293
-31393
-32711
-30086
-23833
-14703
-3796
7571
18026
26305
31405
32707
30050
23753
14577
3632
-7754
-18204
-26446
-31479
-32688
-29925
-23522
-14256
-3253
8148
18560
26712
31608
32650
29706
23135
13736
2656
-8751
-19090
-27095
-31785
-32581
-29385
-22585
-13013
-1842
9557
19786
27585
31994
32468
28947
21861
12081
809
-10564
-20637
-28166
-32219
-32293
-28377
-20951
-10932
440
11762
21629
28819
32437
32033
27653
19840
9561
-1907
-13142
-22745
-29519
-32621
-31661
-26755
-18514
-7961
3586
14689
23960
30239
32740
31148
25658
16955
6128
-5469
-16384
-25247
-30944
-32759
-30461
-24336
-15151
-4058
7546
18204
26572
31595
32638
29565
22763
13087
1756
-9798
-20118
-27896
-32148
-32332
-28424
-20915
-10754
771
12203
22088
29171
32552
31797
27001
18769
8148
-3511
-14727
-24069
-30346
-32754
-30984
-25260
-16309
-5272
6439
17331
26008
31359
32696
29845
23169
13521
2137
-9523
-19964
-27843
-32146
-32318
-28334
-20703
-10405
1234
12717
22564
29503
32637
31559
26407
17841
6968
-4807
-15965
-25058
-30909
-32757
-30361
-24028
-14577
-3233
8533
19194
27364
31977
32433
28669
21173
10917
-762
-12345
-22321
-29387
-32619
-31592
-26438
-17828
-6884
4961
16161
25247
31028
32744
30168
23635
13998
2522
-9287
-19879
-27860
-32179
-32265
-28105
-20242
-9711
2101
13640
23382
30040
32733
31103
25362
16267
5018
-6896
-17901
-26537
-31659
-32585
-29190
-21921
-11741
0
11743
21929
29201
32589
31641
26480
17791
6728
-5233
-16499
-25566
-31222
-32709
-29826
-22955
-13013
-1327
10537
20994
28641
32450
31909
27088
18630
7668
-4324
-15739
-25041
-30976
-32744
-30105
-23411
-13561
-1880
10055
20637
28436
32397
31982
27244
18822
7852
-4182
-15653
-25007
-30974
-32743
-30072
-23319
-13400
-1660
10308
20879
28612
32455
31881
26966
18377
7282
-4807
-16245
-25468
-31216
-32702
-29720
-22675
-12528
-664
11292
21705
29147
32596
31576
26225
17274
5950
-6193
-17489
-26383
-31650
-32564
-28995
-21433
-10917
1105
12978
23064
29968
32737
30984
24950
15465
3839
-8320
-19330
-27666
-32170
-32217
-27796
-19519
-8531
3643
15314
24860
30951
32739
29972
23032
12884
938
-11141
-21669
-29176
-32613
-31498
-25982
-16835
-5332
6918
18204
26944
31912
32410
28366
20343
9465
-2743
-14569
-24351
-30713
-32759
-30198
-23387
-13283
-1306
10856
21492
29100
32604
31507
25962
16748
5166
-7147
-18454
-27152
-32008
-32332
-28076
-19840
-8789
3510
15314
24947
31038
32720
29752
22551
12140
0
-12143
-22559
-29762
-32723
-31017
-24884
-15198
-3339
8998
20053
28242
32393
31908
26854
17952
6476
-5930
-17489
-26541
-31785
-32465
-28481
-20402
-9388
2978
14918
24714
30951
32730
29790
22554
12062
-172
-12385
-22811
-29942
-32746
-30813
-24421
-14492
-2462
9926
20879
28806
32556
31581
26021
16679
4912
-7571
-18956
-27585
-32200
-32127
-27374
-18630
-7167
5342
17076
26318
31719
32485
28504
20353
9222
-3259
-15267
-25041
-31147
-32687
-29434
-21861
-11077
1334
13553
23783
30517
32764
30189
23169
12736
423
-11953
-22570
-29860
-32743
-30792
-24293
-14202
-2009
10483
21426
29201
32652
31267
25247
15482
3419
-9153
-20369
-28563
-32514
-31633
-26047
-16586
-4654
7973
19415
27967
32350
31910
26709
17520
5712
-6950
-18577
-27428
-32179
-32116
-27244
-18292
-6597
6088
17864
26962
32015
32263
27666
18910
7310
-5391
-17284
-26579
-31872
-32366
-27983
-19380
-7852
4862
16845
26287
31760
32433
28203
19707
8226
-4501
-16550
-26094
-31684
-32472
-28334
-19895
-8434
4310
16402
26003
31651
32486
28377
19946
8475
-4288
-16402
-26016
-31662
-32478
-28334
-19861
-8351
4437
16550
26133
31717
32445
28203
19638
8060
-4756
-16845
-26351
-31812
-32386
-27983
-19276
-7602
5243
17284
26666
31941
32293
27666
18769
6975
-5898
-17864
-27071
-32095
-32157
-27244
-18113
-6176
6719
18577
27557
32265
31968
26709
17302
5205
-7702
-19415
-28111
-32434
-31710
-26047
-16326
-4058
8843
20369
28719
32588
31368
25247
15179
2736
-10137
-21426
-29364
-32705
-30922
-24293
-13853
-1238
11573
22570
30025
32764
30353
23169
12339
-434
-13142
-23783
-30678
-32739
-29638
-21861
-10632
2276
14829
25041
31296
32604
28754
20353
8727
-4282
-16616
-26318
-31849
-32328
-27676
-18630
-6622
6439
18480
27585
32302
31880
26381
16679
4318
-8734
-20396
-28806
-32620
-31227
-24845
-14492
-1820
11144
22329
29942
32763
30335
23047
12062
-859
-13645
-24243
-30951
-32688
-29173
-20967
-9388
3703
16202
26094
31785
32354
27709
18593
6476
-6688
-18775
-27832
-32393
-31718
-25913
-15915
-3339
9779
21317
29402
32723
30737
23764
12933
0
-12935
-23772
-30745
-32720
-29372
-21243
-9654
3510
16105
26077
31798
32332
27590
18342
6096
-7147
-19226
-28162
-32493
-31507
-25362
-15061
-2291
10856
22227
29953
32765
30198
22670
11416
-1716
-14569
-25028
-31370
-32548
-28366
-19509
-7435
5867
18204
27539
32330
31782
25982
15887
3163
-10086
-21669
-29667
-32753
-30413
-23032
-11831
1334
14281
24860
31312
32563
28403
19519
7387
-5976
-18347
-27666
-32377
-31693
-25725
-15465
-2622
10659
22164
29968
32766
30086
22374
10917
-2369
-15261
-25599
-31650
-32396
-27709
-18372
-5950
7473
19643
28516
32596
31195
24546
13765
664
-12550
-23653
-30771
-32702
-29116
-20616
-8634
4807
17440
27128
32230
31881
26137
15968
3092
-10308
-21966
-29901
-32766
-30072
-22272
-10689
2711
15653
25937
31812
32275
27244
17574
4908
-8595
-20637
-29162
-32712
-30681
-23411
-12140
1206
14349
25041
31451
32480
27948
18630
6117
-7445
-19735
-28641
-32634
-31026
-24089
-13013
301
13567
24501
31222
32570
28309
19172
6728
-6876
-19298
-28393
-32589
-31159
-24347
-13326
0
13328
24354
31166
32585
28360
19220
6748
-6896
-19347
-28443
-32604
-31103
-24198
-13087
301
13640
24608
31294
32533
28105
18778
6176
-7504
-19879
-28786
-32669
-30847
-23635
-12290
1206
14493
25247
31583
32389
27520
17828
5008
-8692
-20870
-29387
-32745
-30352
-22624
-10917
2711
15865
26229
31977
32094
26556
16335
3233
-10442
-22277
-30182
-32757
-29546
-21112
-8944
4807
17712
27483
32390
31559
25136
14256
845
-12717
-24026
-31070
-32598
-28334
-19032
-6345
7473
19964
28903
32697
30666
23169
11540
-2148
-15456
-26008
-31918
-32127
-26596
-16309
-3103
10659
22517
30346
32741
29270
20553
8148
-5719
-18563
-28078
-32552
-31179
-24202
-12874
771
14281
25223
31625
32332
27214
17189
4062
-9798
-21894
-30040
-32762
-29565
-21025
-8682
5233
18204
27882
32514
31257
24336
13002
-691
-14262
-25247
-31650
-32307
-27094
-16955
-3732
10171
22227
30239
32747
29289
20494
7961
-6025
-18915
-28356
-32621
-30929
-23586
-11931
1907
15400
26077
31982
32033
26215
15592
2109
-11762
-23479
-30889
-32629
-28377
-18910
-5966
8077
20637
29402
32756
30080
21861
9613
-4409
-17621
-27585
-32459
-31342
-24435
-13013
816
14497
25499
31785
32188
26631
16140
2656
-11322
-23203
-30782
-32650
-28456
-18976
-5969
8148
20755
29503
32763
29925
21514
9095
-5021
-18204
-27995
-32564
-31058
-23753
-12011
1977
15598
26305
32095
31880
25698
14703
952
-12978
-24480
-31393
-32418
-27360
-17165
-3744
10381
22559
30497
32702
28754
19394
6380
-7836
-20580
-29446
-32762
-29899
-21393
-8847
5370
18577
28275
32630
30814
23169
11138
-3003
-16579
-27016
-32334
-31523
-24733
-13249
751
14612
25700
31906
32048
26096
15179
1372
-12698
-24354
-31371
-32412
-27273
-16932
-3359
10856
23003
30758
32638
28280
18514
5205
-9101
-21669
-30089
-32747
-29131
-19930
-6905
7445
20371
29387
32762
29844
21189
8460
-5898
-19125
-28673
-32702
-30433
-22301
-9868
4468
17946
27963
32585
30916
23274
11134
-3159
-16845
-27275
-32428
-31305
-24119
-12260
1977
15833
26622
32247
31615
24845
13249
-923
-14918
-26016
-32055
-31858
-25461
-14105
0
14107
25468
31864
32046
25975
14832
792
-13405
-24986
-31684
-32188
-26395
-15435
-1452
12817
24578
31525
32292
26727
15917
1981
-12345
-24250
-31393
-32366
-26976
-16280
-2378
11993
24006
31293
32415
27148
16527
2644
-11762
-23850
-31230
-32442
-27244
-16660
-2779
11653
23783
31206
32451
27267
16679
2783
-11667
-23806
-31222
-32441
-27217
-16586
-2656
11803
23919
31277
32412
27094
16378
2398
-12062
-24120
-31370
-32361
-26894
-16056
-2009
12441
24407
31496
32285
26615
15616
1488
-12939
-24777
-31650
-32178
-26251
-15055
-836
13553
25223
31826
32033
25797
14372
52
-14280
-25739
-32015
-31841
-25247
-13561
863
15115
26318
32208
31592
24592
12618
-1908
-16052
-26950
-32393
-31276
-23823
-11540
3083
17085
27622
32556
30880
22932
10324
-4384
-18204
-28323
-32682
-30389
-21909
-8965
5807
19399
29038
32755
29790
20744
7461
-7347
-20658
-29748
-32757
-29067
-19428
-5811
8997
21966
30436
32669
28203
17952
4016
-10746
-23305
-31079
-32468
-27184
-16309
-2077
12583
24657
31656
32135
25992
14491
0
-14493
-25999
-32139
-31644
-24613
-12494
2208
16457
27304
32503
30975
23032
10317
-4537
-18454
-28547
-32719
-30103
-21238
-7961
6971
20458
29694
32757
29007
19220
5431
-9491
-22439
-30713
-32587
-27666
-16973
-2736
12073
24364
31568
32177
26060
14492
-108
-14689
-26197
-32222
-31498
-24174
-11781
3083
17304
27896
32634
30520
21996
8847
-6162
-19879
-29416
-32766
-29219
-19519
-5706
9311
22368
30711
32578
27570
16743
2378
-12491
-24723
-31732
-32033
-25558
-13674
1105
15653
26888
32428
31095
23169
10328
-4707
-18745
-28806
-32750
-29736
-20402
-6728
8378
21705
30414
32650
27932
17262
2911
-12062
-24465
-31651
-32083
-25665
-13765
1077
15692
26955
32455
31012
22932
9941
-5180
-19194
-29098
-32765
-29406
-19738
-5832
9326
22486
30817
32526
27244
16102
1495
-13436
-25478
-32035
-31693
-24521
-12062
2999
17416
28078
32680
30226
21243
7668
-7565
-21167
-30192
-32685
-28105
-17438
-2992
12103
24578
31727
31995
25321
13150
-1876
-16499
-27539
-32596
-30567
-21889
-8448
6833
20630
29936
32722
28377
17845
3419
-11753
-24364
-31659
-32040
-25423
-13249
1823
16499
27568
32607
30508
21729
8189
-7147
-20920
-30108
-32693
-28105
-17347
-2779
12401
24860
31856
31850
24838
12360
-2839
-17416
-28160
-32702
-30037
-20749
-6884
8501
22013
30668
32552
27244
15915
1066
-14020
-26008
-32243
-31342
-23500
-10451
4915
19194
29220
32766
29042
18871
4509
-10856
-23813
-31479
-32147
-25665
-13473
1720
16533
27666
32637
30335
21271
7461
-8015
-21705
-30552
-32578
-27327
-15968
-1038
14125
26133
32294
31228
23169
9920
-5554
-19786
-29584
-32748
-28565
-17970
-3339
12043
24723
31849
31816
24627
11897
-3511
-18132
-28673
-32755
-29458
-19519
-5177
10334
23516
31393
32182
25702
13414
-1907
-16800
-27896
-32682
-30072
-20653
-6555
9029
22570
30997
32395
26445
14492
-751
-15827
-27310
-32589
-30461
-21406
-7481
8148
21926
30713
32507
26894
15151
-48
-15238
-26955
-32522
-30664
-21804
-7961
7702
21608
30575
32549
27076
15403
202
-15047
-26852
-32503
-30703
-21861
-8002
7696
21629
30598
32538
27001
15255
0
-15257
-27007
-32541
-30582
-21579
-7602
8129
21989
30779
32468
26664
14703
-655
-15865
-27411
-32621
-30288
-20948
-6758
8997
22672
31098
32318
26047
13736
-1763
-16855
-28038
-32713
-29790
-19946
-5464
10289
23653
31516
32046
25116
12336
-3319
-18204
-28847
-32766
-29042
-18541
-3711
11987
24889
31977
31593
23823
10480
-5316
-19871
-29777
-32711
-27983
-16697
-1495
14059
26318
32404
30885
22114
8148
-7733
-21801
-30745
-32460
-26539
-14372
1180
16457
27860
32699
29832
19930
5325
-10537
-23916
-31650
-31910
-24631
-11530
4298
19113
29409
32747
28334
17210
2009
-13670
-26112
-32365
-30942
-22178
-8148
7817
21929
30833
32412
26285
13907
-1780
-17047
-28259
-32743
-29429
-19103
-4222
11667
24777
31977
31548
23586
9991
-5992
-20546
-30192
-32619
-27244
-15350
219
15739
27492
32660
30001
20149
5464
-10533
-24006
-31719
-31816
-24270
-10892
5106
19879
29873
32681
27625
15917
373
-15261
-27221
-32621
-30156
-20416
-5748
10308
23879
31684
31836
24293
10875
-5173
-19973
-29942
-32665
-27477
-15633
0
15636
27483
32666
29925
19920
5078
-10999
-24407
-31886
-31615
-23656
-9941
6193
20824
30386
32549
26782
14487
-1341
-16845
-28242
-32749
-29262
-18630
-3445
12583
25539
32252
31078
22301
8064
-8148
-22368
-31111
-32231
-25451
-12429
3643
18824
29387
32737
28047
16465
836
-15001
-27152
-32625
-30072
-20115
-5205
10989
24479
31937
31523
23335
9388
-6876
-21447
-30723
-32412
-26092
-13322
2743
18132
29038
32759
28371
16955
1338
-14612
-26944
-32596
-30164
-20247
-5304
10958
24501
31960
31477
23169
9099
-7236
-21774
-30894
-32323
-25702
-12676
3510
18824
29446
32724
27837
16000
166
-15711
-27666
-32707
-29572
-19041
-3744
12491
25602
32304
30916
21780
7184
-9215
-23305
-31551
-31880
-24205
-10451
5930
20824
30486
32483
26311
13518
-2679
-18204
-29147
-32749
-28098
-16364
-502
15488
27574
32702
29574
18976
3583
-12717
-25806
-32371
-30748
-21345
-6538
9926
23879
31785
31636
23467
9346
-7147
-21830
-30974
-32254
-25342
-11991
4409
19692
29968
32623
26976
14462
-1736
-17495
-28798
-32764
-28377
-16752
-852
15267
27492
32699
29554
18857
3339
-13034
-26077
-32450
-30520
-20777
-5712
10817
24578
32042
31291
22515
7961
-8637
-23021
-31496
-31881
-24075
-10079
6509
21426
30833
32307
25463
12062
-4448
-19815
-30076
-32585
-26689
-13907
2465
18204
29244
32732
27762
15616
-569
-16610
-28356
-32765
-28692
-17189
-1231
15047
27428
32699
29490
18630
2932
-13528
-26478
-32552
-30168
-19943
-4530
12062
25519
32337
30737
21133
6022
-10659
-24565
-32068
-31208
-22206
-7407
9326
23628
31760
31593
23169
8686
-8070
-22719
-31423
-31903
-24028
-9858
6896
21846
31070
32147
24790
10926
-5807
-21019
-30711
-32336
-25461
-11891
4807
20244
30356
32478
26047
12755
-3899
-19528
-30012
-32581
-26556
-13521
3083
18877
29687
32654
26991
14192
-2362
-18294
-29387
-32703
-27360
-14769
1736
17784
29119
32734
27666
15255
-1206
-17349
-28887
-32752
-27913
-15652
771
16993
28695
32761
28105
15962
-434
-16717
-28547
-32765
-28244
-16186
193
16523
28443
32766
28334
16326
-48
-16412
-28387
-32766
-28374
-16382
0
0
0
0
0
0
0
0
0
0
0
0
0
0
0
0
0
0
0
0
0
0
0
0
0
0
0
0
0
0
0
0
0
0
0
0
0
0
0
0
0
0
0
0
0
0
0
0
0
0
0
0
0
0
0
0
0
0
0
0
0
0
0
0
0
0
0
0
0
0
0
0
0
0
0
0
0
0
0
0
0
0
0
0
0
0
0
0
0
0
0
0
0
0
0
0
0
0
0
0
0
0
0
0
0
0
0
0
0
0
0
0
0
0
0
0
0
0
0
0
0
0
0
0
0
0
0
0
0
0
0
0
0
0
0
0
0
0
0
0
0
0
0
0
0
0
0
0
0
0
0
0
0
0
0
0
0
0
0
0
0
0
0
0
0
0
0
0
0
0
0
0
0
0
0
0
0
0
0
0
0
0
0
0
0
0
0
0
0
0
0
0
0
0
0
0
0
0
0
0
0
0
0
0
0
0
0
0
0
0
0
0
0
0
0
0
0
0
0
0
0
0
0
0
0
0
0
0
0
0
0
0
0
0
0
0
0
0
0
0
0
0
0
0
0
0
0
0
0
0
0
0
0
0
0
0
0
0
0
0
0
0
0
0
0
0
0
0
0
0
0
0
0
0
0
0
0
0
0
0
0
0
0
0
0
0
0
0
0
0
0
0
0
0
0
0
0
0
0
0
0
0
0
0
0
0
0
0
0
0
0
0
0
0
0
0
0
0
0
0
0
0
0
0
0
0
0
0
0
0
0
0
0
0
0
0
0
0
0
0
0
0
0
0
0
0
0
0
0
0
0
0
0
0
0
0
0
0
0
0
0
0
0
0
0
0
0
0
0
0
0
0
0
0
0
0
0
0
0
0
0
0
0
0
0
0
0
0
0
0
0
0
0
0
0
0
0
0
0
0
0
0
0
0
0
0
0
0
0
0
0
0
0
0
0
0
0
0
0
0
0
0
0
0
0
0
0
0
0
0
0
0
0
0
0
0
0
0
0
0
0
0
0
0
0
0
0
0
0
0
0
0
0
0
0
0
0
0
0
0
0
0
0
0
0
0
0
0
0
0
0
0
0
0
0
0
0
0
0
0
0
0
0
0
0
0
0
0
0
0
0
0
0
0
0
0
0
0
0
0
0
0
0
0
0
0
0
0
0
0
0
0
0
0
0
0
0
0
0
0
0
0
0
0
0
0
0
0
0
0
0
0
0
0
0
0
0
0
0
0
0
0
0
0
0
0
0
0
0
0
0
0
0
0
0
0
0
0
0
0
0
0
0
0
0
0
0
0
0
0
0
0
0
0
0
0
0
0
0
0
0
0
0
0
0
0
0
0
0
0
0
0
0
0
0
0
0
0
0
0
0
0
0
0
0
0
0
0
0
0
0
0
0
0
0
0
0
0
0
0
0
0
0
0
0
0
0
0
0
0
0
0
0
0
0
0
0
0
0
0
0
0
0
0
0
0
0
0
0
0
0
0
0
0
0
0
0
0
0
0
0
0
0
0
0
0
0
0
0
0
0
0
0
0
0
0
0
0
0
0
0
0
0
0
0
0
0
0
0
0
0
0
0
0
0
0
0
0
0
0
0
0
0
0
0
0
0
0
0
0
0
0
0
0
0
0
0
0
0
0
0
0
0
0
0
0
0
0
0
0
0
0
0
0
0
0
0
0
0
0
0
0
0
0
0
0
0
0
0
0
0
0
0
0
0
0
0
0
0
0
0
0
0
0
0
0
0
0
0
0
0
0
0
0
0
0
0
0
0
0
0
0
0
0
0
0
0
0
0
0
0
0
0
0
0
0
0
0
0
0
0
0
0
0
0
0
0
0
0
0
0
0
0
0
0
0
0
0
0
0
0
0
0
0
0
0
0
0
0
0
0
0
0
0
0
0
0
0
0
0
0
0
0
0
0
0
0
0
0
0
0
0
0
0
0
0
0
0
0
0
0
0
0
0
0
0
0
0
0
0
0
0
0
0
0
0
0
0
0
0
0
0
0
0
0
0
0
0
0
0
0
0
0
0
0
0
0
0
0
0
0
0
0
0
0
0
0
0
0
0
0
0
0
0
0
0
0
0
0
0
0
0
0
0
0
0
0
0
0
0
0
0
0
0
0
0
0
0
0
0
0
0
0
0
0
0
0
0
0
0
0
0
0
0
0
0
0
0
0
0
16383
15677
13621
10391
6268
1606
-3191
-7712
-11565
-14420
-16032
-16263
-15095
-12630
-9084
-4761
-37
4683
8993
12524
14974
16136
15914
14329
11522
7737
3301
-1404
-5977
-10026
-13208
-15254
-15995
-15372
-13445
-10383
-6452
-1990
2621
6991
10751
13584
15256
15634
14692
12517
9302
5323
919
-3535
-7667
-11133
-13646
-15003
-15100
-13939
-11626
-8363
-4429
-157
4095
7977
11170
13416
14538
14455
13185
10844
7634
3828
-257
-4284
-7926
-10889
-12940
-13921
-13765
-12496
-10231
-7162
-3547
317
4117
7549
10342
12279
13217
13091
11925
9823
6963
3580
-50
-3640
-6907
-9597
-11505
-12490
-12486
-11503
-9630
-7022
-3891
-486
2926
6080
8733
10687
11795
11981
11238
9632
7295
4412
1209
-2063
-5155
-7830
-9885
-11168
-11584
-11108
-9780
-7707
-5052
-2022
1150
4221
6956
9145
10623
11279
11065
9999
8166
5709
2817
-284
-3357
-6164
-8488
-10150
-11022
-11038
-10198
-8567
-6273
-3495
-451
2621
5482
7909
9711
10749
10941
10274
8803
6644
3971
994
-2047
-4915
-7381
-9251
-10379
-10678
-10129
-8779
-6740
-4181
-1309
1643
4439
6855
8699
9829
10161
9675
8420
6506
4095
1390
-1385
-4007
-6264
-7978
-9018
-9312
-8849
-7681
-5918
-3716
-1265
1227
3558
5538
7015
7880
8080
7618
6552
4991
3079
988
-1102
-3019
-4609
-5753
-6375
-6447
-5988
-5064
-3775
-2251
-633
934
2321
3421
4158
4495
4431
4004
3281
2352
1321
289
-645
-1407
-1944
-2229
-2268
-2090
-1747
-1303
-829
-392
-47
169
240
174
0
-236
-478
-666
-744
-672
-427
-14
541
1187
1853
2458
2915
3148
3096
2724
2029
1043
-167
-1505
-2850
-4071
-5038
-5634
-5769
-5391
-4496
-3127
-1374
625
2707
4686
6375
7604
8235
8177
7399
5932
3872
1374
-1359
-4099
-6601
-8635
-10002
-10555
-10216
-8981
-6926
-4203
-1029
2332
5596
8472
10700
12068
12435
11741
10024
7406
4095
364
-3473
-7087
-10161
-12417
-13649
-13732
-12641
-10453
-7343
-3567
558
4680
8443
11519
13638
14608
14337
12840
10239
6752
2675
-1641
-5828
-9524
-12409
-14235
-14844
-14184
-12315
-9400
-5693
-1517
2766
6786
10198
12711
14116
14299
13257
11092
8002
4265
213
-3797
-7421
-10350
-12339
-13231
-12968
-11593
-9248
-6155
-2601
1092
4601
7620
9897
11250
11584
10899
9283
6907
4006
854
-2258
-5055
-7295
-8796
-9451
-9232
-8194
-6464
-4231
-1722
817
3149
5063
6398
7055
7004
6286
5003
3313
1404
-519
-2261
-3652
-4566
-4929
-4731
-4021
-2902
-1516
-32
1375
2546
3347
3692
3547
2934
1932
661
-724
-2056
-3168
-3920
-4207
-3976
-3233
-2039
-512
1189
2882
4375
5490
6084
6060
5386
4095
2288
122
-2198
-4448
-6394
-7826
-8574
-8530
-7660
-6008
-3697
-919
2079
5025
7635
9651
10859
11116
10362
8630
6048
2823
-769
-4411
-7772
-10538
-12441
-13284
-12964
-11478
-8933
-5532
-1561
2637
6693
10241
12956
14580
14951
14016
11835
8585
4536
37
-4522
-8740
-12242
-14712
-15925
-15762
-14227
-11445
-7653
-3176
1596
6249
10375
13611
15675
16383
15675
13611
10375
6249
1596
-3176
-7653
-11445
-14227
-15762
-15925
-14712
-12242
-8740
-4522
37
4536
8585
11835
14016
14951
14580
12956
10241
6693
2637
-1561
-5532
-8933
-11478
-12964
-13284
-12441
-10538
-7772
-4411
-769
2823
6048
8630
10362
11116
10859
9651
7635
5025
2079
-919
-3697
-6008
-7660
-8530
-8574
-7826
-6394
-4448
-2198
122
2288
4095
5386
6060
6084
5490
4375
2882
1189
-512
-2039
-3233
-3976
-4207
-3920
-3168
-2056
-724
661
1932
2934
3547
3692
3347
2546
1375
-32
-1516
-2902
-4021
-4731
-4929
-4566
-3652
-2261
-519
1404
3313
5003
6286
7004
7055
6398
5063
3149
817
-1722
-4231
-6464
-8194
-9232
-9451
-8796
-7295
-5055
-2258
854
4006
6907
9283
10899
11584
11250
9897
7620
4601
1092
-2601
-6155
-9248
-11593
-12968
-13231
-12339
-10350
-7421
-3797
213
4265
8002
11092
13257
14299
14116
12711
10198
6786
2766
-1517
-5693
-9400
-12315
-14184
-14844
-14235
-12409
-9524
-5828
-1641
2675
6752
10239
12840
14337
14608
13638
11519
8443
4680
558
-3567
-7343
-10453
-12641
-13732
-13649
-12417
-10161
-7087
-3473
364
4095
7406
10024
11741
12435
12068
10700
8472
5596
2332
-1029
-4203
-6926
-8981
-10216
-10555
-10002
-8635
-6601
-4099
-1359
1374
3872
5932
7399
8177
8235
7604
6375
4686
2707
625
-1374
-3127
-4496
-5391
-5769
-5634
-5038
-4071
-2850
-1505
-167
1043
2029
2724
3096
3148
2915
2458
1853
1187
541
-14
-427
-672
-744
-666
-478
-236
0
174
240
169
-47
-392
-829
-1303
-1747
-2090
-2268
-2229
-1944
-1407
-645
289
1321
2352
3281
4004
4431
4495
4158
3421
2321
934
-633
-2251
-3775
-5064
-5988
-6447
-6375
-5753
-4609
-3019
-1102
988
3079
4991
6552
7618
8080
7880
7015
5538
3558
1227
-1265
-3716
-5918
-7681
-8849
-9312
-9018
-7978
-6264
-4007
-1385
1390
4095
6506
8420
9675
10161
9829
8699
6855
4439
1643
-1309
-4181
-6740
-8779
-10129
-10678
-10379
-9251
-7381
-4915
-2047
994
3971
6644
8803
10274
10941
10749
9711
7909
5482
2621
-451
-3495
-6273
-8567
-10198
-11038
-11022
-10150
-8488
-6164
-3357
-284
2817
5709
8166
9999
11065
11279
10623
9145
6956
4221
1150
-2022
-5052
-7707
-9780
-11108
-11584
-11168
-9885
-7830
-5155
-2063
1209
4412
7295
9632
11238
11981
11795
10687
8733
6080
2926
-486
-3891
-7022
-9630
-11503
-12486
-12490
-11505
-9597
-6907
-3640
-50
3580
6963
9823
11925
13091
13217
12279
10342
7549
4117
317
-3547
-7162
-10231
-12496
-13765
-13921
-12940
-10889
-7926
-4284
-257
3828
7634
10844
13185
14455
14538
13416
11170
7977
4095
-157
-4429
-8363
-11626
-13939
-15100
-15003
-13646
-11133
-7667
-3535
919
5323
9302
12517
14692
15634
15256
13584
10751
6991
2621
-1990
-6452
-10383
-13445
-15372
-15995
-15254
-13208
-10026
-5977
-1404
3301
7737
11522
14329
15914
16136
14974
12524
8993
4683
-37
-4761
-9084
-12630
-15095
-16263
-16032
-14420
-11565
-7712
-3191
1606
6268
10391
13621
15677
0
0
0
0
0
0
0
0
0
0
0
0
0
0
0
0
0
0
0
0
0
0
0
0
0
0
0
0
0
0
0
0
0
0
0
0
0
0
0
0
0
0
0
0
0
0
0
0
0
0
0
0
0
0
0
0
0
0
0
0
0
0
0
0
0
0
0
-16383
-15629
-13438
-10011
-5665
-801
4131
8679
12423
15018
16228
15942
14189
11135
7062
2348
-2568
-7236
-11224
-14165
-15791
-15957
-14649
-11995
-8243
-3743
1084
5793
9949
13167
15155
15731
14849
12595
9183
4935
247
-4443
-8701
-12133
-14423
-15362
-14870
-12996
-9920
-5933
-1409
3227
7546
11146
13694
14955
14817
13297
10540
6807
2450
-2124
-6489
-10238
-13023
-14585
-14784
-13601
-11151
-7663
-3465
1052
5468
9371
12399
14271
14815
13980
11845
8610
4573
110
-4365
-8441
-11738
-13954
-14882
-14439
-12663
-9718
-5875
-1487
3044
7303
10899
13503
14878
14897
13559
10985
7409
3156
-1387
-5810
-9713
-12743
-14627
-15196
-14400
-12313
-9123
-5117
-655
3863
8035
11490
13922
15118
14976
13512
10860
7260
3031
-1451
-5792
-9612
-12579
-14438
-15034
-14323
-12375
-9368
-5570
-1316
3022
7072
10486
12976
14340
14470
13369
11144
7997
4207
102
-3964
-7652
-10655
-12729
-13715
-13546
-12254
-9965
-6887
-3286
527
4237
7538
10168
11925
12682
12399
11119
8970
6143
2882
-541
-3851
-6784
-9118
-10684
-11376
-11165
-10090
-8258
-5833
-3017
-39
2869
5488
7629
9144
9937
9970
9264
7893
5975
3667
1148
-1396
-3782
-5846
-7449
-8492
-8916
-8706
-7892
-6543
-4761
-2675
-431
1816
3919
5737
7152
8073
8441
8235
7467
6188
4482
2458
251
-1992
-4123
-5994
-7474
-8454
-8857
-8643
-7814
-6412
-4525
-2272
192
2699
5066
7117
8693
9665
9943
9487
8309
6479
4116
1384
-1518
-4374
-6963
-9078
-10542
-11226
-11056
-10025
-8191
-5680
-2674
602
3896
6946
9506
11363
12354
12385
11434
9561
6900
3650
63
-3577
-6981
-9870
-12004
-13203
-13358
-12445
-10526
-7745
-4320
-521
3347
6973
10062
12359
13674
13896
13002
11060
8224
4721
833
-3125
-6833
-9992
-12345
-13703
-13959
-13093
-11179
-8376
-4913
-1074
2830
6484
9594
11915
13265
13544
12740
10927
8262
4968
1316
-2395
-5871
-8835
-11058
-12374
-12692
-12002
-10377
-7962
-4962
-1626
1775
4972
7718
9805
11084
11474
10963
9615
7555
4960
2047
-949
-3797
-6280
-8219
-9479
-9985
-9722
-8734
-7118
-5016
-2603
-71
2388
4595
6394
7666
8339
8383
7820
6712
5159
3288
1245
-819
-2759
-4444
-5767
-6649
-7045
-6947
-6378
-5391
-4068
-2506
-815
888
2495
3902
5023
5792
6167
6131
5693
4886
3765
2405
895
-668
-2183
-3552
-4685
-5508
-5964
-6019
-5666
-4924
-3837
-2475
-927
703
2304
3762
4973
5845
6309
6325
5883
5006
3751
2203
471
-1317
-3031
-4540
-5725
-6493
-6777
-6551
-5823
-4644
-3099
-1304
603
2478
4171
5548
6500
6949
6856
6227
5109
3590
1791
-145
-2065
-3815
-5255
-6271
-6783
-6753
-6187
-5134
-3683
-1956
-96
1746
3421
4796
5763
6251
6229
5707
4740
3415
1848
175
-1466
-2942
-4136
-4958
-5353
-5303
-4827
-3981
-2847
-1532
-151
1176
2344
3262
3867
4124
4031
3616
2934
2060
1080
85
-837
-1614
-2189
-2530
-2626
-2494
-2167
-1695
-1140
-563
-24
429
762
958
1015
950
794
585
365
174
45
0
45
174
365
585
794
950
1015
958
762
429
-24
-563
-1140
-1695
-2167
-2494
-2626
-2530
-2189
-1614
-837
85
1080
2060
2934
3616
4031
4124
3867
3262
2344
1176
-151
-1532
-2847
-3981
-4827
-5303
-5353
-4958
-4136
-2942
-1466
175
1848
3415
4740
5707
6229
6251
5763
4796
3421
1746
-96
-1956
-3683
-5134
-6187
-6753
-6783
-6271
-5255
-3815
-2065
-145
1791
3590
5109
6227
6856
6949
6500
5548
4171
2478
603
-1304
-3099
-4644
-5823
-6551
-6777
-6493
-5725
-4540
-3031
-1317
471
2203
3751
5006
5883
6325
6309
5845
4973
3762
2304
703
-927
-2475
-3837
-4924
-5666
-6019
-5964
-5508
-4685
-3552
-2183
-668
895
2405
3765
4886
5693
6131
6167
5792
5023
3902
2495
888
-815
-2506
-4068
-5391
-6378
-6947
-7045
-6649
-5767
-4444
-2759
-819
1245
3288
5159
6712
7820
8383
8339
7666
6394
4595
2388
-71
-2603
-5016
-7118
-8734
-9722
-9985
-9479
-8219
-6280
-3797
-949
2047
4960
7555
9615
10963
11474
11084
9805
7718
4972
1775
-1626
-4962
-7962
-10377
-12002
-12692
-12374
-11058
-8835
-5871
-2395
1316
4968
8262
10927
12740
13544
13265
11915
9594
6484
2830
-1074
-4913
-8376
-11179
-13093
-13959
-13703
-12345
-9992
-6833
-3125
833
4721
8224
11060
13002
13896
13674
12359
10062
6973
3347
-521
-4320
-7745
-10526
-12445
-13358
-13203
-12004
-9870
-6981
-3577
63
3650
6900
9561
11434
12385
12354
11363
9506
6946
3896
602
-2674
-5680
-8191
-10025
-11056
-11226
-10542
-9078
-6963
-4374
-1518
1384
4116
6479
8309
9487
9943
9665
8693
7117
5066
2699
192
-2272
-4525
-6412
-7814
-8643
-8857
-8454
-7474
-5994
-4123
-1992
251
2458
4482
6188
7467
8235
8441
8073
7152
5737
3919
1816
-431
-2675
-4761
-6543
-7892
-8706
-8916
-8492
-7449
-5846
-3782
-1396
1148
3667
5975
7893
9264
9970
9937
9144
7629
5488
2869
-39
-3017
-5833
-8258
-10090
-11165
-11376
-10684
-9118
-6784
-3851
-541
2882
6143
8970
11119
12399
12682
11925
10168
7538
4237
527
-3286
-6887
-9965
-12254
-13546
-13715
-12729
-10655
-7652
-3964
102
4207
7997
11144
13369
14470
14340
12976
10486
7072
3022
-1316
-5570
-9368
-12375
-14323
-15034
-14438
-12579
-9612
-5792
-1451
3031
7260
10860
13512
14976
15118
13922
11490
8035
3863
-655
-5117
-9123
-12313
-14400
-15196
-14627
-12743
-9713
-5810
-1387
3156
7409
10985
13559
14897
14878
13503
10899
7303
3044
-1487
-5875
-9718
-12663
-14439
-14882
-13954
-11738
-8441
-4365
110
4573
8610
11845
13980
14815
14271
12399
9371
5468
1052
-3465
-7663
-11151
-13601
-14784
-14585
-13023
-10238
-6489
-2124
2450
6807
10540
13297
14817
14955
13694
11146
7546
3227
-1409
-5933
-9920
-12996
-14870
-15362
-14423
-12133
-8701
-4443
247
4935
9183
12595
14849
15731
15155
13167
9949
5793
1084
-3743
-8243
-11995
-14649
-15957
-15791
-14165
-11224
-7236
-2568
2348
7062
11135
14189
15942
16228
15018
12423
8679
4131
-801
-5665
-10011
-13438
-15629
0
0
0
0
0
0
0
0
0
0
0
0
0
0
0
0
0
0
0
0
0
0
0
0
0
0
0
0
0
0
0
0
0
0
0
0
0
0
0
0
0
0
0
0
0
0
0
0
0
0
0
0
0
0
0
0
0
0
0
0
0
0
0
0
0
0
0
-16383
-15721
-13788
-10745
-6840
-2395
2226
6649
10513
13508
15397
16034
15379
13495
10547
6785
2522
-1892
-6100
-9766
-12602
-14394
-15016
-14437
-12725
-10039
-6611
-2730
1285
5115
8461
11070
12755
13408
13007
11611
9358
6450
3132
-326
-3656
-6606
-8964
-10573
-11339
-11236
-10307
-8653
-6426
-3815
-1026
1730
4259
6389
7988
8970
9297
8975
8059
6639
4831
2772
606
-1524
-3488
-5173
-6486
-7365
-7770
-7695
-7155
-6190
-4864
-3254
-1451
441
2320
4077
5610
6825
7643
8000
7860
7211
6072
4493
2556
373
-1922
-4180
-6239
-7946
-9159
-9764
-9686
-8893
-7409
-5309
-2722
178
3186
6071
8604
10571
11790
12134
11537
10008
7633
4568
1035
-2696
-6332
-9573
-12139
-13799
-14388
-13822
-12115
-9372
-5792
-1647
2732
6990
10768
13740
15638
16280
15585
13583
10414
6323
1635
-3264
-7968
-12075
-15231
-17152
-17660
-16691
-14308
-10695
-6143
-1029
4219
9158
13362
16468
18202
18405
17048
14238
10205
5288
-95
-5489
-10428
-14489
-17319
-18673
-18431
-16613
-13373
-8990
-3843
1623
6937
11639
15323
17673
18489
17705
15396
11769
7145
1933
-3410
-8417
-12654
-15754
-17456
-17620
-16244
-13463
-9531
-4807
286
5297
9783
13353
15702
16635
16084
14117
10925
6807
2143
-2644
-7125
-10903
-13647
-15125
-15222
-13948
-11438
-7935
-3772
664
4968
8750
11671
13479
14025
13277
11322
8358
4673
615
-3432
-7099
-10049
-12018
-12838
-12447
-10898
-8350
-5055
-1330
2470
5990
8900
10935
11912
11750
10475
8218
5202
1718
-1901
-5311
-8191
-10272
-11362
-11364
-10282
-8225
-5392
-2055
1468
4845
7756
9927
11155
11324
10421
8532
5835
2584
-915
-4336
-7357
-9695
-11131
-11530
-10855
-9167
-6620
-3451
48
3555
6745
9325
11056
11778
11423
10023
7704
4677
1217
-2361
-5734
-8595
-10686
-11818
-11888
-10892
-8920
-6149
-2830
740
4243
7365
9830
11421
12000
11519
10025
7654
4620
1194
-2320
-5614
-8401
-10439
-11556
-11662
-10756
-8925
-6337
-3224
137
3454
6440
8841
10457
11157
10895
9705
7702
5072
2047
-1105
-4115
-6727
-8727
-9954
-10319
-9807
-8479
-6463
-3946
-1149
1682
4312
6522
8136
9034
9158
8519
7189
5298
3021
557
-1881
-4094
-5904
-7174
-7817
-7799
-7146
-5931
-4276
-2331
-267
1743
3537
4978
5963
6430
6364
5792
4783
3438
1879
242
-1339
-2742
-3863
-4629
-4998
-4960
-4542
-3796
-2799
-1642
-423
759
1818
2681
3294
3629
3676
3453
2993
2346
1572
735
-101
-877
-1544
-2063
-2410
-2574
-2557
-2373
-2047
-1608
-1093
-538
20
548
1017
1403
1687
1858
1913
1852
1682
1417
1073
671
235
-209
-636
-1021
-1340
-1574
-1706
-1728
-1637
-1438
-1141
-767
-339
114
560
969
1309
1556
1692
1704
1592
1364
1035
632
185
-271
-702
-1074
-1360
-1536
-1592
-1524
-1340
-1057
-701
-300
110
498
833
1089
1248
1301
1249
1101
874
590
278
-35
-323
-563
-738
-838
-860
-809
-697
-540
-357
-169
6
153
260
322
339
316
264
194
121
57
15
0
15
57
121
194
264
316
339
322
260
153
6
-169
-357
-540
-697
-809
-860
-838
-738
-563
-323
-35
278
590
874
1101
1249
1301
1248
1089
833
498
110
-300
-701
-1057
-1340
-1524
-1592
-1536
-1360
-1074
-702
-271
185
632
1035
1364
1592
1704
1692
1556
1309
969
560
114
-339
-767
-1141
-1438
-1637
-1728
-1706
-1574
-1340
-1021
-636
-209
235
671
1073
1417
1682
1852
1913
1858
1687
1403
1017
548
20
-538
-1093
-1608
-2047
-2373
-2557
-2574
-2410
-2063
-1544
-877
-101
735
1572
2346
2993
3453
3676
3629
3294
2681
1818
759
-423
-1642
-2799
-3796
-4542
-4960
-4998
-4629
-3863
-2742
-1339
242
1879
3438
4783
5792
6364
6430
5963
4978
3537
1743
-267
-2331
-4276
-5931
-7146
-7799
-7817
-7174
-5904
-4094
-1881
557
3021
5298
7189
8519
9158
9034
8136
6522
4312
1682
-1149
-3946
-6463
-8479
-9807
-10319
-9954
-8727
-6727
-4115
-1105
2047
5072
7702
9705
10895
11157
10457
8841
6440
3454
137
-3224
-6337
-8925
-10756
-11662
-11556
-10439
-8401
-5614
-2320
1194
4620
7654
10025
11519
12000
11421
9830
7365
4243
740
-2830
-6149
-8920
-10892
-11888
-11818
-10686
-8595
-5734
-2361
1217
4677
7704
10023
11423
11778
11056
9325
6745
3555
48
-3451
-6620
-9167
-10855
-11530
-11131
-9695
-7357
-4336
-915
2584
5835
8532
10421
11324
11155
9927
7756
4845
1468
-2055
-5392
-8225
-10282
-11364
-11362
-10272
-8191
-5311
-1901
1718
5202
8218
10475
11750
11912
10935
8900
5990
2470
-1330
-5055
-8350
-10898
-12447
-12838
-12018
-10049
-7099
-3432
615
4673
8358
11322
13277
14025
13479
11671
8750
4968
664
-3772
-7935
-11438
-13948
-15222
-15125
-13647
-10903
-7125
-2644
2143
6807
10925
14117
16084
16635
15702
13353
9783
5297
286
-4807
-9531
-13463
-16244
-17620
-17456
-15754
-12654
-8417
-3410
1933
7145
11769
15396
17705
18489
17673
15323
11639
6937
1623
-3843
-8990
-13373
-16613
-18431
-18673
-17319
-14489
-10428
-5489
-95
5288
10205
14238
17048
18405
18202
16468
13362
9158
4219
-1029
-6143
-10695
-14308
-16691
-17660
-17152
-15231
-12075
-7968
-3264
1635
6323
10414
13583
15585
16280
15638
13740
10768
6990
2732
-1647
-5792
-9372
-12115
-13822
-14388
-13799
-12139
-9573
-6332
-2696
1035
4568
7633
10008
11537
12134
11790
10571
8604
6071
3186
178
-2722
-5309
-7409
-8893
-9686
-9764
-9159
-7946
-6239
-4180
-1922
373
2556
4493
6072
7211
7860
8000
7643
6825
5610
4077
2320
441
-1451
-3254
-4864
-6190
-7155
-7695
-7770
-7365
-6486
-5173
-3488
-1524
606
2772
4831
6639
8059
8975
9297
8970
7988
6389
4259
1730
-1026
-3815
-6426
-8653
-10307
-11236
-11339
-10573
-8964
-6606
-3656
-326
3132
6450
9358
11611
13007
13408
12755
11070
8461
5115
1285
-2730
-6611
-10039
-12725
-14437
-15016
-14394
-12602
-9766
-6100
-1892
2522
6785
10547
13495
15379
16034
15397
13508
10513
6649
2226
-2395
-6840
-10745
-13788
-15721
0
0
0
0
0
0
0
0
0
0
0
0
0
0
0
0
0
0
0
0
0
0
0
0
0
0
0
0
0
0
0
0
0
0
0
0
0
0
0
0
0
0
0
0
0
0
0
0
0
0
0
0
0
0
0
0
0
0
0
0
0
0
0
0
0
0
0
-24575
-23576
-20661
-16069
-10176
-3466
3513
10192
16027
20543
23379
24307
23261
20334
15773
9958
3369
-3454
-9956
-15609
-19961
-22668
-23522
-22470
-19613
-15199
-9599
-3279
3243
9437
14806
18925
21476
22271
21268
18570
14418
9163
3245
-2849
-8630
-13637
-17480
-19868
-20634
-19742
-17292
-13506
-8710
-3305
2266
7558
12153
15699
17936
18711
17992
15868
12536
8285
3472
-1511
-6269
-10430
-13682
-15790
-16615
-16123
-14385
-11567
-7917
-3738
627
4838
8569
11543
13550
14461
14233
12916
10641
7608
4073
319
-3357
-6680
-9403
-11336
-12354
-12405
-11514
-9774
-7343
-4423
-1249
1930
4878
7377
9252
10381
10699
10207
8963
7081
4721
2072
-660
-3270
-5566
-7385
-8605
-9150
-8998
-8179
-6770
-4893
-2699
-359
1946
4047
5792
7058
7764
7868
7379
6347
4864
3052
1056
-968
-2866
-4498
-5745
-6521
-6779
-6512
-5753
-4573
-3075
-1383
366
2035
3496
4639
5383
5681
5523
4935
3978
2739
1328
-135
-1531
-2747
-3691
-4295
-4523
-4369
-3863
-3063
-2047
-914
234
1299
2190
2839
3201
3258
3021
2530
1845
1040
200
-591
-1260
-1747
-2014
-2046
-1856
-1476
-961
-374
210
724
1109
1319
1333
1150
794
310
-240
-789
-1265
-1602
-1750
-1677
-1376
-868
-196
572
1359
2075
2636
2967
3015
2751
2180
1337
288
-875
-2045
-3106
-3946
-4469
-4604
-4315
-3603
-2512
-1123
448
2067
3584
4853
5746
6162
6042
5373
4192
2586
684
-1354
-3350
-5122
-6503
-7355
-7585
-7152
-6074
-4428
-2346
0
2408
4667
6571
7943
8649
8613
7821
6328
4253
1769
-912
-3558
-5933
-7824
-9056
-9512
-9142
-7967
-6083
-3648
-872
2002
4724
7050
8772
9734
9847
9096
7545
5326
2636
-288
-3188
-5806
-7909
-9311
-9888
-9588
-8442
-6552
-4092
-1282
1622
4363
6694
8408
9356
9457
8709
7188
5037
2458
-310
-3015
-5410
-7279
-8459
-8848
-8422
-7230
-5393
-3089
-540
2014
4335
6210
7468
8001
7769
6807
5217
3160
841
-1515
-3680
-5449
-6655
-7190
-7010
-6143
-4684
-2783
-633
1548
3545
5160
6234
6663
6410
5504
4039
2166
76
-2016
-3900
-5383
-6311
-6589
-6185
-5136
-3544
-1568
592
2721
4600
6034
6872
7019
6450
5211
3416
1235
-1118
-3413
-5418
-6927
-7781
-7880
-7200
-5792
-3778
-1343
1282
3848
6102
7819
8821
8998
8314
6818
4637
1965
-952
-3842
-6430
-8465
-9744
-10134
-9583
-8124
-5882
-3052
109
3313
6261
8676
10325
11046
10760
9480
7313
4450
1146
-2298
-5567
-8360
-10415
-11538
-11618
-10641
-8689
-5934
-2625
938
4433
7540
9972
11506
12000
11407
9778
7263
4089
546
-3041
-6347
-9069
-10961
-11852
-11664
-10416
-8229
-5306
-1917
1622
4990
7878
10023
11235
11409
10538
8710
6103
2964
-411
-3709
-6624
-8892
-10308
-10751
-10190
-8690
-6404
-3554
-414
2715
5542
7803
9292
9880
9523
8267
6245
3660
768
-2150
-4815
-6972
-8420
-9029
-8750
-7622
-5765
-3369
-674
2050
4538
6546
7880
8415
8103
6984
5172
2854
263
-2341
-4697
-6571
-7776
-8191
-7776
-6571
-4697
-2341
263
2854
5172
6984
8103
8415
7880
6546
4538
2050
-674
-3369
-5765
-7622
-8750
-9029
-8420
-6972
-4815
-2150
768
3660
6245
8267
9523
9880
9292
7803
5542
2715
-414
-3554
-6404
-8690
-10190
-10751
-10308
-8892
-6624
-3709
-411
2964
6103
8710
10538
11409
11235
10023
7878
4990
1622
-1917
-5306
-8229
-10416
-11664
-11852
-10961
-9069
-6347
-3041
546
4089
7263
9778
11407
12000
11506
9972
7540
4433
938
-2625
-5934
-8689
-10641
-11618
-11538
-10415
-8360
-5567
-2298
1146
4450
7313
9480
10760
11046
10325
8676
6261
3313
109
-3052
-5882
-8124
-9583
-10134
-9744
-8465
-6430
-3842
-952
1965
4637
6818
8314
8998
8821
7819
6102
3848
1282
-1343
-3778
-5792
-7200
-7880
-7781
-6927
-5418
-3413
-1118
1235
3416
5211
6450
7019
6872
6034
4600
2721
592
-1568
-3544
-5136
-6185
-6589
-6311
-5383
-3900
-2016
76
2166
4039
5504
6410
6663
6234
5160
3545
1548
-633
-2783
-4684
-6143
-7010
-7190
-6655
-5449
-3680
-1515
841
3160
5217
6807
7769
8001
7468
6210
4335
2014
-540
-3089
-5393
-7230
-8422
-8848
-8459
-7279
-5410
-3015
-310
2458
5037
7188
8709
9457
9356
8408
6694
4363
1622
-1282
-4092
-6552
-8442
-9588
-9888
-9311
-7909
-5806
-3188
-288
2636
5326
7545
9096
9847
9734
8772
7050
4724
2002
-872
-3648
-6083
-7967
-9142
-9512
-9056
-7824
-5933
-3558
-912
1769
4253
6328
7821
8613
8649
7943
6571
4667
2408
0
-2346
-4428
-6074
-7152
-7585
-7355
-6503
-5122
-3350
-1354
684
2586
4192
5373
6042
6162
5746
4853
3584
2067
448
-1123
-2512
-3603
-4315
-4604
-4469
-3946
-3106
-2045
-875
288
1337
2180
2751
3015
2967
2636
2075
1359
572
-196
-868
-1376
-1677
-1750
-1602
-1265
-789
-240
310
794
1150
1333
1319
1109
724
210
-374
-961
-1476
-1856
-2046
-2014
-1747
-1260
-591
200
1040
1845
2530
3021
3258
3201
2839
2190
1299
234
-914
-2047
-3063
-3863
-4369
-4523
-4295
-3691
-2747
-1531
-135
1328
2739
3978
4935
5523
5681
5383
4639
3496
2035
366
-1383
-3075
-4573
-5753
-6512
-6779
-6521
-5745
-4498
-2866
-968
1056
3052
4864
6347
7379
7868
7764
7058
5792
4047
1946
-359
-2699
-4893
-6770
-8179
-8998
-9150
-8605
-7385
-5566
-3270
-660
2072
4721
7081
8963
10207
10699
10381
9252
7377
4878
1930
-1249
-4423
-7343
-9774
-11514
-12405
-12354
-11336
-9403
-6680
-3357
319
4073
7608
10641
12916
14233
14461
13550
11543
8569
4838
627
-3738
-7917
-11567
-14385
-16123
-16615
-15790
-13682
-10430
-6269
-1511
3472
8285
12536
15868
17992
18711
17936
15699
12153
7558
2266
-3305
-8710
-13506
-17292
-19742
-20634
-19868
-17480
-13637
-8630
-2849
3245
9163
14418
18570
21268
22271
21476
18925
14806
9437
3243
-3279
-9599
-15199
-19613
-22470
-23522
-22668
-19961
-15609
-9956
-3454
3369
9958
15773
20334
23261
24307
23379
20543
16027
10192
3513
-3466
-10176
-16069
-20661
-23576
0
0
0
0
0
0
0
0
0
0
0
0
0
0
0
0
0
0
0
0
0
0
0
0
0
0
0
0
0
0
0
0
0
0
0
0
0
0
0
0
0
0
0
0
0
0
0
0
0
0
0
0
0
0
0
0
0
0
0
0
0
0
0
0
0
0
0
0
76
294
616
983
1328
1578
1668
1547
1191
603
-181
-1100
-2066
-2975
-3719
-4197
-4327
-4057
-3371
-2297
-903
703
2386
3991
5358
6344
6828
6733
6030
4747
2967
825
-1503
-3819
-5912
-7585
-8669
-9042
-8641
-7473
-5611
-3196
-421
2480
5257
7663
9477
10522
10689
9940
8320
5950
3021
-223
-3508
-6551
-9082
-10875
-11766
-11664
-10566
-8556
-5798
-2521
994
4451
7550
10023
11656
12305
11912
10510
8217
5230
1805
-1762
-5169
-8124
-10377
-11738
-12100
-11437
-9816
-7384
-4357
-1001
2395
5541
8172
10073
11094
11163
10292
8575
6176
3313
242
-2770
-5470
-7634
-9095
-9749
-9564
-8583
-6918
-4735
-2238
345
2792
4898
6499
7478
7783
7419
6453
5001
3214
1268
-658
-2399
-3814
-4803
-5309
-5323
-4886
-4073
-2991
-1764
-520
624
1571
2253
2635
2718
2534
2144
1622
1053
516
79
-211
-334
-294
-123
127
396
614
719
665
427
5
-569
-1243
-1938
-2568
-3040
-3272
-3201
-2793
-2047
-1001
270
1664
3052
4295
5258
5823
5903
5452
4471
3014
1185
-872
-2982
-4956
-6604
-7760
-8293
-8122
-7230
-5663
-3531
-999
1723
4402
6799
8692
9896
10284
9795
8445
6328
3608
505
-2716
-5782
-8420
-10393
-11514
-11671
-10832
-9052
-6471
-3298
200
3726
6978
9671
11567
12497
12372
11194
9058
6141
2690
-1001
-4618
-7851
-10422
-12111
-12774
-12355
-10892
-8514
-5427
-1898
1769
5262
8284
10581
11964
12323
11641
9987
7515
4446
1050
-2378
-5547
-8191
-10096
-11114
-11177
-10300
-8579
-6182
-3329
-275
2714
5387
7525
8963
9601
9412
8442
6802
4658
2214
-308
-2691
-4735
-6282
-7223
-7508
-7147
-6209
-4806
-3090
-1229
604
2252
3583
4502
4962
4958
4532
3761
2750
1616
481
-547
-1381
-1963
-2267
-2300
-2101
-1731
-1265
-783
-359
-51
104
98
-53
-311
-615
-896
-1085
-1120
-961
-588
-14
718
1542
2368
3096
3625
3867
3756
3259
2380
1167
-293
-1881
-3454
-4856
-5938
-6569
-6654
-6143
-5040
-3405
-1354
951
3318
5532
7386
8691
9300
9123
8137
6390
4003
1159
-1908
-4938
-7662
-9826
-11220
-11693
-11169
-9663
-7271
-4175
-623
3089
6644
9727
12058
13414
13653
12727
10687
7684
3956
-190
-4408
-8334
-11624
-13984
-15192
-15125
-13767
-11213
-7663
-3405
1203
5775
9918
13271
15537
16510
16091
14300
11276
7264
2597
-2333
-7109
-11323
-14610
-16684
-17359
-16568
-14369
-10939
-6565
-1612
3502
8343
12500
15616
17424
17765
16605
14040
10282
5647
528
-4644
-9432
-13428
-16295
-17789
-17783
-16276
-13397
-9390
-4593
587
5714
10353
14114
16680
17836
17488
15668
12533
8349
3472
-1684
-6685
-11109
-14586
-16825
-17641
-16969
-14873
-11532
-7233
-2340
2731
7555
11726
14895
16800
17285
16314
13976
10471
6100
1232
-3720
-8341
-12243
-15102
-16680
-16851
-15604
-13051
-9409
-4989
-164
4657
9072
12710
15269
16536
16410
14904
12150
8381
3917
-865
-5564
-9786
-13176
-15452
-16425
-16014
-14258
-11304
-7403
-2884
1874
6471
10520
13683
15694
16383
15694
13683
10520
6471
1874
-2884
-7403
-11304
-14258
-16014
-16425
-15452
-13176
-9786
-5564
-865
3917
8381
12150
14904
16410
16536
15269
12710
9072
4657
-164
-4989
-9409
-13051
-15604
-16851
-16680
-15102
-12243
-8341
-3720
1232
6100
10471
13976
16314
17285
16800
14895
11726
7555
2731
-2340
-7233
-11532
-14873
-16969
-17641
-16825
-14586
-11109
-6685
-1684
3472
8349
12533
15668
17488
17836
16680
14114
10353
5714
587
-4593
-9390
-13397
-16276
-17783
-17789
-16295
-13428
-9432
-4644
528
5647
10282
14040
16605
17765
17424
15616
12500
8343
3502
-1612
-6565
-10939
-14369
-16568
-17359
-16684
-14610
-11323
-7109
-2333
2597
7264
11276
14300
16091
16510
15537
13271
9918
5775
1203
-3405
-7663
-11213
-13767
-15125
-15192
-13984
-11624
-8334
-4408
-190
3956
7684
10687
12727
13653
13414
12058
9727
6644
3089
-623
-4175
-7271
-9663
-11169
-11693
-11220
-9826
-7662
-4938
-1908
1159
4003
6390
8137
9123
9300
8691
7386
5532
3318
951
-1354
-3405
-5040
-6143
-6654
-6569
-5938
-4856
-3454
-1881
-293
1167
2380
3259
3756
3867
3625
3096
2368
1542
718
-14
-588
-961
-1120
-1085
-896
-615
-311
-53
98
104
-51
-359
-783
-1265
-1731
-2101
-2300
-2267
-1963
-1381
-547
481
1616
2750
3761
4532
4958
4962
4502
3583
2252
604
-1229
-3090
-4806
-6209
-7147
-7508
-7223
-6282
-4735
-2691
-308
2214
4658
6802
8442
9412
9601
8963
7525
5387
2714
-275
-3329
-6182
-8579
-10300
-11177
-11114
-10096
-8191
-5547
-2378
1050
4446
7515
9987
11641
12323
11964
10581
8284
5262
1769
-1898
-5427
-8514
-10892
-12355
-12774
-12111
-10422
-7851
-4618
-1001
2690
6141
9058
11194
12372
12497
11567
9671
6978
3726
200
-3298
-6471
-9052
-10832
-11671
-11514
-10393
-8420
-5782
-2716
505
3608
6328
8445
9795
10284
9896
8692
6799
4402
1723
-999
-3531
-5663
-7230
-8122
-8293
-7760
-6604
-4956
-2982
-872
1185
3014
4471
5452
5903
5823
5258
4295
3052
1664
270
-1001
-2047
-2793
-3201
-3272
-3040
-2568
-1938
-1243
-569
5
427
665
719
614
396
127
-123
-294
-334
-211
79
516
1053
1622
2144
2534
2718
2635
2253
1571
624
-520
-1764
-2991
-4073
-4886
-5323
-5309
-4803
-3814
-2399
-658
1268
3214
5001
6453
7419
7783
7478
6499
4898
2792
345
-2238
-4735
-6918
-8583
-9564
-9749
-9095
-7634
-5470
-2770
242
3313
6176
8575
10292
11163
11094
10073
8172
5541
2395
-1001
-4357
-7384
-9816
-11437
-12100
-11738
-10377
-8124
-5169
-1762
1805
5230
8217
10510
11912
12305
11656
10023
7550
4451
994
-2521
-5798
-8556
-10566
-11664
-11766
-10875
-9082
-6551
-3508
-223
3021
5950
8320
9940
10689
10522
9477
7663
5257
2480
-421
-3196
-5611
-7473
-8641
-9042
-8669
-7585
-5912
-3819
-1503
825
2967
4747
6030
6733
6828
6344
5358
3991
2386
703
-903
-2297
-3371
-4057
-4327
-4197
-3719
-2975
-2066
-1100
-181
603
1191
1547
1668
1578
1328
983
616
294
76
0
0
0
0
0
0
0
0
0
0
0
0
0
0
0
0
0
0
0
0
0
0
0
0
0
0
0
0
0
0
0
0
0
0
0
0
0
0
0
0
0
0
0
0
0
0
0
0
0
0
0
0
0
0
0
0
0
0
0
0
0
0
0
0
0
0
0
-8191
-7809
-6699
-4960
-2752
-276
2241
4568
6489
7824
8446
8290
7361
5737
3557
1013
-1665
-4239
-6469
-8147
-9112
-9263
-8571
-7083
-4919
-2261
662
3594
6270
8446
9916
10533
10224
8995
6935
4209
1042
-2295
-5512
-8323
-10471
-11752
-12034
-11269
-9501
-6861
-3560
129
3895
7411
10367
12495
13591
13540
12320
10013
6795
2924
-1279
-5462
-9264
-12351
-14445
-15347
-14957
-13285
-10451
-6674
-2262
2420
6980
11026
14205
16233
16919
16184
14070
10735
6444
1547
-3547
-8412
-12632
-15842
-17759
-18203
-17122
-14589
-10801
-6067
-775
4632
9703
14004
17169
18920
19099
17680
14771
10607
5530
-37
-5631
-10782
-15055
-18088
-19620
-19520
-17791
-14574
-10136
-4846
851
6481
11572
15697
18512
19783
19406
17416
13984
9401
4054
-1607
-7108
-11991
-15851
-18372
-19354
-18725
-16549
-13020
-8445
-3214
2230
7434
11966
15456
17628
18317
17485
15223
11739
7340
2407
-2642
-7388
-11442
-14480
-16271
-16691
-15733
-13506
-10221
-6175
-1720
2767
6915
10390
12924
14335
14539
13554
11498
8575
5052
1238
-2542
-5982
-8813
-10827
-11891
-11958
-11064
-9325
-6919
-4073
-1039
1927
4591
6753
8268
9050
9081
8406
7122
5374
3331
1176
-911
-2775
-4287
-5361
-5954
-6065
-5733
-5031
-4051
-2898
-1676
-481
606
1529
2253
2766
3075
3204
3182
3043
2818
2529
2191
1808
1377
889
336
-282
-962
-1682
-2411
-3101
-3694
-4126
-4337
-4270
-3891
-3183
-2162
-872
609
2180
3718
5090
6164
6825
6981
6581
5616
4129
2212
0
-2336
-4606
-6610
-8165
-9113
-9344
-8806
-7508
-5530
-3013
-149
2827
5669
8127
9978
11046
11214
10442
8771
6318
3275
-113
-3566
-6789
-9501
-11461
-12487
-12475
-11409
-9362
-6496
-3043
707
4439
7834
10597
12486
13333
13056
11671
9291
6113
2405
-1516
-5317
-8672
-11293
-12955
-13517
-12930
-11247
-8615
-5262
-1479
2409
6067
9184
11496
12810
13023
12125
10205
7438
4073
405
-3246
-6566
-9276
-11149
-12039
-11885
-10718
-8659
-5901
-2697
666
3895
6713
8885
10239
10677
10186
8832
6758
4166
1296
-1592
-4245
-6438
-7995
-8800
-8810
-8053
-6625
-4678
-2407
-26
2246
4214
5713
6630
6912
6562
5646
4276
2602
794
-971
-2534
-3759
-4551
-4862
-4694
-4093
-3148
-1974
-706
523
1591
2399
2881
3011
2800
2297
1580
746
-97
-851
-1427
-1763
-1829
-1626
-1190
-584
107
793
1378
1783
1948
1842
1467
858
79
-782
-1625
-2346
-2853
-3072
-2959
-2505
-1739
-726
440
1643
2759
3665
4255
4452
4215
3547
2492
1139
-390
-1955
-3403
-4587
-5382
-5695
-5479
-4737
-3521
-1932
-111
1777
3556
5053
6119
6644
6563
5871
4618
2910
896
-1239
-3302
-5096
-6451
-7232
-7357
-6805
-5617
-3895
-1791
502
2776
4818
6437
7476
7835
7473
6418
4761
2653
286
-2121
-4347
-6182
-7453
-8039
-7882
-6993
-5451
-3399
-1024
1452
3799
5798
7261
8050
8089
7374
5969
4005
1665
-831
-3253
-5372
-6990
-7953
-8172
-7624
-6362
-4503
-2221
269
2735
4944
6689
7807
8191
7807
6689
4944
2735
269
-2221
-4503
-6362
-7624
-8172
-7953
-6990
-5372
-3253
-831
1665
4005
5969
7374
8089
8050
7261
5798
3799
1452
-1024
-3399
-5451
-6993
-7882
-8039
-7453
-6182
-4347
-2121
286
2653
4761
6418
7473
7835
7476
6437
4818
2776
502
-1791
-3895
-5617
-6805
-7357
-7232
-6451
-5096
-3302
-1239
896
2910
4618
5871
6563
6644
6119
5053
3556
1777
-111
-1932
-3521
-4737
-5479
-5695
-5382
-4587
-3403
-1955
-390
1139
2492
3547
4215
4452
4255
3665
2759
1643
440
-726
-1739
-2505
-2959
-3072
-2853
-2346
-1625
-782
79
858
1467
1842
1948
1783
1378
793
107
-584
-1190
-1626
-1829
-1763
-1427
-851
-97
746
1580
2297
2800
3011
2881
2399
1591
523
-706
-1974
-3148
-4093
-4694
-4862
-4551
-3759
-2534
-971
794
2602
4276
5646
6562
6912
6630
5713
4214
2246
-26
-2407
-4678
-6625
-8053
-8810
-8800
-7995
-6438
-4245
-1592
1296
4166
6758
8832
10186
10677
10239
8885
6713
3895
666
-2697
-5901
-8659
-10718
-11885
-12039
-11149
-9276
-6566
-3246
405
4073
7438
10205
12125
13023
12810
11496
9184
6067
2409
-1479
-5262
-8615
-11247
-12930
-13517
-12955
-11293
-8672
-5317
-1516
2405
6113
9291
11671
13056
13333
12486
10597
7834
4439
707
-3043
-6496
-9362
-11409
-12475
-12487
-11461
-9501
-6789
-3566
-113
3275
6318
8771
10442
11214
11046
9978
8127
5669
2827
-149
-3013
-5530
-7508
-8806
-9344
-9113
-8165
-6610
-4606
-2336
0
2212
4129
5616
6581
6981
6825
6164
5090
3718
2180
609
-872
-2162
-3183
-3891
-4270
-4337
-4126
-3694
-3101
-2411
-1682
-962
-282
336
889
1377
1808
2191
2529
2818
3043
3182
3204
3075
2766
2253
1529
606
-481
-1676
-2898
-4051
-5031
-5733
-6065
-5954
-5361
-4287
-2775
-911
1176
3331
5374
7122
8406
9081
9050
8268
6753
4591
1927
-1039
-4073
-6919
-9325
-11064
-11958
-11891
-10827
-8813
-5982
-2542
1238
5052
8575
11498
13554
14539
14335
12924
10390
6915
2767
-1720
-6175
-10221
-13506
-15733
-16691
-16271
-14480
-11442
-7388
-2642
2407
7340
11739
15223
17485
18317
17628
15456
11966
7434
2230
-3214
-8445
-13020
-16549
-18725
-19354
-18372
-15851
-11991
-7108
-1607
4054
9401
13984
17416
19406
19783
18512
15697
11572
6481
851
-4846
-10136
-14574
-17791
-19520
-19620
-18088
-15055
-10782
-5631
-37
5530
10607
14771
17680
19099
18920
17169
14004
9703
4632
-775
-6067
-10801
-14589
-17122
-18203
-17759
-15842
-12632
-8412
-3547
1547
6444
10735
14070
16184
16919
16233
14205
11026
6980
2420
-2262
-6674
-10451
-13285
-14957
-15347
-14445
-12351
-9264
-5462
-1279
2924
6795
10013
12320
13540
13591
12495
10367
7411
3895
129
-3560
-6861
-9501
-11269
-12034
-11752
-10471
-8323
-5512
-2295
1042
4209
6935
8995
10224
10533
9916
8446
6270
3594
662
-2261
-4919
-7083
-8571
-9263
-9112
-8147
-6469
-4239
-1665
1013
3557
5737
7361
8290
8446
7824
6489
4568
2241
-276
-2752
-4960
-6699
-7809
0
0
0
0
0
0
0
0
0
0
0
0
0
0
0
0
0
0
0
0
0
0
0
0
0
0
0
0
0
0
0
0
0
0
0
0
0
0
0
0
0
0
0
0
0
0
0
0
0
0
0
0
0
0
0
0
0
0
0
0
0
0
0
0
0
0
0
24575
23544
20539
15816
9776
2931
-4138
-10837
-16600
-20947
-23519
-24108
-22678
-19363
-14456
-8383
-1665
5126
11420
16694
20515
22580
22738
21000
17540
12672
6825
506
-5747
-11414
-16029
-19227
-20768
-20556
-18645
-15234
-10640
-5275
394
5887
10751
14596
17131
18182
17705
15788
12633
8546
3895
-912
-5472
-9416
-12439
-14328
-14973
-14372
-12628
-9938
-6567
-2824
961
4476
7447
9659
10972
11332
10767
9381
7342
4859
2168
-498
-2926
-4936
-6402
-7252
-7475
-7112
-6253
-5017
-3547
-1985
-466
895
2018
2853
3385
3629
3625
3430
3105
2708
2289
1880
1497
1136
782
408
-12
-500
-1065
-1700
-2375
-3044
-3643
-4099
-4338
-4292
-3914
-3181
-2104
-732
851
2533
4174
5625
6740
7389
7475
6943
5792
4077
1907
-557
-3120
-5565
-7673
-9240
-10104
-10153
-9345
-7710
-5354
-2451
769
4041
7084
9626
11431
12320
12188
11017
8878
5930
2407
-1401
-5173
-8584
-11332
-13166
-13913
-13488
-11908
-9291
-5846
-1857
2337
6382
9925
12657
14335
14805
14015
12026
8998
5187
916
-3448
-7532
-10983
-13502
-14870
-14967
-13785
-11425
-8092
-4073
282
4599
8505
11664
13806
14751
14425
12863
10208
6698
2642
-1602
-5668
-9203
-11907
-13553
-14010
-13251
-11358
-8509
-4963
-1040
2913
6552
9564
11695
12773
12719
11558
9411
6482
3043
-592
-4103
-7181
-9563
-11053
-11536
-10991
-9488
-7179
-4288
-1086
2136
5090
7518
9213
10041
9948
8964
7198
4828
2083
-779
-3496
-5824
-7561
-8562
-8754
-8138
-6789
-4849
-2511
0
2449
4611
6292
7346
7689
7305
6243
4618
2593
364
-1854
-3856
-5457
-6513
-6934
-6691
-5817
-4404
-2591
-555
1509
3409
4967
6040
6534
6406
5675
4413
2743
822
-1168
-3043
-4631
-5784
-6400
-6422
-5852
-4743
-3198
-1359
606
2520
4209
5522
6341
6593
6256
5361
3987
2255
320
-1650
-3482
-5015
-6118
-6693
-6691
-6113
-5008
-3472
-1634
346
2304
4073
5503
6476
6908
6765
6059
4849
3235
1350
-650
-2602
-4346
-5739
-6669
-7060
-6880
-6143
-4910
-3278
-1379
636
2607
4377
5804
6776
7213
7081
6387
5187
3571
1666
-379
-2407
-4257
-5784
-6867
-7418
-7392
-6786
-5645
-4052
-2129
-24
2101
4080
5758
7000
7705
7812
7307
6222
4636
2668
469
-1790
-3934
-5792
-7212
-8078
-8312
-7889
-6834
-5223
-3176
-851
1568
3891
5929
7515
8515
8841
8457
7387
5707
3547
1076
-1508
-3998
-6187
-7894
-8973
-9329
-8924
-7783
-5992
-3693
-1071
1661
4277
6560
8315
9394
9699
9200
7932
5995
3547
790
-2045
-4722
-7014
-8724
-9706
-9873
-9208
-7763
-5658
-3070
-219
2652
5301
7499
9057
9841
9783
8887
7230
4956
2260
-623
-3445
-5961
-7953
-9249
-9737
-9377
-8203
-6320
-3895
-1142
1693
4365
6637
8311
9241
9349
8630
7152
5050
2516
-223
-2922
-5338
-7258
-8511
-8990
-8657
-7546
-5763
-3473
-887
1758
4224
6285
7756
8508
8475
7666
6158
4093
1665
-900
-3368
-5509
-7129
-8079
-8275
-7700
-6410
-4527
-2229
271
2741
4950
6693
7808
8191
7808
6693
4950
2741
271
-2229
-4527
-6410
-7700
-8275
-8079
-7129
-5509
-3368
-900
1665
4093
6158
7666
8475
8508
7756
6285
4224
1758
-887
-3473
-5763
-7546
-8657
-8990
-8511
-7258
-5338
-2922
-223
2516
5050
7152
8630
9349
9241
8311
6637
4365
1693
-1142
-3895
-6320
-8203
-9377
-9737
-9249
-7953
-5961
-3445
-623
2260
4956
7230
8887
9783
9841
9057
7499
5301
2652
-219
-3070
-5658
-7763
-9208
-9873
-9706
-8724
-7014
-4722
-2045
790
3547
5995
7932
9200
9699
9394
8315
6560
4277
1661
-1071
-3693
-5992
-7783
-8924
-9329
-8973
-7894
-6187
-3998
-1508
1076
3547
5707
7387
8457
8841
8515
7515
5929
3891
1568
-851
-3176
-5223
-6834
-7889
-8312
-8078
-7212
-5792
-3934
-1790
469
2668
4636
6222
7307
7812
7705
7000
5758
4080
2101
-24
-2129
-4052
-5645
-6786
-7392
-7418
-6867
-5784
-4257
-2407
-379
1666
3571
5187
6387
7081
7213
6776
5804
4377
2607
636
-1379
-3278
-4910
-6143
-6880
-7060
-6669
-5739
-4346
-2602
-650
1350
3235
4849
6059
6765
6908
6476
5503
4073
2304
346
-1634
-3472
-5008
-6113
-6691
-6693
-6118
-5015
-3482
-1650
320
2255
3987
5361
6256
6593
6341
5522
4209
2520
606
-1359
-3198
-4743
-5852
-6422
-6400
-5784
-4631
-3043
-1168
822
2743
4413
5675
6406
6534
6040
4967
3409
1509
-555
-2591
-4404
-5817
-6691
-6934
-6513
-5457
-3856
-1854
364
2593
4618
6243
7305
7689
7346
6292
4611
2449
0
-2511
-4849
-6789
-8138
-8754
-8562
-7561
-5824
-3496
-779
2083
4828
7198
8964
9948
10041
9213
7518
5090
2136
-1086
-4288
-7179
-9488
-10991
-11536
-11053
-9563
-7181
-4103
-592
3043
6482
9411
11558
12719
12773
11695
9564
6552
2913
-1040
-4963
-8509
-11358
-13251
-14010
-13553
-11907
-9203
-5668
-1602
2642
6698
10208
12863
14425
14751
13806
11664
8505
4599
282
-4073
-8092
-11425
-13785
-14967
-14870
-13502
-10983
-7532
-3448
916
5187
8998
12026
14015
14805
14335
12657
9925
6382
2337
-1857
-5846
-9291
-11908
-13488
-13913
-13166
-11332
-8584
-5173
-1401
2407
5930
8878
11017
12188
12320
11431
9626
7084
4041
769
-2451
-5354
-7710
-9345
-10153
-10104
-9240
-7673
-5565
-3120
-557
1907
4077
5792
6943
7475
7389
6740
5625
4174
2533
851
-732
-2104
-3181
-3914
-4292
-4338
-4099
-3643
-3044
-2375
-1700
-1065
-500
-12
408
782
1136
1497
1880
2289
2708
3105
3430
3625
3629
3385
2853
2018
895
-466
-1985
-3547
-5017
-6253
-7112
-7475
-7252
-6402
-4936
-2926
-498
2168
4859
7342
9381
10767
11332
10972
9659
7447
4476
961
-2824
-6567
-9938
-12628
-14372
-14973
-14328
-12439
-9416
-5472
-912
3895
8546
12633
15788
17705
18182
17131
14596
10751
5887
394
-5275
-10640
-15234
-18645
-20556
-20768
-19227
-16029
-11414
-5747
506
6825
12672
17540
21000
22738
22580
20515
16694
11420
5126
-1665
-8383
-14456
-19363
-22678
-24108
-23519
-20947
-16600
-10837
-4138
2931
9776
15816
20539
23544
0
0
0
0
0
0
0
0
0
0
0
0
0
0
0
0
0
0
0
0
0
0
0
0
0
0
0
0
0
0
0
0
0
0
0
0
0
0
0
0
0
0
0
0
0
0
0
0
0
0
0
0
0
0
0
0
0
0
0
0
0
0
0
0
0
0
0
